-0.497421 -0.481678 -0.486668
-0.341517 -0.323668 0.499201
0.489172 -0.324432 -0.32917
-0.347975 -0.496035 -0.321552
-0.180873 -0.479435 -0.481607
-0.00378991 -0.327426 -0.483751
-0.180993 -0.311878 -0.323037
-0.010392 -0.498249 -0.32922
0.178881 0.485837 -0.462128
0.329242 -0.344868 -0.479212
0.158388 -0.32339 -0.327825
0.349652 0.48241 -0.323081
0.47597 -0.172058 -0.49514
-0.341233 -0.0177859 0.490097
0.495121 -0.0109993 -0.328917
-0.338407 -0.161861 -0.335267
-0.18399 -0.169545 0.480527
-0.00851498 0.00589536 0.481608
-0.175095 0.014874 -0.335048
0.000833917 -0.141845 -0.349849
0.182567 -0.155212 -0.483917
0.330091 0.00141892 -0.488288
0.172315 0.0210033 -0.32045
0.333347 -0.147052 -0.32324
0.496515 0.160217 -0.487626
-0.362129 0.351138 0.495776
0.492598 0.32693 -0.33561
-0.337116 0.163344 -0.349648
-0.184428 0.165652 0.47775
0.0057102 0.334008 -0.495364
-0.170629 0.329536 -0.332239
0.00435163 0.163309 -0.35039
0.187487 0.179858 0.486821
0.338979 0.34244 0.49213
0.172837 0.327055 -0.309781
0.337204 0.173598 -0.325745
0.499783 0.496267 -0.154282
-0.365818 -0.326427 -0.15882
-0.494843 -0.350742 0.00779633
-0.327487 -0.490608 -0.0188169
-0.161834 -0.497327 -0.181464
-0.0157634 -0.327703 -0.182533
-0.174306 -0.314649 -0.0236482
0.00252611 -0.49558 -0.0317016
0.176124 0.499844 -0.16345
0.336711 -0.347175 -0.157003
0.154195 -0.319331 -0.0202871
0.344311 0.494859 0.000297859
0.495694 -0.155547 -0.158257
-0.342297 0.00355464 -0.167051
-0.499851 -0.0112057 0.00612724
-0.329562 -0.164015 0.018588
-0.174899 -0.14032 -0.17793
-0.0109332 0.0099033 -0.158676
-0.170971 -0.00467712 -0.0205477
0.00328016 -0.162109 0.00340841
0.177095 -0.16539 -0.177037
0.352741 0.00178168 -0.161327
0.183662 -0.0199671 -0.00603683
0.3342 -0.175349 0.00288963
-0.494652 0.145384 -0.16569
-0.34369 0.309852 -0.161926
0.487657 0.315292 0.0006501
-0.35369 0.154976 -0.000475196
-0.180008 0.167759 -0.155083
-0.000513082 0.316775 -0.172597
-0.164833 0.343048 -0.00334177
0.0137472 0.162468 0.00804361
0.163428 0.153975 -0.147912
0.331236 0.333843 -0.163746
0.187706 0.330908 0.00542303
0.342193 0.162575 0.0150143
0.495616 0.48479 0.148661
-0.32713 -0.337706 0.149999
-0.492546 -0.33736 0.323101
-0.31835 0.494558 0.344033
-0.156501 0.49178 0.158982
-0.00443036 -0.319727 0.176353
-0.170216 -0.334216 0.339571
-0.00654817 -0.485877 0.353452
0.161454 -0.489921 0.152627
0.340189 -0.341044 0.164815
0.180378 -0.358128 0.326638
0.359307 0.49509 0.330616
0.490506 -0.190284 0.163509
-0.34532 -0.0079506 0.170087
0.49778 -0.020602 0.34853
-0.344233 -0.176203 0.325455
-0.159015 -0.159056 0.168645
0.0142909 0.00214257 0.180631
-0.165997 0.0117858 0.313923
0.01304 -0.178015 0.352129
0.163942 -0.171123 0.18806
0.33789 -0.00487395 0.179918
0.175751 0.0101491 0.341585
0.338952 -0.188673 0.346545
0.499427 0.167583 0.171322
-0.334619 0.350977 0.156926
-0.494264 0.348343 0.319028
-0.341877 0.173948 0.330281
-0.15739 0.176404 0.152029
0.00469193 0.350743 0.133939
-0.144201 0.315439 0.30972
0.00609763 0.155362 0.341741
0.176984 0.150622 0.16422
0.336823 0.329399 0.18229
0.162161 0.333889 0.331891
0.337541 0.166247 0.33163
