1 -0.445841
2 -0.510129
3 -0.46031
4 -0.500259
5 -0.453331
6 -0.421153
7 -0.395403
8 -0.465343
9 -0.464049
10 -0.396796
11 -0.37205
12 -0.362196
13 -0.351358
14 -0.412461
15 -0.383353
16 -0.41717
17 -0.457867
18 -0.430346
19 -0.431005
20 -0.455452
21 -0.440052
22 -0.350026
23 -0.411481
24 -0.420921
25 -0.453053
26 -0.391841
27 -0.355239
28 -0.410244
29 -0.369499
30 -0.361437
31 -0.377001
32 -0.351055
33 -0.344343
34 -0.37508
35 -0.382669
36 -0.378685
37 -0.446927
38 -0.347648
39 -0.367444
40 -0.411901
41 -0.41273
42 -0.408209
43 -0.384309
44 -0.421691
45 -0.426846
46 -0.45288
47 -0.405986
48 -0.364982
49 -0.375291
50 -0.361779
51 -0.364512
52 -0.395491
53 -0.407144
54 -0.426434
55 -0.385527
56 -0.310516
57 -0.360031
58 -0.400568
59 -0.418589
60 -0.365384
61 -0.380818
62 -0.459515
63 -0.419247
64 -0.4112
65 -0.420214
66 -0.363303
67 -0.414766
68 -0.401125
69 -0.414529
70 -0.463431
71 -0.52272
72 -0.485787
73 -0.474202
74 -0.472117
75 -0.539693
76 -0.479179
77 -0.602287
78 -0.563202
79 -0.506196
80 -0.497851
81 -0.455745
82 -0.461033
83 -0.475174
84 -0.427772
85 -0.474468
86 -0.491284
87 -0.41566
88 -0.437833
89 -0.370008
90 -0.378763
91 -0.37286
92 -0.482586
93 -0.45828
94 -0.41978
95 -0.46342
96 -0.44762
97 -0.425089
98 -0.439114
99 -0.366844
100 -0.435956
101 -0.368189
102 -0.421656
103 -0.42292
104 -0.429316
105 -0.447992
106 -0.456642
107 -0.468815
108 -0.466909
109 -0.445897
110 -0.362489
111 -0.387235
112 -0.480055
113 -0.433824
114 -0.399232
115 -0.402116
116 -0.455882
117 -0.41238
118 -0.351247
119 -0.418476
120 -0.377648
121 -0.39149
122 -0.367066
123 -0.336574
124 -0.273725
125 -0.316154
126 -0.347397
127 -0.347967
128 -0.377149
129 -0.407776
130 -0.389052
131 -0.406507
132 -0.392324
133 -0.336548
134 -0.40317
135 -0.367677
136 -0.362714
137 -0.418899
138 -0.388471
139 -0.362091
140 -0.343613
141 -0.394486
142 -0.389031
143 -0.36233
144 -0.350089
145 -0.350869
146 -0.337613
147 -0.420252
148 -0.398568
149 -0.434829
150 -0.37941
151 -0.460707
152 -0.416663
153 -0.356028
154 -0.362602
155 -0.389849
156 -0.291281
157 -0.332692
158 -0.372186
159 -0.357654
160 -0.3467
161 -0.314312
162 -0.377724
163 -0.410405
164 -0.436274
165 -0.381489
166 -0.426252
167 -0.449517
168 -0.346215
169 -0.375044
170 -0.366073
171 -0.411711
172 -0.422219
173 -0.433026
174 -0.45473
175 -0.421993
176 -0.394194
177 -0.386764
178 -0.426373
179 -0.461368
180 -0.382153
181 -0.352195
182 -0.402239
183 -0.385439
184 -0.364729
185 -0.38666
186 -0.402034
187 -0.447472
188 -0.420274
189 -0.377317
190 -0.40678
191 -0.369565
192 -0.3726
193 -0.360841
194 -0.438156
195 -0.424257
196 -0.405184
197 -0.421308
198 -0.320787
199 -0.353261
200 -0.458742
201 -0.463252
202 -0.393846
203 -0.446226
204 -0.429751
205 -0.38796
206 -0.387839
207 -0.417311
208 -0.378337
209 -0.369749
210 -0.372386
211 -0.441216
212 -0.388576
213 -0.374157
214 -0.379444
215 -0.381229
216 -0.330101
217 -0.354475
218 -0.323902
219 -0.330504
220 -0.351737
221 -0.354816
222 -0.349738
223 -0.478806
224 -0.480725
225 -0.460277
226 -0.487087
227 -0.383692
228 -0.327032
229 -0.417624
230 -0.407046
231 -0.435486
232 -0.514021
233 -0.504238
234 -0.483473
235 -0.459227
236 -0.544131
237 -0.478552
238 -0.407435
239 -0.504411
240 -0.540222
241 -0.501364
242 -0.512482
243 -0.50819
244 -0.448996
245 -0.426405
246 -0.405824
247 -0.39493
248 -0.439156
249 -0.476319
250 -0.483916
251 -0.502713
252 -0.522263
253 -0.457804
254 -0.473919
255 -0.474335
256 -0.388309
257 -0.376089
258 -0.415504
259 -0.379003
260 -0.366834
261 -0.395349
262 -0.351258
263 -0.448404
264 -0.441027
265 -0.550189
266 -0.538226
267 -0.494455
268 -0.529862
269 -0.538764
270 -0.522784
271 -0.507275
272 -0.49802
273 -0.459384
274 -0.432302
275 -0.377623
276 -0.403454
277 -0.424486
278 -0.465816
279 -0.540301
280 -0.566981
281 -0.538066
282 -0.49702
283 -0.587502
284 -0.527617
285 -0.500344
286 -0.482654
287 -0.410386
288 -0.478899
289 -0.449332
290 -0.385227
291 -0.383114
292 -0.39086
293 -0.346921
294 -0.354979
295 -0.334428
296 -0.452426
297 -0.42204
298 -0.490918
299 -0.500396
300 -0.425173
301 -0.443303
302 -0.430033
303 -0.408824
304 -0.448574
305 -0.408324
306 -0.492118
307 -0.450428
308 -0.466241
309 -0.432794
310 -0.385995
311 -0.373508
312 -0.358227
313 -0.382941
314 -0.40753
315 -0.434695
316 -0.438194
317 -0.367357
318 -0.438654
319 -0.454751
320 -0.335257
321 -0.3626
322 -0.461854
323 -0.477947
324 -0.461397
325 -0.426945
326 -0.417069
327 -0.442324
328 -0.464067
329 -0.447224
330 -0.500345
331 -0.441739
332 -0.458007
333 -0.467477
334 -0.46127
335 -0.433832
336 -0.435247
337 -0.466656
338 -0.496865
339 -0.48659
340 -0.473217
341 -0.460505
342 -0.401923
343 -0.407106
344 -0.364885
345 -0.435463
346 -0.381533
347 -0.385251
348 -0.377349
349 -0.275602
350 -0.278473
351 -0.314202
352 -0.343586
353 -0.347348
354 -0.413597
355 -0.4058
356 -0.353556
357 -0.415189
358 -0.435076
359 -0.37699
360 -0.453324
361 -0.462878
362 -0.390571
363 -0.484827
364 -0.466328
365 -0.400173
366 -0.40155
367 -0.438287
368 -0.510465
369 -0.516085
370 -0.468864
371 -0.452971
372 -0.420294
373 -0.421211
374 -0.423954
375 -0.384107
376 -0.416374
377 -0.404177
378 -0.400395
379 -0.45573
380 -0.465973
381 -0.433918
382 -0.431454
383 -0.445501
384 -0.447064
385 -0.463099
386 -0.355065
387 -0.290334
388 -0.377237
389 -0.366519
390 -0.317173
391 -0.436367
392 -0.370183
393 -0.368641
394 -0.442077
395 -0.427662
396 -0.404919
397 -0.41432
398 -0.39453
399 -0.439754
400 -0.4269
401 -0.385501
402 -0.383773
403 -0.383569
404 -0.426517
405 -0.409842
406 -0.484346
407 -0.456219
408 -0.426815
409 -0.400711
410 -0.463101
411 -0.462233
412 -0.433909
413 -0.394113
414 -0.406887
415 -0.360061
416 -0.364349
417 -0.326173
418 -0.2868
419 -0.328003
420 -0.400385
421 -0.404474
422 -0.421698
423 -0.348973
424 -0.335295
425 -0.40325
426 -0.361045
427 -0.354381
428 -0.343945
429 -0.455562
430 -0.422954
431 -0.389413
432 -0.361036
433 -0.359659
434 -0.383995
435 -0.426662
436 -0.428492
437 -0.455202
438 -0.425204
439 -0.381588
440 -0.360476
441 -0.405203
442 -0.477144
443 -0.423142
444 -0.457917
445 -0.446026
446 -0.385313
447 -0.331242
448 -0.398054
449 -0.438492
450 -0.413286
451 -0.448719
452 -0.448464
453 -0.415852
454 -0.4095
455 -0.354304
456 -0.293264
457 -0.391638
458 -0.435523
459 -0.428789
460 -0.378414
461 -0.420268
462 -0.437159
463 -0.393421
464 -0.442243
465 -0.459135
466 -0.404229
467 -0.444616
468 -0.444945
469 -0.483876
470 -0.459051
471 -0.460333
472 -0.416306
473 -0.35915
474 -0.331759
475 -0.337798
476 -0.300519
477 -0.347063
478 -0.348674
479 -0.399949
480 -0.405051
481 -0.358301
482 -0.391259
483 -0.348276
484 -0.396037
485 -0.351102
486 -0.380682
487 -0.319856
488 -0.360435
489 -0.389117
490 -0.4312
491 -0.337286
492 -0.374937
493 -0.367253
494 -0.382494
495 -0.389767
496 -0.349307
497 -0.442562
498 -0.403407
499 -0.311757
500 -0.377098
501 -0.358337
502 -0.37682
503 -0.442286
504 -0.422088
505 -0.337014
506 -0.338767
507 -0.335422
508 -0.383224
509 -0.439115
510 -0.401817
511 -0.409941
512 -0.342701
513 -0.323842
514 -0.411246
515 -0.370115
516 -0.428124
517 -0.426911
518 -0.409225
519 -0.387157
520 -0.384365
521 -0.367287
522 -0.354646
523 -0.326687
524 -0.353758
525 -0.315587
526 -0.416178
527 -0.372325
528 -0.377275
529 -0.385825
530 -0.429058
531 -0.459399
532 -0.393114
533 -0.369101
534 -0.324362
535 -0.335268
536 -0.371102
537 -0.384354
538 -0.443691
539 -0.450244
540 -0.342383
541 -0.293874
542 -0.34939
543 -0.428349
544 -0.420668
545 -0.389577
546 -0.336433
547 -0.381042
548 -0.34379
549 -0.355992
550 -0.350235
551 -0.399785
552 -0.374927
553 -0.435119
554 -0.426391
555 -0.388795
556 -0.37397
557 -0.417461
558 -0.424005
559 -0.383899
560 -0.418679
561 -0.409571
562 -0.338228
563 -0.417187
564 -0.396087
565 -0.386936
566 -0.41153
567 -0.397259
568 -0.31145
569 -0.355163
570 -0.394367
571 -0.410284
572 -0.371236
573 -0.332986
574 -0.384128
575 -0.420321
576 -0.384784
577 -0.353541
578 -0.456035
579 -0.50521
580 -0.477762
581 -0.427331
582 -0.424502
583 -0.470322
584 -0.452161
585 -0.540749
586 -0.519853
587 -0.502117
588 -0.597119
589 -0.541049
590 -0.50961
591 -0.555754
592 -0.556799
593 -0.550882
594 -0.488853
595 -0.438444
596 -0.434168
597 -0.458734
598 -0.463238
599 -0.446924
600 -0.36089
601 -0.476683
602 -0.488043
603 -0.441914
604 -0.367535
605 -0.367669
606 -0.38812
607 -0.416161
608 -0.403351
609 -0.437667
610 -0.346565
611 -0.446816
612 -0.414703
613 -0.371553
614 -0.356558
615 -0.417384
616 -0.375395
617 -0.472419
618 -0.495148
619 -0.463361
620 -0.497941
621 -0.467918
622 -0.426277
623 -0.439585
624 -0.468872
625 -0.478151
626 -0.487692
627 -0.40489
628 -0.388531
629 -0.434836
630 -0.519251
631 -0.464482
632 -0.483373
633 -0.407451
634 -0.394738
635 -0.432843
636 -0.472287
637 -0.447501
638 -0.447498
639 -0.497276
640 -0.460812
641 -0.413425
642 -0.348217
643 -0.377968
644 -0.370538
645 -0.407719
646 -0.486936
647 -0.490849
648 -0.497156
649 -0.422297
650 -0.415803
651 -0.354753
652 -0.366244
653 -0.356415
654 -0.332303
655 -0.371486
656 -0.372419
657 -0.352403
658 -0.46454
659 -0.353144
660 -0.389341
661 -0.429874
662 -0.358652
663 -0.330477
664 -0.313171
665 -0.33958
666 -0.431418
667 -0.360171
668 -0.447921
669 -0.429998
670 -0.438063
671 -0.49741
672 -0.481653
673 -0.408715
674 -0.443433
675 -0.387576
676 -0.420491
677 -0.412991
678 -0.444658
679 -0.415035
680 -0.482057
681 -0.45735
682 -0.435575
683 -0.477215
684 -0.485256
685 -0.528244
686 -0.461929
687 -0.495283
688 -0.471687
689 -0.390627
690 -0.342709
691 -0.409982
692 -0.430205
693 -0.450247
694 -0.573304
695 -0.522456
696 -0.473583
697 -0.522469
698 -0.493302
699 -0.512294
700 -0.468593
701 -0.473543
702 -0.464799
703 -0.483177
704 -0.431031
705 -0.490546
706 -0.456804
707 -0.46661
708 -0.413998
709 -0.459264
710 -0.423325
711 -0.478476
712 -0.402263
713 -0.456179
714 -0.427549
715 -0.493538
716 -0.480656
717 -0.48457
718 -0.433252
719 -0.394598
720 -0.373417
721 -0.415274
722 -0.417336
723 -0.371776
724 -0.353804
725 -0.480469
726 -0.354796
727 -0.376583
728 -0.379509
729 -0.383887
730 -0.37359
731 -0.377861
732 -0.458207
733 -0.426903
734 -0.432749
735 -0.388561
736 -0.372062
737 -0.37321
738 -0.399626
739 -0.385588
740 -0.331939
741 -0.383323
742 -0.458597
743 -0.447738
744 -0.504366
745 -0.479924
746 -0.453619
747 -0.464076
748 -0.440818
749 -0.470315
750 -0.495357
751 -0.483362
752 -0.428035
753 -0.402069
754 -0.372487
755 -0.451079
756 -0.425367
757 -0.538463
758 -0.542756
759 -0.441373
760 -0.469212
761 -0.477492
762 -0.42533
763 -0.460583
764 -0.45286
765 -0.436631
766 -0.410665
767 -0.464085
768 -0.394648
769 -0.498222
770 -0.473871
771 -0.446942
772 -0.441147
773 -0.490969
774 -0.498897
775 -0.392655
776 -0.335644
777 -0.370517
778 -0.414826
779 -0.448217
780 -0.433267
781 -0.425516
782 -0.424819
783 -0.450415
784 -0.426843
785 -0.386727
786 -0.41119
787 -0.386529
788 -0.339626
789 -0.349352
790 -0.354718
791 -0.36698
792 -0.359136
793 -0.359937
794 -0.370415
795 -0.384331
796 -0.412654
797 -0.39505
798 -0.43792
799 -0.329922
800 -0.290275
801 -0.275367
802 -0.406955
803 -0.375237
804 -0.430454
805 -0.362152
806 -0.391509
807 -0.324433
808 -0.347869
809 -0.433319
810 -0.413131
811 -0.389303
812 -0.434846
813 -0.491504
814 -0.473778
815 -0.480164
816 -0.434626
817 -0.512174
818 -0.491095
819 -0.451082
820 -0.458068
821 -0.550396
822 -0.440291
823 -0.377817
824 -0.421344
825 -0.364673
826 -0.378123
827 -0.44614
828 -0.429441
829 -0.437385
830 -0.392179
831 -0.348341
832 -0.391893
833 -0.450427
834 -0.425162
835 -0.422288
836 -0.382615
837 -0.413381
838 -0.486707
839 -0.410158
840 -0.438592
841 -0.426775
842 -0.407893
843 -0.437029
844 -0.432817
845 -0.432323
846 -0.450002
847 -0.429623
848 -0.408341
849 -0.416624
850 -0.437631
851 -0.430818
852 -0.427246
853 -0.374672
854 -0.427528
855 -0.484443
856 -0.538201
857 -0.515194
858 -0.492944
859 -0.471889
860 -0.54352
861 -0.552656
862 -0.461439
863 -0.478369
864 -0.485292
865 -0.413336
866 -0.439683
867 -0.384193
868 -0.465774
869 -0.488925
870 -0.428273
871 -0.396503
872 -0.39625
873 -0.393003
874 -0.381398
875 -0.381229
876 -0.387432
877 -0.392579
878 -0.318921
879 -0.346924
880 -0.348697
881 -0.356764
882 -0.443124
883 -0.455293
884 -0.468838
885 -0.467757
886 -0.441096
887 -0.442496
888 -0.423038
889 -0.376523
890 -0.44065
891 -0.491844
892 -0.408915
893 -0.396212
894 -0.38708
895 -0.411926
896 -0.397828
897 -0.498622
898 -0.495131
899 -0.429346
900 -0.488302
901 -0.462672
902 -0.361996
903 -0.362902
904 -0.465474
905 -0.465704
906 -0.47906
907 -0.450351
908 -0.505734
909 -0.513265
910 -0.40281
911 -0.39008
912 -0.369353
913 -0.400887
914 -0.362599
915 -0.363587
916 -0.373646
917 -0.403076
918 -0.417413
919 -0.401279
920 -0.504237
921 -0.463449
922 -0.465624
923 -0.449267
924 -0.500386
925 -0.39784
926 -0.467167
927 -0.441638
928 -0.410504
929 -0.31887
930 -0.363166
931 -0.416776
932 -0.447739
933 -0.394311
934 -0.487043
935 -0.480748
936 -0.400724
937 -0.377586
938 -0.412849
939 -0.423194
940 -0.470344
941 -0.523808
942 -0.475488
943 -0.475919
944 -0.506886
945 -0.47044
946 -0.388113
947 -0.400209
948 -0.431483
949 -0.394694
950 -0.403189
951 -0.415327
952 -0.407569
953 -0.465152
954 -0.401838
955 -0.436315
956 -0.451741
957 -0.387664
958 -0.405075
959 -0.413963
960 -0.414099
961 -0.400525
962 -0.465741
963 -0.469031
964 -0.424923
965 -0.394774
966 -0.44576
967 -0.445126
968 -0.446001
969 -0.371844
970 -0.432772
971 -0.403089
972 -0.415078
973 -0.446935
974 -0.456559
975 -0.475425
976 -0.434214
977 -0.47454
978 -0.42965
979 -0.401805
980 -0.425739
981 -0.418752
982 -0.389486
983 -0.396005
984 -0.469539
985 -0.374731
986 -0.42009
987 -0.397487
988 -0.401108
989 -0.436903
990 -0.455467
991 -0.486607
992 -0.432957
993 -0.463066
994 -0.370092
995 -0.374097
996 -0.396145
997 -0.420304
998 -0.426251
999 -0.45116
1000 -0.4067
1001 -0.393372
1002 -0.465821
1003 -0.451978
1004 -0.378478
1005 -0.338446
1006 -0.413001
1007 -0.487605
1008 -0.487222
1009 -0.469694
1010 -0.445442
1011 -0.463945
1012 -0.4564
1013 -0.39732
1014 -0.476621
1015 -0.420163
1016 -0.418838
1017 -0.405792
1018 -0.512656
1019 -0.460317
1020 -0.50747
1021 -0.428114
1022 -0.451102
1023 -0.463938
1024 -0.498985
1025 -0.477738
1026 -0.471337
1027 -0.452632
1028 -0.481624
1029 -0.476195
1030 -0.402443
1031 -0.440647
1032 -0.456873
1033 -0.385323
1034 -0.364556
1035 -0.362623
1036 -0.355771
1037 -0.442842
1038 -0.428134
1039 -0.406579
1040 -0.416971
1041 -0.338107
1042 -0.404606
1043 -0.357574
1044 -0.349204
1045 -0.424476
1046 -0.446321
1047 -0.375319
1048 -0.455784
1049 -0.476263
1050 -0.424915
1051 -0.400675
1052 -0.462403
1053 -0.488062
1054 -0.408141
1055 -0.46614
1056 -0.440585
1057 -0.453102
1058 -0.407755
1059 -0.433156
1060 -0.410316
1061 -0.371479
1062 -0.336924
1063 -0.425602
1064 -0.444273
1065 -0.33745
1066 -0.37045
1067 -0.352367
1068 -0.329131
1069 -0.379265
1070 -0.332597
1071 -0.425633
1072 -0.324247
1073 -0.374312
1074 -0.393679
1075 -0.379807
1076 -0.369116
1077 -0.481476
1078 -0.410331
1079 -0.447614
1080 -0.424617
1081 -0.378388
1082 -0.35603
1083 -0.444248
1084 -0.41927
1085 -0.41861
1086 -0.417527
1087 -0.369453
1088 -0.310404
1089 -0.355336
1090 -0.394447
1091 -0.376731
1092 -0.408942
1093 -0.377795
1094 -0.354627
1095 -0.365129
1096 -0.372662
1097 -0.423624
1098 -0.367667
1099 -0.431264
1100 -0.399414
1101 -0.333315
1102 -0.379508
1103 -0.40078
1104 -0.429119
1105 -0.366902
1106 -0.322877
1107 -0.356556
1108 -0.37498
1109 -0.430301
1110 -0.373913
1111 -0.410149
1112 -0.446934
1113 -0.414966
1114 -0.365217
1115 -0.409496
1116 -0.415778
1117 -0.431634
1118 -0.33655
1119 -0.375792
1120 -0.419406
1121 -0.419955
1122 -0.479157
1123 -0.475377
1124 -0.427648
1125 -0.417445
1126 -0.476902
1127 -0.471003
1128 -0.435394
1129 -0.404557
1130 -0.458522
1131 -0.399517
1132 -0.441629
1133 -0.423834
1134 -0.459272
1135 -0.485749
1136 -0.468307
1137 -0.51755
1138 -0.536106
1139 -0.538368
1140 -0.447844
1141 -0.43383
1142 -0.517703
1143 -0.479662
1144 -0.573981
1145 -0.524687
1146 -0.47972
1147 -0.504105
1148 -0.511724
1149 -0.478686
1150 -0.514408
1151 -0.43626
1152 -0.432291
1153 -0.512602
1154 -0.456159
1155 -0.416212
1156 -0.403237
1157 -0.405566
1158 -0.437382
1159 -0.438667
1160 -0.457014
1161 -0.518149
1162 -0.50135
1163 -0.551926
1164 -0.493005
1165 -0.427765
1166 -0.416491
1167 -0.394393
1168 -0.448896
1169 -0.436959
1170 -0.447062
1171 -0.478896
1172 -0.447837
1173 -0.414197
1174 -0.374825
1175 -0.431364
1176 -0.424119
1177 -0.43839
1178 -0.439755
1179 -0.442387
1180 -0.445946
1181 -0.37639
1182 -0.464951
1183 -0.480724
1184 -0.536226
1185 -0.468834
1186 -0.399653
1187 -0.493211
1188 -0.43204
1189 -0.388264
1190 -0.408027
1191 -0.439437
1192 -0.409172
1193 -0.449451
1194 -0.510298
1195 -0.49001
1196 -0.504264
1197 -0.495385
1198 -0.501181
1199 -0.434465
1200 -0.372885
1201 -0.354051
1202 -0.414264
1203 -0.419263
1204 -0.471306
1205 -0.474636
1206 -0.473657
1207 -0.479286
1208 -0.486025
1209 -0.498402
1210 -0.543791
1211 -0.483177
1212 -0.468579
1213 -0.459993
1214 -0.488292
1215 -0.48638
1216 -0.517569
1217 -0.517463
1218 -0.514417
1219 -0.56194
1220 -0.54077
1221 -0.536367
1222 -0.444876
1223 -0.472138
1224 -0.469069
1225 -0.474033
1226 -0.461773
1227 -0.433214
1228 -0.395824
1229 -0.402357
1230 -0.381912
1231 -0.383739
1232 -0.29982
1233 -0.365106
1234 -0.381297
1235 -0.326701
1236 -0.42331
1237 -0.422006
1238 -0.463907
1239 -0.371536
1240 -0.384662
1241 -0.507631
1242 -0.479187
1243 -0.482708
1244 -0.484639
1245 -0.507404
1246 -0.547214
1247 -0.507162
1248 -0.301308
1249 -0.365076
1250 -0.372436
1251 -0.474461
1252 -0.463911
1253 -0.43132
1254 -0.397701
1255 -0.367158
1256 -0.41724
1257 -0.43717
1258 -0.44028
1259 -0.405851
1260 -0.439441
1261 -0.337985
1262 -0.393388
1263 -0.335707
1264 -0.241949
1265 -0.368249
1266 -0.435762
1267 -0.451089
1268 -0.492498
1269 -0.484272
1270 -0.422419
1271 -0.447901
1272 -0.419459
1273 -0.433925
1274 -0.451594
1275 -0.531552
1276 -0.480703
1277 -0.444348
1278 -0.466204
1279 -0.439287
1280 -0.453426
1281 -0.433341
1282 -0.452969
1283 -0.527495
1284 -0.476189
1285 -0.443929
1286 -0.404134
1287 -0.398981
1288 -0.425128
1289 -0.425854
1290 -0.433341
1291 -0.407614
1292 -0.483967
1293 -0.423272
1294 -0.39797
1295 -0.405259
1296 -0.461393
1297 -0.42406
1298 -0.413938
1299 -0.443464
1300 -0.436034
1301 -0.504972
1302 -0.441771
1303 -0.439625
1304 -0.452453
1305 -0.402082
1306 -0.306874
1307 -0.282009
1308 -0.351868
1309 -0.307403
1310 -0.426989
1311 -0.412112
1312 -0.336038
1313 -0.400713
1314 -0.468481
1315 -0.390706
1316 -0.487903
1317 -0.431718
1318 -0.320014
1319 -0.490355
1320 -0.445311
1321 -0.381119
1322 -0.370344
1323 -0.385172
1324 -0.347062
1325 -0.35294
1326 -0.393667
1327 -0.404495
1328 -0.461219
1329 -0.446442
1330 -0.468214
1331 -0.434145
1332 -0.402046
1333 -0.353352
1334 -0.330883
1335 -0.38564
1336 -0.470559
1337 -0.41807
1338 -0.468714
1339 -0.430077
1340 -0.456875
1341 -0.485192
1342 -0.441395
1343 -0.477797
1344 -0.45662
1345 -0.420844
1346 -0.410553
1347 -0.461282
1348 -0.434174
1349 -0.452628
1350 -0.522916
1351 -0.368958
1352 -0.35674
1353 -0.406865
1354 -0.385113
1355 -0.361749
1356 -0.365734
1357 -0.378506
1358 -0.332154
1359 -0.34501
1360 -0.42172
1361 -0.389316
1362 -0.383017
1363 -0.441908
1364 -0.451741
1365 -0.432155
1366 -0.373902
1367 -0.383897
1368 -0.389858
1369 -0.445959
1370 -0.434413
1371 -0.35293
1372 -0.409412
1373 -0.463038
1374 -0.451738
1375 -0.382866
1376 -0.396138
1377 -0.434072
1378 -0.354163
1379 -0.427158
1380 -0.439359
1381 -0.461903
1382 -0.459714
1383 -0.442258
1384 -0.414841
1385 -0.428949
1386 -0.314019
1387 -0.351958
1388 -0.376255
1389 -0.491366
1390 -0.466677
1391 -0.41813
1392 -0.47519
1393 -0.453284
1394 -0.438527
1395 -0.423733
1396 -0.407996
1397 -0.384243
1398 -0.397982
1399 -0.386766
1400 -0.429712
1401 -0.393483
1402 -0.423775
1403 -0.376598
1404 -0.392142
1405 -0.350561
1406 -0.368384
1407 -0.401511
1408 -0.398078
1409 -0.40565
1410 -0.356299
1411 -0.359423
1412 -0.367478
1413 -0.367366
1414 -0.360411
1415 -0.419098
1416 -0.412155
1417 -0.422741
1418 -0.412096
1419 -0.441966
1420 -0.4202
1421 -0.394918
1422 -0.310082
1423 -0.315265
1424 -0.346074
1425 -0.360624
1426 -0.367335
1427 -0.357672
1428 -0.409997
1429 -0.420815
1430 -0.440618
1431 -0.529452
1432 -0.45722
1433 -0.428761
1434 -0.453004
1435 -0.384448
1436 -0.447567
1437 -0.399606
1438 -0.352054
1439 -0.434371
1440 -0.424162
1441 -0.335166
1442 -0.365659
1443 -0.323086
1444 -0.334437
1445 -0.417659
1446 -0.402735
1447 -0.501276
1448 -0.431091
1449 -0.402655
1450 -0.450258
1451 -0.449124
1452 -0.473425
1453 -0.465526
1454 -0.476519
1455 -0.425112
1456 -0.421643
1457 -0.470144
1458 -0.490697
1459 -0.478938
1460 -0.479175
1461 -0.507432
1462 -0.507258
1463 -0.410839
1464 -0.476076
1465 -0.392874
1466 -0.360129
1467 -0.393141
1468 -0.352149
1469 -0.345156
1470 -0.375126
1471 -0.384906
1472 -0.333278
1473 -0.337872
1474 -0.413769
1475 -0.373294
1476 -0.325237
1477 -0.337481
1478 -0.367783
1479 -0.379422
1480 -0.342349
1481 -0.417929
1482 -0.472166
1483 -0.523482
1484 -0.480363
1485 -0.424602
1486 -0.448477
1487 -0.392514
1488 -0.389921
1489 -0.446215
1490 -0.454365
1491 -0.399388
1492 -0.385803
1493 -0.331018
1494 -0.339238
1495 -0.306346
1496 -0.423736
1497 -0.417965
1498 -0.425152
1499 -0.45441
1500 -0.491013
1501 -0.443733
1502 -0.383284
1503 -0.379231
1504 -0.485942
1505 -0.405692
1506 -0.402593
1507 -0.406698
1508 -0.462767
1509 -0.446901
1510 -0.46935
1511 -0.332252
1512 -0.336379
1513 -0.404245
1514 -0.410783
1515 -0.416772
1516 -0.422274
1517 -0.468395
1518 -0.439716
1519 -0.455453
1520 -0.482767
1521 -0.498014
1522 -0.486518
1523 -0.409228
1524 -0.373563
1525 -0.422907
1526 -0.464077
1527 -0.41651
1528 -0.442794
1529 -0.461158
1530 -0.409226
1531 -0.369643
1532 -0.398312
1533 -0.389527
1534 -0.28854
1535 -0.375359
1536 -0.371789
1537 -0.422527
1538 -0.409364
1539 -0.41035
1540 -0.384847
1541 -0.40713
1542 -0.369275
1543 -0.398516
1544 -0.447474
1545 -0.438164
1546 -0.411465
1547 -0.482499
1548 -0.379131
1549 -0.35616
1550 -0.378817
1551 -0.365627
1552 -0.323743
1553 -0.328859
1554 -0.331975
1555 -0.315601
1556 -0.331804
1557 -0.33045
1558 -0.275738
1559 -0.295493
1560 -0.343484
1561 -0.298294
1562 -0.35226
1563 -0.316621
1564 -0.356334
1565 -0.395842
1566 -0.352056
1567 -0.3492
1568 -0.319584
1569 -0.379783
1570 -0.445263
1571 -0.404913
1572 -0.448892
1573 -0.442774
1574 -0.419899
1575 -0.446614
1576 -0.405725
1577 -0.372474
1578 -0.451928
1579 -0.377467
1580 -0.420061
1581 -0.415809
1582 -0.523807
1583 -0.567381
1584 -0.502646
1585 -0.520861
1586 -0.544018
1587 -0.448
1588 -0.447573
1589 -0.432113
1590 -0.360554
1591 -0.363982
1592 -0.456993
1593 -0.417587
1594 -0.399532
1595 -0.429164
1596 -0.41742
1597 -0.43938
1598 -0.4049
1599 -0.505625
1600 -0.534758
1601 -0.462897
1602 -0.47742
1603 -0.449204
1604 -0.472909
1605 -0.476219
1606 -0.493213
1607 -0.444988
1608 -0.427654
1609 -0.449021
1610 -0.480243
1611 -0.51809
1612 -0.501419
1613 -0.427093
1614 -0.424705
1615 -0.493537
1616 -0.387065
1617 -0.426295
1618 -0.41399
1619 -0.431023
1620 -0.46933
1621 -0.516569
1622 -0.470929
1623 -0.471085
1624 -0.53164
1625 -0.466165
1626 -0.470837
1627 -0.450023
1628 -0.498934
1629 -0.455902
1630 -0.443827
1631 -0.369117
1632 -0.318515
1633 -0.366754
1634 -0.406131
1635 -0.432695
1636 -0.413304
1637 -0.419642
1638 -0.341752
1639 -0.331547
1640 -0.341232
1641 -0.445008
1642 -0.384307
1643 -0.381137
1644 -0.479275
1645 -0.514523
1646 -0.495174
1647 -0.434757
1648 -0.478643
1649 -0.529345
1650 -0.491805
1651 -0.529224
1652 -0.449466
1653 -0.409775
1654 -0.410602
1655 -0.355849
1656 -0.365789
1657 -0.387002
1658 -0.3424
1659 -0.362351
1660 -0.382453
1661 -0.475447
1662 -0.483547
1663 -0.4204
1664 -0.384452
1665 -0.401906
1666 -0.413115
1667 -0.46154
1668 -0.4809
1669 -0.479038
1670 -0.582729
1671 -0.506328
1672 -0.500728
1673 -0.449983
1674 -0.386366
1675 -0.451757
1676 -0.431854
1677 -0.536257
1678 -0.53293
1679 -0.485232
1680 -0.435785
1681 -0.488369
1682 -0.474483
1683 -0.463395
1684 -0.41872
1685 -0.4823
1686 -0.550573
1687 -0.480164
1688 -0.468646
1689 -0.388066
1690 -0.401067
1691 -0.435179
1692 -0.405643
1693 -0.345513
1694 -0.338554
1695 -0.314031
1696 -0.414834
1697 -0.45399
1698 -0.438121
1699 -0.519234
1700 -0.538683
1701 -0.467616
1702 -0.452011
1703 -0.397911
1704 -0.415315
1705 -0.331554
1706 -0.345567
1707 -0.405972
1708 -0.358327
1709 -0.364159
1710 -0.335006
1711 -0.345388
1712 -0.454937
1713 -0.439252
1714 -0.374619
1715 -0.403875
1716 -0.479206
1717 -0.465018
1718 -0.379126
1719 -0.418047
1720 -0.406386
1721 -0.36527
1722 -0.420718
1723 -0.411126
1724 -0.431024
1725 -0.390033
1726 -0.328505
1727 -0.397852
1728 -0.385144
1729 -0.450594
1730 -0.456301
1731 -0.395326
1732 -0.355917
1733 -0.369385
1734 -0.478267
1735 -0.511471
1736 -0.435447
1737 -0.403622
1738 -0.38053
1739 -0.423214
1740 -0.364579
1741 -0.433274
1742 -0.403811
1743 -0.460348
1744 -0.387642
1745 -0.370062
1746 -0.332994
1747 -0.384565
1748 -0.392701
1749 -0.357343
1750 -0.406273
1751 -0.387546
1752 -0.362262
1753 -0.478019
1754 -0.392072
1755 -0.417567
1756 -0.425488
1757 -0.442481
1758 -0.395088
1759 -0.439124
1760 -0.332098
1761 -0.352473
1762 -0.307961
1763 -0.385289
1764 -0.374458
1765 -0.396457
1766 -0.436194
1767 -0.423863
1768 -0.360441
1769 -0.38227
1770 -0.352836
1771 -0.404676
1772 -0.447877
1773 -0.436765
1774 -0.402209
1775 -0.365738
1776 -0.36736
1777 -0.411228
1778 -0.400399
1779 -0.397526
1780 -0.375897
1781 -0.400318
1782 -0.477143
1783 -0.37105
1784 -0.312307
1785 -0.371895
1786 -0.459248
1787 -0.429864
1788 -0.404405
1789 -0.492153
1790 -0.508432
1791 -0.493055
1792 -0.469889
1793 -0.42277
1794 -0.428107
1795 -0.42927
1796 -0.491225
1797 -0.4223
1798 -0.400265
1799 -0.470207
1800 -0.402343
1801 -0.387393
1802 -0.462863
1803 -0.486728
1804 -0.516507
1805 -0.545895
1806 -0.555913
1807 -0.526769
1808 -0.507713
1809 -0.49854
1810 -0.444324
1811 -0.392848
1812 -0.338866
1813 -0.40966
1814 -0.437595
1815 -0.440205
1816 -0.449991
1817 -0.394028
1818 -0.373703
1819 -0.466772
1820 -0.497055
1821 -0.377976
1822 -0.353128
1823 -0.392449
1824 -0.416863
1825 -0.381952
1826 -0.440521
1827 -0.488499
1828 -0.53068
1829 -0.551683
1830 -0.481823
1831 -0.409122
1832 -0.366345
1833 -0.349154
1834 -0.395405
1835 -0.463477
1836 -0.460602
1837 -0.429624
1838 -0.466226
1839 -0.407318
1840 -0.392657
1841 -0.314246
1842 -0.327506
1843 -0.340443
1844 -0.346293
1845 -0.31949
1846 -0.311616
1847 -0.363481
1848 -0.40141
1849 -0.397292
1850 -0.42638
1851 -0.421418
1852 -0.338417
1853 -0.353209
1854 -0.3393
1855 -0.354031
1856 -0.365539
1857 -0.528246
1858 -0.467789
1859 -0.414936
1860 -0.389774
1861 -0.336437
1862 -0.447845
1863 -0.357245
1864 -0.392768
1865 -0.427482
1866 -0.410106
1867 -0.399991
1868 -0.42384
1869 -0.482975
1870 -0.454372
1871 -0.437323
1872 -0.445154
1873 -0.478752
1874 -0.486363
1875 -0.513325
1876 -0.518242
1877 -0.515141
1878 -0.521482
1879 -0.431943
1880 -0.407952
1881 -0.434641
1882 -0.429456
1883 -0.410824
1884 -0.384625
1885 -0.409663
1886 -0.422846
1887 -0.469719
1888 -0.474492
1889 -0.546972
1890 -0.464581
1891 -0.489035
1892 -0.513377
1893 -0.425478
1894 -0.398995
1895 -0.305581
1896 -0.364589
1897 -0.409511
1898 -0.483597
1899 -0.385667
1900 -0.418775
1901 -0.400853
1902 -0.384972
1903 -0.411892
1904 -0.540727
1905 -0.483001
1906 -0.473371
1907 -0.452183
1908 -0.405914
1909 -0.436325
1910 -0.485766
1911 -0.381272
1912 -0.440637
1913 -0.434975
1914 -0.337774
1915 -0.419792
1916 -0.416658
1917 -0.349993
1918 -0.40023
1919 -0.431
1920 -0.428464
1921 -0.451935
1922 -0.439838
1923 -0.329583
1924 -0.372782
1925 -0.353169
1926 -0.424761
1927 -0.432102
1928 -0.404797
1929 -0.398277
1930 -0.398351
1931 -0.371025
1932 -0.351391
1933 -0.377974
1934 -0.391126
1935 -0.379215
1936 -0.413364
1937 -0.391515
1938 -0.392107
1939 -0.401315
1940 -0.36164
1941 -0.353575
1942 -0.324864
1943 -0.411363
1944 -0.44396
1945 -0.353472
1946 -0.407514
1947 -0.467027
1948 -0.436859
1949 -0.490806
1950 -0.454896
1951 -0.528804
1952 -0.460958
1953 -0.445077
1954 -0.399918
1955 -0.396649
1956 -0.458638
1957 -0.486478
1958 -0.460852
1959 -0.4426
1960 -0.470449
1961 -0.409293
1962 -0.448804
1963 -0.447055
1964 -0.372152
1965 -0.383733
1966 -0.31381
1967 -0.322681
1968 -0.38413
1969 -0.449835
1970 -0.441957
1971 -0.300236
1972 -0.303155
1973 -0.31579
1974 -0.416467
1975 -0.401628
1976 -0.38637
1977 -0.419115
1978 -0.403823
1979 -0.328364
1980 -0.340085
1981 -0.356361
1982 -0.390753
1983 -0.395933
1984 -0.391578
1985 -0.494731
1986 -0.492109
1987 -0.479035
1988 -0.537334
1989 -0.423444
1990 -0.432676
1991 -0.412903
1992 -0.473597
1993 -0.427461
1994 -0.449982
1995 -0.518091
1996 -0.510652
1997 -0.48287
1998 -0.406607
1999 -0.374968
2000 -0.46446
2001 -0.429111
2002 -0.418584
2003 -0.353027
2004 -0.37267
2005 -0.367269
2006 -0.34901
2007 -0.384821
2008 -0.396967
2009 -0.388663
2010 -0.381651
2011 -0.388035
2012 -0.369417
2013 -0.441538
2014 -0.445529
2015 -0.429737
2016 -0.388345
2017 -0.40267
2018 -0.415815
2019 -0.405494
2020 -0.412173
2021 -0.414566
2022 -0.453074
2023 -0.438894
2024 -0.433798
2025 -0.393903
2026 -0.448677
2027 -0.393603
2028 -0.379611
2029 -0.362519
2030 -0.376991
2031 -0.314819
2032 -0.356242
2033 -0.331814
2034 -0.393841
2035 -0.438124
2036 -0.431398
2037 -0.450053
2038 -0.437494
2039 -0.449037
2040 -0.469832
2041 -0.413852
2042 -0.375528
2043 -0.352107
2044 -0.37235
2045 -0.407443
2046 -0.343231
2047 -0.45396
2048 -0.4062
2049 -0.480983
2050 -0.485993
2051 -0.545574
2052 -0.507277
2053 -0.500759
2054 -0.512434
2055 -0.4763
2056 -0.432646
2057 -0.49512
2058 -0.511849
2059 -0.497278
2060 -0.506449
2061 -0.48941
2062 -0.443474
2063 -0.446734
2064 -0.494738
2065 -0.477472
2066 -0.453173
2067 -0.407675
2068 -0.414513
2069 -0.427575
2070 -0.396937
2071 -0.372963
2072 -0.348766
2073 -0.384155
2074 -0.413332
2075 -0.460954
2076 -0.445805
2077 -0.441284
2078 -0.417852
2079 -0.454062
2080 -0.383536
2081 -0.389668
2082 -0.427519
2083 -0.416258
2084 -0.408934
2085 -0.359509
2086 -0.317154
2087 -0.389538
2088 -0.352683
2089 -0.397153
2090 -0.390177
2091 -0.406966
2092 -0.367646
2093 -0.378915
2094 -0.380417
2095 -0.393981
2096 -0.398675
2097 -0.444733
2098 -0.391851
2099 -0.417513
2100 -0.433367
2101 -0.480905
2102 -0.507665
2103 -0.491853
2104 -0.525304
2105 -0.443975
2106 -0.482926
2107 -0.470281
2108 -0.405783
2109 -0.383145
2110 -0.4382
2111 -0.440625
2112 -0.425433
2113 -0.404076
2114 -0.455602
2115 -0.427966
2116 -0.395495
2117 -0.380381
2118 -0.431532
2119 -0.453456
2120 -0.433097
2121 -0.415667
2122 -0.340777
2123 -0.392164
2124 -0.428015
2125 -0.412786
2126 -0.380435
2127 -0.356843
2128 -0.399101
2129 -0.421082
2130 -0.389694
2131 -0.381162
2132 -0.372509
2133 -0.334002
2134 -0.423665
2135 -0.431866
2136 -0.387716
2137 -0.374933
2138 -0.381411
2139 -0.495052
2140 -0.467174
2141 -0.475056
2142 -0.449953
2143 -0.452554
2144 -0.395512
2145 -0.48542
2146 -0.530538
2147 -0.496154
2148 -0.477206
2149 -0.563471
2150 -0.462302
2151 -0.445797
2152 -0.385609
2153 -0.452285
2154 -0.457403
2155 -0.420964
2156 -0.448355
2157 -0.391593
2158 -0.431519
2159 -0.405935
2160 -0.411094
2161 -0.402153
2162 -0.362001
2163 -0.393239
2164 -0.345874
2165 -0.351791
2166 -0.310811
2167 -0.355919
2168 -0.363367
2169 -0.3845
2170 -0.34576
2171 -0.423629
2172 -0.410853
2173 -0.48479
2174 -0.397338
2175 -0.42117
2176 -0.403271
2177 -0.489177
2178 -0.446793
2179 -0.492476
2180 -0.41287
2181 -0.426065
2182 -0.415364
2183 -0.404104
2184 -0.387692
2185 -0.434404
2186 -0.412802
2187 -0.444289
2188 -0.428078
2189 -0.403574
2190 -0.395125
2191 -0.431072
2192 -0.446648
2193 -0.471185
2194 -0.447966
2195 -0.453225
2196 -0.466191
2197 -0.522698
2198 -0.442368
2199 -0.558442
2200 -0.48375
2201 -0.493058
2202 -0.48971
2203 -0.443555
2204 -0.426676
2205 -0.434173
2206 -0.349587
2207 -0.331425
2208 -0.415313
2209 -0.400941
2210 -0.471015
2211 -0.426787
2212 -0.442821
2213 -0.46172
2214 -0.377398
2215 -0.297824
2216 -0.357587
2217 -0.38234
2218 -0.390355
2219 -0.35894
2220 -0.416952
2221 -0.407289
2222 -0.400554
2223 -0.365842
2224 -0.37812
2225 -0.389676
2226 -0.496864
2227 -0.412846
2228 -0.359497
2229 -0.393981
2230 -0.393645
2231 -0.404625
2232 -0.441735
2233 -0.399803
2234 -0.455346
2235 -0.385349
2236 -0.478527
2237 -0.395574
2238 -0.363038
2239 -0.4436
2240 -0.442803
2241 -0.456037
2242 -0.438703
2243 -0.491552
2244 -0.486114
2245 -0.391096
2246 -0.392067
2247 -0.408279
2248 -0.441905
2249 -0.473301
2250 -0.455988
2251 -0.474549
2252 -0.490023
2253 -0.447747
2254 -0.454137
2255 -0.423282
2256 -0.376325
2257 -0.445358
2258 -0.455583
2259 -0.392676
2260 -0.433709
2261 -0.415174
2262 -0.408031
2263 -0.443491
2264 -0.391209
2265 -0.367408
2266 -0.339964
2267 -0.439873
2268 -0.401244
2269 -0.361927
2270 -0.34033
2271 -0.357822
2272 -0.438516
2273 -0.421457
2274 -0.400955
2275 -0.451189
2276 -0.443117
2277 -0.425916
2278 -0.397955
2279 -0.334894
2280 -0.306482
2281 -0.401675
2282 -0.405606
2283 -0.346045
2284 -0.367758
2285 -0.366089
2286 -0.376314
2287 -0.355145
2288 -0.32239
2289 -0.368174
2290 -0.321292
2291 -0.378341
2292 -0.360563
2293 -0.398534
2294 -0.429597
2295 -0.372766
2296 -0.367802
2297 -0.356169
2298 -0.348629
2299 -0.395826
2300 -0.372181
2301 -0.438357
2302 -0.379854
2303 -0.447867
2304 -0.513776
2305 -0.5142
2306 -0.438473
2307 -0.424465
2308 -0.399496
2309 -0.357404
2310 -0.407763
2311 -0.353908
2312 -0.386283
2313 -0.314858
2314 -0.388908
2315 -0.427616
2316 -0.423547
2317 -0.417294
2318 -0.413632
2319 -0.405993
2320 -0.44098
2321 -0.440188
2322 -0.359822
2323 -0.370261
2324 -0.391157
2325 -0.384567
2326 -0.388254
2327 -0.366732
2328 -0.437387
2329 -0.347359
2330 -0.36331
2331 -0.416935
2332 -0.465648
2333 -0.574229
2334 -0.564702
2335 -0.517099
2336 -0.5055
2337 -0.47074
2338 -0.455524
2339 -0.497635
2340 -0.479477
2341 -0.437297
2342 -0.457971
2343 -0.466301
2344 -0.42596
2345 -0.48085
2346 -0.468711
2347 -0.399026
2348 -0.36623
2349 -0.430754
2350 -0.519515
2351 -0.548032
2352 -0.486078
2353 -0.482581
2354 -0.374037
2355 -0.36531
2356 -0.416653
2357 -0.372851
2358 -0.457428
2359 -0.478425
2360 -0.481803
2361 -0.407784
2362 -0.398613
2363 -0.432715
2364 -0.434528
2365 -0.438783
2366 -0.454228
2367 -0.469281
2368 -0.446345
2369 -0.481123
2370 -0.5027
2371 -0.422002
2372 -0.501614
2373 -0.478793
2374 -0.478679
2375 -0.419493
2376 -0.437036
2377 -0.37885
2378 -0.448584
2379 -0.45637
2380 -0.45119
2381 -0.495595
2382 -0.392145
2383 -0.388739
2384 -0.390973
2385 -0.390629
2386 -0.397266
2387 -0.405887
2388 -0.426559
2389 -0.397211
2390 -0.400425
2391 -0.410347
2392 -0.326389
2393 -0.388031
2394 -0.344391
2395 -0.320451
2396 -0.351599
2397 -0.373951
2398 -0.37535
2399 -0.429833
2400 -0.362478
2401 -0.350253
2402 -0.345365
2403 -0.379185
2404 -0.329172
2405 -0.429421
2406 -0.368343
2407 -0.371018
2408 -0.399771
2409 -0.419378
2410 -0.405089
2411 -0.313504
2412 -0.403917
2413 -0.415668
2414 -0.359085
2415 -0.426448
2416 -0.383669
2417 -0.471879
2418 -0.495317
2419 -0.390457
2420 -0.402204
2421 -0.430807
2422 -0.362467
2423 -0.409855
2424 -0.412955
2425 -0.433204
2426 -0.433172
2427 -0.445492
2428 -0.424473
2429 -0.422143
2430 -0.410272
2431 -0.47985
2432 -0.409522
2433 -0.365357
2434 -0.499976
2435 -0.500451
2436 -0.486563
2437 -0.46553
2438 -0.42047
2439 -0.488972
2440 -0.446851
2441 -0.420164
2442 -0.416133
2443 -0.389115
2444 -0.434748
2445 -0.424911
2446 -0.424369
2447 -0.425072
2448 -0.455778
2449 -0.433343
2450 -0.392815
2451 -0.384477
2452 -0.407272
2453 -0.390915
2454 -0.395477
2455 -0.393506
2456 -0.405587
2457 -0.374621
2458 -0.42341
2459 -0.480474
2460 -0.534266
2461 -0.537377
2462 -0.498301
2463 -0.551068
2464 -0.479598
2465 -0.490357
2466 -0.508378
2467 -0.48981
2468 -0.463993
2469 -0.413945
2470 -0.407273
2471 -0.366152
2472 -0.352747
2473 -0.356662
2474 -0.406475
2475 -0.372498
2476 -0.358496
2477 -0.338692
2478 -0.437135
2479 -0.411579
2480 -0.400178
2481 -0.391623
2482 -0.432419
2483 -0.447592
2484 -0.492446
2485 -0.463279
2486 -0.41904
2487 -0.456338
2488 -0.377364
2489 -0.431626
2490 -0.389142
2491 -0.418111
2492 -0.428681
2493 -0.344226
2494 -0.397224
2495 -0.465777
2496 -0.525534
2497 -0.531442
2498 -0.513398
2499 -0.500168
2500 -0.496052
2501 -0.483423
2502 -0.470731
2503 -0.411361
2504 -0.451673
2505 -0.448201
2506 -0.544062
2507 -0.503503
2508 -0.388529
2509 -0.391004
2510 -0.482777
2511 -0.531378
2512 -0.427398
2513 -0.45775
2514 -0.439886
2515 -0.491842
2516 -0.486271
2517 -0.469197
2518 -0.443946
2519 -0.380147
2520 -0.412089
2521 -0.44597
2522 -0.478929
2523 -0.394998
2524 -0.480531
2525 -0.521003
2526 -0.47102
2527 -0.504471
2528 -0.413983
2529 -0.388372
2530 -0.403494
2531 -0.403113
2532 -0.403514
2533 -0.474509
2534 -0.502444
2535 -0.493778
2536 -0.392554
2537 -0.368312
2538 -0.431465
2539 -0.37315
2540 -0.40353
2541 -0.481784
2542 -0.551659
2543 -0.53443
2544 -0.458084
2545 -0.435563
2546 -0.446878
2547 -0.452877
2548 -0.404148
2549 -0.392762
2550 -0.335522
2551 -0.414215
2552 -0.427941
2553 -0.441504
2554 -0.389882
2555 -0.361029
2556 -0.379984
2557 -0.379029
2558 -0.297148
2559 -0.383751
2560 -0.457272
2561 -0.395364
2562 -0.421921
2563 -0.485147
2564 -0.48873
2565 -0.444926
2566 -0.440417
2567 -0.428584
2568 -0.385596
2569 -0.372826
2570 -0.353454
2571 -0.347218
2572 -0.406161
2573 -0.415951
2574 -0.424192
2575 -0.446909
2576 -0.438623
2577 -0.445141
2578 -0.432659
2579 -0.493656
2580 -0.438855
2581 -0.393138
2582 -0.38851
2583 -0.416156
2584 -0.441068
2585 -0.409262
2586 -0.426793
2587 -0.384769
2588 -0.46191
2589 -0.444696
2590 -0.391052
2591 -0.387543
2592 -0.360307
2593 -0.339472
2594 -0.323185
2595 -0.374621
2596 -0.41715
2597 -0.429738
2598 -0.444495
2599 -0.439394
2600 -0.405692
2601 -0.423459
2602 -0.357603
2603 -0.397462
2604 -0.388814
2605 -0.39656
2606 -0.36998
2607 -0.32259
2608 -0.387623
2609 -0.40764
2610 -0.464626
2611 -0.439149
2612 -0.453477
2613 -0.546039
2614 -0.481457
2615 -0.374046
2616 -0.429771
2617 -0.427904
2618 -0.414655
2619 -0.416667
2620 -0.483201
2621 -0.44688
2622 -0.312254
2623 -0.367535
2624 -0.365137
2625 -0.368596
2626 -0.393485
2627 -0.434817
2628 -0.428484
2629 -0.396374
2630 -0.409365
2631 -0.388964
2632 -0.502994
2633 -0.411279
2634 -0.358577
2635 -0.434548
2636 -0.426237
2637 -0.463514
2638 -0.533138
2639 -0.485325
2640 -0.457067
2641 -0.436768
2642 -0.443848
2643 -0.353213
2644 -0.360697
2645 -0.397541
2646 -0.401912
2647 -0.400348
2648 -0.367949
2649 -0.364632
2650 -0.356717
2651 -0.420457
2652 -0.490665
2653 -0.474568
2654 -0.414266
2655 -0.46868
2656 -0.442483
2657 -0.361569
2658 -0.378064
2659 -0.424222
2660 -0.421288
2661 -0.412829
2662 -0.377782
2663 -0.320947
2664 -0.290115
2665 -0.383666
2666 -0.387812
2667 -0.481722
2668 -0.545282
2669 -0.447288
2670 -0.407889
2671 -0.457441
2672 -0.501121
2673 -0.456961
2674 -0.500676
2675 -0.484187
2676 -0.503149
2677 -0.537439
2678 -0.51599
2679 -0.41612
2680 -0.371755
2681 -0.381806
2682 -0.392205
2683 -0.32681
2684 -0.392341
2685 -0.439534
2686 -0.433298
2687 -0.403807
2688 -0.409958
2689 -0.345132
2690 -0.403703
2691 -0.331706
2692 -0.385136
2693 -0.437021
2694 -0.443347
2695 -0.447411
2696 -0.468041
2697 -0.467723
2698 -0.421501
2699 -0.441669
2700 -0.363497
2701 -0.370824
2702 -0.363824
2703 -0.365202
2704 -0.462614
2705 -0.42566
2706 -0.339416
2707 -0.348857
2708 -0.377815
2709 -0.398057
2710 -0.345435
2711 -0.399
2712 -0.390745
2713 -0.461477
2714 -0.43677
2715 -0.313183
2716 -0.330783
2717 -0.343774
2718 -0.384553
2719 -0.399809
2720 -0.403743
2721 -0.44169
2722 -0.402239
2723 -0.405628
2724 -0.423237
2725 -0.456176
2726 -0.423791
2727 -0.425733
2728 -0.404492
2729 -0.327287
2730 -0.358234
2731 -0.375528
2732 -0.464219
2733 -0.451655
2734 -0.474396
2735 -0.420458
2736 -0.433225
2737 -0.458869
2738 -0.449538
2739 -0.492553
2740 -0.461555
2741 -0.442505
2742 -0.353238
2743 -0.472438
2744 -0.425937
2745 -0.43902
2746 -0.3957
2747 -0.481496
2748 -0.385207
2749 -0.329559
2750 -0.323528
2751 -0.33247
2752 -0.318581
2753 -0.348085
2754 -0.379674
2755 -0.305156
2756 -0.387914
2757 -0.493599
2758 -0.390931
2759 -0.410023
2760 -0.412674
2761 -0.385972
2762 -0.319199
2763 -0.331841
2764 -0.341462
2765 -0.391666
2766 -0.417541
2767 -0.384715
2768 -0.347297
2769 -0.379713
2770 -0.382454
2771 -0.391128
2772 -0.438719
2773 -0.381632
2774 -0.38839
2775 -0.375535
2776 -0.432406
2777 -0.4386
2778 -0.470075
2779 -0.422232
2780 -0.416114
2781 -0.328278
2782 -0.369891
2783 -0.459067
2784 -0.443533
2785 -0.434465
2786 -0.511181
2787 -0.50943
2788 -0.412049
2789 -0.379996
2790 -0.455668
2791 -0.463807
2792 -0.407647
2793 -0.367552
2794 -0.394448
2795 -0.443621
2796 -0.376463
2797 -0.380994
2798 -0.372896
2799 -0.387141
2800 -0.439296
2801 -0.451616
2802 -0.457798
2803 -0.478033
2804 -0.469666
2805 -0.465061
2806 -0.498372
2807 -0.423982
2808 -0.432854
2809 -0.411472
2810 -0.422244
2811 -0.451232
2812 -0.427341
2813 -0.43784
2814 -0.400161
2815 -0.43716
2816 -0.386055
2817 -0.425462
2818 -0.446057
2819 -0.414496
2820 -0.364815
2821 -0.383031
2822 -0.366688
2823 -0.366105
2824 -0.343938
2825 -0.350675
2826 -0.373521
2827 -0.394406
2828 -0.379398
2829 -0.3743
2830 -0.363302
2831 -0.452227
2832 -0.384386
2833 -0.448358
2834 -0.399537
2835 -0.376762
2836 -0.347477
2837 -0.382994
2838 -0.350297
2839 -0.393748
2840 -0.42943
2841 -0.503313
2842 -0.453256
2843 -0.425177
2844 -0.420581
2845 -0.424083
2846 -0.366837
2847 -0.327952
2848 -0.331227
2849 -0.431454
2850 -0.374848
2851 -0.397964
2852 -0.431456
2853 -0.418957
2854 -0.376547
2855 -0.35036
2856 -0.35192
2857 -0.420659
2858 -0.426542
2859 -0.385934
2860 -0.394489
2861 -0.425204
2862 -0.389835
2863 -0.413994
2864 -0.33105
2865 -0.336506
2866 -0.376506
2867 -0.368576
2868 -0.347956
2869 -0.347787
2870 -0.365794
2871 -0.397731
2872 -0.373196
2873 -0.310271
2874 -0.327702
2875 -0.353096
2876 -0.466548
2877 -0.42823
2878 -0.422773
2879 -0.437887
2880 -0.373371
2881 -0.39547
2882 -0.339776
2883 -0.332697
2884 -0.365546
2885 -0.36242
2886 -0.341316
2887 -0.40441
2888 -0.4155
2889 -0.366657
2890 -0.401466
2891 -0.375537
2892 -0.349208
2893 -0.336744
2894 -0.37216
2895 -0.395448
2896 -0.418911
2897 -0.350411
2898 -0.418159
2899 -0.420264
2900 -0.394974
2901 -0.423467
2902 -0.426528
2903 -0.403496
2904 -0.36514
2905 -0.378431
2906 -0.351576
2907 -0.350204
2908 -0.336031
2909 -0.36081
2910 -0.412434
2911 -0.436761
2912 -0.362243
2913 -0.467378
2914 -0.438839
2915 -0.420179
2916 -0.440476
2917 -0.392306
2918 -0.412062
2919 -0.390329
2920 -0.411219
2921 -0.443099
2922 -0.393605
2923 -0.345088
2924 -0.328666
2925 -0.4008
2926 -0.442151
2927 -0.479191
2928 -0.411523
2929 -0.433612
2930 -0.411315
2931 -0.463613
2932 -0.35449
2933 -0.421659
2934 -0.444287
2935 -0.454383
2936 -0.427895
2937 -0.508771
2938 -0.384906
2939 -0.432764
2940 -0.457654
2941 -0.498647
2942 -0.428641
2943 -0.378537
2944 -0.389659
2945 -0.375179
2946 -0.366207
2947 -0.319533
2948 -0.341376
2949 -0.407843
2950 -0.424781
2951 -0.44582
2952 -0.427878
2953 -0.424472
2954 -0.441273
2955 -0.342603
2956 -0.41154
2957 -0.402404
2958 -0.432818
2959 -0.394137
2960 -0.449247
2961 -0.523185
2962 -0.419044
2963 -0.358673
2964 -0.450304
2965 -0.402407
2966 -0.497733
2967 -0.518448
2968 -0.492881
2969 -0.409714
2970 -0.362087
2971 -0.317153
2972 -0.322887
2973 -0.353346
2974 -0.458618
2975 -0.471958
2976 -0.442067
2977 -0.406013
2978 -0.420258
2979 -0.403233
2980 -0.42023
2981 -0.460535
2982 -0.395809
2983 -0.396828
2984 -0.378067
2985 -0.361638
2986 -0.358108
2987 -0.409879
2988 -0.373563
2989 -0.425431
2990 -0.357599
2991 -0.395724
2992 -0.383317
2993 -0.498754
2994 -0.447067
2995 -0.426074
2996 -0.446591
2997 -0.403905
2998 -0.423731
2999 -0.465833
3000 -0.405554
