1 0.0512531
2 0.0480582
3 0.0669709
4 0.0480329
5 0.0382961
6 0.0430503
7 0.060876
8 0.0691647
9 0.0564889
10 0.0574424
11 0.0417222
12 0.0471605
13 0.0580384
14 0.0473359
15 0.0391894
16 0.0477154
17 0.0428556
18 0.0551289
19 0.0491982
20 0.0403139
21 0.0466167
22 0.0658098
23 0.0550315
24 0.0443417
25 0.0413145
26 0.053111
27 0.0591183
28 0.0735023
29 0.0662774
30 0.0510062
31 0.0444525
32 0.0513936
33 0.0465813
34 0.0576866
35 0.0603829
36 0.0563067
37 0.0613554
38 0.0460416
39 0.0458553
40 0.0476427
41 0.0605031
42 0.0438318
43 0.0463399
44 0.0526785
45 0.0475883
46 0.0401702
47 0.0461351
48 0.0510574
49 0.0524378
50 0.0574082
51 0.0564586
52 0.0491694
53 0.0481202
54 0.0421865
55 0.0387924
56 0.0598337
57 0.047294
58 0.0391522
59 0.0540399
60 0.0527189
61 0.0435442
62 0.037103
63 0.039239
64 0.0473814
65 0.0422448
66 0.0606772
67 0.0323098
68 0.0456531
69 0.0377032
70 0.0457339
71 0.0453881
72 0.0509506
73 0.0485627
74 0.0517525
75 0.0332197
76 0.0338049
77 0.0270656
78 0.0333934
79 0.0463331
80 0.0386365
81 0.0488639
82 0.0452887
83 0.0484305
84 0.0546789
85 0.0417029
86 0.0436006
87 0.0447289
88 0.0549927
89 0.0549827
90 0.063835
91 0.0656275
92 0.0539585
93 0.043484
94 0.0551897
95 0.0392482
96 0.0527708
97 0.043838
98 0.0498766
99 0.0609016
100 0.0601513
101 0.0587906
102 0.0471525
103 0.0446302
104 0.0424027
105 0.04403
106 0.0387124
107 0.051414
108 0.0490503
109 0.0621953
110 0.044374
111 0.049702
112 0.0408655
113 0.0464968
114 0.0431991
115 0.0573989
116 0.0378873
117 0.0363422
118 0.0506008
119 0.0612173
120 0.0542711
121 0.0528814
122 0.0527522
123 0.0426152
124 0.0557036
125 0.0498989
126 0.0569269
127 0.051392
128 0.0521749
129 0.0457118
130 0.0470805
131 0.0497332
132 0.037681
133 0.0549247
134 0.0525709
135 0.0427449
136 0.0408454
137 0.0391961
138 0.0376229
139 0.0611221
140 0.0457118
141 0.0469551
142 0.0434604
143 0.0496002
144 0.0657393
145 0.0476881
146 0.0554238
147 0.0565117
148 0.0492383
149 0.045115
150 0.0442293
151 0.0536831
152 0.0655553
153 0.0515873
154 0.0522552
155 0.0436807
156 0.0442524
157 0.0490729
158 0.0570107
159 0.048995
160 0.0501413
161 0.0610339
162 0.0494545
163 0.0598219
164 0.0594062
165 0.0662729
166 0.0389458
167 0.0474446
168 0.0485399
169 0.0421025
170 0.052539
171 0.0559458
172 0.0395542
173 0.0382109
174 0.03994
175 0.0508821
176 0.055234
177 0.0533834
178 0.0549589
179 0.0533214
180 0.0494035
181 0.0568973
182 0.0584586
183 0.061875
184 0.0625528
185 0.0591366
186 0.0438044
187 0.0462357
188 0.0523652
189 0.0529929
190 0.0464221
191 0.0525919
192 0.0439172
193 0.0489436
194 0.0525936
195 0.0436705
196 0.0429179
197 0.0649202
198 0.0624566
199 0.0548613
200 0.0420409
201 0.0454506
202 0.0435036
203 0.0436621
204 0.0524264
205 0.0593458
206 0.0608526
207 0.058521
208 0.044014
209 0.0428239
210 0.0361887
211 0.0433706
212 0.0584181
213 0.0504144
214 0.0521441
215 0.0538693
216 0.060032
217 0.0482772
218 0.0403033
219 0.061132
220 0.0456318
221 0.0546419
222 0.0634586
223 0.0494784
224 0.0378858
225 0.0531077
226 0.0489171
227 0.0564712
228 0.0522974
229 0.0549223
230 0.0461837
231 0.0413582
232 0.0483389
233 0.0461279
234 0.0528107
235 0.0569579
236 0.0517939
237 0.0492876
238 0.048471
239 0.0490723
240 0.0486811
241 0.0431899
242 0.0423755
243 0.0385022
244 0.0409033
245 0.0400619
246 0.0500817
247 0.0524504
248 0.051262
249 0.0459516
250 0.0504658
251 0.0421839
252 0.0406074
253 0.0369797
254 0.0361157
255 0.0518772
256 0.0502035
257 0.0518557
258 0.0476047
259 0.0565178
260 0.0510048
261 0.0509491
262 0.0581312
263 0.046324
264 0.0581042
265 0.0413378
266 0.0521287
267 0.051389
268 0.0534952
269 0.0378403
270 0.0498147
271 0.0473112
272 0.0327709
273 0.0419187
274 0.0381576
275 0.0402507
276 0.0727319
277 0.0534886
278 0.0488871
279 0.0451217
280 0.0443011
281 0.0469294
282 0.0467125
283 0.0505872
284 0.0499552
285 0.0551538
286 0.0510668
287 0.0420712
288 0.0366594
289 0.0412673
290 0.0438056
291 0.0582878
292 0.059646
293 0.0489631
294 0.0441978
295 0.0722066
296 0.0475615
297 0.0511623
298 0.0425904
299 0.0469356
300 0.0525226
301 0.0511242
302 0.0642185
303 0.0642449
304 0.0764299
305 0.0780755
306 0.0661707
307 0.0552752
308 0.0428315
309 0.0537826
310 0.0442885
311 0.0471568
312 0.0476451
313 0.0466422
314 0.0475556
315 0.0415006
316 0.044009
317 0.0488637
318 0.0464132
319 0.036516
320 0.0589687
321 0.0450828
322 0.0419024
323 0.0556656
324 0.0502529
325 0.070267
326 0.0536038
327 0.047891
328 0.0597039
329 0.0469267
330 0.0380872
331 0.0636519
332 0.0475699
333 0.0389839
334 0.0502544
335 0.0540746
336 0.0488108
337 0.0447864
338 0.0416689
339 0.0487116
340 0.0539699
341 0.0521669
342 0.0628361
343 0.0672683
344 0.0746059
345 0.0530055
346 0.0604104
347 0.0520392
348 0.0488491
349 0.0622268
350 0.0591918
351 0.0417233
352 0.0432343
353 0.0489755
354 0.0540208
355 0.0560488
356 0.0489587
357 0.041627
358 0.0400219
359 0.0662649
360 0.0603731
361 0.038502
362 0.0489788
363 0.0485186
364 0.0479208
365 0.0621129
366 0.0674917
367 0.049061
368 0.0526447
369 0.0478719
370 0.0488369
371 0.0487751
372 0.0562514
373 0.072907
374 0.0573567
375 0.0458598
376 0.0445876
377 0.0521122
378 0.0519476
379 0.0530631
380 0.0729946
381 0.064521
382 0.0519058
383 0.0484052
384 0.0419363
385 0.0505197
386 0.05221
387 0.0595732
388 0.0446091
389 0.0478209
390 0.0478448
391 0.0468062
392 0.0488293
393 0.0652862
394 0.0401818
395 0.0418781
396 0.0386135
397 0.0461192
398 0.0374537
399 0.0419109
400 0.0427173
401 0.0537412
402 0.0725589
403 0.0796424
404 0.0586363
405 0.0516249
406 0.047999
407 0.0507533
408 0.0607334
409 0.0439954
410 0.0414703
411 0.0448503
412 0.0513064
413 0.0470573
414 0.0548272
415 0.0606521
416 0.0487709
417 0.0451304
418 0.0622672
419 0.066551
420 0.0498105
421 0.0558524
422 0.0567365
423 0.0490518
424 0.0589726
425 0.0503918
426 0.0525284
427 0.038652
428 0.0516781
429 0.0451162
430 0.04305
431 0.0406416
432 0.0523862
433 0.058115
434 0.0500135
435 0.0444086
436 0.0428528
437 0.0504788
438 0.0551851
439 0.0487308
440 0.0632147
441 0.0512828
442 0.0455049
443 0.0449382
444 0.0448564
445 0.0517911
446 0.0571262
447 0.0559579
448 0.0452492
449 0.0430776
450 0.0423424
451 0.0493128
452 0.0479005
453 0.051278
454 0.0415038
455 0.0416416
456 0.0564931
457 0.040292
458 0.051632
459 0.0459711
460 0.0423609
461 0.0404598
462 0.0458629
463 0.0457833
464 0.0490227
465 0.0526662
466 0.0537034
467 0.0500893
468 0.0539975
469 0.0483651
470 0.0348424
471 0.0457717
472 0.0435282
473 0.0624996
474 0.0430552
475 0.0372444
476 0.0470944
477 0.0576492
478 0.0404862
479 0.0523136
480 0.0500449
481 0.050877
482 0.0462546
483 0.0413421
484 0.0409426
485 0.0488475
486 0.0473826
487 0.0568589
488 0.0525731
489 0.0560449
490 0.0464469
491 0.0559285
492 0.054824
493 0.0559672
494 0.0494002
495 0.0401317
496 0.0500105
497 0.0434425
498 0.0483719
499 0.0455
500 0.0418237
501 0.0554576
502 0.0469601
503 0.0436539
504 0.0388096
505 0.047365
506 0.0429761
507 0.0460574
508 0.0457784
509 0.0531022
510 0.0577949
511 0.0529361
512 0.0599945
513 0.0504249
514 0.041558
515 0.0428974
516 0.0481418
517 0.0619835
518 0.0439671
519 0.0523545
520 0.0569188
521 0.0648488
522 0.0467786
523 0.0461486
524 0.0443683
525 0.0431975
526 0.0364207
527 0.0442128
528 0.0415101
529 0.0479282
530 0.0522677
531 0.0495411
532 0.0665236
533 0.0480605
534 0.0567773
535 0.0607444
536 0.0509592
537 0.0695246
538 0.0399879
539 0.0420958
540 0.0591948
541 0.0719138
542 0.056016
543 0.0540192
544 0.0516333
545 0.0479149
546 0.0473204
547 0.0445731
548 0.0435233
549 0.0540624
550 0.0633417
551 0.0457693
552 0.0532813
553 0.0381239
554 0.0535938
555 0.0576547
556 0.0553105
557 0.0418213
558 0.0501483
559 0.0548428
560 0.0597931
561 0.0458656
562 0.0508794
563 0.0444575
564 0.048483
565 0.0542987
566 0.0602679
567 0.0649869
568 0.0771305
569 0.0476385
570 0.05428
571 0.0493002
572 0.0413897
573 0.0564
574 0.0477325
575 0.0570581
576 0.0519554
577 0.0499086
578 0.0409624
579 0.0385664
580 0.0423729
581 0.0393897
582 0.0502823
583 0.043196
584 0.0449373
585 0.0466909
586 0.0524958
587 0.0547854
588 0.0382386
589 0.0421163
590 0.042069
591 0.0455464
592 0.0382995
593 0.0368838
594 0.0358465
595 0.0515016
596 0.0485562
597 0.0393209
598 0.0435546
599 0.0411531
600 0.0568385
601 0.0451574
602 0.0511706
603 0.0516544
604 0.047543
605 0.051651
606 0.0503801
607 0.05322
608 0.0473398
609 0.0518294
610 0.0654304
611 0.0552693
612 0.0506695
613 0.0595909
614 0.047993
615 0.0478065
616 0.057708
617 0.0474516
618 0.0498498
619 0.0468143
620 0.0397726
621 0.0529196
622 0.0709009
623 0.0476877
624 0.0575734
625 0.0480962
626 0.0348179
627 0.0390108
628 0.0416303
629 0.0466414
630 0.0350382
631 0.0481965
632 0.0510782
633 0.0583284
634 0.0521393
635 0.0625758
636 0.045548
637 0.0354747
638 0.0392172
639 0.0477381
640 0.0420234
641 0.0479055
642 0.050874
643 0.0440554
644 0.0583877
645 0.0504835
646 0.0600596
647 0.0492522
648 0.0444857
649 0.0497146
650 0.0434981
651 0.0506474
652 0.0483316
653 0.0444861
654 0.0646231
655 0.0484705
656 0.0452577
657 0.0404233
658 0.0354138
659 0.0407524
660 0.0577302
661 0.0377698
662 0.0375351
663 0.0540146
664 0.0487538
665 0.0479916
666 0.0589772
667 0.0424527
668 0.0441114
669 0.0512743
670 0.033236
671 0.0484108
672 0.048126
673 0.0473682
674 0.0388386
675 0.04334
676 0.0518371
677 0.0510871
678 0.0724373
679 0.0543266
680 0.055889
681 0.0420892
682 0.045966
683 0.0692065
684 0.0468788
685 0.0396639
686 0.0469333
687 0.0495242
688 0.0333185
689 0.0570318
690 0.072745
691 0.0575098
692 0.0582325
693 0.0493987
694 0.0389748
695 0.0523998
696 0.0504406
697 0.0381366
698 0.0391455
699 0.0318508
700 0.0530171
701 0.0468526
702 0.051282
703 0.0510215
704 0.0506213
705 0.0454666
706 0.0614143
707 0.0405435
708 0.0460795
709 0.0660608
710 0.041116
711 0.0431211
712 0.051403
713 0.0465499
714 0.0665237
715 0.048105
716 0.0471823
717 0.0445537
718 0.0440756
719 0.0558577
720 0.0486071
721 0.0487172
722 0.0454202
723 0.0547908
724 0.0517322
725 0.0425637
726 0.0432495
727 0.0478216
728 0.0678671
729 0.0465909
730 0.0570292
731 0.0414547
732 0.0357389
733 0.0395348
734 0.0484456
735 0.0558075
736 0.0578059
737 0.0400118
738 0.0395233
739 0.0390365
740 0.0432362
741 0.0369474
742 0.0426768
743 0.0533946
744 0.0334147
745 0.0399391
746 0.0449411
747 0.050056
748 0.0400542
749 0.0496992
750 0.0452645
751 0.0433971
752 0.0402511
753 0.0376021
754 0.0651874
755 0.0429564
756 0.0604521
757 0.0423276
758 0.0521044
759 0.0564096
760 0.0474639
761 0.0394103
762 0.0526916
763 0.0590652
764 0.0567053
765 0.0432658
766 0.0402319
767 0.045699
768 0.0598658
769 0.0415983
770 0.0508778
771 0.0645817
772 0.0543051
773 0.0373493
774 0.0422613
775 0.0540751
776 0.0511346
777 0.0522047
778 0.0373435
779 0.0369893
780 0.0424367
781 0.0599362
782 0.0403775
783 0.0376533
784 0.0403078
785 0.0385523
786 0.036991
787 0.0523471
788 0.0425789
789 0.0471855
790 0.0505887
791 0.0471052
792 0.0581782
793 0.0474217
794 0.0509435
795 0.0334099
796 0.0384042
797 0.0444665
798 0.0365854
799 0.0524254
800 0.0657279
801 0.064793
802 0.0429057
803 0.0503484
804 0.049851
805 0.0490236
806 0.0508318
807 0.0477152
808 0.0465361
809 0.050106
810 0.0467393
811 0.0514391
812 0.0541886
813 0.0526981
814 0.0439398
815 0.0453439
816 0.0420294
817 0.044413
818 0.0372178
819 0.0461227
820 0.0489888
821 0.0475418
822 0.0407737
823 0.0411631
824 0.0448123
825 0.0479375
826 0.0600457
827 0.0445963
828 0.0570878
829 0.039316
830 0.0421003
831 0.0694653
832 0.0473239
833 0.0461046
834 0.0465117
835 0.0336678
836 0.0459535
837 0.0427724
838 0.0353537
839 0.0412353
840 0.0458019
841 0.0463277
842 0.0508834
843 0.0529113
844 0.0477643
845 0.0564738
846 0.0652372
847 0.0667019
848 0.0565168
849 0.0580187
850 0.0518171
851 0.0469483
852 0.049895
853 0.0675635
854 0.0474025
855 0.0475179
856 0.0528239
857 0.053163
858 0.0555852
859 0.0510707
860 0.0544255
861 0.0463934
862 0.0482738
863 0.0411032
864 0.0409585
865 0.0370664
866 0.037892
867 0.0520637
868 0.0395393
869 0.0372314
870 0.0438965
871 0.0420963
872 0.0345601
873 0.0476574
874 0.0592701
875 0.0675591
876 0.0579271
877 0.0463076
878 0.0487716
879 0.0403953
880 0.0416288
881 0.0432185
882 0.0350646
883 0.0405136
884 0.0486977
885 0.0412104
886 0.0456377
887 0.0529241
888 0.0477345
889 0.0394776
890 0.0470367
891 0.0387226
892 0.035449
893 0.0415964
894 0.0506124
895 0.0517697
896 0.0532527
897 0.040249
898 0.0429217
899 0.0459681
900 0.0486718
901 0.0529828
902 0.0514394
903 0.0595243
904 0.0540631
905 0.0482191
906 0.0411433
907 0.0554084
908 0.0572531
909 0.0400997
910 0.0474061
911 0.0502493
912 0.0555746
913 0.0539603
914 0.0528272
915 0.0518304
916 0.0557428
917 0.050574
918 0.0527468
919 0.0442063
920 0.0471246
921 0.0406228
922 0.047589
923 0.0576844
924 0.0534301
925 0.0560048
926 0.047546
927 0.0495223
928 0.0467211
929 0.0644402
930 0.0543439
931 0.0453507
932 0.0570153
933 0.0573225
934 0.0479132
935 0.045972
936 0.0600129
937 0.0648599
938 0.0431374
939 0.0452049
940 0.0377725
941 0.0370558
942 0.0449544
943 0.0471784
944 0.0311108
945 0.0420818
946 0.0471897
947 0.0358069
948 0.0413755
949 0.0549812
950 0.0497444
951 0.0409372
952 0.0467637
953 0.0485864
954 0.0577956
955 0.0396149
956 0.0396433
957 0.0416314
958 0.0584474
959 0.0452795
960 0.0417371
961 0.0530267
962 0.0407471
963 0.0346251
964 0.0420813
965 0.0410106
966 0.0385374
967 0.0413516
968 0.0447334
969 0.0487185
970 0.0567787
971 0.0668689
972 0.0677737
973 0.0587188
974 0.0408144
975 0.0433313
976 0.0537071
977 0.0489226
978 0.051641
979 0.0447863
980 0.0594756
981 0.0386151
982 0.0473259
983 0.0501198
984 0.0519618
985 0.0488197
986 0.0356171
987 0.0597713
988 0.0575085
989 0.0486391
990 0.0495948
991 0.0550983
992 0.0567892
993 0.0438989
994 0.0511223
995 0.0451446
996 0.0426173
997 0.0474216
998 0.0577497
999 0.0479139
1000 0.0512728
1001 0.045422
1002 0.0426484
1003 0.0358078
1004 0.03954
1005 0.0435671
1006 0.0517875
1007 0.0493588
1008 0.0488526
1009 0.0524337
1010 0.079488
1011 0.0536712
1012 0.0596204
1013 0.0541677
1014 0.0465201
1015 0.0436685
1016 0.043076
1017 0.0506166
1018 0.0450709
1019 0.0546935
1020 0.0456658
1021 0.0432293
1022 0.0375458
1023 0.0378529
1024 0.0397363
1025 0.0476648
1026 0.0409283
1027 0.0502586
1028 0.0390944
1029 0.0423554
1030 0.0557122
1031 0.0476245
1032 0.0512539
1033 0.0511959
1034 0.0572408
1035 0.0576555
1036 0.0421585
1037 0.0445693
1038 0.0460581
1039 0.0506848
1040 0.048935
1041 0.0482382
1042 0.0438301
1043 0.0490126
1044 0.0502518
1045 0.0446772
1046 0.0437077
1047 0.0658074
1048 0.0684935
1049 0.0558454
1050 0.0519762
1051 0.0404872
1052 0.040141
1053 0.0368361
1054 0.0453565
1055 0.0392622
1056 0.0512522
1057 0.0446558
1058 0.053182
1059 0.0530997
1060 0.0555999
1061 0.0553164
1062 0.0376134
1063 0.0370426
1064 0.0554417
1065 0.0521193
1066 0.0476253
1067 0.0593763
1068 0.0552337
1069 0.0424537
1070 0.0715983
1071 0.059145
1072 0.0551866
1073 0.0401984
1074 0.042353
1075 0.0463737
1076 0.0480606
1077 0.0444015
1078 0.0431932
1079 0.0300822
1080 0.0370679
1081 0.0500026
1082 0.047013
1083 0.039582
1084 0.048999
1085 0.0520901
1086 0.0614903
1087 0.0567411
1088 0.0531046
1089 0.0452661
1090 0.0399898
1091 0.0474117
1092 0.0460019
1093 0.0476642
1094 0.0459552
1095 0.0489714
1096 0.0509134
1097 0.0447948
1098 0.0430944
1099 0.0508184
1100 0.0547682
1101 0.0527789
1102 0.0368657
1103 0.0459493
1104 0.0422271
1105 0.0407993
1106 0.0563402
1107 0.0468615
1108 0.0413799
1109 0.0551239
1110 0.0592374
1111 0.0520205
1112 0.0522763
1113 0.0482426
1114 0.0516544
1115 0.0433963
1116 0.0393275
1117 0.0387171
1118 0.0736002
1119 0.0503556
1120 0.0367987
1121 0.0492212
1122 0.0419572
1123 0.0374253
1124 0.0379438
1125 0.0447232
1126 0.0384152
1127 0.0395361
1128 0.038826
1129 0.0487018
1130 0.0333887
1131 0.0416047
1132 0.0440811
1133 0.0658784
1134 0.0433459
1135 0.0616777
1136 0.0549041
1137 0.0424974
1138 0.0498261
1139 0.0348627
1140 0.0433174
1141 0.0491045
1142 0.0372394
1143 0.044148
1144 0.0480484
1145 0.0435853
1146 0.0450109
1147 0.0434032
1148 0.0449392
1149 0.0495451
1150 0.0452552
1151 0.0454286
1152 0.0467591
1153 0.0428788
1154 0.0375734
1155 0.0553045
1156 0.048944
1157 0.0460943
1158 0.0534835
1159 0.047919
1160 0.0575003
1161 0.0433729
1162 0.0421243
1163 0.0411894
1164 0.0502032
1165 0.054522
1166 0.0508259
1167 0.0512491
1168 0.03714
1169 0.0453753
1170 0.0375112
1171 0.0391699
1172 0.0399272
1173 0.0467544
1174 0.0423882
1175 0.0508832
1176 0.0455435
1177 0.0503607
1178 0.0429909
1179 0.0553534
1180 0.0552036
1181 0.0609284
1182 0.0477239
1183 0.0466748
1184 0.0389458
1185 0.0410848
1186 0.0578201
1187 0.0408027
1188 0.0510646
1189 0.0457399
1190 0.0426315
1191 0.0497085
1192 0.0467304
1193 0.0535878
1194 0.0450603
1195 0.0455321
1196 0.0414257
1197 0.0431724
1198 0.0427101
1199 0.0388265
1200 0.0464051
1201 0.0433463
1202 0.0468806
1203 0.0479064
1204 0.0468408
1205 0.0517765
1206 0.0412042
1207 0.0380328
1208 0.0407679
1209 0.0522817
1210 0.0423081
1211 0.0558773
1212 0.0382559
1213 0.0446231
1214 0.0419724
1215 0.054417
1216 0.0499101
1217 0.0418454
1218 0.0474959
1219 0.0470753
1220 0.0544768
1221 0.0479936
1222 0.0404662
1223 0.0438718
1224 0.0431999
1225 0.040986
1226 0.0365079
1227 0.0521998
1228 0.0446481
1229 0.0454291
1230 0.0538138
1231 0.057198
1232 0.0558926
1233 0.043548
1234 0.0413841
1235 0.0601723
1236 0.0485065
1237 0.0494213
1238 0.055797
1239 0.0703463
1240 0.0659436
1241 0.057355
1242 0.0481685
1243 0.0565422
1244 0.0628955
1245 0.0549678
1246 0.0494563
1247 0.0454888
1248 0.0598737
1249 0.0691244
1250 0.0519593
1251 0.0452079
1252 0.0541651
1253 0.0504538
1254 0.0391294
1255 0.0463056
1256 0.0488191
1257 0.0498204
1258 0.0462692
1259 0.0451716
1260 0.0457181
1261 0.0743342
1262 0.0570908
1263 0.0589697
1264 0.0593781
1265 0.0486436
1266 0.045475
1267 0.0430046
1268 0.0551905
1269 0.0528626
1270 0.05537
1271 0.0388846
1272 0.0421225
1273 0.0494589
1274 0.0424755
1275 0.0446622
1276 0.0412225
1277 0.0416478
1278 0.0526883
1279 0.0480581
1280 0.0638415
1281 0.0585656
1282 0.0561088
1283 0.0456268
1284 0.0530687
1285 0.0506843
1286 0.050497
1287 0.0485109
1288 0.0576821
1289 0.0548538
1290 0.0419767
1291 0.0432757
1292 0.0337507
1293 0.0466362
1294 0.0558832
1295 0.0437276
1296 0.0558307
1297 0.0540401
1298 0.0659219
1299 0.0547813
1300 0.0475439
1301 0.0557779
1302 0.0565474
1303 0.049373
1304 0.0519227
1305 0.0510366
1306 0.0522965
1307 0.058295
1308 0.0475991
1309 0.062495
1310 0.0505682
1311 0.0502487
1312 0.0583058
1313 0.050411
1314 0.0535242
1315 0.0626739
1316 0.0527923
1317 0.0534833
1318 0.0735543
1319 0.05801
1320 0.0432511
1321 0.0560276
1322 0.0685752
1323 0.0664239
1324 0.0489313
1325 0.0541165
1326 0.0490701
1327 0.0512339
1328 0.0519395
1329 0.0500271
1330 0.0327897
1331 0.0551213
1332 0.0409976
1333 0.055613
1334 0.0388734
1335 0.0417134
1336 0.0426434
1337 0.0442802
1338 0.0451654
1339 0.0491179
1340 0.0469196
1341 0.0422017
1342 0.0443829
1343 0.0469626
1344 0.0595116
1345 0.0518003
1346 0.050036
1347 0.0422142
1348 0.0423138
1349 0.0393198
1350 0.0363044
1351 0.0558012
1352 0.0564582
1353 0.0688165
1354 0.0578359
1355 0.0519706
1356 0.0642353
1357 0.0561017
1358 0.0467476
1359 0.0490468
1360 0.045661
1361 0.0516968
1362 0.0598635
1363 0.0476055
1364 0.0355525
1365 0.0414376
1366 0.0470761
1367 0.074912
1368 0.0683191
1369 0.0492454
1370 0.0499414
1371 0.0600466
1372 0.0404557
1373 0.0476562
1374 0.0435239
1375 0.045859
1376 0.0429445
1377 0.0416823
1378 0.047752
1379 0.0434879
1380 0.041554
1381 0.0411501
1382 0.0389834
1383 0.0317259
1384 0.0495182
1385 0.0367514
1386 0.0440104
1387 0.0673395
1388 0.0466623
1389 0.0391561
1390 0.0377966
1391 0.0465958
1392 0.0429197
1393 0.0497775
1394 0.045142
1395 0.047158
1396 0.0474327
1397 0.0509963
1398 0.0522245
1399 0.0514952
1400 0.0528687
1401 0.0592643
1402 0.0505589
1403 0.054656
1404 0.0453344
1405 0.0596369
1406 0.0597086
1407 0.0498341
1408 0.0509467
1409 0.0554028
1410 0.0524273
1411 0.0627692
1412 0.0544487
1413 0.0526021
1414 0.0566421
1415 0.0576247
1416 0.0387966
1417 0.0381848
1418 0.0430626
1419 0.0445249
1420 0.0548227
1421 0.0490314
1422 0.0496642
1423 0.0420149
1424 0.0680468
1425 0.0514642
1426 0.0461013
1427 0.0549485
1428 0.0442919
1429 0.0606718
1430 0.0553428
1431 0.0441572
1432 0.0428578
1433 0.0469712
1434 0.038707
1435 0.0415338
1436 0.0462351
1437 0.0405716
1438 0.0407038
1439 0.0376599
1440 0.0456666
1441 0.0579636
1442 0.0393959
1443 0.0566389
1444 0.046507
1445 0.0435707
1446 0.0548439
1447 0.0492272
1448 0.0484815
1449 0.0589507
1450 0.0420061
1451 0.0417874
1452 0.0450338
1453 0.0409626
1454 0.0444012
1455 0.0513357
1456 0.0643879
1457 0.0484703
1458 0.0615997
1459 0.0490347
1460 0.0607199
1461 0.0425442
1462 0.044494
1463 0.0564663
1464 0.0399916
1465 0.0422795
1466 0.0461558
1467 0.047857
1468 0.0609537
1469 0.0673073
1470 0.0555486
1471 0.0523352
1472 0.048198
1473 0.0589806
1474 0.0438719
1475 0.0555882
1476 0.0557254
1477 0.0536369
1478 0.0455175
1479 0.0500523
1480 0.077235
1481 0.0573713
1482 0.0532066
1483 0.0450429
1484 0.0497813
1485 0.0362732
1486 0.0418172
1487 0.048724
1488 0.0497611
1489 0.0418135
1490 0.0422755
1491 0.0543482
1492 0.040033
1493 0.0412704
1494 0.0545962
1495 0.0717777
1496 0.0450358
1497 0.0448034
1498 0.0462926
1499 0.0581247
1500 0.0488788
1501 0.0436696
1502 0.0521115
1503 0.059706
1504 0.063071
1505 0.0585361
1506 0.0459992
1507 0.0438412
1508 0.047609
1509 0.0484579
1510 0.0426515
1511 0.0435461
1512 0.0365627
1513 0.0404758
1514 0.0493091
1515 0.0477667
1516 0.046524
1517 0.0348051
1518 0.0366723
1519 0.0490775
1520 0.0590343
1521 0.0458683
1522 0.0535009
1523 0.0528174
1524 0.047268
1525 0.0428911
1526 0.0457939
1527 0.0423606
1528 0.0448213
1529 0.0399661
1530 0.0398984
1531 0.0446604
1532 0.0583534
1533 0.0526277
1534 0.0652106
1535 0.0589898
1536 0.0497664
1537 0.0450095
1538 0.0531028
1539 0.04296
1540 0.0420031
1541 0.045428
1542 0.0480196
1543 0.0476699
1544 0.0480201
1545 0.0512853
1546 0.0511915
1547 0.0487926
1548 0.0421322
1549 0.0505988
1550 0.0504458
1551 0.0460573
1552 0.0452457
1553 0.0463566
1554 0.0549858
1555 0.0527561
1556 0.0522393
1557 0.0476914
1558 0.0519914
1559 0.0615418
1560 0.0435481
1561 0.0447709
1562 0.0491234
1563 0.0682755
1564 0.0386067
1565 0.0466696
1566 0.057542
1567 0.0487499
1568 0.0559436
1569 0.0483741
1570 0.0528288
1571 0.0668638
1572 0.0825928
1573 0.0498409
1574 0.0584775
1575 0.0682516
1576 0.0575595
1577 0.065539
1578 0.039291
1579 0.0441856
1580 0.0461158
1581 0.0556984
1582 0.0470028
1583 0.0495701
1584 0.0369884
1585 0.0325514
1586 0.0404767
1587 0.0457132
1588 0.0644927
1589 0.0572102
1590 0.0470212
1591 0.0512994
1592 0.0627223
1593 0.0622549
1594 0.0554954
1595 0.0577924
1596 0.0524209
1597 0.0514014
1598 0.0465558
1599 0.0444742
1600 0.0366655
1601 0.0364868
1602 0.0427953
1603 0.0448612
1604 0.0555833
1605 0.0429043
1606 0.0362622
1607 0.0466887
1608 0.0567721
1609 0.0587839
1610 0.0505262
1611 0.0394275
1612 0.0434805
1613 0.0379445
1614 0.0462338
1615 0.0406108
1616 0.0418496
1617 0.0473847
1618 0.0424602
1619 0.0450574
1620 0.0440011
1621 0.0430357
1622 0.0375457
1623 0.0493529
1624 0.0584324
1625 0.0502799
1626 0.0455882
1627 0.0588096
1628 0.0497574
1629 0.0531748
1630 0.0448833
1631 0.0517968
1632 0.0516367
1633 0.0450879
1634 0.0463224
1635 0.0472532
1636 0.0452312
1637 0.0407037
1638 0.0506507
1639 0.0601943
1640 0.0463066
1641 0.0438971
1642 0.0566671
1643 0.055426
1644 0.0483261
1645 0.0371809
1646 0.0446474
1647 0.0495353
1648 0.0529896
1649 0.0574914
1650 0.0628784
1651 0.0458803
1652 0.0347786
1653 0.0394917
1654 0.0622916
1655 0.0540632
1656 0.0472626
1657 0.0488909
1658 0.0494413
1659 0.0457103
1660 0.0482082
1661 0.0490222
1662 0.0505217
1663 0.0435834
1664 0.0478861
1665 0.0477148
1666 0.0457144
1667 0.0492674
1668 0.0517468
1669 0.0417318
1670 0.042751
1671 0.0423262
1672 0.0461619
1673 0.0453505
1674 0.0382269
1675 0.0389509
1676 0.0409046
1677 0.0410154
1678 0.0409755
1679 0.041469
1680 0.0424024
1681 0.0408412
1682 0.0429296
1683 0.0379271
1684 0.0460255
1685 0.0493571
1686 0.0623237
1687 0.0526487
1688 0.0408001
1689 0.0513622
1690 0.0454352
1691 0.0449575
1692 0.0520003
1693 0.0498174
1694 0.0423652
1695 0.067178
1696 0.0527453
1697 0.0464945
1698 0.0455005
1699 0.0385652
1700 0.040251
1701 0.0415605
1702 0.0389229
1703 0.0407708
1704 0.0453358
1705 0.0503538
1706 0.0454418
1707 0.0441835
1708 0.0396782
1709 0.0382495
1710 0.0469586
1711 0.042294
1712 0.0397359
1713 0.0437371
1714 0.0544264
1715 0.0456955
1716 0.0566247
1717 0.0449235
1718 0.03913
1719 0.0436034
1720 0.0501816
1721 0.0607124
1722 0.0386998
1723 0.0466741
1724 0.0374271
1725 0.042227
1726 0.0649192
1727 0.0513239
1728 0.0689134
1729 0.0474434
1730 0.0381369
1731 0.0667416
1732 0.0629771
1733 0.0602226
1734 0.0591182
1735 0.0528808
1736 0.0502722
1737 0.0555736
1738 0.0516045
1739 0.0573094
1740 0.066
1741 0.0388714
1742 0.0327456
1743 0.0427929
1744 0.0444667
1745 0.0600032
1746 0.0594267
1747 0.0420208
1748 0.0475957
1749 0.0513905
1750 0.0392695
1751 0.0443197
1752 0.0390987
1753 0.0440264
1754 0.0504839
1755 0.041755
1756 0.0403251
1757 0.0431797
1758 0.0442713
1759 0.0341113
1760 0.0516211
1761 0.0406087
1762 0.0498766
1763 0.0492441
1764 0.0656645
1765 0.0621358
1766 0.0486802
1767 0.03832
1768 0.0484472
1769 0.0589785
1770 0.061671
1771 0.057663
1772 0.0515974
1773 0.0438225
1774 0.0459205
1775 0.0594001
1776 0.0441221
1777 0.0476042
1778 0.0473935
1779 0.0455409
1780 0.0468835
1781 0.0487927
1782 0.0342168
1783 0.0756044
1784 0.0662988
1785 0.0629053
1786 0.0494367
1787 0.0426895
1788 0.0415565
1789 0.0315284
1790 0.0287988
1791 0.0318033
1792 0.0365909
1793 0.0368245
1794 0.0437801
1795 0.0420272
1796 0.0448216
1797 0.0378642
1798 0.0536353
1799 0.048986
1800 0.0507866
1801 0.0702652
1802 0.050613
1803 0.0435274
1804 0.0398446
1805 0.0414407
1806 0.0449744
1807 0.0627477
1808 0.0551956
1809 0.0461075
1810 0.0590486
1811 0.036403
1812 0.0498286
1813 0.0404297
1814 0.0593787
1815 0.0455255
1816 0.049211
1817 0.0550635
1818 0.0488447
1819 0.0467182
1820 0.052145
1821 0.0724949
1822 0.0684392
1823 0.054786
1824 0.0441424
1825 0.0497603
1826 0.0521481
1827 0.0612764
1828 0.0454507
1829 0.0380298
1830 0.0506642
1831 0.0455286
1832 0.066608
1833 0.0605421
1834 0.0544929
1835 0.0369946
1836 0.0390545
1837 0.03911
1838 0.0470536
1839 0.0424927
1840 0.0447573
1841 0.0580889
1842 0.0546806
1843 0.0641614
1844 0.0579617
1845 0.0628107
1846 0.0620123
1847 0.0470567
1848 0.0625465
1849 0.0554693
1850 0.0538725
1851 0.0417092
1852 0.0529649
1853 0.0630863
1854 0.0466591
1855 0.0529765
1856 0.0465887
1857 0.0356174
1858 0.0478555
1859 0.0433322
1860 0.0453152
1861 0.050602
1862 0.0415242
1863 0.0620685
1864 0.0510553
1865 0.0534437
1866 0.0496736
1867 0.0402748
1868 0.0495483
1869 0.0404679
1870 0.0566939
1871 0.0492743
1872 0.0589215
1873 0.0463498
1874 0.0403474
1875 0.0398163
1876 0.0506758
1877 0.0499382
1878 0.0566694
1879 0.0681636
1880 0.0591192
1881 0.0562374
1882 0.0566532
1883 0.0548272
1884 0.0512903
1885 0.0561819
1886 0.0507543
1887 0.0575485
1888 0.0503252
1889 0.0415989
1890 0.0531236
1891 0.0375168
1892 0.0375793
1893 0.0387528
1894 0.0457164
1895 0.0485087
1896 0.0516939
1897 0.0452972
1898 0.0509151
1899 0.0616759
1900 0.0496925
1901 0.0493882
1902 0.0609264
1903 0.0511797
1904 0.0458354
1905 0.0490195
1906 0.0436278
1907 0.041748
1908 0.0534921
1909 0.0463606
1910 0.0433732
1911 0.05628
1912 0.0610504
1913 0.0418411
1914 0.048468
1915 0.037678
1916 0.0544611
1917 0.062349
1918 0.0531215
1919 0.0432901
1920 0.0421913
1921 0.0467295
1922 0.0572535
1923 0.0769748
1924 0.0681812
1925 0.0493849
1926 0.0434427
1927 0.0432026
1928 0.042339
1929 0.0579974
1930 0.0564373
1931 0.0667898
1932 0.055739
1933 0.0474226
1934 0.0486156
1935 0.0531762
1936 0.0464494
1937 0.0528373
1938 0.0371864
1939 0.0493546
1940 0.0526747
1941 0.044935
1942 0.056698
1943 0.039711
1944 0.0457978
1945 0.0480207
1946 0.0389338
1947 0.0498899
1948 0.0451674
1949 0.0440973
1950 0.0442756
1951 0.0458187
1952 0.0525572
1953 0.0464059
1954 0.0428146
1955 0.0366381
1956 0.0412239
1957 0.0676667
1958 0.0491435
1959 0.0516274
1960 0.0481575
1961 0.0489883
1962 0.0491885
1963 0.0475977
1964 0.0560171
1965 0.0424167
1966 0.0598509
1967 0.0526893
1968 0.0410217
1969 0.0450293
1970 0.0462845
1971 0.0729557
1972 0.0603352
1973 0.0619643
1974 0.0468763
1975 0.0424857
1976 0.0496274
1977 0.0467695
1978 0.0491546
1979 0.0641726
1980 0.0752
1981 0.0637538
1982 0.0492655
1983 0.0500267
1984 0.061034
1985 0.04759
1986 0.0467249
1987 0.0478058
1988 0.0425766
1989 0.0450654
1990 0.0424484
1991 0.0483463
1992 0.0436458
1993 0.049865
1994 0.0400964
1995 0.0420465
1996 0.037609
1997 0.0381117
1998 0.0414275
1999 0.0512067
2000 0.042757
2001 0.0449948
2002 0.0441391
2003 0.0519363
2004 0.0427543
2005 0.0495611
2006 0.0504923
2007 0.0416424
2008 0.0414929
2009 0.0539637
2010 0.0636058
2011 0.0455036
2012 0.0417068
2013 0.0449206
2014 0.0489654
2015 0.046323
2016 0.045897
2017 0.0522677
2018 0.0472007
2019 0.04773
2020 0.0479777
2021 0.0595581
2022 0.0667666
2023 0.0425419
2024 0.0377299
2025 0.049923
2026 0.055853
2027 0.0484609
2028 0.0426213
2029 0.0650258
2030 0.0593209
2031 0.0533296
2032 0.0425519
2033 0.0511352
2034 0.0608813
2035 0.0537907
2036 0.0535381
2037 0.04075
2038 0.044804
2039 0.0558532
2040 0.0621348
2041 0.0634508
2042 0.0453679
2043 0.0475772
2044 0.0474759
2045 0.0413195
2046 0.0417738
2047 0.0508005
2048 0.0633256
2049 0.0473385
2050 0.046808
2051 0.0494836
2052 0.0463267
2053 0.0543156
2054 0.0519813
2055 0.0538741
2056 0.0614612
2057 0.0530128
2058 0.0479119
2059 0.0492299
2060 0.056609
2061 0.0453725
2062 0.0601394
2063 0.0472431
2064 0.0560036
2065 0.0515997
2066 0.0595712
2067 0.0689697
2068 0.0525155
2069 0.0487808
2070 0.0613967
2071 0.0449182
2072 0.067304
2073 0.0685326
2074 0.0596887
2075 0.0417828
2076 0.0505217
2077 0.0417513
2078 0.045997
2079 0.0356956
2080 0.0505562
2081 0.042449
2082 0.0466913
2083 0.0401125
2084 0.0385964
2085 0.0428833
2086 0.0481661
2087 0.0550722
2088 0.0431291
2089 0.0554983
2090 0.0477874
2091 0.0535552
2092 0.0501415
2093 0.0484294
2094 0.0626054
2095 0.0587348
2096 0.0472318
2097 0.0476893
2098 0.045358
2099 0.0631227
2100 0.0468622
2101 0.0572018
2102 0.0518714
2103 0.0671378
2104 0.0514735
2105 0.0614282
2106 0.0634787
2107 0.051108
2108 0.0498531
2109 0.0494804
2110 0.0396036
2111 0.0369338
2112 0.0476447
2113 0.0534347
2114 0.0462161
2115 0.0500454
2116 0.0513513
2117 0.0629629
2118 0.0547415
2119 0.0592047
2120 0.0537762
2121 0.0432708
2122 0.0560521
2123 0.0433556
2124 0.0503496
2125 0.0496573
2126 0.0424739
2127 0.0443664
2128 0.0529919
2129 0.0413221
2130 0.0450883
2131 0.0360313
2132 0.0511696
2133 0.0610016
2134 0.047271
2135 0.0508735
2136 0.0492069
2137 0.0392464
2138 0.0569229
2139 0.0413913
2140 0.0470477
2141 0.0467893
2142 0.0430158
2143 0.0405566
2144 0.0549472
2145 0.0475022
2146 0.043809
2147 0.0528618
2148 0.0493893
2149 0.0478851
2150 0.0496836
2151 0.0347542
2152 0.0442891
2153 0.0514201
2154 0.053987
2155 0.0473766
2156 0.0424049
2157 0.0476642
2158 0.042084
2159 0.0437736
2160 0.0494061
2161 0.0560699
2162 0.0584839
2163 0.0453466
2164 0.0543787
2165 0.0493113
2166 0.0575655
2167 0.063331
2168 0.0502085
2169 0.0441571
2170 0.0419465
2171 0.0456403
2172 0.0600322
2173 0.050828
2174 0.0508666
2175 0.0523332
2176 0.0517961
2177 0.0472819
2178 0.0377573
2179 0.0436225
2180 0.0474226
2181 0.0597177
2182 0.0551968
2183 0.0523352
2184 0.0576148
2185 0.0520081
2186 0.0692508
2187 0.0564298
2188 0.0417649
2189 0.0475743
2190 0.0515277
2191 0.0608084
2192 0.0430978
2193 0.0616191
2194 0.0611463
2195 0.0601318
2196 0.0567679
2197 0.0512876
2198 0.067308
2199 0.0508956
2200 0.0420166
2201 0.0706653
2202 0.0590647
2203 0.0606621
2204 0.0492859
2205 0.0458723
2206 0.0563066
2207 0.0644301
2208 0.0543937
2209 0.0397302
2210 0.0391216
2211 0.0477023
2212 0.0346282
2213 0.0465009
2214 0.0540319
2215 0.0695341
2216 0.0631849
2217 0.0456271
2218 0.0518634
2219 0.0449835
2220 0.0552618
2221 0.0351187
2222 0.045421
2223 0.050175
2224 0.0554454
2225 0.0519355
2226 0.041428
2227 0.0428848
2228 0.0671
2229 0.0529693
2230 0.0475558
2231 0.0427343
2232 0.0520875
2233 0.0479892
2234 0.0423439
2235 0.0642735
2236 0.0550138
2237 0.0573994
2238 0.0525737
2239 0.0534017
2240 0.0462448
2241 0.0481787
2242 0.0469963
2243 0.0386918
2244 0.0408539
2245 0.0530859
2246 0.0414514
2247 0.068415
2248 0.0504783
2249 0.0419377
2250 0.0694703
2251 0.0660372
2252 0.0563857
2253 0.053773
2254 0.0527131
2255 0.0434216
2256 0.0400168
2257 0.0461109
2258 0.047482
2259 0.0386752
2260 0.0437311
2261 0.0371181
2262 0.0478457
2263 0.0519835
2264 0.0440046
2265 0.0496271
2266 0.0623695
2267 0.0493396
2268 0.0609931
2269 0.0649865
2270 0.0554875
2271 0.0465435
2272 0.0424343
2273 0.0419583
2274 0.0424233
2275 0.0402095
2276 0.0444905
2277 0.0573298
2278 0.0492442
2279 0.0464253
2280 0.0700669
2281 0.0371005
2282 0.036065
2283 0.0518623
2284 0.0422552
2285 0.0585388
2286 0.0490961
2287 0.0584431
2288 0.0532193
2289 0.0463256
2290 0.0507592
2291 0.0396399
2292 0.04295
2293 0.0770617
2294 0.0511638
2295 0.0624493
2296 0.0663077
2297 0.055591
2298 0.0545086
2299 0.0508973
2300 0.0411292
2301 0.038844
2302 0.0579887
2303 0.0460878
2304 0.0467598
2305 0.0532307
2306 0.052509
2307 0.0656346
2308 0.0545189
2309 0.0508403
2310 0.053206
2311 0.0496305
2312 0.0503128
2313 0.0454634
2314 0.0382309
2315 0.0418951
2316 0.0423194
2317 0.0445893
2318 0.0490169
2319 0.053019
2320 0.0509446
2321 0.0394343
2322 0.0452791
2323 0.0453285
2324 0.0430731
2325 0.0608162
2326 0.0475627
2327 0.0446929
2328 0.0402024
2329 0.0412318
2330 0.0462232
2331 0.0398597
2332 0.040406
2333 0.0372717
2334 0.0499308
2335 0.0507454
2336 0.0475013
2337 0.0431645
2338 0.0339034
2339 0.0356709
2340 0.0384493
2341 0.0530606
2342 0.0570405
2343 0.0435216
2344 0.0490567
2345 0.0500074
2346 0.0467656
2347 0.0370969
2348 0.0482669
2349 0.0466133
2350 0.0409179
2351 0.0456932
2352 0.0552121
2353 0.04554
2354 0.0541303
2355 0.0563153
2356 0.0404257
2357 0.0519882
2358 0.0538951
2359 0.0563542
2360 0.0443047
2361 0.0464087
2362 0.0502152
2363 0.0351216
2364 0.0432608
2365 0.0539868
2366 0.0471216
2367 0.0506773
2368 0.0482319
2369 0.04362
2370 0.0577307
2371 0.0558408
2372 0.0397005
2373 0.0493008
2374 0.0380264
2375 0.0429575
2376 0.0444811
2377 0.0544946
2378 0.0593152
2379 0.0532447
2380 0.043598
2381 0.0450631
2382 0.0738179
2383 0.0668636
2384 0.0529915
2385 0.0562455
2386 0.0525593
2387 0.0474668
2388 0.0468417
2389 0.0510812
2390 0.0558605
2391 0.0536731
2392 0.0638015
2393 0.0551251
2394 0.0473336
2395 0.0516188
2396 0.0508493
2397 0.0430977
2398 0.0394086
2399 0.0403984
2400 0.0497815
2401 0.0549502
2402 0.0548475
2403 0.0396922
2404 0.0644202
2405 0.0399638
2406 0.046826
2407 0.0511538
2408 0.0451234
2409 0.0599145
2410 0.0464352
2411 0.0762346
2412 0.0553067
2413 0.0489748
2414 0.0468948
2415 0.0617265
2416 0.0696469
2417 0.0590719
2418 0.0444669
2419 0.0512875
2420 0.0478447
2421 0.0440291
2422 0.0502952
2423 0.0513285
2424 0.0388638
2425 0.0450179
2426 0.0458839
2427 0.0466287
2428 0.0437582
2429 0.0440834
2430 0.0502008
2431 0.047667
2432 0.0649069
2433 0.072747
2434 0.0495529
2435 0.04822
2436 0.054489
2437 0.048634
2438 0.0469882
2439 0.0376642
2440 0.0431414
2441 0.0532145
2442 0.061418
2443 0.0591787
2444 0.0515404
2445 0.055375
2446 0.0683311
2447 0.0515186
2448 0.0424885
2449 0.0548247
2450 0.0525534
2451 0.0547944
2452 0.0472011
2453 0.0467513
2454 0.0544901
2455 0.0640392
2456 0.0604016
2457 0.0659568
2458 0.0439737
2459 0.0417439
2460 0.0463448
2461 0.0532547
2462 0.0430044
2463 0.0474981
2464 0.0571711
2465 0.0512275
2466 0.0485547
2467 0.0462495
2468 0.0692946
2469 0.0375789
2470 0.037673
2471 0.0441071
2472 0.0420277
2473 0.0422914
2474 0.0446783
2475 0.0408715
2476 0.050531
2477 0.0628126
2478 0.0542013
2479 0.0392394
2480 0.044882
2481 0.0525851
2482 0.0595575
2483 0.0499442
2484 0.0470545
2485 0.0403558
2486 0.0353572
2487 0.0516887
2488 0.0556639
2489 0.0395366
2490 0.0400564
2491 0.0429213
2492 0.042366
2493 0.0416868
2494 0.0479141
2495 0.0467564
2496 0.0580986
2497 0.0437397
2498 0.0381253
2499 0.0406493
2500 0.0398198
2501 0.0502094
2502 0.0418021
2503 0.0475357
2504 0.0558728
2505 0.0570694
2506 0.0441895
2507 0.0569745
2508 0.0424957
2509 0.0491879
2510 0.0598115
2511 0.0456025
2512 0.0542795
2513 0.0420356
2514 0.0565503
2515 0.0547404
2516 0.0472467
2517 0.0443604
2518 0.041124
2519 0.0489341
2520 0.0387436
2521 0.0419188
2522 0.0463056
2523 0.0494874
2524 0.051787
2525 0.0518955
2526 0.0679176
2527 0.0402611
2528 0.0531907
2529 0.0402989
2530 0.0371959
2531 0.0436369
2532 0.0487941
2533 0.0480534
2534 0.0469981
2535 0.0506084
2536 0.0423294
2537 0.0467912
2538 0.0428323
2539 0.0397552
2540 0.0507
2541 0.0518444
2542 0.0397612
2543 0.038766
2544 0.0563662
2545 0.0516394
2546 0.0480275
2547 0.0432698
2548 0.0361302
2549 0.0435883
2550 0.053521
2551 0.0517593
2552 0.0615217
2553 0.04635
2554 0.0542685
2555 0.0484296
2556 0.052763
2557 0.0517933
2558 0.0502585
2559 0.0535258
2560 0.053361
2561 0.0448854
2562 0.0355119
2563 0.0408538
2564 0.061056
2565 0.0495659
2566 0.0420993
2567 0.053968
2568 0.0523898
2569 0.0506442
2570 0.0562349
2571 0.0557274
2572 0.0473017
2573 0.039992
2574 0.0545226
2575 0.0391121
2576 0.0408076
2577 0.0408381
2578 0.0483772
2579 0.0371699
2580 0.0465318
2581 0.045785
2582 0.0594327
2583 0.0487214
2584 0.0390511
2585 0.0533908
2586 0.0464828
2587 0.0497628
2588 0.0423752
2589 0.0425122
2590 0.0465937
2591 0.0518078
2592 0.051985
2593 0.0481015
2594 0.042962
2595 0.0480348
2596 0.0511066
2597 0.0525832
2598 0.0492501
2599 0.0516917
2600 0.0507919
2601 0.0431495
2602 0.0481067
2603 0.0494442
2604 0.0409538
2605 0.0471213
2606 0.0528089
2607 0.0713415
2608 0.0456798
2609 0.0476807
2610 0.047839
2611 0.0508174
2612 0.0467166
2613 0.0528536
2614 0.0438984
2615 0.0576714
2616 0.0517265
2617 0.0446123
2618 0.046521
2619 0.0401193
2620 0.050622
2621 0.0480799
2622 0.0539373
2623 0.0591693
2624 0.0565155
2625 0.0559973
2626 0.0384209
2627 0.0431853
2628 0.0461858
2629 0.0522767
2630 0.047525
2631 0.0402054
2632 0.0437271
2633 0.0530649
2634 0.0616114
2635 0.0496512
2636 0.0427516
2637 0.0423311
2638 0.0423064
2639 0.0523684
2640 0.0429173
2641 0.0413429
2642 0.0460159
2643 0.0466602
2644 0.0527451
2645 0.0527818
2646 0.0443935
2647 0.0522335
2648 0.0425359
2649 0.0560575
2650 0.061462
2651 0.0604445
2652 0.0451774
2653 0.0399476
2654 0.0386717
2655 0.0508312
2656 0.0459084
2657 0.0504927
2658 0.0503568
2659 0.0435625
2660 0.0507153
2661 0.0475342
2662 0.0457402
2663 0.0495326
2664 0.0517767
2665 0.0452054
2666 0.0423256
2667 0.0421276
2668 0.0441178
2669 0.0330568
2670 0.0492015
2671 0.0540427
2672 0.059758
2673 0.0546065
2674 0.0515692
2675 0.0405303
2676 0.0497823
2677 0.047917
2678 0.0412118
2679 0.0363727
2680 0.0422514
2681 0.0380074
2682 0.0450458
2683 0.045569
2684 0.048007
2685 0.039634
2686 0.0479461
2687 0.0501274
2688 0.0479139
2689 0.0537574
2690 0.0496046
2691 0.058094
2692 0.0509524
2693 0.0609609
2694 0.049139
2695 0.0537908
2696 0.0493783
2697 0.0471707
2698 0.0452337
2699 0.0522563
2700 0.0627203
2701 0.0581113
2702 0.0433216
2703 0.0464099
2704 0.0571257
2705 0.053684
2706 0.047661
2707 0.0557327
2708 0.0548142
2709 0.0479894
2710 0.0512742
2711 0.0521311
2712 0.0522697
2713 0.0458672
2714 0.0466818
2715 0.074473
2716 0.0572617
2717 0.053763
2718 0.0446227
2719 0.0382344
2720 0.0372915
2721 0.0359127
2722 0.044613
2723 0.0575907
2724 0.0430603
2725 0.0562444
2726 0.0448725
2727 0.0440374
2728 0.0395751
2729 0.0565847
2730 0.0494478
2731 0.0459417
2732 0.0567251
2733 0.0576531
2734 0.0487416
2735 0.0458211
2736 0.0445615
2737 0.0536187
2738 0.0579368
2739 0.0432776
2740 0.0482332
2741 0.0498029
2742 0.0501943
2743 0.0434433
2744 0.0484291
2745 0.0398368
2746 0.0430038
2747 0.0402729
2748 0.0412775
2749 0.0552233
2750 0.0594678
2751 0.0471717
2752 0.0505954
2753 0.0469382
2754 0.0469569
2755 0.0629112
2756 0.0494972
2757 0.0437346
2758 0.0398189
2759 0.0544826
2760 0.0354502
2761 0.0359416
2762 0.0682641
2763 0.0603265
2764 0.0592025
2765 0.0472953
2766 0.0441708
2767 0.0523265
2768 0.0445033
2769 0.0494108
2770 0.0441465
2771 0.0350244
2772 0.0401915
2773 0.0424618
2774 0.0420679
2775 0.0394738
2776 0.0453645
2777 0.0445032
2778 0.0376967
2779 0.0406605
2780 0.04758
2781 0.0477296
2782 0.0502912
2783 0.0422043
2784 0.0496583
2785 0.0486063
2786 0.0426495
2787 0.0457496
2788 0.0488475
2789 0.0629914
2790 0.0525364
2791 0.0412601
2792 0.0468961
2793 0.0543578
2794 0.0403009
2795 0.0387759
2796 0.0395333
2797 0.0507087
2798 0.0699814
2799 0.0488059
2800 0.0400824
2801 0.0350318
2802 0.0444703
2803 0.0591568
2804 0.0400236
2805 0.0456774
2806 0.0422969
2807 0.0808858
2808 0.0549377
2809 0.0496542
2810 0.0440528
2811 0.0456622
2812 0.0509719
2813 0.0517662
2814 0.0452097
2815 0.0424259
2816 0.04831
2817 0.0775788
2818 0.0410915
2819 0.0594175
2820 0.063287
2821 0.0629974
2822 0.0482978
2823 0.0438342
2824 0.0446179
2825 0.0544823
2826 0.0601392
2827 0.0424518
2828 0.0520237
2829 0.0578621
2830 0.0539206
2831 0.055482
2832 0.0563623
2833 0.0457577
2834 0.0454083
2835 0.0463869
2836 0.0396676
2837 0.0519203
2838 0.0533379
2839 0.0443827
2840 0.0502319
2841 0.0532732
2842 0.0461479
2843 0.0437328
2844 0.0409101
2845 0.0432663
2846 0.062248
2847 0.055084
2848 0.0527084
2849 0.0674886
2850 0.0556483
2851 0.0405758
2852 0.0445669
2853 0.044711
2854 0.0601138
2855 0.0587647
2856 0.0536872
2857 0.0524162
2858 0.0473234
2859 0.0574983
2860 0.0549653
2861 0.0464593
2862 0.0450285
2863 0.0389083
2864 0.0424514
2865 0.0544074
2866 0.0520255
2867 0.0475915
2868 0.0468962
2869 0.0544659
2870 0.0649904
2871 0.0560144
2872 0.0478709
2873 0.0530478
2874 0.052222
2875 0.0432895
2876 0.0391691
2877 0.0570288
2878 0.0443399
2879 0.0473399
2880 0.039468
2881 0.0357951
2882 0.0614949
2883 0.0534285
2884 0.0554658
2885 0.0549995
2886 0.0633118
2887 0.0578979
2888 0.0471828
2889 0.0403621
2890 0.0417313
2891 0.0448034
2892 0.0483014
2893 0.0505332
2894 0.0389124
2895 0.0430821
2896 0.0479697
2897 0.041398
2898 0.044687
2899 0.042533
2900 0.0513016
2901 0.0387582
2902 0.0540784
2903 0.0463411
2904 0.0574073
2905 0.0409791
2906 0.0423457
2907 0.0455333
2908 0.0445774
2909 0.0433294
2910 0.0413192
2911 0.0555502
2912 0.0440033
2913 0.0503158
2914 0.044267
2915 0.0501428
2916 0.0432856
2917 0.0421153
2918 0.037865
2919 0.043966
2920 0.0468691
2921 0.0588971
2922 0.049209
2923 0.0594455
2924 0.0430718
2925 0.0448858
2926 0.0590063
2927 0.0607406
2928 0.054374
2929 0.0603047
2930 0.0441895
2931 0.0426412
2932 0.0447491
2933 0.0357178
2934 0.0486747
2935 0.0555191
2936 0.0542349
2937 0.0419762
2938 0.0450183
2939 0.0563728
2940 0.0525868
2941 0.0499428
2942 0.0530902
2943 0.0523054
2944 0.0571203
2945 0.0498931
2946 0.044073
2947 0.0644471
2948 0.0425551
2949 0.0359955
2950 0.0417105
2951 0.0465232
2952 0.0503531
2953 0.0540998
2954 0.0574175
2955 0.0519746
2956 0.0450438
2957 0.0442488
2958 0.0403195
2959 0.0417782
2960 0.0471685
2961 0.0372676
2962 0.0371962
2963 0.0590249
2964 0.0526533
2965 0.0538769
2966 0.0470036
2967 0.0413646
2968 0.0430737
2969 0.0439208
2970 0.0524666
2971 0.0666284
2972 0.0635967
2973 0.0546046
2974 0.0599301
2975 0.0447731
2976 0.041796
2977 0.0514795
2978 0.05181
2979 0.0666961
2980 0.0567618
2981 0.0503424
2982 0.0511359
2983 0.0527246
2984 0.0470019
2985 0.0411971
2986 0.0721087
2987 0.0509031
2988 0.0523961
2989 0.0538437
2990 0.0497062
2991 0.0487873
2992 0.0463616
2993 0.0406765
2994 0.0666936
2995 0.0434641
2996 0.0455686
2997 0.047491
2998 0.0602279
2999 0.0392312
3000 0.0528983
