-3.40787
-3.40833
-3.40848
-3.40818
-3.40803
-3.40802
-3.40818
-3.40833
-3.40863
-3.40863
-3.40878
-3.40878
-3.40848
-3.40848
-3.40908
-3.40908
-3.40878
-3.40878
-3.40863
-3.40848
-3.40863
-3.40848
-3.40803
-3.40803
-3.40833
-3.40818
-3.40818
-3.40802
-3.40802
-3.40802
-3.40818
-3.40803
-3.40772
-3.40787
-3.40803
-3.40848
-3.40863
-3.40893
-3.40923
-3.40908
-3.40908
-3.40908
-3.40923
-3.40908
-3.40953
-3.40953
-3.40953
-3.40969
-3.40953
-3.40953
-3.40953
-3.40923
-3.40923
-3.40938
-3.40953
-3.40923
-3.40908
-3.40908
-3.40878
-3.40863
-3.40893
-3.40893
-3.40893
-3.40848
-3.40863
-3.40863
-3.40863
-3.40878
-3.40863
-3.40863
-3.40878
-3.40878
-3.40953
-3.40953
-3.40984
-3.40984
-3.40984
-3.41014
-3.41029
-3.40999
-3.40984
-3.40984
-3.40999
-3.40999
-3.40984
-3.40953
-3.40923
-3.40908
-3.40908
-3.40893
-3.40863
-3.40848
-3.40848
-3.40863
-3.40833
-3.40833
-3.40848
-3.40848
-3.40863
-3.40863
-3.40878
-3.40893
-3.40893
-3.40908
-3.40923
-3.40923
-3.40923
-3.40939
-3.40939
-3.40939
-3.40939
-3.40924
-3.40924
-3.40939
-3.40939
-3.40954
-3.40954
-3.40939
-3.40939
-3.40939
-3.40969
-3.40954
-3.40969
-3.40954
-3.40984
-3.40984
-3.40999
-3.41015
-3.41015
-3.4106
-3.4103
-3.40999
-3.41
-3.41
-3.40954
-3.40954
-3.40984
-3.40999
-3.40984
-3.40969
-3.40969
-3.40984
-3.40969
-3.40939
-3.40954
-3.40954
-3.40969
-3.40984
-3.40954
-3.40969
-3.41015
-3.40999
-3.40999
-3.40984
-3.40954
-3.40954
-3.40939
-3.40969
-3.40969
-3.40954
-3.40984
-3.40999
-3.40999
-3.41014
-3.41029
-3.41029
-3.41059
-3.41059
-3.41029
-3.41014
-3.41029
-3.41059
-3.41029
-3.40999
-3.41014
-3.41029
-3.41029
-3.40999
-3.41014
-3.41029
-3.40999
-3.40999
-3.40968
-3.40968
-3.40968
-3.40983
-3.40998
-3.40983
-3.40983
-3.40983
-3.40953
-3.40938
-3.40923
-3.40923
-3.40923
-3.40923
-3.40908
-3.40893
-3.40908
-3.40893
-3.40938
-3.40893
-3.40908
-3.40923
-3.40938
-3.40953
-3.40938
-3.40953
-3.40953
-3.40953
-3.40893
-3.40908
-3.40908
-3.40923
-3.40908
-3.40908
-3.40938
-3.40938
-3.40938
-3.40938
-3.40939
-3.40939
-3.40954
-3.40939
-3.40939
-3.40939
-3.40954
-3.40969
-3.40999
-3.40954
-3.40954
-3.40969
-3.40939
-3.40954
-3.40939
-3.40924
-3.40909
-3.40878
-3.40878
-3.40909
-3.40909
-3.40894
-3.40878
-3.40833
-3.40848
-3.40863
-3.40878
-3.40909
-3.40893
-3.40893
-3.40878
-3.40893
-3.40893
-3.40878
-3.40924
-3.40924
-3.40924
-3.40893
-3.40924
-3.40924
-3.40909
-3.40924
-3.40924
-3.40909
-3.40909
-3.40924
-3.40939
-3.40954
-3.40954
-3.40939
-3.40954
-3.40939
-3.40908
-3.40924
-3.40893
-3.40908
-3.40878
-3.40863
-3.40908
-3.40908
-3.40878
-3.40863
-3.40848
-3.40878
-3.40893
-3.40863
-3.40863
-3.40848
-3.40788
-3.40757
-3.40742
-3.40727
-3.40697
-3.40682
-3.40697
-3.40697
-3.40712
-3.40697
-3.40697
-3.40667
-3.40682
-3.40682
-3.40682
-3.40682
-3.40727
-3.40742
-3.40757
-3.40803
-3.40833
-3.40833
-3.40848
-3.40848
-3.40848
-3.40833
-3.40818
-3.40833
-3.40848
-3.40893
-3.40893
-3.40893
-3.40908
-3.40924
-3.40924
-3.40939
-3.40923
-3.40923
-3.40939
-3.40923
-3.40923
-3.40908
-3.40908
-3.40893
-3.40893
-3.40893
-3.40938
-3.40923
-3.40908
-3.40908
-3.40893
-3.40878
-3.40878
-3.40878
-3.40893
-3.40878
-3.40893
-3.40878
-3.40878
-3.40863
-3.40878
-3.40908
-3.40893
-3.40893
-3.40878
-3.40863
-3.40848
-3.40817
-3.40832
-3.40848
-3.40832
-3.40832
-3.40817
-3.40832
-3.40848
-3.40848
-3.40878
-3.40863
-3.40817
-3.40802
-3.40787
-3.40772
-3.40787
-3.40802
-3.40802
-3.40802
-3.40772
-3.40772
-3.40802
-3.40787
-3.40787
-3.40802
-3.40802
-3.40787
-3.40772
-3.40787
-3.40772
-3.40772
-3.40757
-3.40757
-3.40712
-3.40712
-3.40666
-3.40682
-3.40697
-3.40682
-3.40682
-3.40651
-3.40636
-3.40606
-3.40606
-3.40606
-3.40576
-3.40606
-3.40636
-3.40636
-3.40651
-3.40636
-3.40636
-3.40666
-3.40651
-3.40636
-3.40651
-3.40666
-3.40712
-3.40712
-3.40727
-3.40742
-3.40757
-3.40757
-3.40772
-3.40787
-3.40817
-3.40787
-3.40772
-3.40787
-3.40802
-3.40833
-3.40833
-3.40833
-3.40833
-3.40863
-3.40848
-3.40863
-3.40878
-3.40878
-3.40893
-3.40863
-3.40848
-3.40848
-3.40863
-3.40863
-3.40863
-3.40848
-3.40878
-3.40893
-3.40908
-3.40908
-3.40954
-3.40969
-3.40938
-3.40923
-3.40923
-3.40954
-3.40939
-3.40924
-3.40924
-3.40924
-3.40924
-3.40939
-3.40924
-3.40939
-3.40939
-3.40939
-3.40924
-3.40909
-3.40909
-3.40924
-3.40939
-3.40939
-3.40939
-3.40954
-3.40954
-3.40939
-3.40924
-3.40909
-3.40909
-3.40909
-3.40924
-3.40924
-3.40924
-3.40924
-3.40924
-3.40909
-3.40909
-3.40939
-3.40939
-3.40984
-3.40984
-3.40984
-3.40984
-3.40999
-3.41014
-3.40984
-3.41014
-3.41029
-3.41029
-3.41044
-3.41029
-3.40999
-3.41014
-3.41029
-3.41029
-3.41029
-3.41029
-3.4106
-3.4106
-3.41045
-3.41014
-3.40999
-3.40999
-3.40999
-3.41029
-3.41029
-3.41045
-3.4106
-3.41029
-3.41045
-3.41045
-3.41029
-3.41029
-3.4106
-3.4106
-3.41075
-3.41045
-3.41045
-3.41045
-3.41014
-3.40999
-3.40999
-3.41014
-3.41014
-3.41014
-3.41014
-3.41045
-3.41045
-3.41075
-3.41075
-3.4106
-3.4106
-3.41044
-3.41044
-3.41029
-3.41029
-3.40954
-3.40984
-3.41014
-3.40984
-3.40984
-3.40984
-3.40969
-3.40969
-3.40984
-3.40984
-3.40938
-3.40954
-3.40984
-3.40999
-3.41014
-3.40984
-3.40999
-3.40984
-3.40984
-3.40984
-3.40999
-3.40999
-3.40999
-3.40999
-3.40984
-3.40984
-3.41014
-3.40999
-3.40999
-3.41029
-3.41059
-3.41044
-3.41029
-3.41044
-3.41029
-3.41044
-3.41059
-3.41044
-3.41014
-3.41029
-3.41029
-3.41029
-3.41029
-3.41014
-3.40999
-3.40984
-3.40999
-3.40984
-3.41014
-3.40984
-3.40984
-3.40984
-3.40984
-3.40999
-3.40984
-3.40969
-3.40908
-3.40848
-3.40833
-3.40863
-3.40863
-3.40833
-3.40833
-3.40833
-3.40818
-3.40818
-3.40773
-3.40757
-3.40757
-3.40742
-3.40742
-3.40773
-3.40788
-3.40818
-3.40848
-3.40848
-3.40833
-3.40833
-3.40848
-3.40848
-3.40848
-3.40848
-3.40848
-3.40863
-3.40863
-3.40863
-3.40878
-3.40863
-3.40848
-3.40848
-3.40863
-3.40878
-3.40878
-3.40848
-3.40803
-3.40818
-3.40833
-3.40848
-3.40833
-3.40848
-3.40848
-3.40848
-3.40848
-3.40833
-3.40848
-3.40832
-3.40893
-3.40908
-3.40908
-3.40908
-3.40908
-3.40893
-3.40938
-3.40938
-3.40923
-3.40908
-3.40923
-3.40892
-3.40908
-3.40908
-3.40953
-3.40938
-3.40953
-3.40968
-3.40983
-3.40953
-3.40938
-3.40938
-3.40953
-3.40968
-3.40953
-3.40938
-3.40923
-3.40938
-3.40953
-3.40953
-3.40938
-3.40923
-3.40908
-3.40938
-3.40923
-3.40908
-3.40893
-3.40863
-3.40863
-3.40878
-3.40878
-3.40893
-3.40908
-3.40893
-3.40893
-3.40923
-3.40908
-3.40908
-3.40938
-3.40938
-3.40938
-3.40923
-3.40908
-3.40908
-3.40908
-3.40878
-3.40893
-3.40848
-3.40848
-3.40848
-3.40863
-3.40848
-3.40863
-3.40878
-3.40848
-3.40833
-3.40803
-3.40818
-3.40833
-3.40893
-3.40908
-3.40924
-3.40939
-3.40939
-3.40908
-3.40908
-3.40954
-3.40954
-3.40954
-3.40954
-3.40939
-3.40939
-3.40939
-3.40939
-3.40939
-3.40939
-3.40954
-3.40954
-3.40954
-3.40969
-3.40999
-3.40999
-3.40999
-3.40999
-3.41044
-3.41075
-3.4106
-3.41075
-3.41105
-3.4109
-3.4112
-3.4112
-3.41135
-3.41165
-3.41195
-3.41211
-3.41226
-3.41286
-3.41286
-3.41301
-3.41331
-3.41316
-3.41316
-3.41316
-3.41271
-3.41256
-3.41211
-3.41195
-3.41195
-3.4121
-3.4118
-3.4118
-3.41165
-3.41165
-3.41165
-3.41165
-3.41195
-3.4118
-3.41195
-3.4118
-3.41165
-3.41135
-3.4112
-3.4112
-3.41104
-3.41089
-3.41104
-3.41104
-3.4115
-3.41165
-3.4115
-3.41165
-3.4115
-3.41135
-3.41135
-3.41165
-3.41165
-3.41165
-3.41165
-3.41165
-3.4118
-3.41195
-3.41195
-3.4118
-3.41195
-3.4121
-3.41225
-3.41225
-3.4124
-3.41255
-3.4127
-3.4127
-3.4127
-3.41255
-3.41255
-3.41225
-3.4121
-3.4121
-3.4127
-3.41255
-3.41225
-3.41285
-3.4127
-3.4127
-3.41255
-3.4127
-3.4127
-3.4127
-3.41285
-3.413
-3.4127
-3.41285
-3.413
-3.41316
-3.413
-3.413
-3.41316
-3.41331
-3.41346
-3.41346
-3.41346
-3.41346
-3.41316
-3.41285
-3.41331
-3.41285
-3.4127
-3.4127
-3.4127
-3.41285
-3.41285
-3.41301
-3.41301
-3.41301
-3.41301
-3.41301
-3.41301
-3.41301
-3.41301
-3.41301
-3.41301
-3.41316
-3.41331
-3.41361
-3.41331
-3.41346
-3.41361
-3.41376
-3.41361
-3.41331
-3.41316
-3.41316
-3.41331
-3.41331
-3.41346
-3.41331
-3.41331
-3.41331
-3.41346
-3.41331
-3.41316
-3.41286
-3.41271
-3.41256
-3.41256
-3.41256
-3.41226
-3.41241
-3.41226
-3.41211
-3.41211
-3.41165
-3.41181
-3.41211
-3.41226
-3.41196
-3.41196
-3.41165
-3.41181
-3.4115
-3.4115
-3.4115
-3.4109
-3.4106
-3.41014
-3.40999
-3.40954
-3.40954
-3.40924
-3.40924
-3.40909
-3.40894
-3.40878
-3.40878
-3.40863
-3.40863
-3.40848
-3.40848
-3.40848
-3.40818
-3.40833
-3.40833
-3.40818
-3.40803
-3.40848
-3.40863
-3.40833
-3.40803
-3.40803
-3.40772
-3.40787
-3.40818
-3.40803
-3.40757
-3.40757
-3.40742
-3.40742
-3.40727
-3.40727
-3.40727
-3.40757
-3.40757
-3.40757
-3.40787
-3.40787
-3.40787
-3.40787
-3.40772
-3.40772
-3.40787
-3.40742
-3.40727
-3.40712
-3.40666
-3.40636
-3.40621
-3.40621
-3.40636
-3.40636
-3.40636
-3.40697
-3.40681
-3.40697
-3.40697
-3.40697
-3.40697
-3.40712
-3.40697
-3.40697
-3.40697
-3.40727
-3.40727
-3.40742
-3.40727
-3.40712
-3.40712
-3.40697
-3.40681
-3.40682
-3.40651
-3.40651
-3.40591
-3.40591
-3.40576
-3.40591
-3.40561
-3.40561
-3.40545
-3.40545
-3.4053
-3.4056
-3.40576
-3.40576
-3.4056
-3.40545
-3.4053
-3.4053
-3.40515
-3.405
-3.405
-3.40515
-3.40545
