1.07054
1.07096
1.07138
1.07178
1.07217
1.07255
1.07292
1.07328
1.07363
1.07396
1.07429
1.0746
1.07491
1.0752
1.07549
1.07577
1.07603
1.07629
1.07654
1.07678
1.07701
1.07723
1.07745
1.07765
1.07785
1.07805
1.07824
1.07842
1.0786
1.07877
1.07894
1.07911
1.07927
1.07944
1.0796
1.07977
1.07993
1.0801
1.08027
1.08044
1.08062
1.08081
1.08099
1.08119
1.08139
1.0816
1.08182
1.08205
1.08228
1.08253
1.0828
1.08307
1.08335
1.08365
1.08397
1.08429
1.08464
1.085
1.08537
1.08576
1.08617
1.0866
1.08704
1.0875
1.08798
1.08848
1.089
1.08954
1.09009
1.09067
1.09126
1.09188
1.09251
1.09316
1.09383
1.09452
1.09523
1.09595
1.0967
1.09746
1.09824
1.09903
1.09984
1.10067
1.10151
1.10236
1.10323
1.10411
1.10501
1.10591
1.10682
1.10775
1.10868
1.10962
1.11056
1.11151
1.11246
1.11342
1.11438
1.11534
1.11629
1.11725
1.1182
1.11914
1.12008
1.12101
1.12193
1.12284
1.12374
1.12462
1.12549
1.12633
1.12716
1.12797
1.12876
1.12952
1.13026
1.13097
1.13166
1.13231
1.13293
1.13353
1.13408
1.1346
1.13509
1.13553
1.13594
1.1363
1.13663
1.13691
1.13715
1.13734
1.13749
1.13759
1.13765
1.13766
1.13762
1.13753
1.13739
1.13721
1.13698
1.1367
1.13637
1.13599
1.13557
1.1351
1.13459
1.13404
1.13344
1.1328
1.13212
1.1314
1.13064
1.12985
1.12903
1.12817
1.12729
1.12638
1.12545
1.1245
1.12353
1.12254
1.12154
1.12054
1.11952
1.1185
1.11748
1.11647
1.11546
1.11446
1.11347
1.1125
1.11155
1.11062
1.10971
1.10883
1.10798
1.10716
1.10638
1.10563
1.10493
1.10426
1.10364
1.10307
1.10254
1.10207
1.10164
1.10126
1.10094
1.10067
1.10045
1.10028
1.10017
1.10012
1.10011
1.10017
1.10027
1.10043
1.10063
1.10089
1.1012
1.10155
1.10195
1.10239
1.10288
1.10341
1.10398
1.10459
1.10523
1.1059
1.10661
1.10734
1.1081
1.10888
1.10969
1.11051
1.11135
1.1122
1.11306
1.11392
1.1148
1.11567
1.11655
1.11742
1.11829
1.11916
1.12001
1.12085
1.12168
1.12249
1.12328
1.12405
1.1248
1.12553
1.12623
1.1269
1.12755
1.12816
1.12874
1.12929
1.1298
1.13028
1.13072
1.13112
1.13149
1.13181
1.1321
1.13234
1.13255
1.13271
1.13283
1.13291
1.13295
1.13295
1.1329
1.13281
1.13268
1.13251
1.1323
1.13204
1.13175
1.13141
1.13103
1.13062
1.13016
1.12966
1.12913
1.12856
1.12795
1.1273
1.12661
1.12589
1.12514
1.12434
1.12352
1.12266
1.12177
1.12085
1.11989
1.1189
1.11788
1.11684
1.11576
1.11465
1.11351
1.11235
1.11116
1.10994
1.10869
1.10742
1.10613
1.1048
1.10346
1.10209
1.10069
1.09927
1.09782
1.09636
1.09487
1.09335
1.09181
1.09025
1.08867
1.08707
1.08544
1.08379
1.08212
1.08043
1.07872
1.07698
1.07523
1.07345
1.07166
1.06984
1.06801
1.06615
1.06428
1.06239
1.06048
1.05855
1.05661
1.05465
1.05268
1.05069
1.04869
1.04668
1.04466
1.04263
1.04059
1.03855
1.0365
1.03444
1.03239
1.03033
1.02828
1.02623
1.02418
1.02214
1.02011
1.01809
1.01608
1.01409
1.01211
1.01015
1.00821
1.00628
1.00439
1.00251
1.00067
0.998845
0.997053
0.995292
0.993561
0.991864
0.9902
0.98857
0.986976
0.985418
0.983897
0.982412
0.980965
0.979556
0.978185
0.976853
0.975559
0.974304
0.973087
0.971909
0.970768
0.969665
0.968599
0.967568
0.966573
0.965613
0.964687
0.963795
0.962935
0.962108
0.961312
0.960546
0.959811
0.959105
0.958427
0.957777
0.957154
0.956558
0.955987
0.955441
0.954919
0.954422
0.953949
0.953499
0.953073
0.95267
0.952289
0.951932
0.951599
0.95129
0.951005
0.950743
0.950507
0.950296
0.950111
0.949953
0.949823
0.949721
0.949649
0.949607
0.949596
0.949618
0.949673
0.949763
0.949889
0.950052
0.950253
0.950493
0.950773
0.951094
0.951457
0.951864
0.952315
0.952811
0.953353
0.953941
0.954576
0.95526
0.955991
0.956769
0.957595
0.958468
0.959389
0.960357
0.96137
0.962428
0.96353
0.964675
0.965862
0.967088
0.968353
0.969655
0.970991
0.972361
0.973761
0.975189
0.976643
0.978122
0.979621
0.981139
0.982675
0.984224
0.985785
0.987355
0.988932
0.990513
0.992097
0.993681
0.995263
0.99684
0.998412
0.999975
1.00153
1.00307
1.0046
1.00612
1.00763
1.00911
1.01059
1.01204
1.01348
1.0149
1.01629
1.01767
1.01904
1.02038
1.0217
1.023
1.02428
1.02555
1.02679
1.02802
1.02923
1.03042
1.03159
1.03275
1.03389
1.03501
1.03612
1.03721
1.03829
1.03935
1.04039
1.04142
1.04244
1.04344
1.04442
1.04539
1.04634
1.04728
1.0482
1.0491
1.04998
1.05084
1.05168
1.0525
1.0533
1.05407
1.05483
1.05555
1.05626
1.05693
1.05758
1.0582
1.05879
1.05935
1.05988
1.06037
1.06084
1.06127
1.06167
1.06203
1.06236
1.06265
1.06291
1.06314
1.06332
1.06348
1.0636
1.06368
1.06374
1.06376
1.06375
1.0637
1.06363
1.06353
1.0634
1.06324
1.06306
1.06285
1.06263
1.06238
1.06212
1.06184
1.06154
1.06124
1.06092
1.06059
1.06026
1.05992
1.05957
1.05923
1.05888
1.05853
1.05819
1.05785
1.05752
1.05719
1.05688
1.05657
1.05627
1.05599
1.05571
1.05545
1.05521
1.05498
1.05476
1.05456
1.05438
1.05421
1.05406
1.05393
1.05381
1.0537
1.05362
1.05355
1.05349
1.05345
1.05342
1.0534
1.0534
1.0534
1.05342
1.05345
1.05348
1.05352
1.05357
1.05363
1.05368
1.05374
1.0538
1.05386
1.05392
1.05398
1.05404
1.05409
1.05413
1.05416
1.05418
1.0542
1.05419
1.05418
1.05415
1.0541
1.05404
1.05395
1.05384
1.05371
1.05355
1.05337
1.05315
1.05291
1.05264
1.05233
1.05199
1.05162
1.05121
1.05077
1.05028
1.04976
1.0492
1.0486
1.04796
1.04727
1.04655
1.04579
1.04499
1.04415
1.04327
1.04235
1.0414
1.04041
1.03938
1.03833
1.03725
1.03614
1.03501
1.03386
1.03269
1.0315
1.03031
1.02911
1.0279
1.0267
1.0255
1.02431
1.02313
1.02197
1.02084
1.01973
1.01865
1.01762
1.01662
1.01567
1.01477
1.01392
1.01313
1.01241
1.01175
1.01115
1.01063
1.01019
1.00982
1.00952
1.00931
1.00918
1.00913
1.00917
1.00929
1.00949
1.00977
1.01014
1.01059
1.01112
1.01173
1.01242
1.01318
1.01401
1.01491
1.01589
1.01692
1.01802
1.01918
1.0204
1.02166
1.02298
1.02435
1.02576
1.0272
1.02869
1.03021
1.03175
1.03333
1.03492
1.03654
1.03817
1.03982
1.04148
1.04315
1.04482
1.04649
1.04816
1.04983
1.05149
1.05315
1.05479
1.05642
1.05804
1.05963
1.06121
1.06276
1.06429
1.0658
1.06728
1.06872
1.07014
1.07152
1.07287
1.07419
1.07547
1.07671
1.0779
1.07906
1.08018
1.08125
1.08228
1.08326
1.0842
1.08509
1.08593
1.08672
1.08747
1.08816
1.08881
1.08941
1.08995
1.09045
1.09089
1.09128
1.09162
1.09191
1.09215
1.09233
1.09246
1.09254
1.09257
1.09255
1.09247
1.09235
1.09217
1.09194
1.09166
1.09133
1.09095
1.09053
1.09005
1.08952
1.08895
1.08833
1.08766
1.08695
1.0862
1.0854
1.08455
1.08367
1.08274
1.08177
1.08077
1.07973
1.07865
1.07753
1.07638
1.0752
1.07399
1.07275
1.07148
1.07018
1.06886
1.06752
1.06615
1.06477
1.06337
1.06196
1.06053
1.05909
1.05764
1.05619
1.05473
1.05327
1.0518
1.05034
1.04889
1.04744
1.046
1.04457
1.04315
1.04175
1.04036
1.039
1.03765
1.03633
1.03504
1.03377
1.03254
1.03133
1.03016
1.02903
1.02793
1.02687
1.02586
1.02488
1.02395
1.02307
1.02223
1.02144
1.0207
1.02001
1.01938
1.01879
1.01826
1.01779
1.01737
1.01701
1.01671
1.01646
1.01627
1.01614
1.01607
1.01606
1.0161
1.01621
1.01637
1.0166
1.01688
1.01722
1.01762
1.01807
1.01858
1.01915
1.01977
1.02044
1.02117
1.02195
1.02278
1.02365
1.02458
1.02555
1.02657
1.02762
1.02872
1.02986
1.03104
1.03225
1.0335
1.03478
1.03608
1.03742
1.03878
1.04016
1.04157
1.04299
1.04443
1.04589
1.04736
1.04883
1.05032
1.05181
1.0533
1.05479
1.05628
1.05777
1.05924
1.06071
1.06217
1.06361
1.06504
1.06645
1.06783
1.0692
1.07053
1.07184
1.07313
1.07438
1.07559
1.07677
1.07792
1.07902
1.08009
1.08111
1.08209
1.08302
1.08391
1.08475
1.08554
1.08628
1.08696
1.0876
1.08818
1.08871
1.08918
1.0896
1.08996
1.09027
1.09052
1.09071
1.09085
1.09093
1.09095
1.09092
1.09083
1.09069
1.09049
1.09024
1.08993
1.08957
1.08916
1.0887
1.08819
1.08764
1.08703
1.08638
1.08569
1.08496
1.08418
1.08337
1.08252
1.08164
1.08072
1.07978
1.0788
1.0778
1.07677
1.07572
1.07465
1.07356
1.07246
1.07134
1.0702
1.06906
1.0679
1.06674
1.06557
1.0644
1.06322
1.06204
1.06086
1.05968
1.0585
1.05733
1.05616
1.05499
1.05382
1.05267
1.05152
1.05037
1.04923
1.0481
1.04698
1.04586
1.04475
1.04364
1.04255
1.04146
1.04038
1.0393
1.03824
1.03718
1.03612
1.03507
1.03403
1.033
1.03198
1.03096
1.02995
1.02895
1.02796
1.02698
1.02601
1.02506
1.02412
1.02319
1.02228
1.02139
1.02051
1.01966
1.01883
1.01802
1.01724
1.01649
1.01576
1.01507
1.01442
1.0138
1.01322
1.01268
1.01218
1.01172
1.01132
1.01096
1.01065
1.01039
1.01019
