1.60581
1.60645
1.60707
1.60767
1.60826
1.60883
1.60938
1.60992
1.61044
1.61094
1.61143
1.61191
1.61236
1.61281
1.61324
1.61365
1.61405
1.61444
1.61481
1.61517
1.61551
1.61585
1.61617
1.61648
1.61678
1.61707
1.61735
1.61763
1.61789
1.61815
1.61841
1.61866
1.61891
1.61916
1.6194
1.61965
1.6199
1.62015
1.62041
1.62067
1.62093
1.62121
1.62149
1.62178
1.62208
1.6224
1.62273
1.62307
1.62343
1.6238
1.62419
1.6246
1.62503
1.62548
1.62595
1.62644
1.62696
1.6275
1.62806
1.62865
1.62926
1.6299
1.63056
1.63125
1.63198
1.63272
1.6335
1.63431
1.63514
1.636
1.6369
1.63782
1.63876
1.63974
1.64075
1.64178
1.64284
1.64393
1.64505
1.64619
1.64735
1.64854
1.64976
1.651
1.65226
1.65354
1.65485
1.65617
1.65751
1.65886
1.66024
1.66162
1.66302
1.66443
1.66584
1.66727
1.6687
1.67013
1.67157
1.673
1.67444
1.67587
1.6773
1.67871
1.68012
1.68152
1.6829
1.68426
1.68561
1.68693
1.68823
1.6895
1.69075
1.69196
1.69314
1.69429
1.69539
1.69646
1.69749
1.69847
1.6994
1.70029
1.70112
1.7019
1.70263
1.7033
1.70391
1.70446
1.70494
1.70536
1.70572
1.70601
1.70624
1.70639
1.70647
1.70648
1.70642
1.70629
1.70609
1.70581
1.70546
1.70505
1.70455
1.70399
1.70336
1.70266
1.70189
1.70105
1.70016
1.6992
1.69818
1.6971
1.69596
1.69478
1.69354
1.69226
1.69094
1.68958
1.68818
1.68675
1.68529
1.68381
1.68232
1.6808
1.67928
1.67775
1.67622
1.6747
1.67319
1.67169
1.67021
1.66875
1.66732
1.66592
1.66456
1.66324
1.66197
1.66074
1.65957
1.65845
1.65739
1.65639
1.65546
1.6546
1.65381
1.6531
1.65246
1.65189
1.65141
1.651
1.65067
1.65042
1.65026
1.65018
1.65017
1.65025
1.65041
1.65064
1.65095
1.65133
1.65179
1.65232
1.65292
1.65359
1.65432
1.65512
1.65597
1.65688
1.65785
1.65886
1.65991
1.66101
1.66215
1.66333
1.66453
1.66576
1.66702
1.66829
1.66958
1.67089
1.6722
1.67351
1.67483
1.67614
1.67744
1.67873
1.68001
1.68127
1.68251
1.68373
1.68492
1.68608
1.6872
1.68829
1.68934
1.69035
1.69132
1.69224
1.69311
1.69393
1.6947
1.69542
1.69608
1.69668
1.69723
1.69772
1.69815
1.69852
1.69882
1.69907
1.69925
1.69937
1.69943
1.69942
1.69935
1.69922
1.69902
1.69877
1.69845
1.69806
1.69762
1.69712
1.69655
1.69593
1.69524
1.6945
1.69369
1.69283
1.69192
1.69095
1.68992
1.68884
1.6877
1.68652
1.68528
1.68399
1.68265
1.68127
1.67983
1.67835
1.67683
1.67525
1.67364
1.67198
1.67027
1.66853
1.66674
1.66491
1.66304
1.66113
1.65919
1.65721
1.65519
1.65313
1.65103
1.6489
1.64674
1.64454
1.6423
1.64003
1.63772
1.63538
1.63301
1.6306
1.62816
1.62569
1.62318
1.62064
1.61808
1.61548
1.61284
1.61018
1.60749
1.60477
1.60201
1.59923
1.59642
1.59358
1.59072
1.58783
1.58492
1.58198
1.57902
1.57604
1.57304
1.57003
1.56699
1.56395
1.56089
1.55782
1.55475
1.55167
1.54858
1.5455
1.54242
1.53934
1.53627
1.53321
1.53017
1.52714
1.52412
1.52113
1.51816
1.51522
1.51231
1.50943
1.50658
1.50377
1.501
1.49827
1.49558
1.49294
1.49034
1.4878
1.4853
1.48286
1.48046
1.47813
1.47584
1.47362
1.47145
1.46933
1.46728
1.46528
1.46334
1.46146
1.45963
1.45786
1.45615
1.4545
1.4529
1.45135
1.44986
1.44842
1.44703
1.44569
1.4444
1.44316
1.44197
1.44082
1.43972
1.43866
1.43764
1.43667
1.43573
1.43484
1.43398
1.43316
1.43238
1.43163
1.43092
1.43025
1.42961
1.429
1.42843
1.4279
1.4274
1.42694
1.42651
1.42612
1.42576
1.42544
1.42517
1.42493
1.42473
1.42458
1.42447
1.42441
1.42439
1.42443
1.42451
1.42464
1.42483
1.42508
1.42538
1.42574
1.42616
1.42664
1.42719
1.4278
1.42847
1.42922
1.43003
1.43091
1.43186
1.43289
1.43399
1.43515
1.43639
1.4377
1.43908
1.44054
1.44205
1.44364
1.4453
1.44701
1.44879
1.45063
1.45253
1.45448
1.45649
1.45854
1.46064
1.46278
1.46497
1.46718
1.46943
1.47171
1.47401
1.47634
1.47868
1.48103
1.4834
1.48577
1.48815
1.49052
1.49289
1.49526
1.49762
1.49996
1.50229
1.50461
1.50691
1.50918
1.51144
1.51367
1.51588
1.51806
1.52022
1.52234
1.52444
1.52651
1.52855
1.53056
1.53255
1.5345
1.53642
1.53832
1.54019
1.54203
1.54384
1.54563
1.54739
1.54912
1.55083
1.55252
1.55418
1.55582
1.55743
1.55902
1.56059
1.56214
1.56366
1.56516
1.56664
1.56809
1.56952
1.57092
1.57229
1.57364
1.57496
1.57626
1.57752
1.57875
1.57995
1.58111
1.58224
1.58333
1.58438
1.5854
1.58637
1.5873
1.58818
1.58902
1.58982
1.59056
1.59126
1.59191
1.5925
1.59305
1.59354
1.59398
1.59437
1.5947
1.59499
1.59522
1.5954
1.59553
1.59561
1.59564
1.59562
1.59555
1.59544
1.59529
1.59509
1.59486
1.59459
1.59428
1.59394
1.59357
1.59318
1.59276
1.59232
1.59185
1.59138
1.59089
1.59039
1.58988
1.58936
1.58884
1.58832
1.5878
1.58729
1.58678
1.58628
1.58579
1.58531
1.58485
1.58441
1.58398
1.58357
1.58318
1.58281
1.58247
1.58215
1.58185
1.58157
1.58132
1.58109
1.58089
1.58071
1.58056
1.58043
1.58032
1.58023
1.58017
1.58013
1.5801
1.5801
1.58011
1.58013
1.58017
1.58022
1.58029
1.58036
1.58044
1.58052
1.58061
1.5807
1.5808
1.58089
1.58097
1.58105
1.58113
1.58119
1.58124
1.58127
1.58129
1.58129
1.58127
1.58123
1.58116
1.58106
1.58093
1.58076
1.58056
1.58033
1.58005
1.57973
1.57937
1.57896
1.5785
1.57799
1.57743
1.57682
1.57615
1.57542
1.57464
1.5738
1.5729
1.57194
1.57091
1.56983
1.56869
1.56748
1.56622
1.5649
1.56352
1.56209
1.56061
1.55908
1.5575
1.55588
1.55421
1.55252
1.55079
1.54903
1.54726
1.54546
1.54366
1.54185
1.54004
1.53824
1.53646
1.53469
1.53296
1.53125
1.52959
1.52798
1.52643
1.52493
1.52351
1.52215
1.52088
1.5197
1.51861
1.51762
1.51673
1.51595
1.51528
1.51472
1.51428
1.51397
1.51377
1.5137
1.51375
1.51393
1.51423
1.51466
1.51521
1.51589
1.51668
1.5176
1.51863
1.51977
1.52102
1.52237
1.52383
1.52539
1.52703
1.52877
1.53059
1.5325
1.53447
1.53652
1.53863
1.54081
1.54303
1.54531
1.54763
1.54999
1.55239
1.55481
1.55726
1.55973
1.56222
1.56472
1.56722
1.56973
1.57224
1.57474
1.57724
1.57972
1.58219
1.58463
1.58705
1.58945
1.59181
1.59415
1.59644
1.5987
1.60091
1.60309
1.60521
1.60729
1.60931
1.61128
1.6132
1.61506
1.61686
1.61859
1.62027
1.62187
1.62342
1.62489
1.6263
1.62763
1.62889
1.63009
1.6312
1.63225
1.63322
1.63411
1.63493
1.63567
1.63634
1.63692
1.63743
1.63787
1.63822
1.6385
1.63869
1.63881
1.63885
1.63882
1.63871
1.63852
1.63825
1.63791
1.63749
1.637
1.63643
1.63579
1.63507
1.63428
1.63342
1.6325
1.6315
1.63043
1.62929
1.62809
1.62683
1.6255
1.62411
1.62266
1.62115
1.61959
1.61797
1.6163
1.61457
1.6128
1.61098
1.60912
1.60722
1.60527
1.60329
1.60128
1.59923
1.59716
1.59506
1.59293
1.59079
1.58863
1.58646
1.58428
1.58209
1.5799
1.57771
1.57552
1.57333
1.57116
1.569
1.56685
1.56472
1.56262
1.56054
1.5585
1.55648
1.5545
1.55256
1.55066
1.5488
1.547
1.54524
1.54354
1.54189
1.54031
1.53878
1.53732
1.53593
1.5346
1.53334
1.53216
1.53105
1.53002
1.52906
1.52819
1.52739
1.52668
1.52606
1.52552
1.52506
1.52469
1.52441
1.52421
1.5241
1.52408
1.52415
1.52431
1.52456
1.5249
1.52532
1.52583
1.52643
1.52711
1.52787
1.52872
1.52965
1.53067
1.53175
1.53292
1.53416
1.53548
1.53687
1.53832
1.53985
1.54144
1.54309
1.5448
1.54656
1.54838
1.55025
1.55217
1.55413
1.55613
1.55817
1.56025
1.56235
1.56449
1.56665
1.56883
1.57103
1.57325
1.57548
1.57771
1.57995
1.58219
1.58442
1.58665
1.58887
1.59107
1.59325
1.59542
1.59756
1.59967
1.60175
1.60379
1.6058
1.60777
1.60969
1.61156
1.61339
1.61516
1.61688
1.61853
1.62013
1.62166
1.62313
1.62453
1.62586
1.62712
1.62831
1.62942
1.63045
1.6314
1.63227
1.63307
1.63378
1.6344
1.63494
1.6354
1.63578
1.63607
1.63627
1.63639
1.63643
1.63638
1.63625
1.63603
1.63573
1.63535
1.6349
1.63436
1.63374
1.63305
1.63229
1.63145
1.63055
1.62957
1.62854
1.62743
1.62627
1.62505
1.62378
1.62246
1.62108
1.61966
1.6182
1.6167
1.61516
1.61359
1.61198
1.61035
1.60869
1.60701
1.6053
1.60359
1.60185
1.60011
1.59836
1.59659
1.59483
1.59306
1.59129
1.58952
1.58775
1.58599
1.58423
1.58248
1.58074
1.579
1.57727
1.57556
1.57385
1.57215
1.57046
1.56879
1.56712
1.56547
1.56382
1.56219
1.56057
1.55896
1.55735
1.55576
1.55418
1.55261
1.55105
1.5495
1.54796
1.54644
1.54492
1.54343
1.54194
1.54047
1.53902
1.53759
1.53618
1.53479
1.53342
1.53208
1.53077
1.52949
1.52824
1.52703
1.52586
1.52473
1.52365
1.52261
1.52163
1.5207
1.51982
1.51901
1.51827
1.51759
1.51698
1.51644
1.51597
1.51559
1.51529
