2.24229
2.23794
2.23413
2.2311
2.22791
2.22453
2.22098
2.21749
2.21382
2.21069
2.20739
2.20439
2.20193
2.19904
2.19526
2.19249
2.19026
2.18761
2.18525
2.18294
2.1802
2.178
2.17633
2.17397
2.17118
2.16916
2.16693
2.16498
2.16282
2.16069
2.15835
2.15652
2.15494
2.15267
2.1504
2.14767
2.14543
2.14294
2.14046
2.1387
2.13669
2.13467
2.13239
2.13058
2.12779
2.12569
2.12356
2.12116
2.11921
2.11697
2.1147
2.11286
2.1105
2.10784
2.10513
2.10309
2.10075
2.0981
2.09588
2.09335
2.09003
2.08713
2.08416
2.08183
2.07848
2.07528
2.07202
2.06844
2.06526
2.06177
2.05796
2.05432
2.04939
2.0456
2.04125
2.0373
2.03329
2.02872
2.02432
2.02058
2.01653
2.01218
2.00752
2.00304
1.99875
1.99465
1.9905
1.98606
1.98134
1.97681
1.9725
1.96791
1.96306
1.95795
1.95354
1.94864
1.9435
1.93859
1.93345
1.92856
1.92345
1.91836
1.91354
1.90852
1.90354
1.89885
1.89422
1.88941
1.88491
1.88048
1.87614
1.87214
1.86799
1.86371
1.85978
1.85573
1.85205
1.84874
1.84533
1.84207
1.83848
1.83577
1.83275
1.83039
1.82748
1.82523
1.82294
1.82084
1.81919
1.81701
1.81625
1.8157
1.81489
1.8143
1.81465
1.8145
1.8141
1.81416
1.81493
1.81593
1.81691
1.81788
1.81956
1.82169
1.82333
1.82541
1.82747
1.82973
1.83291
1.83556
1.83792
1.84142
1.84485
1.84868
1.8529
1.85678
1.86104
1.86469
1.86893
1.87351
1.87745
1.8817
1.88625
1.8906
1.89498
1.89961
1.90377
1.90839
1.91347
1.91826
1.92251
1.92645
1.93127
1.93598
1.93987
1.94363
1.94749
1.95168
1.95498
1.95811
1.96179
1.96478
1.96806
1.97064
1.973
1.9749
1.97656
1.97847
1.9799
1.98109
1.98251
1.98344
1.98412
1.98431
1.98425
1.98395
1.98364
1.98309
1.98182
1.98081
1.9786
1.97762
1.97546
1.97309
1.97053
1.96777
1.96532
1.96221
1.95919
1.95601
1.95365
1.94997
1.9464
1.94249
1.93896
1.93511
1.93071
1.92673
1.92271
1.91865
1.91457
1.91047
1.90615
1.90231
1.89826
1.89425
1.89004
1.8859
1.88158
1.87854
1.87488
1.87107
1.8681
1.86452
1.86155
1.85871
1.85602
1.85372
1.8511
1.84816
1.84587
1.844
1.84231
1.84129
1.83949
1.83789
1.83649
1.83505
1.83454
1.83399
1.8339
1.83353
1.83362
1.83416
1.83395
1.83468
1.83562
1.83726
1.83815
1.83973
1.84177
1.84354
1.84576
1.84843
1.85107
1.85368
1.85649
1.8595
1.86295
1.86685
1.87045
1.87474
1.87946
1.88364
1.88874
1.89329
1.89875
1.90416
1.90877
1.91428
1.92045
1.92654
1.93281
1.93852
1.94463
1.95162
1.95829
1.96536
1.9733
1.98091
1.98843
1.9961
2.00415
2.01211
2.01973
2.02772
2.03562
2.04413
2.05254
2.06157
2.07
2.07881
2.08774
2.09681
2.10528
2.11435
2.12355
2.13239
2.14159
2.15139
2.16106
2.1711
2.18124
2.19174
2.20234
2.21257
2.2229
2.23285
2.24362
2.25447
2.26518
2.27597
2.28707
2.29801
2.3095
2.32081
2.33193
2.34358
2.35503
2.36675
2.37826
2.39003
2.40157
2.41311
2.42392
2.43568
2.44741
2.45887
2.47052
2.48213
2.49342
2.50465
2.51556
2.52686
2.53758
2.54867
2.5594
2.57025
2.58049
2.59035
2.60078
2.61082
2.62094
2.63089
2.64067
2.65051
2.65944
2.66819
2.67723
2.68583
2.69447
2.70244
2.7102
2.718
2.72511
2.73274
2.74065
2.74786
2.75488
2.76168
2.76781
2.77373
2.77969
2.78546
2.79151
2.79689
2.8016
2.80684
2.81165
2.81604
2.8205
2.82501
2.82935
2.83304
2.83703
2.84062
2.84429
2.84755
2.85137
2.85431
2.85782
2.8602
2.86242
2.86497
2.86712
2.8696
2.87167
2.87383
2.87534
2.87669
2.87835
2.87889
2.87925
2.87992
2.88018
2.88073
2.88086
2.88032
2.88031
2.88009
2.8792
2.8781
2.8763
2.87501
2.87326
2.87128
2.86907
2.86687
2.86419
2.86127
2.85786
2.85517
2.85198
2.84806
2.84388
2.83921
2.83477
2.83006
2.82511
2.81942
2.8142
2.80826
2.80207
2.79588
2.78923
2.78307
2.77644
2.76937
2.76185
2.75438
2.74672
2.73912
2.73064
2.72225
2.71371
2.70529
2.69602
2.68712
2.67885
2.67026
2.66135
2.6519
2.64313
2.63431
2.62523
2.61613
2.60703
2.59769
2.58885
2.57955
2.57052
2.56153
2.55282
2.54417
2.53533
2.52632
2.51738
2.50874
2.50019
2.49147
2.48308
2.47501
2.46703
2.45914
2.45109
2.44313
2.43501
2.42722
2.41952
2.41191
2.40438
2.39718
2.38982
2.38206
2.37486
2.36702
2.35998
2.35301
2.34613
2.33908
2.33211
2.32594
2.31888
2.31214
2.30572
2.29914
2.29312
2.28743
2.2811
2.27487
2.26896
2.26315
2.25744
2.25135
2.24585
2.24069
2.2359
2.23097
2.22594
2.22102
2.21576
2.21111
2.20636
2.20176
2.19802
2.19371
2.18979
2.18626
2.18265
2.17872
2.17543
2.17206
2.16958
2.16677
2.16412
2.16212
2.16003
2.15785
2.15559
2.15372
2.15199
2.1504
2.14847
2.14715
2.14547
2.14439
2.14367
2.14281
2.14228
2.14161
2.14126
2.14074
2.14149
2.14061
2.13978
2.13996
2.13969
2.13944
2.13945
2.13924
2.13878
2.13856
2.13905
2.13855
2.13779
2.13725
2.13666
2.13675
2.13608
2.13584
2.1353
2.1347
2.13381
2.13309
2.1323
2.13145
2.13078
2.12979
2.12826
2.12738
2.12619
2.12446
2.12266
2.12153
2.12033
2.1186
2.1173
2.11547
2.11359
2.11216
2.11093
2.10895
2.10719
2.1054
2.1036
2.10204
2.10046
2.0989
2.09686
2.09532
2.09307
2.09182
2.09013
2.08848
2.08687
2.08509
2.08385
2.08268
2.08231
2.08203
2.08112
2.07959
2.07865
2.07831
2.0776
2.07703
2.07684
2.07655
2.07713
2.07739
2.07757
2.07816
2.07869
2.07891
2.07956
2.08016
2.08096
2.08243
2.08434
2.08622
2.08806
2.09034
2.09283
2.09552
2.09841
2.10126
2.10454
2.10801
2.11143
2.1155
2.11975
2.12391
2.12797
2.13218
2.13675
2.14191
2.14741
2.15202
2.1567
2.16143
2.16668
2.17144
2.17645
2.18142
2.18634
2.19144
2.19596
2.20085
2.20441
2.20853
2.21272
2.21671
2.2205
2.22429
2.22686
2.2299
2.23288
2.23558
2.23748
2.23978
2.24102
2.24216
2.24223
2.2429
2.24274
2.2422
2.2413
2.24076
2.23961
2.23785
2.2355
2.2328
2.23023
2.22732
2.22408
2.22005
2.2157
2.2113
2.20686
2.20215
2.19717
2.19124
2.18579
2.18013
2.17428
2.16847
2.16202
2.15518
2.14844
2.14134
2.13413
2.12731
2.12018
2.1125
2.10549
2.09822
2.09044
2.08314
2.07585
2.06882
2.06182
2.05463
2.04749
2.04091
2.03368
2.02751
2.02073
2.01405
2.00726
2.00108
1.99456
1.98818
1.98269
1.97713
1.97198
1.96629
1.96078
1.95475
1.94964
1.94474
1.94006
1.93583
1.9323
1.92853
1.92426
1.92095
1.91788
1.91506
1.91272
1.91039
1.90831
1.90648
1.90491
1.9036
1.9023
1.9015
1.90097
1.90045
1.89996
1.90021
1.90072
1.90149
1.9018
1.90262
1.90441
1.90598
1.90756
1.91012
1.91221
1.91503
1.91787
1.9207
1.92378
1.92734
1.93114
1.93445
1.93895
1.94343
1.9479
1.95331
1.95868
1.96427
1.97078
1.977
1.9839
1.99049
1.99703
2.0035
2.01085
2.01788
2.0253
2.03262
2.04008
2.04766
2.05488
2.06293
2.07059
2.07883
2.08714
2.09577
2.10421
2.11246
2.121
2.12956
2.13766
2.146
2.15362
2.1617
2.17024
2.17826
2.18672
2.19511
2.20319
2.21071
2.21862
2.22642
2.23411
2.24168
2.24887
2.25591
2.26303
2.27023
2.27678
2.28313
2.28929
2.29549
2.30124
2.30676
2.31206
2.31735
2.32241
2.32745
2.332
2.33676
2.34102
2.34475
2.34724
2.35066
2.35402
2.35564
2.35817
2.36016
2.36208
2.36323
2.3643
2.36507
2.36529
2.3652
2.36552
2.36482
2.3638
2.36249
2.36135
2.35967
2.35745
2.35494
2.35214
2.34929
2.34617
2.34277
2.33958
2.33613
2.33122
2.32751
2.32306
2.31815
2.31301
2.30741
2.30184
2.29583
2.28987
2.28373
2.27742
2.27095
2.26433
2.25757
2.25068
2.24367
2.23656
2.22912
2.22159
2.21375
2.20681
2.1991
2.19136
2.18359
2.17629
2.16923
2.16194
2.15444
2.14673
2.13931
2.13171
2.12466
2.11745
2.11034
2.10309
2.09643
2.0899
2.08375
2.07751
2.07142
2.06525
2.05926
2.05394
2.04808
2.04291
2.03794
2.03296
2.02891
2.02414
2.01936
2.01506
2.01174
2.00818
2.00537
2.00209
1.9998
1.9973
1.99507
1.99408
1.99288
1.99219
1.99131
1.99118
1.9906
1.99078
1.99075
1.99124
1.99199
1.99301
1.99405
1.99559
1.99715
1.99919
2.00124
2.00353
2.00653
2.00904
2.012
2.01541
2.01903
2.02187
2.02539
2.0298
2.03438
2.03864
2.04353
2.04784
2.05204
2.05708
2.06272
2.06775
2.0731
2.0783
2.08382
2.08916
2.09457
2.09954
2.10504
2.11058
2.11566
2.12124
2.12684
2.13245
2.13831
2.14392
2.14928
2.1556
2.16143
2.16723
2.1735
2.1795
2.18524
2.19071
2.19591
2.20132
2.2067
2.21109
2.21664
2.22168
2.22693
2.23214
2.23732
2.24222
2.24756
2.25262
2.25764
2.26214
2.26708
2.27172
2.2768
2.28183
2.28655
2.29146
2.2963
2.30082
2.30575
2.31012
2.31536
2.31954
2.32385
2.32757
2.3319
2.33561
2.33942
2.34285
2.34636
2.34898
2.35166
2.3544
2.35719
2.35977
2.36214
2.36404
2.36595
2.36762
2.3688
2.36949
2.36967
