-5.01369
-5.01477
-5.01554
-5.01584
-5.01628
-5.01685
-5.01756
-5.01824
-5.01907
-5.01957
-5.02021
-5.02069
-5.02084
-5.02129
-5.02232
-5.02273
-5.02283
-5.02322
-5.02344
-5.02365
-5.02414
-5.02432
-5.02419
-5.0245
-5.02511
-5.02525
-5.02553
-5.02565
-5.02592
-5.02618
-5.02659
-5.02669
-5.02663
-5.02703
-5.02743
-5.02813
-5.02853
-5.02908
-5.02964
-5.02975
-5.03002
-5.03029
-5.03072
-5.03086
-5.03162
-5.03193
-5.03226
-5.03275
-5.03296
-5.03334
-5.03373
-5.03383
-5.03426
-5.03486
-5.03548
-5.03567
-5.03604
-5.03658
-5.03684
-5.03727
-5.03819
-5.03883
-5.03949
-5.03973
-5.0406
-5.04135
-5.04213
-5.04309
-5.04377
-5.04463
-5.04567
-5.04659
-5.0483
-5.04928
-5.05058
-5.05162
-5.05268
-5.05407
-5.05534
-5.05617
-5.05719
-5.05838
-5.05975
-5.06099
-5.0621
-5.06308
-5.06408
-5.06525
-5.06659
-5.06779
-5.06886
-5.0701
-5.0715
-5.07305
-5.07417
-5.07559
-5.07718
-5.07861
-5.0802
-5.08163
-5.08322
-5.0848
-5.08623
-5.0878
-5.08936
-5.09075
-5.09213
-5.09365
-5.09499
-5.09632
-5.09762
-5.09874
-5.09998
-5.10135
-5.10253
-5.10382
-5.10493
-5.10585
-5.10687
-5.10786
-5.10909
-5.10983
-5.11081
-5.11144
-5.11247
-5.11314
-5.1139
-5.1146
-5.11509
-5.11596
-5.11602
-5.11601
-5.11623
-5.11638
-5.11601
-5.11602
-5.11627
-5.11629
-5.11593
-5.11551
-5.11516
-5.11489
-5.11425
-5.11338
-5.1129
-5.1122
-5.11158
-5.1109
-5.1097
-5.10889
-5.10832
-5.10709
-5.10596
-5.10462
-5.10308
-5.1018
-5.10033
-5.09927
-5.09787
-5.09629
-5.09513
-5.09381
-5.09231
-5.09094
-5.08957
-5.08804
-5.08682
-5.0853
-5.08348
-5.08183
-5.0805
-5.07934
-5.07761
-5.07591
-5.0747
-5.07353
-5.07225
-5.07073
-5.0697
-5.06874
-5.06737
-5.06638
-5.06515
-5.06429
-5.0635
-5.06293
-5.06244
-5.06173
-5.06124
-5.06083
-5.0602
-5.0598
-5.05949
-5.0594
-5.0594
-5.05948
-5.05948
-5.05957
-5.06003
-5.06026
-5.06117
-5.06125
-5.062
-5.06282
-5.06371
-5.06465
-5.06536
-5.06642
-5.06738
-5.06839
-5.06884
-5.07009
-5.07123
-5.07256
-5.07361
-5.07484
-5.0764
-5.07768
-5.07897
-5.08027
-5.08158
-5.0829
-5.08436
-5.08552
-5.08683
-5.08812
-5.08955
-5.09096
-5.09251
-5.09327
-5.09446
-5.09577
-5.09659
-5.09783
-5.09873
-5.09959
-5.1004
-5.10102
-5.10189
-5.10302
-5.10379
-5.10435
-5.10486
-5.10501
-5.10571
-5.10635
-5.10693
-5.1076
-5.10776
-5.108
-5.10803
-5.10831
-5.10836
-5.10821
-5.10859
-5.10846
-5.10826
-5.1077
-5.10768
-5.1073
-5.10671
-5.10635
-5.10579
-5.10501
-5.10433
-5.10373
-5.10308
-5.10237
-5.10146
-5.10033
-5.09946
-5.09822
-5.09679
-5.09575
-5.09421
-5.09308
-5.09144
-5.0899
-5.08892
-5.08744
-5.08561
-5.08388
-5.08212
-5.08076
-5.0792
-5.07716
-5.07537
-5.07339
-5.07092
-5.06871
-5.06661
-5.06448
-5.06215
-5.05994
-5.058
-5.05587
-5.05386
-5.0515
-5.04927
-5.04669
-5.04454
-5.0422
-5.03983
-5.03742
-5.03543
-5.03311
-5.03075
-5.02867
-5.0264
-5.0238
-5.02132
-5.01866
-5.01597
-5.0131
-5.01019
-5.00756
-5.0049
-5.00252
-4.99965
-4.99676
-4.994
-4.99122
-4.98826
-4.98543
-4.98228
-4.97926
-4.97638
-4.97318
-4.97012
-4.96691
-4.96383
-4.9606
-4.95751
-4.95443
-4.9518
-4.94857
-4.94535
-4.94229
-4.9391
-4.93591
-4.9329
-4.92991
-4.92709
-4.924
-4.92124
-4.91821
-4.91536
-4.9124
-4.90978
-4.90735
-4.90451
-4.90187
-4.89912
-4.89642
-4.89377
-4.89103
-4.88879
-4.8866
-4.88417
-4.88194
-4.87962
-4.87766
-4.87575
-4.87375
-4.87212
-4.87008
-4.8678
-4.86589
-4.86402
-4.86222
-4.86077
-4.85938
-4.85788
-4.85644
-4.85475
-4.85341
-4.85243
-4.85103
-4.84984
-4.84884
-4.84774
-4.84653
-4.84536
-4.84454
-4.84345
-4.84256
-4.84155
-4.84073
-4.8395
-4.83875
-4.83759
-4.83706
-4.83658
-4.83582
-4.83525
-4.83441
-4.83376
-4.833
-4.83257
-4.83218
-4.83152
-4.8315
-4.83153
-4.83129
-4.83125
-4.83094
-4.83084
-4.83107
-4.83091
-4.83079
-4.83102
-4.83131
-4.83195
-4.83219
-4.83265
-4.83316
-4.83373
-4.83421
-4.83491
-4.83567
-4.83665
-4.83709
-4.83775
-4.83878
-4.83989
-4.84121
-4.84231
-4.84348
-4.84472
-4.84633
-4.84756
-4.84916
-4.85083
-4.85242
-4.85423
-4.85564
-4.85727
-4.85911
-4.86116
-4.86311
-4.86512
-4.86702
-4.86942
-4.87171
-4.87405
-4.87626
-4.87897
-4.8814
-4.8834
-4.88557
-4.88791
-4.89057
-4.89278
-4.895
-4.89738
-4.89976
-4.90213
-4.90465
-4.90685
-4.90935
-4.91168
-4.914
-4.91614
-4.91827
-4.92052
-4.92291
-4.92527
-4.92745
-4.92961
-4.93188
-4.93398
-4.9359
-4.93779
-4.93965
-4.94163
-4.94359
-4.94566
-4.94756
-4.94943
-4.95127
-4.95308
-4.95472
-4.95648
-4.95851
-4.96022
-4.96236
-4.96402
-4.96566
-4.96727
-4.96902
-4.97073
-4.97198
-4.9738
-4.97545
-4.97693
-4.97853
-4.97981
-4.98091
-4.98244
-4.98394
-4.98526
-4.98655
-4.98781
-4.98935
-4.99054
-4.99156
-4.99238
-4.99332
-4.99438
-4.99539
-4.99666
-4.99759
-4.99863
-4.99962
-5.00011
-5.00101
-5.0017
-5.0022
-5.0028
-5.00364
-5.00414
-5.00473
-5.00481
-5.00515
-5.00543
-5.00536
-5.00539
-5.00552
-5.00575
-5.00578
-5.00576
-5.0057
-5.00589
-5.00573
-5.00584
-5.00561
-5.00518
-5.00488
-5.00439
-5.00402
-5.00347
-5.00305
-5.00185
-5.00169
-5.00152
-5.00073
-5.00022
-4.99971
-4.99905
-4.99853
-4.99816
-4.99764
-4.99667
-4.99631
-4.99612
-4.99578
-4.99545
-4.99469
-4.9944
-4.99382
-4.99341
-4.99302
-4.9928
-4.99246
-4.99213
-4.99183
-4.99141
-4.99116
-4.99123
-4.99088
-4.9907
-4.99085
-4.99102
-4.99076
-4.99052
-4.99061
-4.99042
-4.99054
-4.99069
-4.99055
-4.99027
-4.99046
-4.99051
-4.99058
-4.99065
-4.99058
-4.99051
-4.99045
-4.99069
-4.99063
-4.99103
-4.99081
-4.99089
-4.99097
-4.99103
-4.99123
-4.99111
-4.99098
-4.99038
-4.98975
-4.98955
-4.98979
-4.98969
-4.98925
-4.98909
-4.98889
-4.9885
-4.98823
-4.98746
-4.98694
-4.98653
-4.98592
-4.98541
-4.98516
-4.98469
-4.98433
-4.98391
-4.98312
-4.98213
-4.98123
-4.98042
-4.97939
-4.97831
-4.97717
-4.97596
-4.97485
-4.97353
-4.97216
-4.97088
-4.96924
-4.96756
-4.96598
-4.96451
-4.963
-4.9613
-4.95927
-4.95706
-4.95543
-4.95379
-4.95214
-4.95018
-4.94852
-4.94672
-4.94494
-4.94317
-4.94128
-4.93973
-4.93792
-4.93691
-4.93551
-4.93401
-4.93258
-4.93123
-4.92981
-4.92908
-4.92799
-4.92685
-4.92581
-4.92518
-4.9242
-4.9238
-4.92336
-4.92349
-4.92315
-4.92323
-4.92343
-4.92376
-4.92376
-4.92404
-4.92459
-4.92542
-4.92636
-4.92713
-4.928
-4.92899
-4.9304
-4.9319
-4.93336
-4.93476
-4.93626
-4.93785
-4.93997
-4.94172
-4.94355
-4.94545
-4.94726
-4.94943
-4.95181
-4.95409
-4.95656
-4.95907
-4.96131
-4.96374
-4.96649
-4.96881
-4.9713
-4.9741
-4.97661
-4.97912
-4.98147
-4.98383
-4.98632
-4.9888
-4.99097
-4.99356
-4.99553
-4.99793
-5.00029
-5.00278
-5.00492
-5.00733
-5.0097
-5.01157
-5.01354
-5.01531
-5.01749
-5.01961
-5.02213
-5.02414
-5.02609
-5.02798
-5.02965
-5.03096
-5.0325
-5.03443
-5.03583
-5.03717
-5.03843
-5.03947
-5.04059
-5.04163
-5.0426
-5.0435
-5.04432
-5.04521
-5.04587
-5.04646
-5.04712
-5.04786
-5.04821
-5.04849
-5.04868
-5.04926
-5.0496
-5.04942
-5.04945
-5.04957
-5.04915
-5.04911
-5.04869
-5.04835
-5.04808
-5.04774
-5.04718
-5.04654
-5.04629
-5.04536
-5.04451
-5.04374
-5.04246
-5.04126
-5.03999
-5.03821
-5.03667
-5.03477
-5.03311
-5.03154
-5.03008
-5.0281
-5.02638
-5.02445
-5.02264
-5.02077
-5.01887
-5.01722
-5.01509
-5.01323
-5.01103
-5.00881
-5.0064
-5.00413
-5.00199
-4.99968
-4.99735
-4.99532
-4.99313
-4.9914
-4.98935
-4.98701
-4.98498
-4.98265
-4.98034
-4.9782
-4.97637
-4.97427
-4.97219
-4.97014
-4.96813
-4.9663
-4.96451
-4.96261
-4.9606
-4.95895
-4.95734
-4.95579
-4.95414
-4.95271
-4.95133
-4.95002
-4.94863
-4.9473
-4.94589
-4.94471
-4.9433
-4.94211
-4.94116
-4.94089
-4.93994
-4.93893
-4.93891
-4.93822
-4.93776
-4.93724
-4.93711
-4.93691
-4.93681
-4.93694
-4.93716
-4.93702
-4.93741
-4.9379
-4.93848
-4.93884
-4.93943
-4.94026
-4.94118
-4.94218
-4.94311
-4.94412
-4.94521
-4.94608
-4.94702
-4.94879
-4.94972
-4.95103
-4.95255
-4.95414
-4.95594
-4.95765
-4.95957
-4.96139
-4.96326
-4.96517
-4.96713
-4.96914
-4.97118
-4.97325
-4.97536
-4.9775
-4.97981
-4.98214
-4.98465
-4.98656
-4.98894
-4.99132
-4.99371
-4.9958
-4.99773
-4.99981
-5.00203
-5.00438
-5.00657
-5.00888
-5.01087
-5.01298
-5.01506
-5.01726
-5.01911
-5.02093
-5.02255
-5.02427
-5.02595
-5.02772
-5.02943
-5.03079
-5.03254
-5.03392
-5.03524
-5.03664
-5.03752
-5.03893
-5.04041
-5.04167
-5.0424
-5.04336
-5.04393
-5.04487
-5.04528
-5.04591
-5.04645
-5.0463
-5.04638
-5.04621
-5.04627
-5.04593
-5.04597
-5.04562
-5.04548
-5.04512
-5.04467
-5.04414
-5.04368
-5.04299
-5.04238
-5.04154
-5.04077
-5.03993
-5.03873
-5.0379
-5.03687
-5.03561
-5.0343
-5.03353
-5.03241
-5.03079
-5.02911
-5.02769
-5.02593
-5.02457
-5.02334
-5.02161
-5.01955
-5.01792
-5.01611
-5.01443
-5.01257
-5.01085
-5.00912
-5.00768
-5.00593
-5.00416
-5.0027
-5.00093
-4.99916
-4.99739
-4.99547
-4.99371
-4.99211
-4.9899
-4.988
-4.98612
-4.98394
-4.98192
-4.98006
-4.97836
-4.97683
-4.97515
-4.97348
-4.97243
-4.97064
-4.96916
-4.96753
-4.96592
-4.96432
-4.96288
-4.96115
-4.95958
-4.95802
-4.95677
-4.95523
-4.95386
-4.95219
-4.95054
-4.94906
-4.94744
-4.94584
-4.9444
-4.94269
-4.9413
-4.93933
-4.93799
-4.93653
-4.9354
-4.93385
-4.93264
-4.93131
-4.93018
-4.92895
-4.92822
-4.92738
-4.92645
-4.92543
-4.92447
-4.92357
-4.92289
-4.92213
-4.92144
-4.92097
-4.92074
-4.92074
