-0.491519 0.499044 0.472322
-0.324664 -0.315821 0.499037
0.492111 -0.341274 -0.347199
-0.358388 -0.498096 -0.33254
-0.169481 -0.49425 -0.497438
0.000970067 -0.328648 -0.494822
-0.17855 -0.327125 -0.328114
0.00379571 0.497799 -0.330256
0.172266 0.490869 -0.486717
0.331367 -0.321437 -0.495692
0.164472 -0.33554 -0.329314
0.3313 0.486508 -0.33083
0.490604 -0.169235 -0.498621
-0.338927 -0.0111195 -0.489501
-0.498029 -0.00829657 -0.33447
-0.335107 -0.168418 -0.321379
-0.162129 -0.160951 -0.49529
0.0177481 -0.00529934 0.499771
-0.168738 0.0029708 -0.31482
-0.0104894 -0.16396 -0.315286
0.159975 -0.182577 0.487088
0.321586 -0.000777824 0.499997
0.164649 -0.0232121 -0.318728
0.321895 -0.157452 -0.341054
0.468723 0.15483 -0.487796
-0.337474 0.339039 -0.495852
0.496575 0.333717 -0.327951
-0.355655 0.164433 -0.333626
-0.174083 0.160453 -0.4737
-0.0110778 0.318201 -0.485194
-0.16807 0.35398 -0.32912
-0.00392345 0.164312 -0.311066
0.159819 0.165652 -0.499303
0.346617 0.340346 -0.496978
0.165173 0.334629 -0.323868
0.32286 0.166833 -0.332017
0.483882 0.492452 -0.156237
-0.347914 -0.345859 -0.144725
0.493985 -0.325554 0.0108417
-0.324406 -0.486578 0.00847722
-0.176347 -0.469811 -0.159907
0.00735056 -0.31268 -0.161951
-0.14714 -0.334366 0.0201703
0.0032172 -0.498178 0.00110036
0.150839 0.497948 -0.168915
0.317034 -0.341752 -0.169209
0.161615 -0.329959 0.0124086
0.342686 -0.498193 0.00929337
0.495856 -0.184826 -0.173205
-0.335132 0.00927183 -0.159578
-0.490794 -0.0064399 0.00338916
-0.327857 -0.160227 0.00391518
-0.185134 -0.19553 -0.140807
0.0124599 -0.00510479 -0.154386
-0.180311 0.00875291 -0.00691048
0.00702613 -0.16093 0.0136483
0.165415 -0.173608 -0.158258
0.325607 -0.00176496 -0.145573
0.162264 0.0166446 -0.00507597
0.334319 -0.175681 0.0109941
0.480418 0.168084 -0.182486
-0.336791 0.351948 -0.143779
0.494012 0.337774 0.0196764
-0.336105 0.170938 0.000145449
-0.156578 0.181457 -0.174272
0.0120076 0.328634 -0.172282
-0.178345 0.335246 0.00946173
0.00412142 0.168565 -0.0212344
0.177429 0.164044 -0.171044
0.332622 0.329983 -0.173386
0.183861 0.336222 -0.00623475
0.344319 0.150122 0.0159922
-0.49062 0.487066 0.18744
-0.32668 -0.3238 0.154816
-0.480922 -0.339096 0.322139
-0.306226 -0.490138 0.329534
-0.178137 -0.492999 0.164577
0.00234275 -0.331118 0.177174
-0.170032 -0.333518 0.32508
-0.0137028 -0.497226 0.344567
0.171856 0.488106 0.187485
0.321645 -0.325434 0.165335
0.174068 -0.355772 0.345472
0.33864 -0.491819 0.334631
-0.495596 -0.157849 0.161011
-0.313756 0.00175438 0.167057
0.493934 0.0174918 0.355234
-0.337674 -0.163455 0.329734
-0.154765 -0.166179 0.16224
0.0137574 0.027038 0.166802
-0.162423 0.00338368 0.331175
-0.0127293 -0.152824 0.327677
0.157629 -0.180438 0.210813
0.329857 -0.0191157 0.163136
0.173394 0.00412459 0.330653
0.343116 -0.191154 0.331492
-0.490084 0.13512 0.177291
-0.331832 0.334093 0.188365
-0.483343 0.313618 0.351154
-0.324308 0.157697 0.350992
-0.17007 0.174243 0.181592
0.0051651 0.338304 0.163614
-0.174282 0.335092 0.339514
0.00771758 0.171337 0.332908
0.179944 0.171305 0.161718
0.333031 0.324159 0.201657
0.151154 0.343982 0.356312
0.321403 0.172006 0.35212
