0.769164
0.762424
0.756494
0.751341
0.747096
0.744331
0.744011
0.746971
0.753342
0.762391
0.77269
0.782568
0.790578
0.795785
0.798018
0.797782
0.796164
0.794313
0.793058
0.792794
0.793428
0.794516
0.795436
0.795283
0.792984
0.787559
0.778449
0.76579
0.750495
0.73419
0.718949
0.707053
0.700466
0.700501
0.707571
0.721187
0.740058
0.762233
0.785338
0.806836
0.824469
0.836663
0.842741
0.842879
0.837922
0.829102
0.817845
0.805547
0.793415
0.782227
0.772264
0.763503
0.755978
0.749926
0.745759
0.743706
0.743602
0.744882
0.746746
0.748445
0.749534
0.749906
0.749789
0.749656
0.750221
0.752382
0.756835
0.763692
0.772232
0.780992
0.7885
0.793807
0.796789
0.798029
0.798406
0.798597
0.798626
0.797938
0.795638
0.79102
0.784236
0.776321
0.769015
0.764165
0.763134
0.766356
0.773354
0.783016
0.793882
0.804554
0.813915
0.821155
0.8258
0.827617
0.826478
0.822269
0.815029
0.805009
0.792721
0.779077
