1.15375
1.14364
1.13474
1.12701
1.12064
1.1165
1.11602
1.12046
1.13001
1.14359
1.15904
1.17385
1.18587
1.19368
1.19703
1.19667
1.19425
1.19147
1.18959
1.18919
1.19014
1.19177
1.19315
1.19292
1.18948
1.18134
1.16767
1.14869
1.12574
1.10128
1.07842
1.06058
1.0507
1.05075
1.06136
1.08178
1.11009
1.14335
1.17801
1.21025
1.2367
1.255
1.26411
1.26432
1.25688
1.24365
1.22677
1.20832
1.19012
1.17334
1.1584
1.14525
1.13397
1.12489
1.11864
1.11556
1.1154
1.11732
1.12012
1.12267
1.1243
1.12486
1.12468
1.12448
1.12533
1.12857
1.13525
1.14554
1.15835
1.17149
1.18275
1.19071
1.19518
1.19704
1.19761
1.1979
1.19794
1.19691
1.19346
1.18653
1.17635
1.16448
1.15352
1.14625
1.1447
1.14953
1.16003
1.17452
1.19082
1.20683
1.22087
1.23173
1.2387
1.24142
1.23972
1.2334
1.22254
1.20751
1.18908
1.16861
