1 -8
2 -10
3 6
4 2
5 10
6 2
7 8
8 18
9 32
10 30
11 32
12 40
13 40
14 30
15 30
16 30
17 20
18 14
19 12
20 18
21 20
22 22
23 26
24 32
25 24
26 28
27 34
28 42
29 36
30 44
31 44
32 50
33 50
34 50
35 50
36 50
37 50
38 50
39 50
40 46
41 50
42 50
43 50
44 50
45 50
46 50
47 50
48 50
49 50
50 50
51 50
52 50
53 50
54 50
55 50
56 50
57 50
58 50
59 50
60 50
61 50
62 50
63 50
64 50
65 50
66 50
67 50
68 50
69 50
70 50
71 50
72 50
73 50
74 50
75 50
76 50
77 50
78 50
79 50
80 50
81 50
82 50
83 50
84 50
85 50
86 50
87 50
88 50
89 50
90 50
91 50
92 50
93 50
94 50
95 50
96 50
97 50
98 50
99 50
100 50
101 50
102 50
103 50
104 50
105 50
106 50
107 50
108 50
109 50
110 50
111 50
112 50
113 50
114 50
115 50
116 50
117 50
118 50
119 50
120 50
121 50
122 50
123 50
124 50
125 50
126 50
127 50
128 50
129 50
130 50
131 50
132 50
133 50
134 50
135 50
136 50
137 50
138 50
139 50
140 50
141 50
142 50
143 50
144 50
145 50
146 50
147 50
148 50
149 50
150 50
151 50
152 50
153 50
154 50
155 50
156 50
157 50
158 50
159 50
160 50
161 50
162 50
163 50
164 50
165 50
166 50
167 50
168 50
169 50
170 50
171 50
172 50
173 50
174 50
175 50
176 50
177 50
178 50
179 50
180 50
181 50
182 50
183 50
184 50
185 50
186 50
187 50
188 50
189 50
190 50
191 50
192 50
193 50
194 50
195 50
196 50
197 50
198 50
199 50
200 50
201 50
202 50
203 50
204 50
205 50
206 50
207 50
208 50
209 50
210 50
211 50
212 50
213 50
214 50
215 50
216 50
217 50
218 50
219 50
220 50
221 50
222 50
223 50
224 50
225 50
226 50
227 50
228 50
229 50
230 50
231 50
232 50
233 50
234 50
235 50
236 50
237 50
238 50
239 50
240 50
241 50
242 50
243 50
244 50
245 50
246 50
247 50
248 50
249 50
250 50
251 50
252 50
253 50
254 50
255 50
256 50
257 50
258 50
259 50
260 50
261 50
262 50
263 50
264 50
265 50
266 50
267 50
268 50
269 50
270 50
271 50
272 50
273 50
274 50
275 50
276 50
277 50
278 50
279 50
280 50
281 50
282 50
283 50
284 50
285 50
286 50
287 50
288 50
289 50
290 50
291 50
292 50
293 50
294 50
295 50
296 50
297 50
298 50
299 50
300 50
301 50
302 50
303 50
304 50
305 50
306 50
307 50
308 50
309 50
310 50
311 50
312 50
313 50
314 50
315 50
316 50
317 50
318 50
319 50
320 50
321 50
322 50
323 50
324 50
325 50
326 50
327 50
328 50
329 50
330 50
331 50
332 50
333 50
334 50
335 50
336 50
337 50
338 50
339 50
340 50
341 50
342 50
343 50
344 50
345 50
346 50
347 50
348 50
349 50
350 50
351 50
352 50
353 50
354 50
355 50
356 50
357 50
358 50
359 50
360 50
361 50
362 50
363 50
364 50
365 50
366 50
367 50
368 50
369 50
370 50
371 50
372 50
373 50
374 50
375 50
376 50
377 50
378 50
379 50
380 50
381 50
382 50
383 50
384 50
385 50
386 50
387 50
388 50
389 50
390 50
391 50
392 50
393 50
394 50
395 50
396 50
397 50
398 50
399 50
400 50
401 50
402 48
403 42
404 38
405 40
406 42
407 40
408 44
409 48
410 46
411 44
412 42
413 38
414 42
415 42
416 46
417 50
418 50
419 50
420 50
421 50
422 50
423 50
424 50
425 50
426 50
427 50
428 50
429 50
430 50
431 50
432 50
433 50
434 50
435 50
436 50
437 50
438 50
439 50
440 50
441 50
442 50
443 50
444 50
445 50
446 50
447 50
448 50
449 50
450 50
451 50
452 50
453 50
454 50
455 50
456 50
457 50
458 50
459 50
460 50
461 50
462 50
463 50
464 50
465 50
466 50
467 50
468 50
469 50
470 50
471 50
472 50
473 50
474 50
475 50
476 50
477 50
478 50
479 50
480 50
481 50
482 50
483 50
484 50
485 50
486 50
487 50
488 50
489 50
490 50
491 50
492 50
493 50
494 50
495 50
496 50
497 50
498 50
499 50
500 50
501 50
502 50
503 50
504 50
505 50
506 50
507 50
508 50
509 50
510 50
511 50
512 50
513 50
514 50
515 50
516 50
517 50
518 50
519 50
520 50
521 50
522 50
523 50
524 50
525 50
526 50
527 50
528 50
529 50
530 50
531 50
532 50
533 50
534 50
535 50
536 50
537 50
538 50
539 50
540 50
541 50
542 50
543 50
544 50
545 50
546 50
547 50
548 50
549 50
550 50
551 50
552 48
553 48
554 44
555 50
556 50
557 50
558 50
559 50
560 50
561 50
562 50
563 50
564 50
565 50
566 50
567 50
568 50
569 50
570 50
571 50
572 50
573 50
574 50
575 50
576 50
577 50
578 50
579 50
580 50
581 50
582 50
583 50
584 50
585 50
586 50
587 50
588 50
589 50
590 50
591 50
592 50
593 50
594 50
595 50
596 50
597 50
598 50
599 50
600 50
601 50
602 50
603 50
604 50
605 50
606 50
607 50
608 50
609 50
610 50
611 50
612 50
613 50
614 50
615 50
616 50
617 50
618 50
619 50
620 50
621 50
622 50
623 50
624 50
625 50
626 50
627 50
628 50
629 50
630 50
631 50
632 50
633 50
634 50
635 50
636 50
637 50
638 50
639 50
640 50
641 50
642 50
643 50
644 50
645 50
646 50
647 50
648 50
649 50
650 50
651 50
652 50
653 50
654 50
655 50
656 50
657 50
658 50
659 50
660 50
661 50
662 50
663 50
664 50
665 50
666 50
667 50
668 50
669 50
670 50
671 50
672 50
673 50
674 50
675 50
676 50
677 50
678 50
679 50
680 50
681 50
682 50
683 50
684 50
685 50
686 50
687 50
688 50
689 50
690 50
691 50
692 50
693 50
694 50
695 50
696 50
697 50
698 50
699 50
700 50
701 50
702 50
703 50
704 50
705 50
706 50
707 50
708 50
709 46
710 42
711 44
712 42
713 36
714 24
715 18
716 22
717 22
718 24
719 24
720 22
721 20
722 26
723 28
724 22
725 18
726 20
727 18
728 18
729 26
730 34
731 38
732 34
733 30
734 30
735 24
736 24
737 30
738 30
739 34
740 34
741 36
742 36
743 36
744 36
745 36
746 44
747 44
748 46
749 48
750 44
751 40
752 42
753 38
754 48
755 50
756 50
757 50
758 50
759 50
760 50
761 50
762 50
763 50
764 50
765 50
766 50
767 50
768 50
769 50
770 50
771 50
772 50
773 50
774 50
775 50
776 48
777 44
778 42
779 38
780 42
781 40
782 34
783 34
784 40
785 38
786 44
787 48
788 48
789 50
790 50
791 50
792 50
793 50
794 50
795 50
796 50
797 50
798 50
799 50
800 50
801 50
802 50
803 50
804 50
805 50
806 50
807 50
808 50
809 50
810 50
811 50
812 50
813 50
814 50
815 50
816 50
817 50
818 50
819 50
820 50
821 50
822 50
823 50
824 50
825 50
826 50
827 50
828 50
829 50
830 50
831 50
832 50
833 50
834 50
835 50
836 50
837 50
838 50
839 50
840 50
841 50
842 50
843 50
844 50
845 50
846 50
847 50
848 50
849 50
850 50
851 50
852 50
853 50
854 50
855 50
856 50
857 50
858 50
859 50
860 50
861 50
862 50
863 50
864 50
865 50
866 50
867 50
868 50
869 50
870 50
871 50
872 50
873 50
874 50
875 50
876 50
877 50
878 50
879 50
880 50
881 50
882 50
883 50
884 50
885 50
886 50
887 50
888 50
889 50
890 50
891 50
892 50
893 50
894 50
895 50
896 50
897 50
898 50
899 50
900 48
901 50
902 50
903 50
904 50
905 50
906 50
907 50
908 50
909 50
910 50
911 50
912 46
913 48
914 48
915 46
916 50
917 50
918 50
919 50
920 50
921 50
922 50
923 50
924 50
925 50
926 50
927 50
928 50
929 50
930 50
931 50
932 50
933 50
934 50
935 50
936 50
937 50
938 50
939 50
940 50
941 50
942 50
943 50
944 50
945 50
946 50
947 50
948 50
949 50
950 50
951 50
952 50
953 50
954 50
955 50
956 50
957 50
958 50
959 50
960 50
961 50
962 50
963 50
964 50
965 50
966 50
967 50
968 50
969 50
970 50
971 50
972 50
973 50
974 50
975 50
976 50
977 50
978 50
979 50
980 50
981 50
982 50
983 50
984 50
985 50
986 50
987 50
988 50
989 50
990 50
991 50
992 50
993 50
994 50
995 50
996 50
997 50
998 50
999 50
1000 50
1001 50
1002 50
1003 50
1004 50
1005 50
1006 50
1007 50
1008 50
1009 50
1010 50
1011 50
1012 50
1013 50
1014 50
1015 50
1016 50
1017 50
1018 50
1019 50
1020 50
1021 50
1022 50
1023 50
1024 50
1025 50
1026 50
1027 50
1028 50
1029 50
1030 50
1031 50
1032 50
1033 50
1034 50
1035 50
1036 50
1037 50
1038 50
1039 50
1040 50
1041 50
1042 50
1043 50
1044 50
1045 50
1046 50
1047 50
1048 50
1049 50
1050 50
1051 50
1052 50
1053 50
1054 50
1055 50
1056 50
1057 50
1058 50
1059 50
1060 50
1061 50
1062 50
1063 50
1064 50
1065 50
1066 50
1067 50
1068 50
1069 50
1070 50
1071 50
1072 50
1073 50
1074 50
1075 50
1076 50
1077 50
1078 50
1079 50
1080 50
1081 50
1082 50
1083 50
1084 50
1085 50
1086 50
1087 50
1088 50
1089 50
1090 50
1091 50
1092 50
1093 50
1094 50
1095 50
1096 50
1097 50
1098 50
1099 50
1100 50
1101 50
1102 50
1103 50
1104 50
1105 50
1106 50
1107 50
1108 50
1109 50
1110 50
1111 50
1112 50
1113 50
1114 50
1115 50
1116 50
1117 50
1118 50
1119 50
1120 50
1121 50
1122 50
1123 50
1124 50
1125 50
1126 50
1127 50
1128 50
1129 50
1130 50
1131 50
1132 50
1133 50
1134 50
1135 50
1136 50
1137 50
1138 44
1139 48
1140 50
1141 50
1142 50
1143 50
1144 50
1145 50
1146 50
1147 50
1148 50
1149 50
1150 50
1151 50
1152 50
1153 50
1154 50
1155 50
1156 50
1157 46
1158 46
1159 48
1160 46
1161 48
1162 50
1163 50
1164 50
1165 50
1166 50
1167 50
1168 50
1169 50
1170 50
1171 50
1172 50
1173 50
1174 50
1175 50
1176 50
1177 50
1178 50
1179 50
1180 50
1181 50
1182 50
1183 50
1184 50
1185 50
1186 50
1187 50
1188 50
1189 50
1190 50
1191 50
1192 50
1193 50
1194 50
1195 50
1196 50
1197 50
1198 50
1199 50
1200 50
1201 50
1202 50
1203 50
1204 50
1205 50
1206 50
1207 50
1208 50
1209 50
1210 50
1211 50
1212 50
1213 50
1214 50
1215 50
1216 50
1217 50
1218 50
1219 50
1220 50
1221 50
1222 50
1223 50
1224 50
1225 50
1226 50
1227 50
1228 50
1229 50
1230 50
1231 50
1232 50
1233 50
1234 50
1235 50
1236 50
1237 50
1238 50
1239 50
1240 50
1241 50
1242 50
1243 50
1244 50
1245 50
1246 50
1247 50
1248 50
1249 50
1250 50
1251 50
1252 50
1253 50
1254 50
1255 50
1256 50
1257 50
1258 50
1259 50
1260 50
1261 50
1262 50
1263 50
1264 50
1265 50
1266 50
1267 50
1268 50
1269 50
1270 50
1271 50
1272 50
1273 50
1274 50
1275 50
1276 50
1277 50
1278 50
1279 50
1280 50
1281 50
1282 50
1283 50
1284 50
1285 50
1286 50
1287 50
1288 50
1289 50
1290 50
1291 50
1292 50
1293 50
1294 50
1295 50
1296 50
1297 50
1298 50
1299 50
1300 50
1301 50
1302 50
1303 50
1304 50
1305 50
1306 50
1307 50
1308 50
1309 50
1310 50
1311 50
1312 50
1313 50
1314 50
1315 50
1316 50
1317 50
1318 50
1319 50
1320 50
1321 50
1322 50
1323 50
1324 50
1325 50
1326 50
1327 50
1328 50
1329 50
1330 50
1331 50
1332 50
1333 50
1334 50
1335 50
1336 50
1337 50
1338 50
1339 50
1340 50
1341 50
1342 50
1343 50
1344 50
1345 50
1346 50
1347 50
1348 50
1349 50
1350 50
1351 50
1352 50
1353 50
1354 50
1355 50
1356 50
1357 50
1358 50
1359 50
1360 50
1361 50
1362 50
1363 50
1364 50
1365 50
1366 50
1367 50
1368 50
1369 50
1370 50
1371 50
1372 50
1373 50
1374 50
1375 50
1376 50
1377 50
1378 50
1379 50
1380 50
1381 50
1382 50
1383 50
1384 50
1385 50
1386 50
1387 50
1388 50
1389 50
1390 50
1391 50
1392 50
1393 50
1394 50
1395 50
1396 50
1397 50
1398 50
1399 50
1400 50
1401 50
1402 50
1403 50
1404 50
1405 50
1406 50
1407 50
1408 50
1409 50
1410 50
1411 50
1412 50
1413 50
1414 50
1415 50
1416 50
1417 50
1418 50
1419 50
1420 50
1421 50
1422 50
1423 50
1424 50
1425 50
1426 50
1427 50
1428 50
1429 50
1430 50
1431 50
1432 50
1433 50
1434 50
1435 50
1436 50
1437 50
1438 50
1439 50
1440 50
1441 40
1442 40
1443 40
1444 36
1445 36
1446 28
1447 30
1448 28
1449 28
1450 28
1451 22
1452 20
1453 20
1454 22
1455 24
1456 22
1457 20
1458 20
1459 14
1460 12
1461 14
1462 16
1463 14
1464 14
1465 14
1466 8
1467 10
1468 18
1469 18
1470 24
1471 26
1472 30
1473 28
1474 24
1475 22
1476 18
1477 16
1478 30
1479 30
1480 30
1481 28
1482 26
1483 26
1484 34
1485 42
1486 40
1487 40
1488 40
1489 38
1490 30
1491 22
1492 18
1493 16
1494 18
1495 20
1496 24
1497 22
1498 24
1499 20
1500 24
1501 24
1502 44
1503 42
1504 42
1505 44
1506 48
1507 50
1508 50
1509 50
1510 50
1511 50
1512 50
1513 50
1514 50
1515 50
1516 50
1517 50
1518 50
1519 50
1520 50
1521 50
1522 50
1523 50
1524 50
1525 50
1526 50
1527 50
1528 50
1529 50
1530 50
1531 50
1532 50
1533 50
1534 50
1535 50
1536 50
1537 50
1538 50
1539 50
1540 50
1541 50
1542 50
1543 50
1544 50
1545 50
1546 44
1547 40
1548 36
1549 32
1550 34
1551 34
1552 36
1553 34
1554 28
1555 36
1556 36
1557 38
1558 28
1559 28
1560 28
1561 30
1562 30
1563 32
1564 28
1565 28
1566 28
1567 28
1568 34
1569 36
1570 36
1571 30
1572 32
1573 30
1574 34
1575 34
1576 26
1577 28
1578 22
1579 20
1580 28
1581 30
1582 30
1583 34
1584 34
1585 36
1586 36
1587 38
1588 34
1589 26
1590 26
1591 32
1592 32
1593 32
1594 40
1595 46
1596 50
1597 50
1598 50
1599 50
1600 50
1601 50
1602 50
1603 50
1604 50
1605 50
1606 50
1607 50
1608 50
1609 50
1610 50
1611 50
1612 50
1613 50
1614 50
1615 50
1616 50
1617 50
1618 50
1619 50
1620 50
1621 50
1622 50
1623 50
1624 50
1625 50
1626 50
1627 50
1628 50
1629 50
1630 50
1631 50
1632 50
1633 50
1634 50
1635 50
1636 50
1637 50
1638 50
1639 50
1640 50
1641 50
1642 50
1643 50
1644 50
1645 50
1646 50
1647 50
1648 50
1649 50
1650 50
1651 50
1652 50
1653 50
1654 50
1655 50
1656 50
1657 50
1658 50
1659 50
1660 50
1661 50
1662 46
1663 36
1664 40
1665 38
1666 34
1667 38
1668 38
1669 38
1670 42
1671 42
1672 42
1673 40
1674 42
1675 40
1676 42
1677 40
1678 42
1679 38
1680 40
1681 42
1682 40
1683 34
1684 36
1685 38
1686 38
1687 40
1688 42
1689 38
1690 40
1691 34
1692 42
1693 44
1694 44
1695 36
1696 32
1697 28
1698 22
1699 28
1700 32
1701 24
1702 24
1703 22
1704 20
1705 22
1706 30
1707 38
1708 42
1709 46
1710 46
1711 30
1712 34
1713 28
1714 26
1715 30
1716 30
1717 30
1718 24
1719 20
1720 20
1721 20
1722 20
1723 18
1724 14
1725 12
1726 14
1727 16
1728 16
1729 18
1730 20
1731 22
1732 26
1733 20
1734 16
1735 14
1736 18
1737 18
1738 20
1739 22
1740 14
1741 12
1742 12
1743 20
1744 16
1745 8
1746 8
1747 8
1748 6
1749 8
1750 12
1751 6
1752 4
1753 0
1754 0
1755 -4
1756 -4
1757 -4
1758 2
1759 -4
1760 -4
1761 0
1762 -2
1763 0
1764 0
1765 -2
1766 -6
1767 -16
1768 -14
1769 -20
1770 -20
1771 -24
1772 -26
1773 -28
1774 -28
1775 -26
1776 -24
1777 -22
1778 -24
1779 -26
1780 -26
1781 -26
1782 -24
1783 -18
1784 -16
1785 -16
1786 -16
1787 -12
1788 -22
1789 -26
1790 -24
1791 -22
1792 -26
1793 -28
1794 -24
1795 -26
1796 -24
1797 -22
1798 -10
1799 -10
1800 -22
1801 -22
1802 -20
1803 -20
1804 -24
1805 -16
1806 -10
1807 -10
1808 -8
1809 -12
1810 -12
1811 -16
1812 -12
1813 -6
1814 -6
1815 -8
1816 -10
1817 -18
1818 -24
1819 -14
1820 -16
1821 -12
1822 -8
1823 -16
1824 -6
1825 -14
1826 -18
1827 -6
1828 -6
1829 -2
1830 4
1831 0
1832 -6
1833 -12
1834 2
1835 -8
1836 0
1837 4
1838 -2
1839 10
1840 10
1841 24
1842 28
1843 34
1844 32
1845 38
1846 34
1847 34
1848 30
1849 34
1850 34
1851 38
1852 44
1853 44
1854 42
1855 42
1856 42
1857 44
1858 46
1859 48
1860 42
1861 38
1862 34
1863 32
1864 32
1865 30
1866 36
1867 34
1868 34
1869 32
1870 34
1871 28
1872 22
1873 26
1874 24
1875 18
1876 20
1877 22
1878 24
1879 24
1880 28
1881 28
1882 24
1883 16
1884 18
1885 24
1886 24
1887 34
1888 32
1889 36
1890 38
1891 38
1892 40
1893 50
1894 50
1895 50
1896 50
1897 50
1898 44
1899 40
1900 38
1901 28
1902 24
1903 32
1904 30
1905 28
1906 26
1907 24
1908 20
1909 14
1910 10
1911 14
1912 12
1913 14
1914 20
1915 16
1916 16
1917 20
1918 22
1919 20
1920 20
1921 26
1922 26
1923 24
1924 20
1925 28
1926 32
1927 40
1928 34
1929 38
1930 42
1931 46
1932 46
1933 44
1934 46
1935 44
1936 48
1937 44
1938 48
1939 48
1940 44
1941 48
1942 48
1943 40
1944 44
1945 44
1946 42
1947 46
1948 40
1949 42
1950 44
1951 42
1952 36
1953 34
1954 34
1955 32
1956 30
1957 28
1958 24
1959 22
1960 22
1961 22
1962 22
1963 28
1964 24
1965 22
1966 20
1967 26
1968 28
1969 22
1970 22
1971 24
1972 28
1973 26
1974 26
1975 30
1976 30
1977 38
1978 38
1979 38
1980 40
1981 38
1982 36
1983 42
1984 42
1985 44
1986 46
1987 46
1988 46
1989 46
1990 38
1991 38
1992 36
1993 36
1994 36
1995 38
1996 40
1997 34
1998 40
1999 44
2000 38
2001 42
2002 48
2003 48
2004 50
2005 50
2006 50
2007 50
2008 50
2009 50
2010 50
2011 50
2012 50
2013 50
2014 50
2015 50
2016 50
2017 50
2018 50
2019 50
2020 50
2021 50
2022 48
2023 48
2024 50
2025 50
2026 50
2027 50
2028 50
2029 50
2030 50
2031 50
2032 50
2033 50
2034 50
2035 50
2036 50
2037 50
2038 50
2039 50
2040 50
2041 50
2042 50
2043 50
2044 50
2045 50
2046 50
2047 50
2048 50
2049 50
2050 50
2051 50
2052 50
2053 50
2054 50
2055 50
2056 50
2057 50
2058 50
2059 50
2060 50
2061 50
2062 50
2063 50
2064 50
2065 50
2066 50
2067 50
2068 50
2069 50
2070 50
2071 50
2072 50
2073 50
2074 50
2075 50
2076 50
2077 50
2078 50
2079 50
2080 50
2081 50
2082 50
2083 50
2084 50
2085 50
2086 50
2087 50
2088 50
2089 50
2090 50
2091 50
2092 50
2093 50
2094 50
2095 50
2096 50
2097 50
2098 50
2099 50
2100 50
2101 50
2102 50
2103 50
2104 50
2105 50
2106 50
2107 50
2108 50
2109 50
2110 50
2111 50
2112 50
2113 50
2114 50
2115 50
2116 50
2117 50
2118 50
2119 50
2120 50
2121 50
2122 50
2123 50
2124 50
2125 50
2126 50
2127 50
2128 50
2129 50
2130 50
2131 50
2132 50
2133 50
2134 44
2135 46
2136 48
2137 48
2138 46
2139 48
2140 46
2141 40
2142 42
2143 36
2144 28
2145 22
2146 22
2147 30
2148 32
2149 30
2150 26
2151 22
2152 22
2153 22
2154 24
2155 20
2156 18
2157 22
2158 14
2159 6
2160 4
2161 6
2162 0
2163 -4
2164 4
2165 16
2166 16
2167 14
2168 16
2169 16
2170 14
2171 12
2172 18
2173 18
2174 10
2175 14
2176 12
2177 8
2178 14
2179 6
2180 18
2181 20
2182 20
2183 18
2184 20
2185 24
2186 22
2187 20
2188 18
2189 18
2190 16
2191 18
2192 18
2193 20
2194 24
2195 24
2196 22
2197 22
2198 20
2199 16
2200 18
2201 18
2202 16
2203 24
2204 26
2205 30
2206 28
2207 32
2208 30
2209 38
2210 34
2211 42
2212 40
2213 46
2214 44
2215 48
2216 46
2217 42
2218 44
2219 44
2220 46
2221 40
2222 42
2223 40
2224 38
2225 38
2226 36
2227 38
2228 40
2229 38
2230 40
2231 40
2232 42
2233 46
2234 44
2235 38
2236 34
2237 32
2238 32
2239 32
2240 42
2241 40
2242 36
2243 40
2244 40
2245 34
2246 32
2247 32
2248 26
2249 20
2250 20
2251 16
2252 12
2253 12
2254 18
2255 12
2256 10
2257 12
2258 14
2259 14
2260 14
2261 14
2262 10
2263 14
2264 14
2265 12
2266 8
2267 8
2268 0
2269 2
2270 8
2271 8
2272 2
2273 6
2274 4
2275 6
2276 0
2277 -4
2278 -2
2279 -4
2280 -10
2281 -6
2282 0
2283 2
2284 4
2285 4
2286 4
2287 4
2288 8
2289 0
2290 2
2291 4
2292 6
2293 8
2294 12
2295 10
2296 12
2297 8
2298 10
2299 10
2300 8
2301 -2
2302 2
2303 6
2304 12
2305 12
2306 16
2307 4
2308 -4
2309 -6
2310 -10
2311 -6
2312 -2
2313 -2
2314 2
2315 4
2316 6
2317 2
2318 4
2319 0
2320 0
2321 -2
2322 -10
2323 -12
2324 -12
2325 -16
2326 -10
2327 -12
2328 -6
2329 -14
2330 -10
2331 -10
2332 -12
2333 -14
2334 -14
2335 -12
2336 -14
2337 -12
2338 -12
2339 -4
2340 -2
2341 0
2342 -2
2343 -2
2344 -2
2345 -4
2346 -8
2347 -14
2348 -8
2349 0
2350 -6
2351 -6
2352 -10
2353 -8
2354 -2
2355 2
2356 4
2357 6
2358 8
2359 12
2360 10
2361 16
2362 18
2363 18
2364 22
2365 22
2366 18
2367 14
2368 14
2369 20
2370 22
2371 20
2372 18
2373 18
2374 20
2375 30
2376 34
2377 28
2378 34
2379 38
2380 42
2381 46
2382 50
2383 50
2384 50
2385 50
2386 50
2387 50
2388 50
2389 50
2390 50
2391 50
2392 50
2393 50
2394 50
2395 50
2396 50
2397 50
2398 50
2399 50
2400 50
2401 50
2402 50
2403 50
2404 50
2405 50
2406 50
2407 50
2408 50
2409 50
2410 50
2411 50
2412 50
2413 50
2414 50
2415 50
2416 50
2417 50
2418 50
2419 50
2420 50
2421 50
2422 50
2423 50
2424 50
2425 50
2426 50
2427 50
2428 50
2429 50
2430 50
2431 50
2432 50
2433 50
2434 50
2435 50
2436 50
2437 50
2438 50
2439 50
2440 50
2441 50
2442 50
2443 50
2444 50
2445 50
2446 50
2447 50
2448 50
2449 50
2450 50
2451 50
2452 50
2453 50
2454 50
2455 50
2456 50
2457 50
2458 50
2459 50
2460 50
2461 50
2462 50
2463 50
2464 50
2465 50
2466 50
2467 50
2468 50
2469 50
2470 50
2471 50
2472 50
2473 50
2474 50
2475 50
2476 50
2477 50
2478 50
2479 50
2480 50
2481 50
2482 50
2483 50
2484 50
2485 50
2486 50
2487 50
2488 50
2489 50
2490 50
2491 50
2492 50
2493 50
2494 50
2495 50
2496 50
2497 50
2498 50
2499 50
2500 50
2501 50
2502 50
2503 50
2504 50
2505 50
2506 50
2507 50
2508 50
2509 50
2510 50
2511 50
2512 50
2513 50
2514 50
2515 50
2516 50
2517 50
2518 50
2519 50
2520 50
2521 50
2522 50
2523 50
2524 50
2525 50
2526 50
2527 50
2528 50
2529 50
2530 50
2531 50
2532 50
2533 50
2534 50
2535 50
2536 50
2537 50
2538 50
2539 50
2540 50
2541 50
2542 50
2543 50
2544 50
2545 50
2546 50
2547 50
2548 50
2549 50
2550 50
2551 50
2552 50
2553 50
2554 50
2555 50
2556 50
2557 50
2558 50
2559 50
2560 50
2561 50
2562 50
2563 50
2564 50
2565 50
2566 50
2567 50
2568 50
2569 50
2570 48
2571 46
2572 48
2573 42
2574 40
2575 44
2576 42
2577 46
2578 44
2579 46
2580 38
2581 42
2582 40
2583 38
2584 48
2585 48
2586 48
2587 46
2588 46
2589 50
2590 50
2591 50
2592 50
2593 50
2594 50
2595 50
2596 50
2597 50
2598 50
2599 50
2600 50
2601 50
2602 50
2603 50
2604 50
2605 50
2606 50
2607 50
2608 50
2609 50
2610 50
2611 50
2612 50
2613 50
2614 50
2615 50
2616 50
2617 50
2618 50
2619 50
2620 50
2621 50
2622 50
2623 50
2624 50
2625 50
2626 50
2627 50
2628 50
2629 50
2630 50
2631 50
2632 50
2633 50
2634 50
2635 50
2636 50
2637 50
2638 50
2639 50
2640 50
2641 50
2642 50
2643 50
2644 50
2645 50
2646 50
2647 50
2648 50
2649 50
2650 50
2651 50
2652 50
2653 50
2654 50
2655 50
2656 50
2657 50
2658 50
2659 50
2660 50
2661 50
2662 50
2663 50
2664 50
2665 50
2666 50
2667 50
2668 50
2669 50
2670 50
2671 50
2672 50
2673 48
2674 48
2675 46
2676 42
2677 48
2678 46
2679 46
2680 50
2681 50
2682 50
2683 50
2684 50
2685 50
2686 50
2687 50
2688 50
2689 50
2690 50
2691 50
2692 50
2693 50
2694 48
2695 50
2696 50
2697 50
2698 50
2699 50
2700 50
2701 50
2702 50
2703 50
2704 50
2705 50
2706 50
2707 50
2708 50
2709 50
2710 50
2711 50
2712 50
2713 50
2714 50
2715 50
2716 50
2717 50
2718 50
2719 50
2720 50
2721 50
2722 50
2723 50
2724 50
2725 50
2726 50
2727 50
2728 50
2729 50
2730 50
2731 50
2732 50
2733 50
2734 50
2735 50
2736 50
2737 50
2738 50
2739 50
2740 50
2741 50
2742 50
2743 50
2744 50
2745 50
2746 50
2747 50
2748 50
2749 50
2750 50
2751 50
2752 50
2753 50
2754 50
2755 50
2756 50
2757 50
2758 50
2759 50
2760 50
2761 50
2762 50
2763 50
2764 50
2765 50
2766 50
2767 50
2768 50
2769 50
2770 50
2771 50
2772 50
2773 50
2774 50
2775 50
2776 50
2777 50
2778 50
2779 50
2780 50
2781 50
2782 50
2783 50
2784 50
2785 50
2786 50
2787 50
2788 50
2789 50
2790 50
2791 50
2792 50
2793 50
2794 50
2795 50
2796 50
2797 50
2798 50
2799 50
2800 50
2801 50
2802 50
2803 50
2804 50
2805 50
2806 50
2807 50
2808 50
2809 50
2810 50
2811 50
2812 50
2813 50
2814 50
2815 50
2816 50
2817 50
2818 50
2819 50
2820 50
2821 50
2822 50
2823 50
2824 50
2825 50
2826 50
2827 50
2828 50
2829 50
2830 50
2831 50
2832 50
2833 50
2834 50
2835 50
2836 50
2837 50
2838 50
2839 50
2840 50
2841 50
2842 50
2843 50
2844 50
2845 50
2846 50
2847 50
2848 50
2849 50
2850 50
2851 50
2852 50
2853 50
2854 50
2855 50
2856 50
2857 50
2858 50
2859 50
2860 50
2861 50
2862 50
2863 50
2864 50
2865 50
2866 50
2867 50
2868 50
2869 50
2870 50
2871 50
2872 50
2873 50
2874 50
2875 50
2876 50
2877 50
2878 50
2879 50
2880 50
2881 50
2882 50
2883 50
2884 50
2885 50
2886 50
2887 50
2888 50
2889 50
2890 50
2891 50
2892 50
2893 50
2894 50
2895 50
2896 50
2897 50
2898 50
2899 50
2900 50
2901 50
2902 50
2903 50
2904 50
2905 50
2906 50
2907 50
2908 50
2909 50
2910 50
2911 50
2912 50
2913 50
2914 50
2915 50
2916 50
2917 50
2918 50
2919 50
2920 50
2921 50
2922 50
2923 50
2924 50
2925 50
2926 50
2927 50
2928 50
2929 50
2930 50
2931 50
2932 50
2933 50
2934 50
2935 50
2936 50
2937 50
2938 50
2939 50
2940 50
2941 50
2942 50
2943 50
2944 50
2945 50
2946 50
2947 50
2948 50
2949 50
2950 50
2951 50
2952 50
2953 50
2954 50
2955 50
2956 50
2957 50
2958 50
2959 50
2960 50
2961 50
2962 50
2963 50
2964 50
2965 50
2966 50
2967 50
2968 50
2969 50
2970 50
2971 50
2972 50
2973 50
2974 50
2975 50
2976 50
2977 50
2978 50
2979 50
2980 50
2981 50
2982 50
2983 50
2984 50
2985 50
2986 50
2987 50
2988 50
2989 50
2990 50
2991 48
2992 50
2993 50
2994 50
2995 46
2996 40
2997 42
2998 34
2999 36
3000 38
3001 38
3002 36
3003 36
3004 34
3005 30
3006 28
3007 24
3008 26
3009 36
3010 36
3011 36
3012 36
3013 38
3014 44
3015 44
3016 42
3017 50
3018 50
3019 50
3020 50
3021 50
3022 50
3023 50
3024 50
3025 50
3026 50
3027 50
3028 50
3029 50
3030 50
3031 50
3032 50
3033 50
3034 50
3035 50
3036 50
3037 50
3038 50
3039 50
3040 50
3041 50
3042 50
3043 50
3044 50
3045 50
3046 50
3047 50
3048 50
3049 50
3050 50
3051 50
3052 50
3053 50
3054 50
3055 50
3056 50
3057 50
3058 50
3059 50
3060 50
3061 50
3062 50
3063 50
3064 50
3065 50
3066 48
3067 50
3068 50
3069 50
3070 50
3071 50
3072 50
3073 50
3074 50
3075 50
3076 50
3077 50
3078 50
3079 50
3080 50
3081 50
3082 50
3083 50
3084 50
3085 50
3086 50
3087 50
3088 50
3089 50
3090 50
3091 50
3092 50
3093 50
3094 50
3095 50
3096 50
3097 50
3098 50
3099 50
3100 50
3101 50
3102 50
3103 50
3104 50
3105 50
3106 50
3107 50
3108 50
3109 50
3110 50
3111 50
3112 50
3113 50
3114 50
3115 50
3116 50
3117 50
3118 50
3119 50
3120 50
3121 50
3122 50
3123 50
3124 50
3125 50
3126 50
3127 50
3128 50
3129 50
3130 50
3131 50
3132 50
3133 50
3134 48
3135 46
3136 42
3137 48
3138 50
3139 50
3140 50
3141 50
3142 50
3143 50
3144 50
3145 50
3146 50
3147 50
3148 50
3149 50
3150 50
3151 50
3152 50
3153 50
3154 50
3155 50
3156 50
3157 50
3158 50
3159 50
3160 50
3161 50
3162 50
3163 50
3164 50
3165 50
3166 50
3167 50
3168 50
3169 50
3170 50
3171 50
3172 50
3173 50
3174 50
3175 50
3176 50
3177 50
3178 50
3179 50
3180 50
3181 50
3182 50
3183 50
3184 50
3185 50
3186 50
3187 50
3188 50
3189 50
3190 50
3191 50
3192 50
3193 50
3194 50
3195 50
3196 50
3197 50
3198 50
3199 50
3200 50
3201 50
3202 50
3203 50
3204 50
3205 50
3206 50
3207 50
3208 50
3209 50
3210 50
3211 50
3212 50
3213 50
3214 50
3215 50
3216 50
3217 50
3218 50
3219 50
3220 50
3221 50
3222 50
3223 50
3224 50
3225 50
3226 50
3227 50
3228 50
3229 50
3230 50
3231 50
3232 50
3233 50
3234 50
3235 50
3236 50
3237 50
3238 50
3239 50
3240 50
3241 50
3242 50
3243 50
3244 50
3245 50
3246 50
3247 50
3248 48
3249 44
3250 48
3251 50
3252 50
3253 50
3254 50
3255 50
3256 50
3257 50
3258 50
3259 50
3260 50
3261 50
3262 50
3263 50
3264 50
3265 50
3266 50
3267 50
3268 50
3269 48
3270 50
3271 50
3272 50
3273 50
3274 50
3275 50
3276 50
3277 50
3278 50
3279 50
3280 50
3281 50
3282 50
3283 50
3284 50
3285 50
3286 50
3287 50
3288 50
3289 50
3290 50
3291 50
3292 50
3293 50
3294 50
3295 50
3296 50
3297 50
3298 50
3299 50
3300 50
3301 50
3302 50
3303 50
3304 50
3305 50
3306 50
3307 50
3308 50
3309 50
3310 50
3311 50
3312 50
3313 50
3314 50
3315 50
3316 50
3317 50
3318 50
3319 50
3320 50
3321 50
3322 50
3323 50
3324 50
3325 50
3326 50
3327 50
3328 50
3329 50
3330 50
3331 50
3332 50
3333 50
3334 50
3335 50
3336 50
3337 50
3338 50
3339 50
3340 50
3341 50
3342 50
3343 50
3344 50
3345 50
3346 50
3347 50
3348 50
3349 50
3350 50
3351 50
3352 50
3353 50
3354 50
3355 50
3356 50
3357 50
3358 50
3359 50
3360 50
3361 50
3362 50
3363 50
3364 50
3365 50
3366 50
3367 50
3368 50
3369 50
3370 50
3371 50
3372 48
3373 48
3374 50
3375 50
3376 50
3377 50
3378 50
3379 50
3380 50
3381 50
3382 50
3383 50
3384 50
3385 50
3386 44
3387 38
3388 34
3389 34
3390 34
3391 28
3392 26
3393 26
3394 30
3395 32
3396 28
3397 32
3398 36
3399 36
3400 36
3401 34
3402 36
3403 34
3404 38
3405 36
3406 38
3407 40
3408 44
3409 50
3410 50
3411 50
3412 50
3413 50
3414 50
3415 50
3416 50
3417 50
3418 50
3419 50
3420 50
3421 50
3422 50
3423 50
3424 50
3425 50
3426 50
3427 50
3428 50
3429 50
3430 50
3431 50
3432 50
3433 50
3434 50
3435 50
3436 50
3437 50
3438 50
3439 50
3440 50
3441 50
3442 50
3443 50
3444 48
3445 48
3446 50
3447 50
3448 50
3449 50
3450 50
3451 50
3452 50
3453 50
3454 50
3455 50
3456 50
3457 50
3458 50
3459 50
3460 50
3461 50
3462 50
3463 50
3464 50
3465 50
3466 50
3467 50
3468 50
3469 50
3470 50
3471 50
3472 50
3473 50
3474 50
3475 50
3476 50
3477 50
3478 50
3479 50
3480 50
3481 50
3482 50
3483 50
3484 50
3485 50
3486 50
3487 50
3488 50
3489 50
3490 50
3491 50
3492 50
3493 50
3494 50
3495 50
3496 50
3497 50
3498 50
3499 50
3500 50
3501 50
3502 50
3503 50
3504 50
3505 50
3506 50
3507 50
3508 50
3509 50
3510 50
3511 50
3512 50
3513 50
3514 50
3515 50
3516 50
3517 50
3518 50
3519 50
3520 50
3521 50
3522 50
3523 50
3524 50
3525 50
3526 50
3527 50
3528 50
3529 50
3530 50
3531 50
3532 50
3533 50
3534 50
3535 50
3536 50
3537 50
3538 50
3539 50
3540 50
3541 50
3542 50
3543 50
3544 50
3545 50
3546 50
3547 50
3548 50
3549 50
3550 50
3551 50
3552 50
3553 50
3554 50
3555 50
3556 50
3557 50
3558 50
3559 50
3560 50
3561 50
3562 50
3563 50
3564 50
3565 50
3566 50
3567 50
3568 50
3569 50
3570 50
3571 50
3572 50
3573 50
3574 50
3575 50
3576 50
3577 50
3578 50
3579 50
3580 50
3581 50
3582 50
3583 50
3584 50
3585 50
3586 50
3587 50
3588 50
3589 50
3590 50
3591 50
3592 50
3593 50
3594 50
3595 50
3596 50
3597 50
3598 50
3599 50
3600 50
3601 50
3602 50
3603 50
3604 50
3605 50
3606 50
3607 50
3608 46
3609 50
3610 50
3611 50
3612 50
3613 50
3614 50
3615 50
3616 50
3617 50
3618 50
3619 50
3620 50
3621 50
3622 50
3623 50
3624 50
3625 50
3626 50
3627 50
3628 50
3629 50
3630 50
3631 50
3632 50
3633 50
3634 50
3635 50
3636 50
3637 50
3638 50
3639 50
3640 50
3641 50
3642 50
3643 50
3644 50
3645 50
3646 50
3647 50
3648 50
3649 50
3650 50
3651 50
3652 48
3653 48
3654 50
3655 50
3656 50
3657 50
3658 50
3659 50
3660 50
3661 50
3662 50
3663 50
3664 50
3665 50
3666 50
3667 50
3668 50
3669 50
3670 50
3671 50
3672 50
3673 50
3674 50
3675 50
3676 50
3677 50
3678 50
3679 50
3680 50
3681 50
3682 50
3683 50
3684 50
3685 50
3686 50
3687 50
3688 50
3689 50
3690 50
3691 50
3692 50
3693 50
3694 50
3695 50
3696 50
3697 50
3698 50
3699 50
3700 50
3701 50
3702 50
3703 50
3704 50
3705 48
3706 50
3707 50
3708 50
3709 50
3710 50
3711 50
3712 50
3713 50
3714 50
3715 50
3716 50
3717 50
3718 50
3719 50
3720 50
3721 50
3722 50
3723 50
3724 50
3725 50
3726 50
3727 50
3728 50
3729 50
3730 50
3731 50
3732 50
3733 50
3734 50
3735 50
3736 50
3737 50
3738 50
3739 50
3740 50
3741 50
3742 50
3743 50
3744 50
3745 50
3746 50
3747 50
3748 50
3749 50
3750 50
3751 50
3752 50
3753 50
3754 50
3755 50
3756 50
3757 50
3758 50
3759 50
3760 50
3761 50
3762 50
3763 50
3764 50
3765 50
3766 50
3767 50
3768 50
3769 50
3770 50
3771 50
3772 50
3773 50
3774 50
3775 50
3776 50
3777 50
3778 50
3779 50
3780 50
3781 50
3782 50
3783 50
3784 50
3785 50
3786 50
3787 50
3788 50
3789 50
3790 50
3791 50
3792 50
3793 50
3794 50
3795 50
3796 50
3797 50
3798 50
3799 50
3800 50
3801 50
3802 50
3803 50
3804 50
3805 50
3806 50
3807 50
3808 50
3809 50
3810 50
3811 50
3812 50
3813 50
3814 50
3815 50
3816 50
3817 50
3818 50
3819 50
3820 50
3821 50
3822 50
3823 50
3824 50
3825 50
3826 50
3827 50
3828 50
3829 48
3830 46
3831 48
3832 50
3833 50
3834 50
3835 50
3836 50
3837 50
3838 50
3839 50
3840 50
3841 50
3842 50
3843 50
3844 50
3845 50
3846 50
3847 50
3848 50
3849 50
3850 50
3851 50
3852 50
3853 50
3854 50
3855 50
3856 50
3857 50
3858 50
3859 50
3860 50
3861 50
3862 50
3863 50
3864 50
3865 50
3866 50
3867 50
3868 50
3869 50
3870 50
3871 50
3872 50
3873 50
3874 50
3875 50
3876 50
3877 50
3878 50
3879 50
3880 50
3881 50
3882 50
3883 50
3884 50
3885 50
3886 50
3887 50
3888 50
3889 50
3890 50
3891 50
3892 50
3893 50
3894 50
3895 50
3896 50
3897 50
3898 50
3899 50
3900 50
3901 50
3902 50
3903 50
3904 50
3905 50
3906 50
3907 50
3908 50
3909 50
3910 50
3911 50
3912 50
3913 50
3914 50
3915 50
3916 50
3917 50
3918 50
3919 50
3920 50
3921 50
3922 50
3923 50
3924 50
3925 50
3926 50
3927 50
3928 50
3929 50
3930 50
3931 50
3932 50
3933 50
3934 50
3935 50
3936 50
3937 50
3938 50
3939 50
3940 50
3941 50
3942 50
3943 50
3944 50
3945 50
3946 50
3947 50
3948 50
3949 50
3950 50
3951 50
3952 50
3953 50
3954 50
3955 50
3956 50
3957 50
3958 50
3959 50
3960 50
3961 50
3962 50
3963 50
3964 50
3965 50
3966 50
3967 50
3968 50
3969 50
3970 50
3971 50
3972 50
3973 50
3974 50
3975 50
3976 50
3977 50
3978 50
3979 50
3980 50
3981 50
3982 50
3983 50
3984 50
3985 50
3986 50
3987 50
3988 50
3989 50
3990 50
3991 50
3992 50
3993 50
3994 50
3995 50
3996 50
3997 50
3998 50
3999 50
4000 50
4001 50
4002 50
4003 50
4004 50
4005 50
4006 50
4007 50
4008 50
4009 50
4010 50
4011 50
4012 50
4013 50
4014 50
4015 50
4016 50
4017 50
4018 50
4019 50
4020 50
4021 50
4022 50
4023 50
4024 50
4025 50
4026 50
4027 50
4028 50
4029 50
4030 50
4031 50
4032 50
4033 50
4034 50
4035 50
4036 50
4037 50
4038 50
4039 50
4040 50
4041 50
4042 50
4043 50
4044 50
4045 50
4046 50
4047 50
4048 50
4049 50
4050 50
4051 50
4052 50
4053 50
4054 50
4055 50
4056 50
4057 50
4058 50
4059 50
4060 50
4061 50
4062 50
4063 50
4064 50
4065 50
4066 50
4067 50
4068 50
4069 50
4070 50
4071 50
4072 50
4073 50
4074 50
4075 50
4076 50
4077 50
4078 50
4079 50
4080 50
4081 50
4082 50
4083 50
4084 50
4085 50
4086 50
4087 50
4088 50
4089 50
4090 50
4091 50
4092 50
4093 50
4094 50
4095 50
4096 50
4097 50
4098 50
4099 50
4100 50
4101 50
4102 50
4103 50
4104 50
4105 50
4106 50
4107 50
4108 50
4109 50
4110 50
4111 50
4112 50
4113 50
4114 50
4115 50
4116 50
4117 50
4118 50
4119 50
4120 50
4121 50
4122 50
4123 50
4124 50
4125 50
4126 50
4127 50
4128 50
4129 50
4130 50
4131 50
4132 50
4133 50
4134 50
4135 50
4136 50
4137 50
4138 50
4139 50
4140 50
4141 50
4142 50
4143 50
4144 50
4145 50
4146 50
4147 50
4148 50
4149 50
4150 50
4151 50
4152 50
4153 50
4154 50
4155 50
4156 50
4157 50
4158 50
4159 50
4160 50
4161 50
4162 50
4163 50
4164 50
4165 50
4166 50
4167 50
4168 50
4169 50
4170 50
4171 50
4172 50
4173 50
4174 50
4175 50
4176 50
4177 50
4178 50
4179 50
4180 50
4181 50
4182 50
4183 50
4184 50
4185 50
4186 50
4187 50
4188 50
4189 50
4190 50
4191 50
4192 50
4193 50
4194 50
4195 50
4196 50
4197 50
4198 50
4199 50
4200 50
4201 50
4202 50
4203 50
4204 50
4205 50
4206 50
4207 50
4208 50
4209 50
4210 48
4211 46
4212 50
4213 50
4214 50
4215 50
4216 50
4217 50
4218 50
4219 50
4220 50
4221 50
4222 46
4223 46
4224 48
4225 44
4226 44
4227 44
4228 44
4229 50
4230 50
4231 50
4232 50
4233 50
4234 50
4235 50
4236 50
4237 50
4238 50
4239 50
4240 50
4241 50
4242 50
4243 50
4244 50
4245 50
4246 50
4247 50
4248 50
4249 50
4250 50
4251 50
4252 50
4253 50
4254 50
4255 50
4256 50
4257 50
4258 50
4259 50
4260 50
4261 50
4262 50
4263 50
4264 50
4265 50
4266 50
4267 50
4268 50
4269 50
4270 50
4271 50
4272 50
4273 50
4274 50
4275 50
4276 50
4277 50
4278 50
4279 50
4280 48
4281 50
4282 50
4283 50
4284 50
4285 50
4286 50
4287 50
4288 50
4289 50
4290 50
4291 50
4292 50
4293 50
4294 50
4295 50
4296 50
4297 50
4298 50
4299 50
4300 50
4301 50
4302 50
4303 50
4304 50
4305 50
4306 50
4307 50
4308 50
4309 50
4310 50
4311 50
4312 50
4313 50
4314 50
4315 50
4316 50
4317 50
4318 50
4319 50
4320 50
4321 50
4322 50
4323 50
4324 50
4325 50
4326 50
4327 50
4328 50
4329 50
4330 50
4331 50
4332 50
4333 50
4334 50
4335 50
4336 50
4337 50
4338 50
4339 50
4340 50
4341 50
4342 50
4343 50
4344 50
4345 50
4346 50
4347 50
4348 50
4349 50
4350 50
4351 50
4352 50
4353 50
4354 50
4355 50
4356 48
4357 50
4358 50
4359 50
4360 50
4361 50
4362 50
4363 50
4364 50
4365 50
4366 50
4367 50
4368 50
4369 50
4370 50
4371 50
4372 50
4373 50
4374 50
4375 50
4376 50
4377 50
4378 50
4379 50
4380 50
4381 50
4382 50
4383 50
4384 50
4385 50
4386 50
4387 50
4388 50
4389 50
4390 50
4391 50
4392 50
4393 50
4394 50
4395 50
4396 50
4397 50
4398 50
4399 50
4400 50
4401 50
4402 50
4403 50
4404 50
4405 50
4406 50
4407 50
4408 50
4409 50
4410 50
4411 50
4412 50
4413 50
4414 50
4415 50
4416 50
4417 50
4418 50
4419 50
4420 50
4421 50
4422 50
4423 50
4424 50
4425 50
4426 50
4427 50
4428 50
4429 50
4430 50
4431 50
4432 50
4433 50
4434 50
4435 50
4436 50
4437 50
4438 50
4439 50
4440 50
4441 50
4442 50
4443 50
4444 50
4445 50
4446 50
4447 50
4448 50
4449 50
4450 50
4451 50
4452 50
4453 50
4454 50
4455 50
4456 50
4457 50
4458 50
4459 50
4460 50
4461 50
4462 50
4463 50
4464 50
4465 50
4466 50
4467 50
4468 50
4469 50
4470 50
4471 50
4472 50
4473 50
4474 50
4475 50
4476 50
4477 50
4478 50
4479 50
4480 50
4481 50
4482 50
4483 50
4484 50
4485 50
4486 50
4487 50
4488 50
4489 50
4490 50
4491 50
4492 50
4493 50
4494 50
4495 50
4496 50
4497 50
4498 50
4499 50
4500 50
4501 50
4502 50
4503 50
4504 50
4505 50
4506 50
4507 50
4508 50
4509 50
4510 50
4511 50
4512 50
4513 50
4514 50
4515 50
4516 50
4517 50
4518 50
4519 50
4520 50
4521 50
4522 50
4523 50
4524 50
4525 50
4526 50
4527 50
4528 50
4529 50
4530 50
4531 50
4532 50
4533 50
4534 50
4535 50
4536 50
4537 50
4538 50
4539 50
4540 50
4541 50
4542 50
4543 50
4544 50
4545 50
4546 50
4547 50
4548 50
4549 50
4550 50
4551 50
4552 50
4553 50
4554 50
4555 50
4556 50
4557 50
4558 50
4559 50
4560 50
4561 50
4562 50
4563 50
4564 50
4565 50
4566 50
4567 50
4568 50
4569 50
4570 50
4571 50
4572 50
4573 50
4574 50
4575 50
4576 50
4577 50
4578 50
4579 50
4580 50
4581 50
4582 50
4583 50
4584 50
4585 50
4586 50
4587 50
4588 50
4589 50
4590 50
4591 50
4592 50
4593 50
4594 50
4595 50
4596 50
4597 50
4598 50
4599 50
4600 50
4601 50
4602 50
4603 50
4604 50
4605 50
4606 50
4607 50
4608 50
4609 50
4610 50
4611 50
4612 50
4613 50
4614 50
4615 50
4616 50
4617 50
4618 50
4619 50
4620 50
4621 50
4622 50
4623 50
4624 50
4625 50
4626 50
4627 50
4628 50
4629 50
4630 50
4631 50
4632 50
4633 50
4634 50
4635 50
4636 50
4637 50
4638 50
4639 50
4640 50
4641 50
4642 50
4643 50
4644 50
4645 50
4646 50
4647 50
4648 50
4649 50
4650 50
4651 50
4652 50
4653 50
4654 50
4655 50
4656 50
4657 50
4658 50
4659 50
4660 50
4661 50
4662 50
4663 50
4664 50
4665 50
4666 50
4667 50
4668 50
4669 50
4670 50
4671 50
4672 50
4673 50
4674 50
4675 50
4676 50
4677 50
4678 50
4679 50
4680 50
4681 50
4682 50
4683 50
4684 50
4685 50
4686 50
4687 50
4688 50
4689 50
4690 50
4691 50
4692 50
4693 50
4694 50
4695 50
4696 50
4697 50
4698 50
4699 50
4700 50
4701 50
4702 50
4703 50
4704 50
4705 50
4706 50
4707 50
4708 50
4709 50
4710 50
4711 50
4712 50
4713 44
4714 48
4715 50
4716 50
4717 50
4718 50
4719 50
4720 50
4721 50
4722 50
4723 50
4724 50
4725 50
4726 50
4727 50
4728 50
4729 50
4730 50
4731 50
4732 50
4733 50
4734 50
4735 50
4736 50
4737 50
4738 50
4739 50
4740 50
4741 50
4742 50
4743 50
4744 50
4745 50
4746 50
4747 50
4748 50
4749 50
4750 50
4751 50
4752 50
4753 50
4754 50
4755 50
4756 50
4757 50
4758 50
4759 50
4760 50
4761 50
4762 50
4763 50
4764 50
4765 50
4766 50
4767 50
4768 50
4769 50
4770 50
4771 50
4772 50
4773 50
4774 50
4775 50
4776 50
4777 50
4778 50
4779 50
4780 50
4781 50
4782 50
4783 50
4784 50
4785 50
4786 50
4787 50
4788 50
4789 50
4790 50
4791 50
4792 50
4793 50
4794 50
4795 50
4796 50
4797 50
4798 50
4799 50
4800 50
4801 50
4802 50
4803 50
4804 50
4805 50
4806 50
4807 50
4808 50
4809 50
4810 50
4811 50
4812 50
4813 50
4814 50
4815 50
4816 50
4817 50
4818 50
4819 50
4820 50
4821 50
4822 50
4823 50
4824 50
4825 50
4826 50
4827 50
4828 50
4829 50
4830 50
4831 50
4832 50
4833 50
4834 50
4835 50
4836 50
4837 50
4838 50
4839 50
4840 50
4841 50
4842 50
4843 50
4844 50
4845 50
4846 50
4847 50
4848 50
4849 50
4850 50
4851 50
4852 48
4853 50
4854 50
4855 50
4856 50
4857 50
4858 50
4859 50
4860 50
4861 50
4862 50
4863 50
4864 50
4865 50
4866 50
4867 50
4868 50
4869 50
4870 50
4871 50
4872 50
4873 50
4874 50
4875 50
4876 50
4877 50
4878 50
4879 50
4880 50
4881 50
4882 50
4883 50
4884 50
4885 50
4886 50
4887 50
4888 50
4889 50
4890 50
4891 50
4892 50
4893 50
4894 50
4895 50
4896 50
4897 50
4898 50
4899 50
4900 50
4901 50
4902 50
4903 50
4904 50
4905 50
4906 50
4907 50
4908 50
4909 50
4910 50
4911 50
4912 50
4913 50
4914 50
4915 50
4916 50
4917 50
4918 50
4919 50
4920 50
4921 50
4922 50
4923 50
4924 50
4925 50
4926 50
4927 50
4928 50
4929 50
4930 50
4931 50
4932 50
4933 50
4934 50
4935 50
4936 50
4937 50
4938 50
4939 50
4940 50
4941 50
4942 50
4943 50
4944 50
4945 50
4946 50
4947 50
4948 50
4949 50
4950 50
4951 50
4952 50
4953 50
4954 50
4955 50
4956 50
4957 50
4958 50
4959 50
4960 50
4961 50
4962 50
4963 50
4964 50
4965 50
4966 50
4967 50
4968 50
4969 50
4970 50
4971 50
4972 50
4973 50
4974 50
4975 50
4976 50
4977 50
4978 50
4979 50
4980 50
4981 50
4982 50
4983 50
4984 50
4985 50
4986 50
4987 50
4988 50
4989 50
4990 50
4991 50
4992 50
4993 50
4994 50
4995 50
4996 50
4997 50
4998 50
4999 50
5000 50
