1 -21.84
2 -29.8
3 -34.12
4 -34.04
5 -38.2
6 -38.04
7 -38.16
8 -38.36
9 -38.64
10 -42.6
11 -42.64
12 -46.8
13 -46.8
14 -46.6
15 -46.6
16 -46.6
17 -46.4
18 -46.28
19 -46.24
20 -46.36
21 -46.4
22 -46.44
23 -46.52
24 -46.64
25 -46.48
26 -46.56
27 -46.68
28 -46.84
29 -46.72
30 -46.88
31 -46.88
32 -51
33 -51
34 -51
35 -51
36 -51
37 -51
38 -51
39 -51
40 -46.92
41 -51
42 -51
43 -51
44 -51
45 -51
46 -51
47 -51
48 -51
49 -51
50 -51
51 -51
52 -51
53 -51
54 -51
55 -51
56 -51
57 -51
58 -51
59 -51
60 -51
61 -51
62 -51
63 -51
64 -51
65 -51
66 -51
67 -51
68 -51
69 -51
70 -51
71 -51
72 -51
73 -51
74 -51
75 -51
76 -51
77 -51
78 -51
79 -51
80 -51
81 -51
82 -51
83 -51
84 -51
85 -51
86 -51
87 -51
88 -51
89 -51
90 -51
91 -51
92 -51
93 -51
94 -51
95 -51
96 -51
97 -51
98 -51
99 -51
100 -51
101 -51
102 -51
103 -51
104 -51
105 -51
106 -51
107 -51
108 -51
109 -51
110 -51
111 -51
112 -51
113 -51
114 -51
115 -51
116 -51
117 -51
118 -51
119 -51
120 -51
121 -51
122 -51
123 -51
124 -51
125 -51
126 -51
127 -51
128 -51
129 -51
130 -51
131 -51
132 -51
133 -51
134 -51
135 -51
136 -51
137 -51
138 -51
139 -51
140 -51
141 -51
142 -51
143 -51
144 -51
145 -51
146 -51
147 -51
148 -51
149 -51
150 -51
151 -51
152 -51
153 -51
154 -51
155 -51
156 -51
157 -51
158 -51
159 -51
160 -51
161 -51
162 -51
163 -51
164 -51
165 -51
166 -51
167 -51
168 -51
169 -51
170 -51
171 -51
172 -51
173 -51
174 -51
175 -51
176 -51
177 -51
178 -51
179 -51
180 -51
181 -51
182 -51
183 -51
184 -51
185 -51
186 -51
187 -51
188 -51
189 -51
190 -51
191 -51
192 -51
193 -51
194 -51
195 -51
196 -51
197 -51
198 -51
199 -51
200 -51
201 -51
202 -51
203 -51
204 -51
205 -51
206 -51
207 -51
208 -51
209 -51
210 -51
211 -51
212 -51
213 -51
214 -51
215 -51
216 -51
217 -51
218 -51
219 -51
220 -51
221 -51
222 -51
223 -51
224 -51
225 -51
226 -51
227 -51
228 -51
229 -51
230 -51
231 -51
232 -51
233 -51
234 -51
235 -51
236 -51
237 -51
238 -51
239 -51
240 -51
241 -51
242 -51
243 -51
244 -51
245 -51
246 -51
247 -51
248 -51
249 -51
250 -51
251 -51
252 -51
253 -51
254 -51
255 -51
256 -51
257 -51
258 -51
259 -51
260 -51
261 -51
262 -51
263 -51
264 -51
265 -51
266 -51
267 -51
268 -51
269 -51
270 -51
271 -51
272 -51
273 -51
274 -51
275 -51
276 -51
277 -51
278 -51
279 -51
280 -51
281 -51
282 -51
283 -51
284 -51
285 -51
286 -51
287 -51
288 -51
289 -51
290 -51
291 -51
292 -51
293 -51
294 -51
295 -51
296 -51
297 -51
298 -51
299 -51
300 -51
301 -51
302 -51
303 -51
304 -51
305 -51
306 -51
307 -51
308 -51
309 -51
310 -51
311 -51
312 -51
313 -51
314 -51
315 -51
316 -51
317 -51
318 -51
319 -51
320 -51
321 -51
322 -51
323 -51
324 -51
325 -51
326 -51
327 -51
328 -51
329 -51
330 -51
331 -51
332 -51
333 -51
334 -51
335 -51
336 -51
337 -51
338 -51
339 -51
340 -51
341 -51
342 -51
343 -51
344 -51
345 -51
346 -51
347 -51
348 -51
349 -51
350 -51
351 -51
352 -51
353 -51
354 -51
355 -51
356 -51
357 -51
358 -51
359 -51
360 -51
361 -51
362 -51
363 -51
364 -51
365 -51
366 -51
367 -51
368 -51
369 -51
370 -51
371 -51
372 -51
373 -51
374 -51
375 -51
376 -51
377 -51
378 -51
379 -51
380 -51
381 -51
382 -51
383 -51
384 -51
385 -51
386 -51
387 -51
388 -51
389 -51
390 -51
391 -51
392 -51
393 -51
394 -51
395 -51
396 -51
397 -51
398 -51
399 -51
400 -51
401 -51
402 -46.96
403 -46.84
404 -46.76
405 -46.8
406 -46.84
407 -46.8
408 -46.88
409 -46.96
410 -46.92
411 -46.88
412 -46.84
413 -46.76
414 -46.84
415 -46.84
416 -46.92
417 -51
418 -51
419 -51
420 -51
421 -51
422 -51
423 -51
424 -51
425 -51
426 -51
427 -51
428 -51
429 -51
430 -51
431 -51
432 -51
433 -51
434 -51
435 -51
436 -51
437 -51
438 -51
439 -51
440 -51
441 -51
442 -51
443 -51
444 -51
445 -51
446 -51
447 -51
448 -51
449 -51
450 -51
451 -51
452 -51
453 -51
454 -51
455 -51
456 -51
457 -51
458 -51
459 -51
460 -51
461 -51
462 -51
463 -51
464 -51
465 -51
466 -51
467 -51
468 -51
469 -51
470 -51
471 -51
472 -51
473 -51
474 -51
475 -51
476 -51
477 -51
478 -51
479 -51
480 -51
481 -51
482 -51
483 -51
484 -51
485 -51
486 -51
487 -51
488 -51
489 -51
490 -51
491 -51
492 -51
493 -51
494 -51
495 -51
496 -51
497 -51
498 -51
499 -51
500 -51
501 -51
502 -51
503 -51
504 -51
505 -51
506 -51
507 -51
508 -51
509 -51
510 -51
511 -51
512 -51
513 -51
514 -51
515 -51
516 -51
517 -51
518 -51
519 -51
520 -51
521 -51
522 -51
523 -51
524 -51
525 -51
526 -51
527 -51
528 -51
529 -51
530 -51
531 -51
532 -51
533 -51
534 -51
535 -51
536 -51
537 -51
538 -51
539 -51
540 -51
541 -51
542 -51
543 -51
544 -51
545 -51
546 -51
547 -51
548 -51
549 -51
550 -51
551 -51
552 -46.96
553 -46.96
554 -46.88
555 -51
556 -51
557 -51
558 -51
559 -51
560 -51
561 -51
562 -51
563 -51
564 -51
565 -51
566 -51
567 -51
568 -51
569 -51
570 -51
571 -51
572 -51
573 -51
574 -51
575 -51
576 -51
577 -51
578 -51
579 -51
580 -51
581 -51
582 -51
583 -51
584 -51
585 -51
586 -51
587 -51
588 -51
589 -51
590 -51
591 -51
592 -51
593 -51
594 -51
595 -51
596 -51
597 -51
598 -51
599 -51
600 -51
601 -51
602 -51
603 -51
604 -51
605 -51
606 -51
607 -51
608 -51
609 -51
610 -51
611 -51
612 -51
613 -51
614 -51
615 -51
616 -51
617 -51
618 -51
619 -51
620 -51
621 -51
622 -51
623 -51
624 -51
625 -51
626 -51
627 -51
628 -51
629 -51
630 -51
631 -51
632 -51
633 -51
634 -51
635 -51
636 -51
637 -51
638 -51
639 -51
640 -51
641 -51
642 -51
643 -51
644 -51
645 -51
646 -51
647 -51
648 -51
649 -51
650 -51
651 -51
652 -51
653 -51
654 -51
655 -51
656 -51
657 -51
658 -51
659 -51
660 -51
661 -51
662 -51
663 -51
664 -51
665 -51
666 -51
667 -51
668 -51
669 -51
670 -51
671 -51
672 -51
673 -51
674 -51
675 -51
676 -51
677 -51
678 -51
679 -51
680 -51
681 -51
682 -51
683 -51
684 -51
685 -51
686 -51
687 -51
688 -51
689 -51
690 -51
691 -51
692 -51
693 -51
694 -51
695 -51
696 -51
697 -51
698 -51
699 -51
700 -51
701 -51
702 -51
703 -51
704 -51
705 -51
706 -51
707 -51
708 -51
709 -46.92
710 -46.84
711 -46.88
712 -46.84
713 -46.72
714 -46.48
715 -46.36
716 -46.44
717 -46.44
718 -46.48
719 -46.48
720 -46.44
721 -46.4
722 -46.52
723 -46.56
724 -46.44
725 -46.36
726 -46.4
727 -46.36
728 -46.36
729 -46.52
730 -46.68
731 -46.76
732 -46.68
733 -46.6
734 -46.6
735 -46.48
736 -46.48
737 -46.6
738 -42.6
739 -42.68
740 -42.68
741 -46.72
742 -46.72
743 -46.72
744 -46.72
745 -46.72
746 -46.88
747 -46.88
748 -46.92
749 -46.96
750 -46.88
751 -46.8
752 -46.84
753 -46.76
754 -46.96
755 -51
756 -51
757 -51
758 -51
759 -51
760 -51
761 -51
762 -51
763 -51
764 -51
765 -51
766 -51
767 -51
768 -51
769 -51
770 -51
771 -51
772 -51
773 -51
774 -51
775 -51
776 -46.96
777 -46.88
778 -46.84
779 -46.76
780 -46.84
781 -46.8
782 -46.68
783 -46.68
784 -46.8
785 -46.76
786 -46.88
787 -46.96
788 -46.96
789 -51
790 -51
791 -51
792 -51
793 -51
794 -51
795 -51
796 -51
797 -51
798 -51
799 -51
800 -51
801 -51
802 -51
803 -51
804 -51
805 -51
806 -51
807 -51
808 -51
809 -51
810 -51
811 -51
812 -51
813 -51
814 -51
815 -51
816 -51
817 -51
818 -51
819 -51
820 -51
821 -51
822 -51
823 -51
824 -51
825 -51
826 -51
827 -51
828 -51
829 -51
830 -51
831 -51
832 -51
833 -51
834 -51
835 -51
836 -51
837 -51
838 -51
839 -51
840 -51
841 -51
842 -51
843 -51
844 -51
845 -51
846 -51
847 -51
848 -51
849 -51
850 -51
851 -51
852 -51
853 -51
854 -51
855 -51
856 -51
857 -51
858 -51
859 -51
860 -51
861 -51
862 -51
863 -51
864 -51
865 -51
866 -51
867 -51
868 -51
869 -51
870 -51
871 -51
872 -51
873 -51
874 -51
875 -51
876 -51
877 -51
878 -51
879 -51
880 -51
881 -51
882 -51
883 -51
884 -51
885 -51
886 -51
887 -51
888 -51
889 -51
890 -51
891 -51
892 -51
893 -51
894 -51
895 -51
896 -51
897 -51
898 -51
899 -51
900 -46.96
901 -51
902 -51
903 -51
904 -51
905 -51
906 -51
907 -51
908 -51
909 -51
910 -51
911 -51
912 -46.92
913 -46.96
914 -46.96
915 -46.92
916 -51
917 -51
918 -51
919 -51
920 -51
921 -51
922 -51
923 -51
924 -51
925 -51
926 -51
927 -51
928 -51
929 -51
930 -51
931 -51
932 -51
933 -51
934 -51
935 -51
936 -51
937 -51
938 -51
939 -51
940 -51
941 -51
942 -51
943 -51
944 -51
945 -51
946 -51
947 -51
948 -51
949 -51
950 -51
951 -51
952 -51
953 -51
954 -51
955 -51
956 -51
957 -51
958 -51
959 -51
960 -51
961 -51
962 -51
963 -51
964 -51
965 -51
966 -51
967 -51
968 -51
969 -51
970 -51
971 -51
972 -51
973 -51
974 -51
975 -51
976 -51
977 -51
978 -51
979 -51
980 -51
981 -51
982 -51
983 -51
984 -51
985 -51
986 -51
987 -51
988 -51
989 -51
990 -51
991 -51
992 -51
993 -51
994 -51
995 -51
996 -51
997 -51
998 -51
999 -51
1000 -51
1001 -51
1002 -51
1003 -51
1004 -51
1005 -51
1006 -51
1007 -51
1008 -51
1009 -51
1010 -51
1011 -51
1012 -51
1013 -51
1014 -51
1015 -51
1016 -51
1017 -51
1018 -51
1019 -51
1020 -51
1021 -51
1022 -51
1023 -51
1024 -51
1025 -51
1026 -51
1027 -51
1028 -51
1029 -51
1030 -51
1031 -51
1032 -51
1033 -51
1034 -51
1035 -51
1036 -51
1037 -51
1038 -51
1039 -51
1040 -51
1041 -51
1042 -51
1043 -51
1044 -51
1045 -51
1046 -51
1047 -51
1048 -51
1049 -51
1050 -51
1051 -51
1052 -51
1053 -51
1054 -51
1055 -51
1056 -51
1057 -51
1058 -51
1059 -51
1060 -51
1061 -51
1062 -51
1063 -51
1064 -51
1065 -51
1066 -51
1067 -51
1068 -51
1069 -51
1070 -51
1071 -51
1072 -51
1073 -51
1074 -51
1075 -51
1076 -51
1077 -51
1078 -51
1079 -51
1080 -51
1081 -51
1082 -51
1083 -51
1084 -51
1085 -51
1086 -51
1087 -51
1088 -51
1089 -51
1090 -51
1091 -51
1092 -51
1093 -51
1094 -51
1095 -51
1096 -51
1097 -51
1098 -51
1099 -51
1100 -51
1101 -51
1102 -51
1103 -51
1104 -51
1105 -51
1106 -51
1107 -51
1108 -51
1109 -51
1110 -51
1111 -51
1112 -51
1113 -51
1114 -51
1115 -51
1116 -51
1117 -51
1118 -51
1119 -51
1120 -51
1121 -51
1122 -51
1123 -51
1124 -51
1125 -51
1126 -51
1127 -51
1128 -51
1129 -51
1130 -51
1131 -51
1132 -51
1133 -51
1134 -51
1135 -51
1136 -51
1137 -51
1138 -46.88
1139 -46.96
1140 -51
1141 -51
1142 -51
1143 -51
1144 -51
1145 -51
1146 -51
1147 -51
1148 -51
1149 -51
1150 -51
1151 -51
1152 -51
1153 -51
1154 -51
1155 -51
1156 -51
1157 -46.92
1158 -46.92
1159 -46.96
1160 -46.92
1161 -46.96
1162 -51
1163 -51
1164 -51
1165 -51
1166 -51
1167 -51
1168 -51
1169 -51
1170 -51
1171 -51
1172 -51
1173 -51
1174 -51
1175 -51
1176 -51
1177 -51
1178 -51
1179 -51
1180 -51
1181 -51
1182 -51
1183 -51
1184 -51
1185 -51
1186 -51
1187 -51
1188 -51
1189 -51
1190 -51
1191 -51
1192 -51
1193 -51
1194 -51
1195 -51
1196 -51
1197 -51
1198 -51
1199 -51
1200 -51
1201 -51
1202 -51
1203 -51
1204 -51
1205 -51
1206 -51
1207 -51
1208 -51
1209 -51
1210 -51
1211 -51
1212 -51
1213 -51
1214 -51
1215 -51
1216 -51
1217 -51
1218 -51
1219 -51
1220 -51
1221 -51
1222 -51
1223 -51
1224 -51
1225 -51
1226 -51
1227 -51
1228 -51
1229 -51
1230 -51
1231 -51
1232 -51
1233 -51
1234 -51
1235 -51
1236 -51
1237 -51
1238 -51
1239 -51
1240 -51
1241 -51
1242 -51
1243 -51
1244 -51
1245 -51
1246 -51
1247 -51
1248 -51
1249 -51
1250 -51
1251 -51
1252 -51
1253 -51
1254 -51
1255 -51
1256 -51
1257 -51
1258 -51
1259 -51
1260 -51
1261 -51
1262 -51
1263 -51
1264 -51
1265 -51
1266 -51
1267 -51
1268 -51
1269 -51
1270 -51
1271 -51
1272 -51
1273 -51
1274 -51
1275 -51
1276 -51
1277 -51
1278 -51
1279 -51
1280 -51
1281 -51
1282 -51
1283 -51
1284 -51
1285 -51
1286 -51
1287 -51
1288 -51
1289 -51
1290 -51
1291 -51
1292 -51
1293 -51
1294 -51
1295 -51
1296 -51
1297 -51
1298 -51
1299 -51
1300 -51
1301 -51
1302 -51
1303 -51
1304 -51
1305 -51
1306 -51
1307 -51
1308 -51
1309 -51
1310 -51
1311 -51
1312 -51
1313 -51
1314 -51
1315 -51
1316 -51
1317 -51
1318 -51
1319 -51
1320 -51
1321 -51
1322 -51
1323 -51
1324 -51
1325 -51
1326 -51
1327 -51
1328 -51
1329 -51
1330 -51
1331 -51
1332 -51
1333 -51
1334 -51
1335 -51
1336 -51
1337 -51
1338 -51
1339 -51
1340 -51
1341 -51
1342 -51
1343 -51
1344 -51
1345 -51
1346 -51
1347 -51
1348 -51
1349 -51
1350 -51
1351 -51
1352 -51
1353 -51
1354 -51
1355 -51
1356 -51
1357 -51
1358 -51
1359 -51
1360 -51
1361 -51
1362 -51
1363 -51
1364 -51
1365 -51
1366 -51
1367 -51
1368 -51
1369 -51
1370 -51
1371 -51
1372 -51
1373 -51
1374 -51
1375 -51
1376 -51
1377 -51
1378 -51
1379 -51
1380 -51
1381 -51
1382 -51
1383 -51
1384 -51
1385 -51
1386 -51
1387 -51
1388 -51
1389 -51
1390 -51
1391 -51
1392 -51
1393 -51
1394 -51
1395 -51
1396 -51
1397 -51
1398 -51
1399 -51
1400 -51
1401 -51
1402 -51
1403 -51
1404 -51
1405 -51
1406 -51
1407 -51
1408 -51
1409 -51
1410 -51
1411 -51
1412 -51
1413 -51
1414 -51
1415 -51
1416 -51
1417 -51
1418 -51
1419 -51
1420 -51
1421 -51
1422 -51
1423 -51
1424 -51
1425 -51
1426 -51
1427 -51
1428 -51
1429 -51
1430 -51
1431 -51
1432 -51
1433 -51
1434 -51
1435 -51
1436 -51
1437 -51
1438 -51
1439 -51
1440 -51
1441 -46.8
1442 -46.8
1443 -46.8
1444 -46.72
1445 -46.72
1446 -46.56
1447 -46.6
1448 -46.56
1449 -46.56
1450 -46.56
1451 -46.44
1452 -46.4
1453 -46.4
1454 -46.44
1455 -46.48
1456 -46.44
1457 -46.4
1458 -46.4
1459 -46.28
1460 -46.24
1461 -46.28
1462 -46.32
1463 -46.28
1464 -46.28
1465 -46.28
1466 -46.16
1467 -46.2
1468 -46.36
1469 -46.36
1470 -46.48
1471 -46.52
1472 -46.6
1473 -46.56
1474 -46.48
1475 -46.44
1476 -46.36
1477 -46.32
1478 -46.6
1479 -46.6
1480 -46.6
1481 -46.56
1482 -46.52
1483 -46.52
1484 -46.68
1485 -46.84
1486 -46.8
1487 -46.8
1488 -46.8
1489 -46.76
1490 -46.6
1491 -46.44
1492 -46.36
1493 -46.32
1494 -46.36
1495 -46.4
1496 -46.48
1497 -46.44
1498 -46.48
1499 -46.4
1500 -46.48
1501 -46.48
1502 -46.88
1503 -46.84
1504 -46.84
1505 -46.88
1506 -46.96
1507 -51
1508 -51
1509 -51
1510 -51
1511 -51
1512 -51
1513 -51
1514 -51
1515 -51
1516 -51
1517 -51
1518 -51
1519 -51
1520 -51
1521 -51
1522 -51
1523 -51
1524 -51
1525 -51
1526 -51
1527 -51
1528 -51
1529 -51
1530 -51
1531 -51
1532 -51
1533 -51
1534 -51
1535 -51
1536 -51
1537 -51
1538 -51
1539 -51
1540 -51
1541 -51
1542 -51
1543 -51
1544 -51
1545 -51
1546 -46.88
1547 -46.8
1548 -46.72
1549 -42.64
1550 -42.68
1551 -42.68
1552 -46.72
1553 -46.68
1554 -46.56
1555 -46.72
1556 -46.72
1557 -46.76
1558 -46.56
1559 -46.56
1560 -46.56
1561 -46.6
1562 -46.6
1563 -46.64
1564 -46.56
1565 -46.56
1566 -46.56
1567 -46.56
1568 -46.68
1569 -46.72
1570 -46.72
1571 -46.6
1572 -46.64
1573 -46.6
1574 -46.68
1575 -46.68
1576 -46.52
1577 -46.56
1578 -46.44
1579 -46.4
1580 -46.56
1581 -46.6
1582 -46.6
1583 -46.68
1584 -46.68
1585 -46.72
1586 -46.72
1587 -46.76
1588 -46.68
1589 -46.52
1590 -46.52
1591 -46.64
1592 -46.64
1593 -46.64
1594 -46.8
1595 -46.92
1596 -51
1597 -51
1598 -51
1599 -51
1600 -51
1601 -51
1602 -51
1603 -51
1604 -51
1605 -51
1606 -51
1607 -51
1608 -51
1609 -51
1610 -51
1611 -51
1612 -51
1613 -51
1614 -51
1615 -51
1616 -51
1617 -51
1618 -51
1619 -51
1620 -51
1621 -51
1622 -51
1623 -51
1624 -51
1625 -51
1626 -51
1627 -51
1628 -51
1629 -51
1630 -51
1631 -51
1632 -51
1633 -51
1634 -51
1635 -51
1636 -51
1637 -51
1638 -51
1639 -51
1640 -51
1641 -51
1642 -51
1643 -51
1644 -51
1645 -51
1646 -51
1647 -51
1648 -51
1649 -51
1650 -51
1651 -51
1652 -51
1653 -51
1654 -51
1655 -51
1656 -51
1657 -51
1658 -51
1659 -51
1660 -51
1661 -51
1662 -46.92
1663 -46.72
1664 -46.8
1665 -46.76
1666 -46.68
1667 -46.76
1668 -46.76
1669 -46.76
1670 -46.84
1671 -46.84
1672 -46.84
1673 -46.8
1674 -46.84
1675 -46.8
1676 -46.84
1677 -46.8
1678 -46.84
1679 -46.76
1680 -46.8
1681 -46.84
1682 -46.8
1683 -46.68
1684 -46.72
1685 -46.76
1686 -46.76
1687 -46.8
1688 -46.84
1689 -46.76
1690 -46.8
1691 -46.68
1692 -46.84
1693 -46.88
1694 -46.88
1695 -46.72
1696 -46.64
1697 -46.56
1698 -46.44
1699 -46.56
1700 -46.64
1701 -46.48
1702 -46.48
1703 -46.44
1704 -46.4
1705 -46.44
1706 -46.6
1707 -46.76
1708 -46.84
1709 -46.92
1710 -46.92
1711 -46.6
1712 -46.68
1713 -46.56
1714 -46.52
1715 -46.6
1716 -46.6
1717 -46.6
1718 -46.48
1719 -46.4
1720 -46.4
1721 -46.4
1722 -46.4
1723 -46.36
1724 -46.28
1725 -46.24
1726 -46.28
1727 -46.32
1728 -46.32
1729 -46.36
1730 -46.4
1731 -46.44
1732 -46.52
1733 -46.4
1734 -46.32
1735 -46.28
1736 -46.36
1737 -46.36
1738 -46.4
1739 -46.44
1740 -46.28
1741 -46.24
1742 -46.24
1743 -46.4
1744 -46.32
1745 -46.16
1746 -46.16
1747 -46.16
1748 -46.12
1749 -46.16
1750 -46.24
1751 -46.12
1752 -46.08
1753 -46
1754 -46
1755 -45.92
1756 -45.92
1757 -45.92
1758 -46.04
1759 -45.92
1760 -45.92
1761 -46
1762 -45.96
1763 -42
1764 -42
1765 -45.96
1766 -45.88
1767 -45.68
1768 -45.72
1769 -45.6
1770 -45.6
1771 -45.52
1772 -45.48
1773 -45.44
1774 -45.44
1775 -45.48
1776 -45.52
1777 -45.56
1778 -45.52
1779 -45.48
1780 -45.48
1781 -45.48
1782 -45.52
1783 -45.64
1784 -45.68
1785 -45.68
1786 -45.68
1787 -45.76
1788 -45.56
1789 -45.48
1790 -45.52
1791 -45.56
1792 -45.48
1793 -45.44
1794 -45.52
1795 -45.48
1796 -45.52
1797 -45.56
1798 -45.8
1799 -45.8
1800 -45.56
1801 -45.56
1802 -45.6
1803 -45.6
1804 -45.52
1805 -41.68
1806 -41.8
1807 -41.8
1808 -41.84
1809 -41.76
1810 -41.76
1811 -41.68
1812 -41.76
1813 -41.88
1814 -41.88
1815 -41.84
1816 -41.8
1817 -41.64
1818 -41.52
1819 -41.72
1820 -41.68
1821 -41.76
1822 -41.84
1823 -41.68
1824 -41.88
1825 -41.72
1826 -41.64
1827 -41.88
1828 -41.88
1829 -41.96
1830 -42.08
1831 -42
1832 -41.88
1833 -41.76
1834 -42.04
1835 -41.84
1836 -42
1837 -42.08
1838 -41.96
1839 -42.2
1840 -42.2
1841 -42.48
1842 -42.56
1843 -42.68
1844 -42.64
1845 -42.76
1846 -42.68
1847 -42.68
1848 -42.6
1849 -42.68
1850 -46.68
1851 -46.76
1852 -46.88
1853 -46.88
1854 -46.84
1855 -46.84
1856 -46.84
1857 -46.88
1858 -46.92
1859 -46.96
1860 -46.84
1861 -46.76
1862 -46.68
1863 -46.64
1864 -46.64
1865 -46.6
1866 -46.72
1867 -46.68
1868 -46.68
1869 -46.64
1870 -46.68
1871 -46.56
1872 -46.44
1873 -46.52
1874 -46.48
1875 -46.36
1876 -46.4
1877 -46.44
1878 -46.48
1879 -46.48
1880 -46.56
1881 -46.56
1882 -46.48
1883 -46.32
1884 -46.36
1885 -46.48
1886 -46.48
1887 -46.68
1888 -46.64
1889 -46.72
1890 -46.76
1891 -46.76
1892 -46.8
1893 -51
1894 -51
1895 -51
1896 -51
1897 -51
1898 -46.88
1899 -46.8
1900 -46.76
1901 -46.56
1902 -46.48
1903 -46.64
1904 -46.6
1905 -46.56
1906 -46.52
1907 -46.48
1908 -46.4
1909 -46.28
1910 -46.2
1911 -46.28
1912 -46.24
1913 -46.28
1914 -46.4
1915 -46.32
1916 -46.32
1917 -46.4
1918 -46.44
1919 -46.4
1920 -46.4
1921 -46.52
1922 -46.52
1923 -46.48
1924 -46.4
1925 -46.56
1926 -46.64
1927 -46.8
1928 -46.68
1929 -46.76
1930 -46.84
1931 -46.92
1932 -46.92
1933 -46.88
1934 -46.92
1935 -46.88
1936 -46.96
1937 -46.88
1938 -46.96
1939 -46.96
1940 -46.88
1941 -46.96
1942 -46.96
1943 -46.8
1944 -46.88
1945 -46.88
1946 -46.84
1947 -46.92
1948 -46.8
1949 -46.84
1950 -46.88
1951 -46.84
1952 -46.72
1953 -46.68
1954 -46.68
1955 -46.64
1956 -46.6
1957 -46.56
1958 -46.48
1959 -46.44
1960 -46.44
1961 -46.44
1962 -46.44
1963 -46.56
1964 -46.48
1965 -46.44
1966 -46.4
1967 -42.52
1968 -46.56
1969 -46.44
1970 -46.44
1971 -46.48
1972 -46.56
1973 -46.52
1974 -46.52
1975 -46.6
1976 -46.6
1977 -46.76
1978 -46.76
1979 -46.76
1980 -46.8
1981 -46.76
1982 -46.72
1983 -46.84
1984 -46.84
1985 -46.88
1986 -46.92
1987 -46.92
1988 -46.92
1989 -46.92
1990 -46.76
1991 -46.76
1992 -46.72
1993 -46.72
1994 -46.72
1995 -46.76
1996 -46.8
1997 -46.68
1998 -46.8
1999 -46.88
2000 -46.76
2001 -46.84
2002 -46.96
2003 -46.96
2004 -51
2005 -51
2006 -51
2007 -51
2008 -51
2009 -51
2010 -51
2011 -51
2012 -51
2013 -51
2014 -51
2015 -51
2016 -51
2017 -51
2018 -51
2019 -51
2020 -51
2021 -51
2022 -46.96
2023 -46.96
2024 -51
2025 -51
2026 -51
2027 -51
2028 -51
2029 -51
2030 -51
2031 -51
2032 -51
2033 -51
2034 -51
2035 -51
2036 -51
2037 -51
2038 -51
2039 -51
2040 -51
2041 -51
2042 -51
2043 -51
2044 -51
2045 -51
2046 -51
2047 -51
2048 -51
2049 -51
2050 -51
2051 -51
2052 -51
2053 -51
2054 -51
2055 -51
2056 -51
2057 -51
2058 -51
2059 -51
2060 -51
2061 -51
2062 -51
2063 -51
2064 -51
2065 -51
2066 -51
2067 -51
2068 -51
2069 -51
2070 -51
2071 -51
2072 -51
2073 -51
2074 -51
2075 -51
2076 -51
2077 -51
2078 -51
2079 -51
2080 -51
2081 -51
2082 -51
2083 -51
2084 -51
2085 -51
2086 -51
2087 -51
2088 -51
2089 -51
2090 -51
2091 -51
2092 -51
2093 -51
2094 -51
2095 -51
2096 -51
2097 -51
2098 -51
2099 -51
2100 -51
2101 -51
2102 -51
2103 -51
2104 -51
2105 -51
2106 -51
2107 -51
2108 -51
2109 -51
2110 -51
2111 -51
2112 -51
2113 -51
2114 -51
2115 -51
2116 -51
2117 -51
2118 -51
2119 -51
2120 -51
2121 -51
2122 -51
2123 -51
2124 -51
2125 -51
2126 -51
2127 -51
2128 -51
2129 -51
2130 -51
2131 -51
2132 -51
2133 -51
2134 -46.88
2135 -46.92
2136 -46.96
2137 -46.96
2138 -46.92
2139 -46.96
2140 -46.92
2141 -46.8
2142 -42.84
2143 -42.72
2144 -46.56
2145 -46.44
2146 -46.44
2147 -46.6
2148 -46.64
2149 -46.6
2150 -46.52
2151 -46.44
2152 -46.44
2153 -46.44
2154 -46.48
2155 -46.4
2156 -46.36
2157 -46.44
2158 -46.28
2159 -46.12
2160 -46.08
2161 -46.12
2162 -46
2163 -45.92
2164 -46.08
2165 -46.32
2166 -46.32
2167 -46.28
2168 -46.32
2169 -46.32
2170 -46.28
2171 -46.24
2172 -46.36
2173 -46.36
2174 -46.2
2175 -46.28
2176 -46.24
2177 -46.16
2178 -46.28
2179 -46.12
2180 -46.36
2181 -46.4
2182 -46.4
2183 -46.36
2184 -46.4
2185 -46.48
2186 -46.44
2187 -46.4
2188 -46.36
2189 -46.36
2190 -46.32
2191 -46.36
2192 -46.36
2193 -46.4
2194 -46.48
2195 -46.48
2196 -46.44
2197 -46.44
2198 -46.4
2199 -46.32
2200 -46.36
2201 -46.36
2202 -46.32
2203 -46.48
2204 -46.52
2205 -46.6
2206 -46.56
2207 -46.64
2208 -46.6
2209 -46.76
2210 -46.68
2211 -46.84
2212 -46.8
2213 -46.92
2214 -46.88
2215 -46.96
2216 -46.92
2217 -46.84
2218 -46.88
2219 -46.88
2220 -46.92
2221 -46.8
2222 -46.84
2223 -46.8
2224 -46.76
2225 -46.76
2226 -46.72
2227 -46.76
2228 -46.8
2229 -46.76
2230 -46.8
2231 -46.8
2232 -46.84
2233 -46.92
2234 -46.88
2235 -46.76
2236 -46.68
2237 -46.64
2238 -46.64
2239 -46.64
2240 -46.84
2241 -46.8
2242 -46.72
2243 -46.8
2244 -46.8
2245 -46.68
2246 -46.64
2247 -46.64
2248 -46.52
2249 -46.4
2250 -46.4
2251 -46.32
2252 -46.24
2253 -46.24
2254 -46.36
2255 -46.24
2256 -46.2
2257 -46.24
2258 -46.28
2259 -46.28
2260 -46.28
2261 -46.28
2262 -46.2
2263 -46.28
2264 -46.28
2265 -46.24
2266 -46.16
2267 -46.16
2268 -46
2269 -46.04
2270 -46.16
2271 -46.16
2272 -46.04
2273 -46.12
2274 -46.08
2275 -46.12
2276 -46
2277 -45.92
2278 -45.96
2279 -45.92
2280 -45.8
2281 -45.88
2282 -46
2283 -46.04
2284 -46.08
2285 -46.08
2286 -46.08
2287 -46.08
2288 -46.16
2289 -46
2290 -46.04
2291 -46.08
2292 -46.12
2293 -46.16
2294 -46.24
2295 -46.2
2296 -46.24
2297 -46.16
2298 -46.2
2299 -46.2
2300 -46.16
2301 -45.96
2302 -46.04
2303 -46.12
2304 -46.24
2305 -46.24
2306 -46.32
2307 -46.08
2308 -45.92
2309 -45.88
2310 -45.8
2311 -45.88
2312 -45.96
2313 -45.96
2314 -46.04
2315 -46.08
2316 -46.12
2317 -46.04
2318 -46.08
2319 -46
2320 -46
2321 -45.96
2322 -45.8
2323 -45.76
2324 -45.76
2325 -45.68
2326 -45.8
2327 -45.76
2328 -45.88
2329 -45.72
2330 -45.8
2331 -45.8
2332 -45.76
2333 -45.72
2334 -45.72
2335 -45.76
2336 -45.72
2337 -45.76
2338 -45.76
2339 -45.92
2340 -45.96
2341 -46
2342 -45.96
2343 -45.96
2344 -45.96
2345 -45.92
2346 -45.84
2347 -45.72
2348 -45.84
2349 -46
2350 -45.88
2351 -45.88
2352 -45.8
2353 -45.84
2354 -45.96
2355 -46.04
2356 -46.08
2357 -46.12
2358 -46.16
2359 -46.24
2360 -46.2
2361 -46.32
2362 -46.36
2363 -46.36
2364 -46.44
2365 -46.44
2366 -46.36
2367 -46.28
2368 -46.28
2369 -46.4
2370 -46.44
2371 -46.4
2372 -46.36
2373 -46.36
2374 -46.4
2375 -46.6
2376 -46.68
2377 -46.56
2378 -46.68
2379 -46.76
2380 -46.84
2381 -46.92
2382 -51
2383 -51
2384 -51
2385 -51
2386 -51
2387 -51
2388 -51
2389 -51
2390 -51
2391 -51
2392 -51
2393 -51
2394 -51
2395 -51
2396 -51
2397 -51
2398 -51
2399 -51
2400 -51
2401 -51
2402 -51
2403 -51
2404 -51
2405 -51
2406 -51
2407 -51
2408 -51
2409 -51
2410 -51
2411 -51
2412 -51
2413 -51
2414 -51
2415 -51
2416 -51
2417 -51
2418 -51
2419 -51
2420 -51
2421 -51
2422 -51
2423 -51
2424 -51
2425 -51
2426 -51
2427 -51
2428 -51
2429 -51
2430 -51
2431 -51
2432 -51
2433 -51
2434 -51
2435 -51
2436 -51
2437 -51
2438 -51
2439 -51
2440 -51
2441 -51
2442 -51
2443 -51
2444 -51
2445 -51
2446 -51
2447 -51
2448 -51
2449 -51
2450 -51
2451 -51
2452 -51
2453 -51
2454 -51
2455 -51
2456 -51
2457 -51
2458 -51
2459 -51
2460 -51
2461 -51
2462 -51
2463 -51
2464 -51
2465 -51
2466 -51
2467 -51
2468 -51
2469 -51
2470 -51
2471 -51
2472 -51
2473 -51
2474 -51
2475 -51
2476 -51
2477 -51
2478 -51
2479 -51
2480 -51
2481 -51
2482 -51
2483 -51
2484 -51
2485 -51
2486 -51
2487 -51
2488 -51
2489 -51
2490 -51
2491 -51
2492 -51
2493 -51
2494 -51
2495 -51
2496 -51
2497 -51
2498 -51
2499 -51
2500 -51
2501 -51
2502 -51
2503 -51
2504 -51
2505 -51
2506 -51
2507 -51
2508 -51
2509 -51
2510 -51
2511 -51
2512 -51
2513 -51
2514 -51
2515 -51
2516 -51
2517 -51
2518 -51
2519 -51
2520 -51
2521 -51
2522 -51
2523 -51
2524 -51
2525 -51
2526 -51
2527 -51
2528 -51
2529 -51
2530 -51
2531 -51
2532 -51
2533 -51
2534 -51
2535 -51
2536 -51
2537 -51
2538 -51
2539 -51
2540 -51
2541 -51
2542 -51
2543 -51
2544 -51
2545 -51
2546 -51
2547 -51
2548 -51
2549 -51
2550 -51
2551 -51
2552 -51
2553 -51
2554 -51
2555 -51
2556 -51
2557 -51
2558 -51
2559 -51
2560 -51
2561 -51
2562 -51
2563 -51
2564 -51
2565 -51
2566 -51
2567 -51
2568 -51
2569 -51
2570 -46.96
2571 -46.92
2572 -46.96
2573 -46.84
2574 -46.8
2575 -46.88
2576 -46.84
2577 -46.92
2578 -46.88
2579 -46.92
2580 -46.76
2581 -46.84
2582 -46.8
2583 -46.76
2584 -46.96
2585 -46.96
2586 -46.96
2587 -46.92
2588 -46.92
2589 -51
2590 -51
2591 -51
2592 -51
2593 -51
2594 -51
2595 -51
2596 -51
2597 -51
2598 -51
2599 -51
2600 -51
2601 -51
2602 -51
2603 -51
2604 -51
2605 -51
2606 -51
2607 -51
2608 -51
2609 -51
2610 -51
2611 -51
2612 -51
2613 -51
2614 -51
2615 -51
2616 -51
2617 -51
2618 -51
2619 -51
2620 -51
2621 -51
2622 -51
2623 -51
2624 -51
2625 -51
2626 -51
2627 -51
2628 -51
2629 -51
2630 -51
2631 -51
2632 -51
2633 -51
2634 -51
2635 -51
2636 -51
2637 -51
2638 -51
2639 -51
2640 -51
2641 -51
2642 -51
2643 -51
2644 -51
2645 -51
2646 -51
2647 -51
2648 -51
2649 -51
2650 -51
2651 -51
2652 -51
2653 -51
2654 -51
2655 -51
2656 -51
2657 -51
2658 -51
2659 -51
2660 -51
2661 -51
2662 -51
2663 -51
2664 -51
2665 -51
2666 -51
2667 -51
2668 -51
2669 -51
2670 -51
2671 -51
2672 -51
2673 -46.96
2674 -46.96
2675 -46.92
2676 -46.84
2677 -46.96
2678 -46.92
2679 -46.92
2680 -51
2681 -51
2682 -51
2683 -51
2684 -51
2685 -51
2686 -51
2687 -51
2688 -51
2689 -51
2690 -51
2691 -51
2692 -51
2693 -51
2694 -46.96
2695 -51
2696 -51
2697 -51
2698 -51
2699 -51
2700 -51
2701 -51
2702 -51
2703 -51
2704 -51
2705 -51
2706 -51
2707 -51
2708 -51
2709 -51
2710 -51
2711 -51
2712 -51
2713 -51
2714 -51
2715 -51
2716 -51
2717 -51
2718 -51
2719 -51
2720 -51
2721 -51
2722 -51
2723 -51
2724 -51
2725 -51
2726 -51
2727 -51
2728 -51
2729 -51
2730 -51
2731 -51
2732 -51
2733 -51
2734 -51
2735 -51
2736 -51
2737 -51
2738 -51
2739 -51
2740 -51
2741 -51
2742 -51
2743 -51
2744 -51
2745 -51
2746 -51
2747 -51
2748 -51
2749 -51
2750 -51
2751 -51
2752 -51
2753 -51
2754 -51
2755 -51
2756 -51
2757 -51
2758 -51
2759 -51
2760 -51
2761 -51
2762 -51
2763 -51
2764 -51
2765 -51
2766 -51
2767 -51
2768 -51
2769 -51
2770 -51
2771 -51
2772 -51
2773 -51
2774 -51
2775 -51
2776 -51
2777 -51
2778 -51
2779 -51
2780 -51
2781 -51
2782 -51
2783 -51
2784 -51
2785 -51
2786 -51
2787 -51
2788 -51
2789 -51
2790 -51
2791 -51
2792 -51
2793 -51
2794 -51
2795 -51
2796 -51
2797 -51
2798 -51
2799 -51
2800 -51
2801 -51
2802 -51
2803 -51
2804 -51
2805 -51
2806 -51
2807 -51
2808 -51
2809 -51
2810 -51
2811 -51
2812 -51
2813 -51
2814 -51
2815 -51
2816 -51
2817 -51
2818 -51
2819 -51
2820 -51
2821 -51
2822 -51
2823 -51
2824 -51
2825 -51
2826 -51
2827 -51
2828 -51
2829 -51
2830 -51
2831 -51
2832 -51
2833 -51
2834 -51
2835 -51
2836 -51
2837 -51
2838 -51
2839 -51
2840 -51
2841 -51
2842 -51
2843 -51
2844 -51
2845 -51
2846 -51
2847 -51
2848 -51
2849 -51
2850 -51
2851 -51
2852 -51
2853 -51
2854 -51
2855 -51
2856 -51
2857 -51
2858 -51
2859 -51
2860 -51
2861 -51
2862 -51
2863 -51
2864 -51
2865 -51
2866 -51
2867 -51
2868 -51
2869 -51
2870 -51
2871 -51
2872 -51
2873 -51
2874 -51
2875 -51
2876 -51
2877 -51
2878 -51
2879 -51
2880 -51
2881 -51
2882 -51
2883 -51
2884 -51
2885 -51
2886 -51
2887 -51
2888 -51
2889 -51
2890 -51
2891 -51
2892 -51
2893 -51
2894 -51
2895 -51
2896 -51
2897 -51
2898 -51
2899 -51
2900 -51
2901 -51
2902 -51
2903 -51
2904 -51
2905 -51
2906 -51
2907 -51
2908 -51
2909 -51
2910 -51
2911 -51
2912 -51
2913 -51
2914 -51
2915 -51
2916 -51
2917 -51
2918 -51
2919 -51
2920 -51
2921 -51
2922 -51
2923 -51
2924 -51
2925 -51
2926 -51
2927 -51
2928 -51
2929 -51
2930 -51
2931 -51
2932 -51
2933 -51
2934 -51
2935 -51
2936 -51
2937 -51
2938 -51
2939 -51
2940 -51
2941 -51
2942 -51
2943 -51
2944 -51
2945 -51
2946 -51
2947 -51
2948 -51
2949 -51
2950 -51
2951 -51
2952 -51
2953 -51
2954 -51
2955 -51
2956 -51
2957 -51
2958 -51
2959 -51
2960 -51
2961 -51
2962 -51
2963 -51
2964 -51
2965 -51
2966 -51
2967 -51
2968 -51
2969 -51
2970 -51
2971 -51
2972 -51
2973 -51
2974 -51
2975 -51
2976 -51
2977 -51
2978 -51
2979 -51
2980 -51
2981 -51
2982 -51
2983 -51
2984 -51
2985 -51
2986 -51
2987 -51
2988 -51
2989 -51
2990 -51
2991 -46.96
2992 -51
2993 -51
2994 -51
2995 -46.92
2996 -46.8
2997 -46.84
2998 -46.68
2999 -46.72
3000 -46.76
3001 -46.76
3002 -42.72
3003 -46.72
3004 -46.68
3005 -46.6
3006 -46.56
3007 -46.48
3008 -46.52
3009 -46.72
3010 -46.72
3011 -46.72
3012 -46.72
3013 -46.76
3014 -46.88
3015 -46.88
3016 -46.84
3017 -51
3018 -51
3019 -51
3020 -51
3021 -51
3022 -51
3023 -51
3024 -51
3025 -51
3026 -51
3027 -51
3028 -51
3029 -51
3030 -51
3031 -51
3032 -51
3033 -51
3034 -51
3035 -51
3036 -51
3037 -51
3038 -51
3039 -51
3040 -51
3041 -51
3042 -51
3043 -51
3044 -51
3045 -51
3046 -51
3047 -51
3048 -51
3049 -51
3050 -51
3051 -51
3052 -51
3053 -51
3054 -51
3055 -51
3056 -51
3057 -51
3058 -51
3059 -51
3060 -51
3061 -51
3062 -51
3063 -51
3064 -51
3065 -51
3066 -46.96
3067 -51
3068 -51
3069 -51
3070 -51
3071 -51
3072 -51
3073 -51
3074 -51
3075 -51
3076 -51
3077 -51
3078 -51
3079 -51
3080 -51
3081 -51
3082 -51
3083 -51
3084 -51
3085 -51
3086 -51
3087 -51
3088 -51
3089 -51
3090 -51
3091 -51
3092 -51
3093 -51
3094 -51
3095 -51
3096 -51
3097 -51
3098 -51
3099 -51
3100 -51
3101 -51
3102 -51
3103 -51
3104 -51
3105 -51
3106 -51
3107 -51
3108 -51
3109 -51
3110 -51
3111 -51
3112 -51
3113 -51
3114 -51
3115 -51
3116 -51
3117 -51
3118 -51
3119 -51
3120 -51
3121 -51
3122 -51
3123 -51
3124 -51
3125 -51
3126 -51
3127 -51
3128 -51
3129 -51
3130 -51
3131 -51
3132 -51
3133 -51
3134 -46.96
3135 -46.92
3136 -46.84
3137 -46.96
3138 -51
3139 -51
3140 -51
3141 -51
3142 -51
3143 -51
3144 -51
3145 -51
3146 -51
3147 -51
3148 -51
3149 -51
3150 -51
3151 -51
3152 -51
3153 -51
3154 -51
3155 -51
3156 -51
3157 -51
3158 -51
3159 -51
3160 -51
3161 -51
3162 -51
3163 -51
3164 -51
3165 -51
3166 -51
3167 -51
3168 -51
3169 -51
3170 -51
3171 -51
3172 -51
3173 -51
3174 -51
3175 -51
3176 -51
3177 -51
3178 -51
3179 -51
3180 -51
3181 -51
3182 -51
3183 -51
3184 -51
3185 -51
3186 -51
3187 -51
3188 -51
3189 -51
3190 -51
3191 -51
3192 -51
3193 -51
3194 -51
3195 -51
3196 -51
3197 -51
3198 -51
3199 -51
3200 -51
3201 -51
3202 -51
3203 -51
3204 -51
3205 -51
3206 -51
3207 -51
3208 -51
3209 -51
3210 -51
3211 -51
3212 -51
3213 -51
3214 -51
3215 -51
3216 -51
3217 -51
3218 -51
3219 -51
3220 -51
3221 -51
3222 -51
3223 -51
3224 -51
3225 -51
3226 -51
3227 -51
3228 -51
3229 -51
3230 -51
3231 -51
3232 -51
3233 -51
3234 -51
3235 -51
3236 -51
3237 -51
3238 -51
3239 -51
3240 -51
3241 -51
3242 -51
3243 -51
3244 -51
3245 -51
3246 -51
3247 -51
3248 -46.96
3249 -46.88
3250 -46.96
3251 -51
3252 -51
3253 -51
3254 -51
3255 -51
3256 -51
3257 -51
3258 -51
3259 -51
3260 -51
3261 -51
3262 -51
3263 -51
3264 -51
3265 -51
3266 -51
3267 -51
3268 -51
3269 -46.96
3270 -51
3271 -51
3272 -51
3273 -51
3274 -51
3275 -51
3276 -51
3277 -51
3278 -51
3279 -51
3280 -51
3281 -51
3282 -51
3283 -51
3284 -51
3285 -51
3286 -51
3287 -51
3288 -51
3289 -51
3290 -51
3291 -51
3292 -51
3293 -51
3294 -51
3295 -51
3296 -51
3297 -51
3298 -51
3299 -51
3300 -51
3301 -51
3302 -51
3303 -51
3304 -51
3305 -51
3306 -51
3307 -51
3308 -51
3309 -51
3310 -51
3311 -51
3312 -51
3313 -51
3314 -51
3315 -51
3316 -51
3317 -51
3318 -51
3319 -51
3320 -51
3321 -51
3322 -51
3323 -51
3324 -51
3325 -51
3326 -51
3327 -51
3328 -51
3329 -51
3330 -51
3331 -51
3332 -51
3333 -51
3334 -51
3335 -51
3336 -51
3337 -51
3338 -51
3339 -51
3340 -51
3341 -51
3342 -51
3343 -51
3344 -51
3345 -51
3346 -51
3347 -51
3348 -51
3349 -51
3350 -51
3351 -51
3352 -51
3353 -51
3354 -51
3355 -51
3356 -51
3357 -51
3358 -51
3359 -51
3360 -51
3361 -51
3362 -51
3363 -51
3364 -51
3365 -51
3366 -51
3367 -51
3368 -51
3369 -51
3370 -51
3371 -51
3372 -46.96
3373 -46.96
3374 -51
3375 -51
3376 -51
3377 -51
3378 -51
3379 -51
3380 -51
3381 -51
3382 -51
3383 -51
3384 -51
3385 -51
3386 -46.88
3387 -46.76
3388 -46.68
3389 -46.68
3390 -46.68
3391 -46.56
3392 -46.52
3393 -46.52
3394 -46.6
3395 -46.64
3396 -46.56
3397 -46.64
3398 -46.72
3399 -46.72
3400 -46.72
3401 -46.68
3402 -46.72
3403 -46.68
3404 -46.76
3405 -46.72
3406 -46.76
3407 -46.8
3408 -46.88
3409 -51
3410 -51
3411 -51
3412 -51
3413 -51
3414 -51
3415 -51
3416 -51
3417 -51
3418 -51
3419 -51
3420 -51
3421 -51
3422 -51
3423 -51
3424 -51
3425 -51
3426 -51
3427 -51
3428 -51
3429 -51
3430 -51
3431 -51
3432 -51
3433 -51
3434 -51
3435 -51
3436 -51
3437 -51
3438 -51
3439 -51
3440 -51
3441 -51
3442 -51
3443 -51
3444 -46.96
3445 -46.96
3446 -51
3447 -51
3448 -51
3449 -51
3450 -51
3451 -51
3452 -51
3453 -51
3454 -51
3455 -51
3456 -51
3457 -51
3458 -51
3459 -51
3460 -51
3461 -51
3462 -51
3463 -51
3464 -51
3465 -51
3466 -51
3467 -51
3468 -51
3469 -51
3470 -51
3471 -51
3472 -51
3473 -51
3474 -51
3475 -51
3476 -51
3477 -51
3478 -51
3479 -51
3480 -51
3481 -51
3482 -51
3483 -51
3484 -51
3485 -51
3486 -51
3487 -51
3488 -51
3489 -51
3490 -51
3491 -51
3492 -51
3493 -51
3494 -51
3495 -51
3496 -51
3497 -51
3498 -51
3499 -51
3500 -51
3501 -51
3502 -51
3503 -51
3504 -51
3505 -51
3506 -51
3507 -51
3508 -51
3509 -51
3510 -51
3511 -51
3512 -51
3513 -51
3514 -51
3515 -51
3516 -51
3517 -51
3518 -51
3519 -51
3520 -51
3521 -51
3522 -51
3523 -51
3524 -51
3525 -51
3526 -51
3527 -51
3528 -51
3529 -51
3530 -51
3531 -51
3532 -51
3533 -51
3534 -51
3535 -51
3536 -51
3537 -51
3538 -51
3539 -51
3540 -51
3541 -51
3542 -51
3543 -51
3544 -51
3545 -51
3546 -51
3547 -51
3548 -51
3549 -51
3550 -51
3551 -51
3552 -51
3553 -51
3554 -51
3555 -51
3556 -51
3557 -51
3558 -51
3559 -51
3560 -51
3561 -51
3562 -51
3563 -51
3564 -51
3565 -51
3566 -51
3567 -51
3568 -51
3569 -51
3570 -51
3571 -51
3572 -51
3573 -51
3574 -51
3575 -51
3576 -51
3577 -51
3578 -51
3579 -51
3580 -51
3581 -51
3582 -51
3583 -51
3584 -51
3585 -51
3586 -51
3587 -51
3588 -51
3589 -51
3590 -51
3591 -51
3592 -51
3593 -51
3594 -51
3595 -51
3596 -51
3597 -51
3598 -51
3599 -51
3600 -51
3601 -51
3602 -51
3603 -51
3604 -51
3605 -51
3606 -51
3607 -51
3608 -46.92
3609 -51
3610 -51
3611 -51
3612 -51
3613 -51
3614 -51
3615 -51
3616 -51
3617 -51
3618 -51
3619 -51
3620 -51
3621 -51
3622 -51
3623 -51
3624 -51
3625 -51
3626 -51
3627 -51
3628 -51
3629 -51
3630 -51
3631 -51
3632 -51
3633 -51
3634 -51
3635 -51
3636 -51
3637 -51
3638 -51
3639 -51
3640 -51
3641 -51
3642 -51
3643 -51
3644 -51
3645 -51
3646 -51
3647 -51
3648 -51
3649 -51
3650 -51
3651 -51
3652 -46.96
3653 -46.96
3654 -51
3655 -51
3656 -51
3657 -51
3658 -51
3659 -51
3660 -51
3661 -51
3662 -51
3663 -51
3664 -51
3665 -51
3666 -51
3667 -51
3668 -51
3669 -51
3670 -51
3671 -51
3672 -51
3673 -51
3674 -51
3675 -51
3676 -51
3677 -51
3678 -51
3679 -51
3680 -51
3681 -51
3682 -51
3683 -51
3684 -51
3685 -51
3686 -51
3687 -51
3688 -51
3689 -51
3690 -51
3691 -51
3692 -51
3693 -51
3694 -51
3695 -51
3696 -51
3697 -51
3698 -51
3699 -51
3700 -51
3701 -51
3702 -51
3703 -51
3704 -51
3705 -46.96
3706 -51
3707 -51
3708 -51
3709 -51
3710 -51
3711 -51
3712 -51
3713 -51
3714 -51
3715 -51
3716 -51
3717 -51
3718 -51
3719 -51
3720 -51
3721 -51
3722 -51
3723 -51
3724 -51
3725 -51
3726 -51
3727 -51
3728 -51
3729 -51
3730 -51
3731 -51
3732 -51
3733 -51
3734 -51
3735 -51
3736 -51
3737 -51
3738 -51
3739 -51
3740 -51
3741 -51
3742 -51
3743 -51
3744 -51
3745 -51
3746 -51
3747 -51
3748 -51
3749 -51
3750 -51
3751 -51
3752 -51
3753 -51
3754 -51
3755 -51
3756 -51
3757 -51
3758 -51
3759 -51
3760 -51
3761 -51
3762 -51
3763 -51
3764 -51
3765 -51
3766 -51
3767 -51
3768 -51
3769 -51
3770 -51
3771 -51
3772 -51
3773 -51
3774 -51
3775 -51
3776 -51
3777 -51
3778 -51
3779 -51
3780 -51
3781 -51
3782 -51
3783 -51
3784 -51
3785 -51
3786 -51
3787 -51
3788 -51
3789 -51
3790 -51
3791 -51
3792 -51
3793 -51
3794 -51
3795 -51
3796 -51
3797 -51
3798 -51
3799 -51
3800 -51
3801 -51
3802 -51
3803 -51
3804 -51
3805 -51
3806 -51
3807 -51
3808 -51
3809 -51
3810 -51
3811 -51
3812 -51
3813 -51
3814 -51
3815 -51
3816 -51
3817 -51
3818 -51
3819 -51
3820 -51
3821 -51
3822 -51
3823 -51
3824 -51
3825 -51
3826 -51
3827 -51
3828 -51
3829 -46.96
3830 -46.92
3831 -46.96
3832 -51
3833 -51
3834 -51
3835 -51
3836 -51
3837 -51
3838 -51
3839 -51
3840 -51
3841 -51
3842 -51
3843 -51
3844 -51
3845 -51
3846 -51
3847 -51
3848 -51
3849 -51
3850 -51
3851 -51
3852 -51
3853 -51
3854 -51
3855 -51
3856 -51
3857 -51
3858 -51
3859 -51
3860 -51
3861 -51
3862 -51
3863 -51
3864 -51
3865 -51
3866 -51
3867 -51
3868 -51
3869 -51
3870 -51
3871 -51
3872 -51
3873 -51
3874 -51
3875 -51
3876 -51
3877 -51
3878 -51
3879 -51
3880 -51
3881 -51
3882 -51
3883 -51
3884 -51
3885 -51
3886 -51
3887 -51
3888 -51
3889 -51
3890 -51
3891 -51
3892 -51
3893 -51
3894 -51
3895 -51
3896 -51
3897 -51
3898 -51
3899 -51
3900 -51
3901 -51
3902 -51
3903 -51
3904 -51
3905 -51
3906 -51
3907 -51
3908 -51
3909 -51
3910 -51
3911 -51
3912 -51
3913 -51
3914 -51
3915 -51
3916 -51
3917 -51
3918 -51
3919 -51
3920 -51
3921 -51
3922 -51
3923 -51
3924 -51
3925 -51
3926 -51
3927 -51
3928 -51
3929 -51
3930 -51
3931 -51
3932 -51
3933 -51
3934 -51
3935 -51
3936 -51
3937 -51
3938 -51
3939 -51
3940 -51
3941 -51
3942 -51
3943 -51
3944 -51
3945 -51
3946 -51
3947 -51
3948 -51
3949 -51
3950 -51
3951 -51
3952 -51
3953 -51
3954 -51
3955 -51
3956 -51
3957 -51
3958 -51
3959 -51
3960 -51
3961 -51
3962 -51
3963 -51
3964 -51
3965 -51
3966 -51
3967 -51
3968 -51
3969 -51
3970 -51
3971 -51
3972 -51
3973 -51
3974 -51
3975 -51
3976 -51
3977 -51
3978 -51
3979 -51
3980 -51
3981 -51
3982 -51
3983 -51
3984 -51
3985 -51
3986 -51
3987 -51
3988 -51
3989 -51
3990 -51
3991 -51
3992 -51
3993 -51
3994 -51
3995 -51
3996 -51
3997 -51
3998 -51
3999 -51
4000 -51
4001 -51
4002 -51
4003 -51
4004 -51
4005 -51
4006 -51
4007 -51
4008 -51
4009 -51
4010 -51
4011 -51
4012 -51
4013 -51
4014 -51
4015 -51
4016 -51
4017 -51
4018 -51
4019 -51
4020 -51
4021 -51
4022 -51
4023 -51
4024 -51
4025 -51
4026 -51
4027 -51
4028 -51
4029 -51
4030 -51
4031 -51
4032 -51
4033 -51
4034 -51
4035 -51
4036 -51
4037 -51
4038 -51
4039 -51
4040 -51
4041 -51
4042 -51
4043 -51
4044 -51
4045 -51
4046 -51
4047 -51
4048 -51
4049 -51
4050 -51
4051 -51
4052 -51
4053 -51
4054 -51
4055 -51
4056 -51
4057 -51
4058 -51
4059 -51
4060 -51
4061 -51
4062 -51
4063 -51
4064 -51
4065 -51
4066 -51
4067 -51
4068 -51
4069 -51
4070 -51
4071 -51
4072 -51
4073 -51
4074 -51
4075 -51
4076 -51
4077 -51
4078 -51
4079 -51
4080 -51
4081 -51
4082 -51
4083 -51
4084 -51
4085 -51
4086 -51
4087 -51
4088 -51
4089 -51
4090 -51
4091 -51
4092 -51
4093 -51
4094 -51
4095 -51
4096 -51
4097 -51
4098 -51
4099 -51
4100 -51
4101 -51
4102 -51
4103 -51
4104 -51
4105 -51
4106 -51
4107 -51
4108 -51
4109 -51
4110 -51
4111 -51
4112 -51
4113 -51
4114 -51
4115 -51
4116 -51
4117 -51
4118 -51
4119 -51
4120 -51
4121 -51
4122 -51
4123 -51
4124 -51
4125 -51
4126 -51
4127 -51
4128 -51
4129 -51
4130 -51
4131 -51
4132 -51
4133 -51
4134 -51
4135 -51
4136 -51
4137 -51
4138 -51
4139 -51
4140 -51
4141 -51
4142 -51
4143 -51
4144 -51
4145 -51
4146 -51
4147 -51
4148 -51
4149 -51
4150 -51
4151 -51
4152 -51
4153 -51
4154 -51
4155 -51
4156 -51
4157 -51
4158 -51
4159 -51
4160 -51
4161 -51
4162 -51
4163 -51
4164 -51
4165 -51
4166 -51
4167 -51
4168 -51
4169 -51
4170 -51
4171 -51
4172 -51
4173 -51
4174 -51
4175 -51
4176 -51
4177 -51
4178 -51
4179 -51
4180 -51
4181 -51
4182 -51
4183 -51
4184 -51
4185 -51
4186 -51
4187 -51
4188 -51
4189 -51
4190 -51
4191 -51
4192 -51
4193 -51
4194 -51
4195 -51
4196 -51
4197 -51
4198 -51
4199 -51
4200 -51
4201 -51
4202 -51
4203 -51
4204 -51
4205 -51
4206 -51
4207 -51
4208 -51
4209 -51
4210 -46.96
4211 -46.92
4212 -51
4213 -51
4214 -51
4215 -51
4216 -51
4217 -51
4218 -51
4219 -51
4220 -51
4221 -51
4222 -46.92
4223 -46.92
4224 -46.96
4225 -46.88
4226 -42.88
4227 -46.88
4228 -46.88
4229 -51
4230 -51
4231 -51
4232 -51
4233 -51
4234 -51
4235 -51
4236 -51
4237 -51
4238 -51
4239 -51
4240 -51
4241 -51
4242 -51
4243 -51
4244 -51
4245 -51
4246 -51
4247 -51
4248 -51
4249 -51
4250 -51
4251 -51
4252 -51
4253 -51
4254 -51
4255 -51
4256 -51
4257 -51
4258 -51
4259 -51
4260 -51
4261 -51
4262 -51
4263 -51
4264 -51
4265 -51
4266 -51
4267 -51
4268 -51
4269 -51
4270 -51
4271 -51
4272 -51
4273 -51
4274 -51
4275 -51
4276 -51
4277 -51
4278 -51
4279 -51
4280 -46.96
4281 -51
4282 -51
4283 -51
4284 -51
4285 -51
4286 -51
4287 -51
4288 -51
4289 -51
4290 -51
4291 -51
4292 -51
4293 -51
4294 -51
4295 -51
4296 -51
4297 -51
4298 -51
4299 -51
4300 -51
4301 -51
4302 -51
4303 -51
4304 -51
4305 -51
4306 -51
4307 -51
4308 -51
4309 -51
4310 -51
4311 -51
4312 -51
4313 -51
4314 -51
4315 -51
4316 -51
4317 -51
4318 -51
4319 -51
4320 -51
4321 -51
4322 -51
4323 -51
4324 -51
4325 -51
4326 -51
4327 -51
4328 -51
4329 -51
4330 -51
4331 -51
4332 -51
4333 -51
4334 -51
4335 -51
4336 -51
4337 -51
4338 -51
4339 -51
4340 -51
4341 -51
4342 -51
4343 -51
4344 -51
4345 -51
4346 -51
4347 -51
4348 -51
4349 -51
4350 -51
4351 -51
4352 -51
4353 -51
4354 -51
4355 -51
4356 -46.96
4357 -51
4358 -51
4359 -51
4360 -51
4361 -51
4362 -51
4363 -51
4364 -51
4365 -51
4366 -51
4367 -51
4368 -51
4369 -51
4370 -51
4371 -51
4372 -51
4373 -51
4374 -51
4375 -51
4376 -51
4377 -51
4378 -51
4379 -51
4380 -51
4381 -51
4382 -51
4383 -51
4384 -51
4385 -51
4386 -51
4387 -51
4388 -51
4389 -51
4390 -51
4391 -51
4392 -51
4393 -51
4394 -51
4395 -51
4396 -51
4397 -51
4398 -51
4399 -51
4400 -51
4401 -51
4402 -51
4403 -51
4404 -51
4405 -51
4406 -51
4407 -51
4408 -51
4409 -51
4410 -51
4411 -51
4412 -51
4413 -51
4414 -51
4415 -51
4416 -51
4417 -51
4418 -51
4419 -51
4420 -51
4421 -51
4422 -51
4423 -51
4424 -51
4425 -51
4426 -51
4427 -51
4428 -51
4429 -51
4430 -51
4431 -51
4432 -51
4433 -51
4434 -51
4435 -51
4436 -51
4437 -51
4438 -51
4439 -51
4440 -51
4441 -51
4442 -51
4443 -51
4444 -51
4445 -51
4446 -51
4447 -51
4448 -51
4449 -51
4450 -51
4451 -51
4452 -51
4453 -51
4454 -51
4455 -51
4456 -51
4457 -51
4458 -51
4459 -51
4460 -51
4461 -51
4462 -51
4463 -51
4464 -51
4465 -51
4466 -51
4467 -51
4468 -51
4469 -51
4470 -51
4471 -51
4472 -51
4473 -51
4474 -51
4475 -51
4476 -51
4477 -51
4478 -51
4479 -51
4480 -51
4481 -51
4482 -51
4483 -51
4484 -51
4485 -51
4486 -51
4487 -51
4488 -51
4489 -51
4490 -51
4491 -51
4492 -51
4493 -51
4494 -51
4495 -51
4496 -51
4497 -51
4498 -51
4499 -51
4500 -51
4501 -51
4502 -51
4503 -51
4504 -51
4505 -51
4506 -51
4507 -51
4508 -51
4509 -51
4510 -51
4511 -51
4512 -51
4513 -51
4514 -51
4515 -51
4516 -51
4517 -51
4518 -51
4519 -51
4520 -51
4521 -51
4522 -51
4523 -51
4524 -51
4525 -51
4526 -51
4527 -51
4528 -51
4529 -51
4530 -51
4531 -51
4532 -51
4533 -51
4534 -51
4535 -51
4536 -51
4537 -51
4538 -51
4539 -51
4540 -51
4541 -51
4542 -51
4543 -51
4544 -51
4545 -51
4546 -51
4547 -51
4548 -51
4549 -51
4550 -51
4551 -51
4552 -51
4553 -51
4554 -51
4555 -51
4556 -51
4557 -51
4558 -51
4559 -51
4560 -51
4561 -51
4562 -51
4563 -51
4564 -51
4565 -51
4566 -51
4567 -51
4568 -51
4569 -51
4570 -51
4571 -51
4572 -51
4573 -51
4574 -51
4575 -51
4576 -51
4577 -51
4578 -51
4579 -51
4580 -51
4581 -51
4582 -51
4583 -51
4584 -51
4585 -51
4586 -51
4587 -51
4588 -51
4589 -51
4590 -51
4591 -51
4592 -51
4593 -51
4594 -51
4595 -51
4596 -51
4597 -51
4598 -51
4599 -51
4600 -51
4601 -51
4602 -51
4603 -51
4604 -51
4605 -51
4606 -51
4607 -51
4608 -51
4609 -51
4610 -51
4611 -51
4612 -51
4613 -51
4614 -51
4615 -51
4616 -51
4617 -51
4618 -51
4619 -51
4620 -51
4621 -51
4622 -51
4623 -51
4624 -51
4625 -51
4626 -51
4627 -51
4628 -51
4629 -51
4630 -51
4631 -51
4632 -51
4633 -51
4634 -51
4635 -51
4636 -51
4637 -51
4638 -51
4639 -51
4640 -51
4641 -51
4642 -51
4643 -51
4644 -51
4645 -51
4646 -51
4647 -51
4648 -51
4649 -51
4650 -51
4651 -51
4652 -51
4653 -51
4654 -51
4655 -51
4656 -51
4657 -51
4658 -51
4659 -51
4660 -51
4661 -51
4662 -51
4663 -51
4664 -51
4665 -51
4666 -51
4667 -51
4668 -51
4669 -51
4670 -51
4671 -51
4672 -51
4673 -51
4674 -51
4675 -51
4676 -51
4677 -51
4678 -51
4679 -51
4680 -51
4681 -51
4682 -51
4683 -51
4684 -51
4685 -51
4686 -51
4687 -51
4688 -51
4689 -51
4690 -51
4691 -51
4692 -51
4693 -51
4694 -51
4695 -51
4696 -51
4697 -51
4698 -51
4699 -51
4700 -51
4701 -51
4702 -51
4703 -51
4704 -51
4705 -51
4706 -51
4707 -51
4708 -51
4709 -51
4710 -51
4711 -51
4712 -51
4713 -46.88
4714 -46.96
4715 -51
4716 -51
4717 -51
4718 -51
4719 -51
4720 -51
4721 -51
4722 -51
4723 -51
4724 -51
4725 -51
4726 -51
4727 -51
4728 -51
4729 -51
4730 -51
4731 -51
4732 -51
4733 -51
4734 -51
4735 -51
4736 -51
4737 -51
4738 -51
4739 -51
4740 -51
4741 -51
4742 -51
4743 -51
4744 -51
4745 -51
4746 -51
4747 -51
4748 -51
4749 -51
4750 -51
4751 -51
4752 -51
4753 -51
4754 -51
4755 -51
4756 -51
4757 -51
4758 -51
4759 -51
4760 -51
4761 -51
4762 -51
4763 -51
4764 -51
4765 -51
4766 -51
4767 -51
4768 -51
4769 -51
4770 -51
4771 -51
4772 -51
4773 -51
4774 -51
4775 -51
4776 -51
4777 -51
4778 -51
4779 -51
4780 -51
4781 -51
4782 -51
4783 -51
4784 -51
4785 -51
4786 -51
4787 -51
4788 -51
4789 -51
4790 -51
4791 -51
4792 -51
4793 -51
4794 -51
4795 -51
4796 -51
4797 -51
4798 -51
4799 -51
4800 -51
4801 -51
4802 -51
4803 -51
4804 -51
4805 -51
4806 -51
4807 -51
4808 -51
4809 -51
4810 -51
4811 -51
4812 -51
4813 -51
4814 -51
4815 -51
4816 -51
4817 -51
4818 -51
4819 -51
4820 -51
4821 -51
4822 -51
4823 -51
4824 -51
4825 -51
4826 -51
4827 -51
4828 -51
4829 -51
4830 -51
4831 -51
4832 -51
4833 -51
4834 -51
4835 -51
4836 -51
4837 -51
4838 -51
4839 -51
4840 -51
4841 -51
4842 -51
4843 -51
4844 -51
4845 -51
4846 -51
4847 -51
4848 -51
4849 -51
4850 -51
4851 -51
4852 -46.96
4853 -51
4854 -51
4855 -51
4856 -51
4857 -51
4858 -51
4859 -51
4860 -51
4861 -51
4862 -51
4863 -51
4864 -51
4865 -51
4866 -51
4867 -51
4868 -51
4869 -51
4870 -51
4871 -51
4872 -51
4873 -51
4874 -51
4875 -51
4876 -51
4877 -51
4878 -51
4879 -51
4880 -51
4881 -51
4882 -51
4883 -51
4884 -51
4885 -51
4886 -51
4887 -51
4888 -51
4889 -51
4890 -51
4891 -51
4892 -51
4893 -51
4894 -51
4895 -51
4896 -51
4897 -51
4898 -51
4899 -51
4900 -51
4901 -51
4902 -51
4903 -51
4904 -51
4905 -51
4906 -51
4907 -51
4908 -51
4909 -51
4910 -51
4911 -51
4912 -51
4913 -51
4914 -51
4915 -51
4916 -51
4917 -51
4918 -51
4919 -51
4920 -51
4921 -51
4922 -51
4923 -51
4924 -51
4925 -51
4926 -51
4927 -51
4928 -51
4929 -51
4930 -51
4931 -51
4932 -51
4933 -51
4934 -51
4935 -51
4936 -51
4937 -51
4938 -51
4939 -51
4940 -51
4941 -51
4942 -51
4943 -51
4944 -51
4945 -51
4946 -51
4947 -51
4948 -51
4949 -51
4950 -51
4951 -51
4952 -51
4953 -51
4954 -51
4955 -51
4956 -51
4957 -51
4958 -51
4959 -51
4960 -51
4961 -51
4962 -51
4963 -51
4964 -51
4965 -51
4966 -51
4967 -51
4968 -51
4969 -51
4970 -51
4971 -51
4972 -51
4973 -51
4974 -51
4975 -51
4976 -51
4977 -51
4978 -51
4979 -51
4980 -51
4981 -51
4982 -51
4983 -51
4984 -51
4985 -51
4986 -51
4987 -51
4988 -51
4989 -51
4990 -51
4991 -51
4992 -51
4993 -51
4994 -51
4995 -51
4996 -51
4997 -51
4998 -51
4999 -51
5000 -51
