1 476.986
2 888.04
3 1164.17
4 1158.72
5 1459.24
6 1447.04
7 1456.19
8 1471.49
9 1493.05
10 1814.76
11 1818.17
12 2190.24
13 2190.24
14 2171.56
15 2171.56
16 2171.56
17 2152.96
18 2141.84
19 2138.14
20 2149.25
21 2152.96
22 2156.67
23 2164.11
24 2175.29
25 2160.39
26 2167.83
27 2179.02
28 2193.99
29 2182.76
30 2197.73
31 2197.73
32 2601
33 2601
34 2601
35 2601
36 2601
37 2601
38 2601
39 2601
40 2201.49
41 2601
42 2601
43 2601
44 2601
45 2601
46 2601
47 2601
48 2601
49 2601
50 2601
51 2601
52 2601
53 2601
54 2601
55 2601
56 2601
57 2601
58 2601
59 2601
60 2601
61 2601
62 2601
63 2601
64 2601
65 2601
66 2601
67 2601
68 2601
69 2601
70 2601
71 2601
72 2601
73 2601
74 2601
75 2601
76 2601
77 2601
78 2601
79 2601
80 2601
81 2601
82 2601
83 2601
84 2601
85 2601
86 2601
87 2601
88 2601
89 2601
90 2601
91 2601
92 2601
93 2601
94 2601
95 2601
96 2601
97 2601
98 2601
99 2601
100 2601
101 2601
102 2601
103 2601
104 2601
105 2601
106 2601
107 2601
108 2601
109 2601
110 2601
111 2601
112 2601
113 2601
114 2601
115 2601
116 2601
117 2601
118 2601
119 2601
120 2601
121 2601
122 2601
123 2601
124 2601
125 2601
126 2601
127 2601
128 2601
129 2601
130 2601
131 2601
132 2601
133 2601
134 2601
135 2601
136 2601
137 2601
138 2601
139 2601
140 2601
141 2601
142 2601
143 2601
144 2601
145 2601
146 2601
147 2601
148 2601
149 2601
150 2601
151 2601
152 2601
153 2601
154 2601
155 2601
156 2601
157 2601
158 2601
159 2601
160 2601
161 2601
162 2601
163 2601
164 2601
165 2601
166 2601
167 2601
168 2601
169 2601
170 2601
171 2601
172 2601
173 2601
174 2601
175 2601
176 2601
177 2601
178 2601
179 2601
180 2601
181 2601
182 2601
183 2601
184 2601
185 2601
186 2601
187 2601
188 2601
189 2601
190 2601
191 2601
192 2601
193 2601
194 2601
195 2601
196 2601
197 2601
198 2601
199 2601
200 2601
201 2601
202 2601
203 2601
204 2601
205 2601
206 2601
207 2601
208 2601
209 2601
210 2601
211 2601
212 2601
213 2601
214 2601
215 2601
216 2601
217 2601
218 2601
219 2601
220 2601
221 2601
222 2601
223 2601
224 2601
225 2601
226 2601
227 2601
228 2601
229 2601
230 2601
231 2601
232 2601
233 2601
234 2601
235 2601
236 2601
237 2601
238 2601
239 2601
240 2601
241 2601
242 2601
243 2601
244 2601
245 2601
246 2601
247 2601
248 2601
249 2601
250 2601
251 2601
252 2601
253 2601
254 2601
255 2601
256 2601
257 2601
258 2601
259 2601
260 2601
261 2601
262 2601
263 2601
264 2601
265 2601
266 2601
267 2601
268 2601
269 2601
270 2601
271 2601
272 2601
273 2601
274 2601
275 2601
276 2601
277 2601
278 2601
279 2601
280 2601
281 2601
282 2601
283 2601
284 2601
285 2601
286 2601
287 2601
288 2601
289 2601
290 2601
291 2601
292 2601
293 2601
294 2601
295 2601
296 2601
297 2601
298 2601
299 2601
300 2601
301 2601
302 2601
303 2601
304 2601
305 2601
306 2601
307 2601
308 2601
309 2601
310 2601
311 2601
312 2601
313 2601
314 2601
315 2601
316 2601
317 2601
318 2601
319 2601
320 2601
321 2601
322 2601
323 2601
324 2601
325 2601
326 2601
327 2601
328 2601
329 2601
330 2601
331 2601
332 2601
333 2601
334 2601
335 2601
336 2601
337 2601
338 2601
339 2601
340 2601
341 2601
342 2601
343 2601
344 2601
345 2601
346 2601
347 2601
348 2601
349 2601
350 2601
351 2601
352 2601
353 2601
354 2601
355 2601
356 2601
357 2601
358 2601
359 2601
360 2601
361 2601
362 2601
363 2601
364 2601
365 2601
366 2601
367 2601
368 2601
369 2601
370 2601
371 2601
372 2601
373 2601
374 2601
375 2601
376 2601
377 2601
378 2601
379 2601
380 2601
381 2601
382 2601
383 2601
384 2601
385 2601
386 2601
387 2601
388 2601
389 2601
390 2601
391 2601
392 2601
393 2601
394 2601
395 2601
396 2601
397 2601
398 2601
399 2601
400 2601
401 2601
402 2205.24
403 2193.99
404 2186.5
405 2190.24
406 2193.99
407 2190.24
408 2197.73
409 2205.24
410 2201.49
411 2197.73
412 2193.99
413 2186.5
414 2193.99
415 2193.99
416 2201.49
417 2601
418 2601
419 2601
420 2601
421 2601
422 2601
423 2601
424 2601
425 2601
426 2601
427 2601
428 2601
429 2601
430 2601
431 2601
432 2601
433 2601
434 2601
435 2601
436 2601
437 2601
438 2601
439 2601
440 2601
441 2601
442 2601
443 2601
444 2601
445 2601
446 2601
447 2601
448 2601
449 2601
450 2601
451 2601
452 2601
453 2601
454 2601
455 2601
456 2601
457 2601
458 2601
459 2601
460 2601
461 2601
462 2601
463 2601
464 2601
465 2601
466 2601
467 2601
468 2601
469 2601
470 2601
471 2601
472 2601
473 2601
474 2601
475 2601
476 2601
477 2601
478 2601
479 2601
480 2601
481 2601
482 2601
483 2601
484 2601
485 2601
486 2601
487 2601
488 2601
489 2601
490 2601
491 2601
492 2601
493 2601
494 2601
495 2601
496 2601
497 2601
498 2601
499 2601
500 2601
501 2601
502 2601
503 2601
504 2601
505 2601
506 2601
507 2601
508 2601
509 2601
510 2601
511 2601
512 2601
513 2601
514 2601
515 2601
516 2601
517 2601
518 2601
519 2601
520 2601
521 2601
522 2601
523 2601
524 2601
525 2601
526 2601
527 2601
528 2601
529 2601
530 2601
531 2601
532 2601
533 2601
534 2601
535 2601
536 2601
537 2601
538 2601
539 2601
540 2601
541 2601
542 2601
543 2601
544 2601
545 2601
546 2601
547 2601
548 2601
549 2601
550 2601
551 2601
552 2205.24
553 2205.24
554 2197.73
555 2601
556 2601
557 2601
558 2601
559 2601
560 2601
561 2601
562 2601
563 2601
564 2601
565 2601
566 2601
567 2601
568 2601
569 2601
570 2601
571 2601
572 2601
573 2601
574 2601
575 2601
576 2601
577 2601
578 2601
579 2601
580 2601
581 2601
582 2601
583 2601
584 2601
585 2601
586 2601
587 2601
588 2601
589 2601
590 2601
591 2601
592 2601
593 2601
594 2601
595 2601
596 2601
597 2601
598 2601
599 2601
600 2601
601 2601
602 2601
603 2601
604 2601
605 2601
606 2601
607 2601
608 2601
609 2601
610 2601
611 2601
612 2601
613 2601
614 2601
615 2601
616 2601
617 2601
618 2601
619 2601
620 2601
621 2601
622 2601
623 2601
624 2601
625 2601
626 2601
627 2601
628 2601
629 2601
630 2601
631 2601
632 2601
633 2601
634 2601
635 2601
636 2601
637 2601
638 2601
639 2601
640 2601
641 2601
642 2601
643 2601
644 2601
645 2601
646 2601
647 2601
648 2601
649 2601
650 2601
651 2601
652 2601
653 2601
654 2601
655 2601
656 2601
657 2601
658 2601
659 2601
660 2601
661 2601
662 2601
663 2601
664 2601
665 2601
666 2601
667 2601
668 2601
669 2601
670 2601
671 2601
672 2601
673 2601
674 2601
675 2601
676 2601
677 2601
678 2601
679 2601
680 2601
681 2601
682 2601
683 2601
684 2601
685 2601
686 2601
687 2601
688 2601
689 2601
690 2601
691 2601
692 2601
693 2601
694 2601
695 2601
696 2601
697 2601
698 2601
699 2601
700 2601
701 2601
702 2601
703 2601
704 2601
705 2601
706 2601
707 2601
708 2601
709 2201.49
710 2193.99
711 2197.73
712 2193.99
713 2182.76
714 2160.39
715 2149.25
716 2156.67
717 2156.67
718 2160.39
719 2160.39
720 2156.67
721 2152.96
722 2164.11
723 2167.83
724 2156.67
725 2149.25
726 2152.96
727 2149.25
728 2149.25
729 2164.11
730 2179.02
731 2186.5
732 2179.02
733 2171.56
734 2171.56
735 2160.39
736 2160.39
737 2171.56
738 1814.76
739 1821.58
740 1821.58
741 2182.76
742 2182.76
743 2182.76
744 2182.76
745 2182.76
746 2197.73
747 2197.73
748 2201.49
749 2205.24
750 2197.73
751 2190.24
752 2193.99
753 2186.5
754 2205.24
755 2601
756 2601
757 2601
758 2601
759 2601
760 2601
761 2601
762 2601
763 2601
764 2601
765 2601
766 2601
767 2601
768 2601
769 2601
770 2601
771 2601
772 2601
773 2601
774 2601
775 2601
776 2205.24
777 2197.73
778 2193.99
779 2186.5
780 2193.99
781 2190.24
782 2179.02
783 2179.02
784 2190.24
785 2186.5
786 2197.73
787 2205.24
788 2205.24
789 2601
790 2601
791 2601
792 2601
793 2601
794 2601
795 2601
796 2601
797 2601
798 2601
799 2601
800 2601
801 2601
802 2601
803 2601
804 2601
805 2601
806 2601
807 2601
808 2601
809 2601
810 2601
811 2601
812 2601
813 2601
814 2601
815 2601
816 2601
817 2601
818 2601
819 2601
820 2601
821 2601
822 2601
823 2601
824 2601
825 2601
826 2601
827 2601
828 2601
829 2601
830 2601
831 2601
832 2601
833 2601
834 2601
835 2601
836 2601
837 2601
838 2601
839 2601
840 2601
841 2601
842 2601
843 2601
844 2601
845 2601
846 2601
847 2601
848 2601
849 2601
850 2601
851 2601
852 2601
853 2601
854 2601
855 2601
856 2601
857 2601
858 2601
859 2601
860 2601
861 2601
862 2601
863 2601
864 2601
865 2601
866 2601
867 2601
868 2601
869 2601
870 2601
871 2601
872 2601
873 2601
874 2601
875 2601
876 2601
877 2601
878 2601
879 2601
880 2601
881 2601
882 2601
883 2601
884 2601
885 2601
886 2601
887 2601
888 2601
889 2601
890 2601
891 2601
892 2601
893 2601
894 2601
895 2601
896 2601
897 2601
898 2601
899 2601
900 2205.24
901 2601
902 2601
903 2601
904 2601
905 2601
906 2601
907 2601
908 2601
909 2601
910 2601
911 2601
912 2201.49
913 2205.24
914 2205.24
915 2201.49
916 2601
917 2601
918 2601
919 2601
920 2601
921 2601
922 2601
923 2601
924 2601
925 2601
926 2601
927 2601
928 2601
929 2601
930 2601
931 2601
932 2601
933 2601
934 2601
935 2601
936 2601
937 2601
938 2601
939 2601
940 2601
941 2601
942 2601
943 2601
944 2601
945 2601
946 2601
947 2601
948 2601
949 2601
950 2601
951 2601
952 2601
953 2601
954 2601
955 2601
956 2601
957 2601
958 2601
959 2601
960 2601
961 2601
962 2601
963 2601
964 2601
965 2601
966 2601
967 2601
968 2601
969 2601
970 2601
971 2601
972 2601
973 2601
974 2601
975 2601
976 2601
977 2601
978 2601
979 2601
980 2601
981 2601
982 2601
983 2601
984 2601
985 2601
986 2601
987 2601
988 2601
989 2601
990 2601
991 2601
992 2601
993 2601
994 2601
995 2601
996 2601
997 2601
998 2601
999 2601
1000 2601
1001 2601
1002 2601
1003 2601
1004 2601
1005 2601
1006 2601
1007 2601
1008 2601
1009 2601
1010 2601
1011 2601
1012 2601
1013 2601
1014 2601
1015 2601
1016 2601
1017 2601
1018 2601
1019 2601
1020 2601
1021 2601
1022 2601
1023 2601
1024 2601
1025 2601
1026 2601
1027 2601
1028 2601
1029 2601
1030 2601
1031 2601
1032 2601
1033 2601
1034 2601
1035 2601
1036 2601
1037 2601
1038 2601
1039 2601
1040 2601
1041 2601
1042 2601
1043 2601
1044 2601
1045 2601
1046 2601
1047 2601
1048 2601
1049 2601
1050 2601
1051 2601
1052 2601
1053 2601
1054 2601
1055 2601
1056 2601
1057 2601
1058 2601
1059 2601
1060 2601
1061 2601
1062 2601
1063 2601
1064 2601
1065 2601
1066 2601
1067 2601
1068 2601
1069 2601
1070 2601
1071 2601
1072 2601
1073 2601
1074 2601
1075 2601
1076 2601
1077 2601
1078 2601
1079 2601
1080 2601
1081 2601
1082 2601
1083 2601
1084 2601
1085 2601
1086 2601
1087 2601
1088 2601
1089 2601
1090 2601
1091 2601
1092 2601
1093 2601
1094 2601
1095 2601
1096 2601
1097 2601
1098 2601
1099 2601
1100 2601
1101 2601
1102 2601
1103 2601
1104 2601
1105 2601
1106 2601
1107 2601
1108 2601
1109 2601
1110 2601
1111 2601
1112 2601
1113 2601
1114 2601
1115 2601
1116 2601
1117 2601
1118 2601
1119 2601
1120 2601
1121 2601
1122 2601
1123 2601
1124 2601
1125 2601
1126 2601
1127 2601
1128 2601
1129 2601
1130 2601
1131 2601
1132 2601
1133 2601
1134 2601
1135 2601
1136 2601
1137 2601
1138 2197.73
1139 2205.24
1140 2601
1141 2601
1142 2601
1143 2601
1144 2601
1145 2601
1146 2601
1147 2601
1148 2601
1149 2601
1150 2601
1151 2601
1152 2601
1153 2601
1154 2601
1155 2601
1156 2601
1157 2201.49
1158 2201.49
1159 2205.24
1160 2201.49
1161 2205.24
1162 2601
1163 2601
1164 2601
1165 2601
1166 2601
1167 2601
1168 2601
1169 2601
1170 2601
1171 2601
1172 2601
1173 2601
1174 2601
1175 2601
1176 2601
1177 2601
1178 2601
1179 2601
1180 2601
1181 2601
1182 2601
1183 2601
1184 2601
1185 2601
1186 2601
1187 2601
1188 2601
1189 2601
1190 2601
1191 2601
1192 2601
1193 2601
1194 2601
1195 2601
1196 2601
1197 2601
1198 2601
1199 2601
1200 2601
1201 2601
1202 2601
1203 2601
1204 2601
1205 2601
1206 2601
1207 2601
1208 2601
1209 2601
1210 2601
1211 2601
1212 2601
1213 2601
1214 2601
1215 2601
1216 2601
1217 2601
1218 2601
1219 2601
1220 2601
1221 2601
1222 2601
1223 2601
1224 2601
1225 2601
1226 2601
1227 2601
1228 2601
1229 2601
1230 2601
1231 2601
1232 2601
1233 2601
1234 2601
1235 2601
1236 2601
1237 2601
1238 2601
1239 2601
1240 2601
1241 2601
1242 2601
1243 2601
1244 2601
1245 2601
1246 2601
1247 2601
1248 2601
1249 2601
1250 2601
1251 2601
1252 2601
1253 2601
1254 2601
1255 2601
1256 2601
1257 2601
1258 2601
1259 2601
1260 2601
1261 2601
1262 2601
1263 2601
1264 2601
1265 2601
1266 2601
1267 2601
1268 2601
1269 2601
1270 2601
1271 2601
1272 2601
1273 2601
1274 2601
1275 2601
1276 2601
1277 2601
1278 2601
1279 2601
1280 2601
1281 2601
1282 2601
1283 2601
1284 2601
1285 2601
1286 2601
1287 2601
1288 2601
1289 2601
1290 2601
1291 2601
1292 2601
1293 2601
1294 2601
1295 2601
1296 2601
1297 2601
1298 2601
1299 2601
1300 2601
1301 2601
1302 2601
1303 2601
1304 2601
1305 2601
1306 2601
1307 2601
1308 2601
1309 2601
1310 2601
1311 2601
1312 2601
1313 2601
1314 2601
1315 2601
1316 2601
1317 2601
1318 2601
1319 2601
1320 2601
1321 2601
1322 2601
1323 2601
1324 2601
1325 2601
1326 2601
1327 2601
1328 2601
1329 2601
1330 2601
1331 2601
1332 2601
1333 2601
1334 2601
1335 2601
1336 2601
1337 2601
1338 2601
1339 2601
1340 2601
1341 2601
1342 2601
1343 2601
1344 2601
1345 2601
1346 2601
1347 2601
1348 2601
1349 2601
1350 2601
1351 2601
1352 2601
1353 2601
1354 2601
1355 2601
1356 2601
1357 2601
1358 2601
1359 2601
1360 2601
1361 2601
1362 2601
1363 2601
1364 2601
1365 2601
1366 2601
1367 2601
1368 2601
1369 2601
1370 2601
1371 2601
1372 2601
1373 2601
1374 2601
1375 2601
1376 2601
1377 2601
1378 2601
1379 2601
1380 2601
1381 2601
1382 2601
1383 2601
1384 2601
1385 2601
1386 2601
1387 2601
1388 2601
1389 2601
1390 2601
1391 2601
1392 2601
1393 2601
1394 2601
1395 2601
1396 2601
1397 2601
1398 2601
1399 2601
1400 2601
1401 2601
1402 2601
1403 2601
1404 2601
1405 2601
1406 2601
1407 2601
1408 2601
1409 2601
1410 2601
1411 2601
1412 2601
1413 2601
1414 2601
1415 2601
1416 2601
1417 2601
1418 2601
1419 2601
1420 2601
1421 2601
1422 2601
1423 2601
1424 2601
1425 2601
1426 2601
1427 2601
1428 2601
1429 2601
1430 2601
1431 2601
1432 2601
1433 2601
1434 2601
1435 2601
1436 2601
1437 2601
1438 2601
1439 2601
1440 2601
1441 2190.24
1442 2190.24
1443 2190.24
1444 2182.76
1445 2182.76
1446 2167.83
1447 2171.56
1448 2167.83
1449 2167.83
1450 2167.83
1451 2156.67
1452 2152.96
1453 2152.96
1454 2156.67
1455 2160.39
1456 2156.67
1457 2152.96
1458 2152.96
1459 2141.84
1460 2138.14
1461 2141.84
1462 2145.54
1463 2141.84
1464 2141.84
1465 2141.84
1466 2130.75
1467 2134.44
1468 2149.25
1469 2149.25
1470 2160.39
1471 2164.11
1472 2171.56
1473 2167.83
1474 2160.39
1475 2156.67
1476 2149.25
1477 2145.54
1478 2171.56
1479 2171.56
1480 2171.56
1481 2167.83
1482 2164.11
1483 2164.11
1484 2179.02
1485 2193.99
1486 2190.24
1487 2190.24
1488 2190.24
1489 2186.5
1490 2171.56
1491 2156.67
1492 2149.25
1493 2145.54
1494 2149.25
1495 2152.96
1496 2160.39
1497 2156.67
1498 2160.39
1499 2152.96
1500 2160.39
1501 2160.39
1502 2197.73
1503 2193.99
1504 2193.99
1505 2197.73
1506 2205.24
1507 2601
1508 2601
1509 2601
1510 2601
1511 2601
1512 2601
1513 2601
1514 2601
1515 2601
1516 2601
1517 2601
1518 2601
1519 2601
1520 2601
1521 2601
1522 2601
1523 2601
1524 2601
1525 2601
1526 2601
1527 2601
1528 2601
1529 2601
1530 2601
1531 2601
1532 2601
1533 2601
1534 2601
1535 2601
1536 2601
1537 2601
1538 2601
1539 2601
1540 2601
1541 2601
1542 2601
1543 2601
1544 2601
1545 2601
1546 2197.73
1547 2190.24
1548 2182.76
1549 1818.17
1550 1821.58
1551 1821.58
1552 2182.76
1553 2179.02
1554 2167.83
1555 2182.76
1556 2182.76
1557 2186.5
1558 2167.83
1559 2167.83
1560 2167.83
1561 2171.56
1562 2171.56
1563 2175.29
1564 2167.83
1565 2167.83
1566 2167.83
1567 2167.83
1568 2179.02
1569 2182.76
1570 2182.76
1571 2171.56
1572 2175.29
1573 2171.56
1574 2179.02
1575 2179.02
1576 2164.11
1577 2167.83
1578 2156.67
1579 2152.96
1580 2167.83
1581 2171.56
1582 2171.56
1583 2179.02
1584 2179.02
1585 2182.76
1586 2182.76
1587 2186.5
1588 2179.02
1589 2164.11
1590 2164.11
1591 2175.29
1592 2175.29
1593 2175.29
1594 2190.24
1595 2201.49
1596 2601
1597 2601
1598 2601
1599 2601
1600 2601
1601 2601
1602 2601
1603 2601
1604 2601
1605 2601
1606 2601
1607 2601
1608 2601
1609 2601
1610 2601
1611 2601
1612 2601
1613 2601
1614 2601
1615 2601
1616 2601
1617 2601
1618 2601
1619 2601
1620 2601
1621 2601
1622 2601
1623 2601
1624 2601
1625 2601
1626 2601
1627 2601
1628 2601
1629 2601
1630 2601
1631 2601
1632 2601
1633 2601
1634 2601
1635 2601
1636 2601
1637 2601
1638 2601
1639 2601
1640 2601
1641 2601
1642 2601
1643 2601
1644 2601
1645 2601
1646 2601
1647 2601
1648 2601
1649 2601
1650 2601
1651 2601
1652 2601
1653 2601
1654 2601
1655 2601
1656 2601
1657 2601
1658 2601
1659 2601
1660 2601
1661 2601
1662 2201.49
1663 2182.76
1664 2190.24
1665 2186.5
1666 2179.02
1667 2186.5
1668 2186.5
1669 2186.5
1670 2193.99
1671 2193.99
1672 2193.99
1673 2190.24
1674 2193.99
1675 2190.24
1676 2193.99
1677 2190.24
1678 2193.99
1679 2186.5
1680 2190.24
1681 2193.99
1682 2190.24
1683 2179.02
1684 2182.76
1685 2186.5
1686 2186.5
1687 2190.24
1688 2193.99
1689 2186.5
1690 2190.24
1691 2179.02
1692 2193.99
1693 2197.73
1694 2197.73
1695 2182.76
1696 2175.29
1697 2167.83
1698 2156.67
1699 2167.83
1700 2175.29
1701 2160.39
1702 2160.39
1703 2156.67
1704 2152.96
1705 2156.67
1706 2171.56
1707 2186.5
1708 2193.99
1709 2201.49
1710 2201.49
1711 2171.56
1712 2179.02
1713 2167.83
1714 2164.11
1715 2171.56
1716 2171.56
1717 2171.56
1718 2160.39
1719 2152.96
1720 2152.96
1721 2152.96
1722 2152.96
1723 2149.25
1724 2141.84
1725 2138.14
1726 2141.84
1727 2145.54
1728 2145.54
1729 2149.25
1730 2152.96
1731 2156.67
1732 2164.11
1733 2152.96
1734 2145.54
1735 2141.84
1736 2149.25
1737 2149.25
1738 2152.96
1739 2156.67
1740 2141.84
1741 2138.14
1742 2138.14
1743 2152.96
1744 2145.54
1745 2130.75
1746 2130.75
1747 2130.75
1748 2127.05
1749 2130.75
1750 2138.14
1751 2127.05
1752 2123.37
1753 2116
1754 2116
1755 2108.65
1756 2108.65
1757 2108.65
1758 2119.68
1759 2108.65
1760 2108.65
1761 2116
1762 2112.32
1763 1764
1764 1764
1765 2112.32
1766 2104.97
1767 2086.66
1768 2090.32
1769 2079.36
1770 2079.36
1771 2072.07
1772 2068.43
1773 2064.79
1774 2064.79
1775 2068.43
1776 2072.07
1777 2075.71
1778 2072.07
1779 2068.43
1780 2068.43
1781 2068.43
1782 2072.07
1783 2083.01
1784 2086.66
1785 2086.66
1786 2086.66
1787 2093.98
1788 2075.71
1789 2068.43
1790 2072.07
1791 2075.71
1792 2068.43
1793 2064.79
1794 2072.07
1795 2068.43
1796 2072.07
1797 2075.71
1798 2097.64
1799 2097.64
1800 2075.71
1801 2075.71
1802 2079.36
1803 2079.36
1804 2072.07
1805 1737.22
1806 1747.24
1807 1747.24
1808 1750.59
1809 1743.9
1810 1743.9
1811 1737.22
1812 1743.9
1813 1753.93
1814 1753.93
1815 1750.59
1816 1747.24
1817 1733.89
1818 1723.91
1819 1740.56
1820 1737.22
1821 1743.9
1822 1750.59
1823 1737.22
1824 1753.93
1825 1740.56
1826 1733.89
1827 1753.93
1828 1753.93
1829 1760.64
1830 1770.73
1831 1764
1832 1753.93
1833 1743.9
1834 1767.36
1835 1750.59
1836 1764
1837 1770.73
1838 1760.64
1839 1780.84
1840 1780.84
1841 1804.55
1842 1811.35
1843 1821.58
1844 1818.17
1845 1828.42
1846 1821.58
1847 1821.58
1848 1814.76
1849 1821.58
1850 2179.02
1851 2186.5
1852 2197.73
1853 2197.73
1854 2193.99
1855 2193.99
1856 2193.99
1857 2197.73
1858 2201.49
1859 2205.24
1860 2193.99
1861 2186.5
1862 2179.02
1863 2175.29
1864 2175.29
1865 2171.56
1866 2182.76
1867 2179.02
1868 2179.02
1869 2175.29
1870 2179.02
1871 2167.83
1872 2156.67
1873 2164.11
1874 2160.39
1875 2149.25
1876 2152.96
1877 2156.67
1878 2160.39
1879 2160.39
1880 2167.83
1881 2167.83
1882 2160.39
1883 2145.54
1884 2149.25
1885 2160.39
1886 2160.39
1887 2179.02
1888 2175.29
1889 2182.76
1890 2186.5
1891 2186.5
1892 2190.24
1893 2601
1894 2601
1895 2601
1896 2601
1897 2601
1898 2197.73
1899 2190.24
1900 2186.5
1901 2167.83
1902 2160.39
1903 2175.29
1904 2171.56
1905 2167.83
1906 2164.11
1907 2160.39
1908 2152.96
1909 2141.84
1910 2134.44
1911 2141.84
1912 2138.14
1913 2141.84
1914 2152.96
1915 2145.54
1916 2145.54
1917 2152.96
1918 2156.67
1919 2152.96
1920 2152.96
1921 2164.11
1922 2164.11
1923 2160.39
1924 2152.96
1925 2167.83
1926 2175.29
1927 2190.24
1928 2179.02
1929 2186.5
1930 2193.99
1931 2201.49
1932 2201.49
1933 2197.73
1934 2201.49
1935 2197.73
1936 2205.24
1937 2197.73
1938 2205.24
1939 2205.24
1940 2197.73
1941 2205.24
1942 2205.24
1943 2190.24
1944 2197.73
1945 2197.73
1946 2193.99
1947 2201.49
1948 2190.24
1949 2193.99
1950 2197.73
1951 2193.99
1952 2182.76
1953 2179.02
1954 2179.02
1955 2175.29
1956 2171.56
1957 2167.83
1958 2160.39
1959 2156.67
1960 2156.67
1961 2156.67
1962 2156.67
1963 2167.83
1964 2160.39
1965 2156.67
1966 2152.96
1967 1807.95
1968 2167.83
1969 2156.67
1970 2156.67
1971 2160.39
1972 2167.83
1973 2164.11
1974 2164.11
1975 2171.56
1976 2171.56
1977 2186.5
1978 2186.5
1979 2186.5
1980 2190.24
1981 2186.5
1982 2182.76
1983 2193.99
1984 2193.99
1985 2197.73
1986 2201.49
1987 2201.49
1988 2201.49
1989 2201.49
1990 2186.5
1991 2186.5
1992 2182.76
1993 2182.76
1994 2182.76
1995 2186.5
1996 2190.24
1997 2179.02
1998 2190.24
1999 2197.73
2000 2186.5
2001 2193.99
2002 2205.24
2003 2205.24
2004 2601
2005 2601
2006 2601
2007 2601
2008 2601
2009 2601
2010 2601
2011 2601
2012 2601
2013 2601
2014 2601
2015 2601
2016 2601
2017 2601
2018 2601
2019 2601
2020 2601
2021 2601
2022 2205.24
2023 2205.24
2024 2601
2025 2601
2026 2601
2027 2601
2028 2601
2029 2601
2030 2601
2031 2601
2032 2601
2033 2601
2034 2601
2035 2601
2036 2601
2037 2601
2038 2601
2039 2601
2040 2601
2041 2601
2042 2601
2043 2601
2044 2601
2045 2601
2046 2601
2047 2601
2048 2601
2049 2601
2050 2601
2051 2601
2052 2601
2053 2601
2054 2601
2055 2601
2056 2601
2057 2601
2058 2601
2059 2601
2060 2601
2061 2601
2062 2601
2063 2601
2064 2601
2065 2601
2066 2601
2067 2601
2068 2601
2069 2601
2070 2601
2071 2601
2072 2601
2073 2601
2074 2601
2075 2601
2076 2601
2077 2601
2078 2601
2079 2601
2080 2601
2081 2601
2082 2601
2083 2601
2084 2601
2085 2601
2086 2601
2087 2601
2088 2601
2089 2601
2090 2601
2091 2601
2092 2601
2093 2601
2094 2601
2095 2601
2096 2601
2097 2601
2098 2601
2099 2601
2100 2601
2101 2601
2102 2601
2103 2601
2104 2601
2105 2601
2106 2601
2107 2601
2108 2601
2109 2601
2110 2601
2111 2601
2112 2601
2113 2601
2114 2601
2115 2601
2116 2601
2117 2601
2118 2601
2119 2601
2120 2601
2121 2601
2122 2601
2123 2601
2124 2601
2125 2601
2126 2601
2127 2601
2128 2601
2129 2601
2130 2601
2131 2601
2132 2601
2133 2601
2134 2197.73
2135 2201.49
2136 2205.24
2137 2205.24
2138 2201.49
2139 2205.24
2140 2201.49
2141 2190.24
2142 1835.27
2143 1825
2144 2167.83
2145 2156.67
2146 2156.67
2147 2171.56
2148 2175.29
2149 2171.56
2150 2164.11
2151 2156.67
2152 2156.67
2153 2156.67
2154 2160.39
2155 2152.96
2156 2149.25
2157 2156.67
2158 2141.84
2159 2127.05
2160 2123.37
2161 2127.05
2162 2116
2163 2108.65
2164 2123.37
2165 2145.54
2166 2145.54
2167 2141.84
2168 2145.54
2169 2145.54
2170 2141.84
2171 2138.14
2172 2149.25
2173 2149.25
2174 2134.44
2175 2141.84
2176 2138.14
2177 2130.75
2178 2141.84
2179 2127.05
2180 2149.25
2181 2152.96
2182 2152.96
2183 2149.25
2184 2152.96
2185 2160.39
2186 2156.67
2187 2152.96
2188 2149.25
2189 2149.25
2190 2145.54
2191 2149.25
2192 2149.25
2193 2152.96
2194 2160.39
2195 2160.39
2196 2156.67
2197 2156.67
2198 2152.96
2199 2145.54
2200 2149.25
2201 2149.25
2202 2145.54
2203 2160.39
2204 2164.11
2205 2171.56
2206 2167.83
2207 2175.29
2208 2171.56
2209 2186.5
2210 2179.02
2211 2193.99
2212 2190.24
2213 2201.49
2214 2197.73
2215 2205.24
2216 2201.49
2217 2193.99
2218 2197.73
2219 2197.73
2220 2201.49
2221 2190.24
2222 2193.99
2223 2190.24
2224 2186.5
2225 2186.5
2226 2182.76
2227 2186.5
2228 2190.24
2229 2186.5
2230 2190.24
2231 2190.24
2232 2193.99
2233 2201.49
2234 2197.73
2235 2186.5
2236 2179.02
2237 2175.29
2238 2175.29
2239 2175.29
2240 2193.99
2241 2190.24
2242 2182.76
2243 2190.24
2244 2190.24
2245 2179.02
2246 2175.29
2247 2175.29
2248 2164.11
2249 2152.96
2250 2152.96
2251 2145.54
2252 2138.14
2253 2138.14
2254 2149.25
2255 2138.14
2256 2134.44
2257 2138.14
2258 2141.84
2259 2141.84
2260 2141.84
2261 2141.84
2262 2134.44
2263 2141.84
2264 2141.84
2265 2138.14
2266 2130.75
2267 2130.75
2268 2116
2269 2119.68
2270 2130.75
2271 2130.75
2272 2119.68
2273 2127.05
2274 2123.37
2275 2127.05
2276 2116
2277 2108.65
2278 2112.32
2279 2108.65
2280 2097.64
2281 2104.97
2282 2116
2283 2119.68
2284 2123.37
2285 2123.37
2286 2123.37
2287 2123.37
2288 2130.75
2289 2116
2290 2119.68
2291 2123.37
2292 2127.05
2293 2130.75
2294 2138.14
2295 2134.44
2296 2138.14
2297 2130.75
2298 2134.44
2299 2134.44
2300 2130.75
2301 2112.32
2302 2119.68
2303 2127.05
2304 2138.14
2305 2138.14
2306 2145.54
2307 2123.37
2308 2108.65
2309 2104.97
2310 2097.64
2311 2104.97
2312 2112.32
2313 2112.32
2314 2119.68
2315 2123.37
2316 2127.05
2317 2119.68
2318 2123.37
2319 2116
2320 2116
2321 2112.32
2322 2097.64
2323 2093.98
2324 2093.98
2325 2086.66
2326 2097.64
2327 2093.98
2328 2104.97
2329 2090.32
2330 2097.64
2331 2097.64
2332 2093.98
2333 2090.32
2334 2090.32
2335 2093.98
2336 2090.32
2337 2093.98
2338 2093.98
2339 2108.65
2340 2112.32
2341 2116
2342 2112.32
2343 2112.32
2344 2112.32
2345 2108.65
2346 2101.31
2347 2090.32
2348 2101.31
2349 2116
2350 2104.97
2351 2104.97
2352 2097.64
2353 2101.31
2354 2112.32
2355 2119.68
2356 2123.37
2357 2127.05
2358 2130.75
2359 2138.14
2360 2134.44
2361 2145.54
2362 2149.25
2363 2149.25
2364 2156.67
2365 2156.67
2366 2149.25
2367 2141.84
2368 2141.84
2369 2152.96
2370 2156.67
2371 2152.96
2372 2149.25
2373 2149.25
2374 2152.96
2375 2171.56
2376 2179.02
2377 2167.83
2378 2179.02
2379 2186.5
2380 2193.99
2381 2201.49
2382 2601
2383 2601
2384 2601
2385 2601
2386 2601
2387 2601
2388 2601
2389 2601
2390 2601
2391 2601
2392 2601
2393 2601
2394 2601
2395 2601
2396 2601
2397 2601
2398 2601
2399 2601
2400 2601
2401 2601
2402 2601
2403 2601
2404 2601
2405 2601
2406 2601
2407 2601
2408 2601
2409 2601
2410 2601
2411 2601
2412 2601
2413 2601
2414 2601
2415 2601
2416 2601
2417 2601
2418 2601
2419 2601
2420 2601
2421 2601
2422 2601
2423 2601
2424 2601
2425 2601
2426 2601
2427 2601
2428 2601
2429 2601
2430 2601
2431 2601
2432 2601
2433 2601
2434 2601
2435 2601
2436 2601
2437 2601
2438 2601
2439 2601
2440 2601
2441 2601
2442 2601
2443 2601
2444 2601
2445 2601
2446 2601
2447 2601
2448 2601
2449 2601
2450 2601
2451 2601
2452 2601
2453 2601
2454 2601
2455 2601
2456 2601
2457 2601
2458 2601
2459 2601
2460 2601
2461 2601
2462 2601
2463 2601
2464 2601
2465 2601
2466 2601
2467 2601
2468 2601
2469 2601
2470 2601
2471 2601
2472 2601
2473 2601
2474 2601
2475 2601
2476 2601
2477 2601
2478 2601
2479 2601
2480 2601
2481 2601
2482 2601
2483 2601
2484 2601
2485 2601
2486 2601
2487 2601
2488 2601
2489 2601
2490 2601
2491 2601
2492 2601
2493 2601
2494 2601
2495 2601
2496 2601
2497 2601
2498 2601
2499 2601
2500 2601
2501 2601
2502 2601
2503 2601
2504 2601
2505 2601
2506 2601
2507 2601
2508 2601
2509 2601
2510 2601
2511 2601
2512 2601
2513 2601
2514 2601
2515 2601
2516 2601
2517 2601
2518 2601
2519 2601
2520 2601
2521 2601
2522 2601
2523 2601
2524 2601
2525 2601
2526 2601
2527 2601
2528 2601
2529 2601
2530 2601
2531 2601
2532 2601
2533 2601
2534 2601
2535 2601
2536 2601
2537 2601
2538 2601
2539 2601
2540 2601
2541 2601
2542 2601
2543 2601
2544 2601
2545 2601
2546 2601
2547 2601
2548 2601
2549 2601
2550 2601
2551 2601
2552 2601
2553 2601
2554 2601
2555 2601
2556 2601
2557 2601
2558 2601
2559 2601
2560 2601
2561 2601
2562 2601
2563 2601
2564 2601
2565 2601
2566 2601
2567 2601
2568 2601
2569 2601
2570 2205.24
2571 2201.49
2572 2205.24
2573 2193.99
2574 2190.24
2575 2197.73
2576 2193.99
2577 2201.49
2578 2197.73
2579 2201.49
2580 2186.5
2581 2193.99
2582 2190.24
2583 2186.5
2584 2205.24
2585 2205.24
2586 2205.24
2587 2201.49
2588 2201.49
2589 2601
2590 2601
2591 2601
2592 2601
2593 2601
2594 2601
2595 2601
2596 2601
2597 2601
2598 2601
2599 2601
2600 2601
2601 2601
2602 2601
2603 2601
2604 2601
2605 2601
2606 2601
2607 2601
2608 2601
2609 2601
2610 2601
2611 2601
2612 2601
2613 2601
2614 2601
2615 2601
2616 2601
2617 2601
2618 2601
2619 2601
2620 2601
2621 2601
2622 2601
2623 2601
2624 2601
2625 2601
2626 2601
2627 2601
2628 2601
2629 2601
2630 2601
2631 2601
2632 2601
2633 2601
2634 2601
2635 2601
2636 2601
2637 2601
2638 2601
2639 2601
2640 2601
2641 2601
2642 2601
2643 2601
2644 2601
2645 2601
2646 2601
2647 2601
2648 2601
2649 2601
2650 2601
2651 2601
2652 2601
2653 2601
2654 2601
2655 2601
2656 2601
2657 2601
2658 2601
2659 2601
2660 2601
2661 2601
2662 2601
2663 2601
2664 2601
2665 2601
2666 2601
2667 2601
2668 2601
2669 2601
2670 2601
2671 2601
2672 2601
2673 2205.24
2674 2205.24
2675 2201.49
2676 2193.99
2677 2205.24
2678 2201.49
2679 2201.49
2680 2601
2681 2601
2682 2601
2683 2601
2684 2601
2685 2601
2686 2601
2687 2601
2688 2601
2689 2601
2690 2601
2691 2601
2692 2601
2693 2601
2694 2205.24
2695 2601
2696 2601
2697 2601
2698 2601
2699 2601
2700 2601
2701 2601
2702 2601
2703 2601
2704 2601
2705 2601
2706 2601
2707 2601
2708 2601
2709 2601
2710 2601
2711 2601
2712 2601
2713 2601
2714 2601
2715 2601
2716 2601
2717 2601
2718 2601
2719 2601
2720 2601
2721 2601
2722 2601
2723 2601
2724 2601
2725 2601
2726 2601
2727 2601
2728 2601
2729 2601
2730 2601
2731 2601
2732 2601
2733 2601
2734 2601
2735 2601
2736 2601
2737 2601
2738 2601
2739 2601
2740 2601
2741 2601
2742 2601
2743 2601
2744 2601
2745 2601
2746 2601
2747 2601
2748 2601
2749 2601
2750 2601
2751 2601
2752 2601
2753 2601
2754 2601
2755 2601
2756 2601
2757 2601
2758 2601
2759 2601
2760 2601
2761 2601
2762 2601
2763 2601
2764 2601
2765 2601
2766 2601
2767 2601
2768 2601
2769 2601
2770 2601
2771 2601
2772 2601
2773 2601
2774 2601
2775 2601
2776 2601
2777 2601
2778 2601
2779 2601
2780 2601
2781 2601
2782 2601
2783 2601
2784 2601
2785 2601
2786 2601
2787 2601
2788 2601
2789 2601
2790 2601
2791 2601
2792 2601
2793 2601
2794 2601
2795 2601
2796 2601
2797 2601
2798 2601
2799 2601
2800 2601
2801 2601
2802 2601
2803 2601
2804 2601
2805 2601
2806 2601
2807 2601
2808 2601
2809 2601
2810 2601
2811 2601
2812 2601
2813 2601
2814 2601
2815 2601
2816 2601
2817 2601
2818 2601
2819 2601
2820 2601
2821 2601
2822 2601
2823 2601
2824 2601
2825 2601
2826 2601
2827 2601
2828 2601
2829 2601
2830 2601
2831 2601
2832 2601
2833 2601
2834 2601
2835 2601
2836 2601
2837 2601
2838 2601
2839 2601
2840 2601
2841 2601
2842 2601
2843 2601
2844 2601
2845 2601
2846 2601
2847 2601
2848 2601
2849 2601
2850 2601
2851 2601
2852 2601
2853 2601
2854 2601
2855 2601
2856 2601
2857 2601
2858 2601
2859 2601
2860 2601
2861 2601
2862 2601
2863 2601
2864 2601
2865 2601
2866 2601
2867 2601
2868 2601
2869 2601
2870 2601
2871 2601
2872 2601
2873 2601
2874 2601
2875 2601
2876 2601
2877 2601
2878 2601
2879 2601
2880 2601
2881 2601
2882 2601
2883 2601
2884 2601
2885 2601
2886 2601
2887 2601
2888 2601
2889 2601
2890 2601
2891 2601
2892 2601
2893 2601
2894 2601
2895 2601
2896 2601
2897 2601
2898 2601
2899 2601
2900 2601
2901 2601
2902 2601
2903 2601
2904 2601
2905 2601
2906 2601
2907 2601
2908 2601
2909 2601
2910 2601
2911 2601
2912 2601
2913 2601
2914 2601
2915 2601
2916 2601
2917 2601
2918 2601
2919 2601
2920 2601
2921 2601
2922 2601
2923 2601
2924 2601
2925 2601
2926 2601
2927 2601
2928 2601
2929 2601
2930 2601
2931 2601
2932 2601
2933 2601
2934 2601
2935 2601
2936 2601
2937 2601
2938 2601
2939 2601
2940 2601
2941 2601
2942 2601
2943 2601
2944 2601
2945 2601
2946 2601
2947 2601
2948 2601
2949 2601
2950 2601
2951 2601
2952 2601
2953 2601
2954 2601
2955 2601
2956 2601
2957 2601
2958 2601
2959 2601
2960 2601
2961 2601
2962 2601
2963 2601
2964 2601
2965 2601
2966 2601
2967 2601
2968 2601
2969 2601
2970 2601
2971 2601
2972 2601
2973 2601
2974 2601
2975 2601
2976 2601
2977 2601
2978 2601
2979 2601
2980 2601
2981 2601
2982 2601
2983 2601
2984 2601
2985 2601
2986 2601
2987 2601
2988 2601
2989 2601
2990 2601
2991 2205.24
2992 2601
2993 2601
2994 2601
2995 2201.49
2996 2190.24
2997 2193.99
2998 2179.02
2999 2182.76
3000 2186.5
3001 2186.5
3002 1825
3003 2182.76
3004 2179.02
3005 2171.56
3006 2167.83
3007 2160.39
3008 2164.11
3009 2182.76
3010 2182.76
3011 2182.76
3012 2182.76
3013 2186.5
3014 2197.73
3015 2197.73
3016 2193.99
3017 2601
3018 2601
3019 2601
3020 2601
3021 2601
3022 2601
3023 2601
3024 2601
3025 2601
3026 2601
3027 2601
3028 2601
3029 2601
3030 2601
3031 2601
3032 2601
3033 2601
3034 2601
3035 2601
3036 2601
3037 2601
3038 2601
3039 2601
3040 2601
3041 2601
3042 2601
3043 2601
3044 2601
3045 2601
3046 2601
3047 2601
3048 2601
3049 2601
3050 2601
3051 2601
3052 2601
3053 2601
3054 2601
3055 2601
3056 2601
3057 2601
3058 2601
3059 2601
3060 2601
3061 2601
3062 2601
3063 2601
3064 2601
3065 2601
3066 2205.24
3067 2601
3068 2601
3069 2601
3070 2601
3071 2601
3072 2601
3073 2601
3074 2601
3075 2601
3076 2601
3077 2601
3078 2601
3079 2601
3080 2601
3081 2601
3082 2601
3083 2601
3084 2601
3085 2601
3086 2601
3087 2601
3088 2601
3089 2601
3090 2601
3091 2601
3092 2601
3093 2601
3094 2601
3095 2601
3096 2601
3097 2601
3098 2601
3099 2601
3100 2601
3101 2601
3102 2601
3103 2601
3104 2601
3105 2601
3106 2601
3107 2601
3108 2601
3109 2601
3110 2601
3111 2601
3112 2601
3113 2601
3114 2601
3115 2601
3116 2601
3117 2601
3118 2601
3119 2601
3120 2601
3121 2601
3122 2601
3123 2601
3124 2601
3125 2601
3126 2601
3127 2601
3128 2601
3129 2601
3130 2601
3131 2601
3132 2601
3133 2601
3134 2205.24
3135 2201.49
3136 2193.99
3137 2205.24
3138 2601
3139 2601
3140 2601
3141 2601
3142 2601
3143 2601
3144 2601
3145 2601
3146 2601
3147 2601
3148 2601
3149 2601
3150 2601
3151 2601
3152 2601
3153 2601
3154 2601
3155 2601
3156 2601
3157 2601
3158 2601
3159 2601
3160 2601
3161 2601
3162 2601
3163 2601
3164 2601
3165 2601
3166 2601
3167 2601
3168 2601
3169 2601
3170 2601
3171 2601
3172 2601
3173 2601
3174 2601
3175 2601
3176 2601
3177 2601
3178 2601
3179 2601
3180 2601
3181 2601
3182 2601
3183 2601
3184 2601
3185 2601
3186 2601
3187 2601
3188 2601
3189 2601
3190 2601
3191 2601
3192 2601
3193 2601
3194 2601
3195 2601
3196 2601
3197 2601
3198 2601
3199 2601
3200 2601
3201 2601
3202 2601
3203 2601
3204 2601
3205 2601
3206 2601
3207 2601
3208 2601
3209 2601
3210 2601
3211 2601
3212 2601
3213 2601
3214 2601
3215 2601
3216 2601
3217 2601
3218 2601
3219 2601
3220 2601
3221 2601
3222 2601
3223 2601
3224 2601
3225 2601
3226 2601
3227 2601
3228 2601
3229 2601
3230 2601
3231 2601
3232 2601
3233 2601
3234 2601
3235 2601
3236 2601
3237 2601
3238 2601
3239 2601
3240 2601
3241 2601
3242 2601
3243 2601
3244 2601
3245 2601
3246 2601
3247 2601
3248 2205.24
3249 2197.73
3250 2205.24
3251 2601
3252 2601
3253 2601
3254 2601
3255 2601
3256 2601
3257 2601
3258 2601
3259 2601
3260 2601
3261 2601
3262 2601
3263 2601
3264 2601
3265 2601
3266 2601
3267 2601
3268 2601
3269 2205.24
3270 2601
3271 2601
3272 2601
3273 2601
3274 2601
3275 2601
3276 2601
3277 2601
3278 2601
3279 2601
3280 2601
3281 2601
3282 2601
3283 2601
3284 2601
3285 2601
3286 2601
3287 2601
3288 2601
3289 2601
3290 2601
3291 2601
3292 2601
3293 2601
3294 2601
3295 2601
3296 2601
3297 2601
3298 2601
3299 2601
3300 2601
3301 2601
3302 2601
3303 2601
3304 2601
3305 2601
3306 2601
3307 2601
3308 2601
3309 2601
3310 2601
3311 2601
3312 2601
3313 2601
3314 2601
3315 2601
3316 2601
3317 2601
3318 2601
3319 2601
3320 2601
3321 2601
3322 2601
3323 2601
3324 2601
3325 2601
3326 2601
3327 2601
3328 2601
3329 2601
3330 2601
3331 2601
3332 2601
3333 2601
3334 2601
3335 2601
3336 2601
3337 2601
3338 2601
3339 2601
3340 2601
3341 2601
3342 2601
3343 2601
3344 2601
3345 2601
3346 2601
3347 2601
3348 2601
3349 2601
3350 2601
3351 2601
3352 2601
3353 2601
3354 2601
3355 2601
3356 2601
3357 2601
3358 2601
3359 2601
3360 2601
3361 2601
3362 2601
3363 2601
3364 2601
3365 2601
3366 2601
3367 2601
3368 2601
3369 2601
3370 2601
3371 2601
3372 2205.24
3373 2205.24
3374 2601
3375 2601
3376 2601
3377 2601
3378 2601
3379 2601
3380 2601
3381 2601
3382 2601
3383 2601
3384 2601
3385 2601
3386 2197.73
3387 2186.5
3388 2179.02
3389 2179.02
3390 2179.02
3391 2167.83
3392 2164.11
3393 2164.11
3394 2171.56
3395 2175.29
3396 2167.83
3397 2175.29
3398 2182.76
3399 2182.76
3400 2182.76
3401 2179.02
3402 2182.76
3403 2179.02
3404 2186.5
3405 2182.76
3406 2186.5
3407 2190.24
3408 2197.73
3409 2601
3410 2601
3411 2601
3412 2601
3413 2601
3414 2601
3415 2601
3416 2601
3417 2601
3418 2601
3419 2601
3420 2601
3421 2601
3422 2601
3423 2601
3424 2601
3425 2601
3426 2601
3427 2601
3428 2601
3429 2601
3430 2601
3431 2601
3432 2601
3433 2601
3434 2601
3435 2601
3436 2601
3437 2601
3438 2601
3439 2601
3440 2601
3441 2601
3442 2601
3443 2601
3444 2205.24
3445 2205.24
3446 2601
3447 2601
3448 2601
3449 2601
3450 2601
3451 2601
3452 2601
3453 2601
3454 2601
3455 2601
3456 2601
3457 2601
3458 2601
3459 2601
3460 2601
3461 2601
3462 2601
3463 2601
3464 2601
3465 2601
3466 2601
3467 2601
3468 2601
3469 2601
3470 2601
3471 2601
3472 2601
3473 2601
3474 2601
3475 2601
3476 2601
3477 2601
3478 2601
3479 2601
3480 2601
3481 2601
3482 2601
3483 2601
3484 2601
3485 2601
3486 2601
3487 2601
3488 2601
3489 2601
3490 2601
3491 2601
3492 2601
3493 2601
3494 2601
3495 2601
3496 2601
3497 2601
3498 2601
3499 2601
3500 2601
3501 2601
3502 2601
3503 2601
3504 2601
3505 2601
3506 2601
3507 2601
3508 2601
3509 2601
3510 2601
3511 2601
3512 2601
3513 2601
3514 2601
3515 2601
3516 2601
3517 2601
3518 2601
3519 2601
3520 2601
3521 2601
3522 2601
3523 2601
3524 2601
3525 2601
3526 2601
3527 2601
3528 2601
3529 2601
3530 2601
3531 2601
3532 2601
3533 2601
3534 2601
3535 2601
3536 2601
3537 2601
3538 2601
3539 2601
3540 2601
3541 2601
3542 2601
3543 2601
3544 2601
3545 2601
3546 2601
3547 2601
3548 2601
3549 2601
3550 2601
3551 2601
3552 2601
3553 2601
3554 2601
3555 2601
3556 2601
3557 2601
3558 2601
3559 2601
3560 2601
3561 2601
3562 2601
3563 2601
3564 2601
3565 2601
3566 2601
3567 2601
3568 2601
3569 2601
3570 2601
3571 2601
3572 2601
3573 2601
3574 2601
3575 2601
3576 2601
3577 2601
3578 2601
3579 2601
3580 2601
3581 2601
3582 2601
3583 2601
3584 2601
3585 2601
3586 2601
3587 2601
3588 2601
3589 2601
3590 2601
3591 2601
3592 2601
3593 2601
3594 2601
3595 2601
3596 2601
3597 2601
3598 2601
3599 2601
3600 2601
3601 2601
3602 2601
3603 2601
3604 2601
3605 2601
3606 2601
3607 2601
3608 2201.49
3609 2601
3610 2601
3611 2601
3612 2601
3613 2601
3614 2601
3615 2601
3616 2601
3617 2601
3618 2601
3619 2601
3620 2601
3621 2601
3622 2601
3623 2601
3624 2601
3625 2601
3626 2601
3627 2601
3628 2601
3629 2601
3630 2601
3631 2601
3632 2601
3633 2601
3634 2601
3635 2601
3636 2601
3637 2601
3638 2601
3639 2601
3640 2601
3641 2601
3642 2601
3643 2601
3644 2601
3645 2601
3646 2601
3647 2601
3648 2601
3649 2601
3650 2601
3651 2601
3652 2205.24
3653 2205.24
3654 2601
3655 2601
3656 2601
3657 2601
3658 2601
3659 2601
3660 2601
3661 2601
3662 2601
3663 2601
3664 2601
3665 2601
3666 2601
3667 2601
3668 2601
3669 2601
3670 2601
3671 2601
3672 2601
3673 2601
3674 2601
3675 2601
3676 2601
3677 2601
3678 2601
3679 2601
3680 2601
3681 2601
3682 2601
3683 2601
3684 2601
3685 2601
3686 2601
3687 2601
3688 2601
3689 2601
3690 2601
3691 2601
3692 2601
3693 2601
3694 2601
3695 2601
3696 2601
3697 2601
3698 2601
3699 2601
3700 2601
3701 2601
3702 2601
3703 2601
3704 2601
3705 2205.24
3706 2601
3707 2601
3708 2601
3709 2601
3710 2601
3711 2601
3712 2601
3713 2601
3714 2601
3715 2601
3716 2601
3717 2601
3718 2601
3719 2601
3720 2601
3721 2601
3722 2601
3723 2601
3724 2601
3725 2601
3726 2601
3727 2601
3728 2601
3729 2601
3730 2601
3731 2601
3732 2601
3733 2601
3734 2601
3735 2601
3736 2601
3737 2601
3738 2601
3739 2601
3740 2601
3741 2601
3742 2601
3743 2601
3744 2601
3745 2601
3746 2601
3747 2601
3748 2601
3749 2601
3750 2601
3751 2601
3752 2601
3753 2601
3754 2601
3755 2601
3756 2601
3757 2601
3758 2601
3759 2601
3760 2601
3761 2601
3762 2601
3763 2601
3764 2601
3765 2601
3766 2601
3767 2601
3768 2601
3769 2601
3770 2601
3771 2601
3772 2601
3773 2601
3774 2601
3775 2601
3776 2601
3777 2601
3778 2601
3779 2601
3780 2601
3781 2601
3782 2601
3783 2601
3784 2601
3785 2601
3786 2601
3787 2601
3788 2601
3789 2601
3790 2601
3791 2601
3792 2601
3793 2601
3794 2601
3795 2601
3796 2601
3797 2601
3798 2601
3799 2601
3800 2601
3801 2601
3802 2601
3803 2601
3804 2601
3805 2601
3806 2601
3807 2601
3808 2601
3809 2601
3810 2601
3811 2601
3812 2601
3813 2601
3814 2601
3815 2601
3816 2601
3817 2601
3818 2601
3819 2601
3820 2601
3821 2601
3822 2601
3823 2601
3824 2601
3825 2601
3826 2601
3827 2601
3828 2601
3829 2205.24
3830 2201.49
3831 2205.24
3832 2601
3833 2601
3834 2601
3835 2601
3836 2601
3837 2601
3838 2601
3839 2601
3840 2601
3841 2601
3842 2601
3843 2601
3844 2601
3845 2601
3846 2601
3847 2601
3848 2601
3849 2601
3850 2601
3851 2601
3852 2601
3853 2601
3854 2601
3855 2601
3856 2601
3857 2601
3858 2601
3859 2601
3860 2601
3861 2601
3862 2601
3863 2601
3864 2601
3865 2601
3866 2601
3867 2601
3868 2601
3869 2601
3870 2601
3871 2601
3872 2601
3873 2601
3874 2601
3875 2601
3876 2601
3877 2601
3878 2601
3879 2601
3880 2601
3881 2601
3882 2601
3883 2601
3884 2601
3885 2601
3886 2601
3887 2601
3888 2601
3889 2601
3890 2601
3891 2601
3892 2601
3893 2601
3894 2601
3895 2601
3896 2601
3897 2601
3898 2601
3899 2601
3900 2601
3901 2601
3902 2601
3903 2601
3904 2601
3905 2601
3906 2601
3907 2601
3908 2601
3909 2601
3910 2601
3911 2601
3912 2601
3913 2601
3914 2601
3915 2601
3916 2601
3917 2601
3918 2601
3919 2601
3920 2601
3921 2601
3922 2601
3923 2601
3924 2601
3925 2601
3926 2601
3927 2601
3928 2601
3929 2601
3930 2601
3931 2601
3932 2601
3933 2601
3934 2601
3935 2601
3936 2601
3937 2601
3938 2601
3939 2601
3940 2601
3941 2601
3942 2601
3943 2601
3944 2601
3945 2601
3946 2601
3947 2601
3948 2601
3949 2601
3950 2601
3951 2601
3952 2601
3953 2601
3954 2601
3955 2601
3956 2601
3957 2601
3958 2601
3959 2601
3960 2601
3961 2601
3962 2601
3963 2601
3964 2601
3965 2601
3966 2601
3967 2601
3968 2601
3969 2601
3970 2601
3971 2601
3972 2601
3973 2601
3974 2601
3975 2601
3976 2601
3977 2601
3978 2601
3979 2601
3980 2601
3981 2601
3982 2601
3983 2601
3984 2601
3985 2601
3986 2601
3987 2601
3988 2601
3989 2601
3990 2601
3991 2601
3992 2601
3993 2601
3994 2601
3995 2601
3996 2601
3997 2601
3998 2601
3999 2601
4000 2601
4001 2601
4002 2601
4003 2601
4004 2601
4005 2601
4006 2601
4007 2601
4008 2601
4009 2601
4010 2601
4011 2601
4012 2601
4013 2601
4014 2601
4015 2601
4016 2601
4017 2601
4018 2601
4019 2601
4020 2601
4021 2601
4022 2601
4023 2601
4024 2601
4025 2601
4026 2601
4027 2601
4028 2601
4029 2601
4030 2601
4031 2601
4032 2601
4033 2601
4034 2601
4035 2601
4036 2601
4037 2601
4038 2601
4039 2601
4040 2601
4041 2601
4042 2601
4043 2601
4044 2601
4045 2601
4046 2601
4047 2601
4048 2601
4049 2601
4050 2601
4051 2601
4052 2601
4053 2601
4054 2601
4055 2601
4056 2601
4057 2601
4058 2601
4059 2601
4060 2601
4061 2601
4062 2601
4063 2601
4064 2601
4065 2601
4066 2601
4067 2601
4068 2601
4069 2601
4070 2601
4071 2601
4072 2601
4073 2601
4074 2601
4075 2601
4076 2601
4077 2601
4078 2601
4079 2601
4080 2601
4081 2601
4082 2601
4083 2601
4084 2601
4085 2601
4086 2601
4087 2601
4088 2601
4089 2601
4090 2601
4091 2601
4092 2601
4093 2601
4094 2601
4095 2601
4096 2601
4097 2601
4098 2601
4099 2601
4100 2601
4101 2601
4102 2601
4103 2601
4104 2601
4105 2601
4106 2601
4107 2601
4108 2601
4109 2601
4110 2601
4111 2601
4112 2601
4113 2601
4114 2601
4115 2601
4116 2601
4117 2601
4118 2601
4119 2601
4120 2601
4121 2601
4122 2601
4123 2601
4124 2601
4125 2601
4126 2601
4127 2601
4128 2601
4129 2601
4130 2601
4131 2601
4132 2601
4133 2601
4134 2601
4135 2601
4136 2601
4137 2601
4138 2601
4139 2601
4140 2601
4141 2601
4142 2601
4143 2601
4144 2601
4145 2601
4146 2601
4147 2601
4148 2601
4149 2601
4150 2601
4151 2601
4152 2601
4153 2601
4154 2601
4155 2601
4156 2601
4157 2601
4158 2601
4159 2601
4160 2601
4161 2601
4162 2601
4163 2601
4164 2601
4165 2601
4166 2601
4167 2601
4168 2601
4169 2601
4170 2601
4171 2601
4172 2601
4173 2601
4174 2601
4175 2601
4176 2601
4177 2601
4178 2601
4179 2601
4180 2601
4181 2601
4182 2601
4183 2601
4184 2601
4185 2601
4186 2601
4187 2601
4188 2601
4189 2601
4190 2601
4191 2601
4192 2601
4193 2601
4194 2601
4195 2601
4196 2601
4197 2601
4198 2601
4199 2601
4200 2601
4201 2601
4202 2601
4203 2601
4204 2601
4205 2601
4206 2601
4207 2601
4208 2601
4209 2601
4210 2205.24
4211 2201.49
4212 2601
4213 2601
4214 2601
4215 2601
4216 2601
4217 2601
4218 2601
4219 2601
4220 2601
4221 2601
4222 2201.49
4223 2201.49
4224 2205.24
4225 2197.73
4226 1838.69
4227 2197.73
4228 2197.73
4229 2601
4230 2601
4231 2601
4232 2601
4233 2601
4234 2601
4235 2601
4236 2601
4237 2601
4238 2601
4239 2601
4240 2601
4241 2601
4242 2601
4243 2601
4244 2601
4245 2601
4246 2601
4247 2601
4248 2601
4249 2601
4250 2601
4251 2601
4252 2601
4253 2601
4254 2601
4255 2601
4256 2601
4257 2601
4258 2601
4259 2601
4260 2601
4261 2601
4262 2601
4263 2601
4264 2601
4265 2601
4266 2601
4267 2601
4268 2601
4269 2601
4270 2601
4271 2601
4272 2601
4273 2601
4274 2601
4275 2601
4276 2601
4277 2601
4278 2601
4279 2601
4280 2205.24
4281 2601
4282 2601
4283 2601
4284 2601
4285 2601
4286 2601
4287 2601
4288 2601
4289 2601
4290 2601
4291 2601
4292 2601
4293 2601
4294 2601
4295 2601
4296 2601
4297 2601
4298 2601
4299 2601
4300 2601
4301 2601
4302 2601
4303 2601
4304 2601
4305 2601
4306 2601
4307 2601
4308 2601
4309 2601
4310 2601
4311 2601
4312 2601
4313 2601
4314 2601
4315 2601
4316 2601
4317 2601
4318 2601
4319 2601
4320 2601
4321 2601
4322 2601
4323 2601
4324 2601
4325 2601
4326 2601
4327 2601
4328 2601
4329 2601
4330 2601
4331 2601
4332 2601
4333 2601
4334 2601
4335 2601
4336 2601
4337 2601
4338 2601
4339 2601
4340 2601
4341 2601
4342 2601
4343 2601
4344 2601
4345 2601
4346 2601
4347 2601
4348 2601
4349 2601
4350 2601
4351 2601
4352 2601
4353 2601
4354 2601
4355 2601
4356 2205.24
4357 2601
4358 2601
4359 2601
4360 2601
4361 2601
4362 2601
4363 2601
4364 2601
4365 2601
4366 2601
4367 2601
4368 2601
4369 2601
4370 2601
4371 2601
4372 2601
4373 2601
4374 2601
4375 2601
4376 2601
4377 2601
4378 2601
4379 2601
4380 2601
4381 2601
4382 2601
4383 2601
4384 2601
4385 2601
4386 2601
4387 2601
4388 2601
4389 2601
4390 2601
4391 2601
4392 2601
4393 2601
4394 2601
4395 2601
4396 2601
4397 2601
4398 2601
4399 2601
4400 2601
4401 2601
4402 2601
4403 2601
4404 2601
4405 2601
4406 2601
4407 2601
4408 2601
4409 2601
4410 2601
4411 2601
4412 2601
4413 2601
4414 2601
4415 2601
4416 2601
4417 2601
4418 2601
4419 2601
4420 2601
4421 2601
4422 2601
4423 2601
4424 2601
4425 2601
4426 2601
4427 2601
4428 2601
4429 2601
4430 2601
4431 2601
4432 2601
4433 2601
4434 2601
4435 2601
4436 2601
4437 2601
4438 2601
4439 2601
4440 2601
4441 2601
4442 2601
4443 2601
4444 2601
4445 2601
4446 2601
4447 2601
4448 2601
4449 2601
4450 2601
4451 2601
4452 2601
4453 2601
4454 2601
4455 2601
4456 2601
4457 2601
4458 2601
4459 2601
4460 2601
4461 2601
4462 2601
4463 2601
4464 2601
4465 2601
4466 2601
4467 2601
4468 2601
4469 2601
4470 2601
4471 2601
4472 2601
4473 2601
4474 2601
4475 2601
4476 2601
4477 2601
4478 2601
4479 2601
4480 2601
4481 2601
4482 2601
4483 2601
4484 2601
4485 2601
4486 2601
4487 2601
4488 2601
4489 2601
4490 2601
4491 2601
4492 2601
4493 2601
4494 2601
4495 2601
4496 2601
4497 2601
4498 2601
4499 2601
4500 2601
4501 2601
4502 2601
4503 2601
4504 2601
4505 2601
4506 2601
4507 2601
4508 2601
4509 2601
4510 2601
4511 2601
4512 2601
4513 2601
4514 2601
4515 2601
4516 2601
4517 2601
4518 2601
4519 2601
4520 2601
4521 2601
4522 2601
4523 2601
4524 2601
4525 2601
4526 2601
4527 2601
4528 2601
4529 2601
4530 2601
4531 2601
4532 2601
4533 2601
4534 2601
4535 2601
4536 2601
4537 2601
4538 2601
4539 2601
4540 2601
4541 2601
4542 2601
4543 2601
4544 2601
4545 2601
4546 2601
4547 2601
4548 2601
4549 2601
4550 2601
4551 2601
4552 2601
4553 2601
4554 2601
4555 2601
4556 2601
4557 2601
4558 2601
4559 2601
4560 2601
4561 2601
4562 2601
4563 2601
4564 2601
4565 2601
4566 2601
4567 2601
4568 2601
4569 2601
4570 2601
4571 2601
4572 2601
4573 2601
4574 2601
4575 2601
4576 2601
4577 2601
4578 2601
4579 2601
4580 2601
4581 2601
4582 2601
4583 2601
4584 2601
4585 2601
4586 2601
4587 2601
4588 2601
4589 2601
4590 2601
4591 2601
4592 2601
4593 2601
4594 2601
4595 2601
4596 2601
4597 2601
4598 2601
4599 2601
4600 2601
4601 2601
4602 2601
4603 2601
4604 2601
4605 2601
4606 2601
4607 2601
4608 2601
4609 2601
4610 2601
4611 2601
4612 2601
4613 2601
4614 2601
4615 2601
4616 2601
4617 2601
4618 2601
4619 2601
4620 2601
4621 2601
4622 2601
4623 2601
4624 2601
4625 2601
4626 2601
4627 2601
4628 2601
4629 2601
4630 2601
4631 2601
4632 2601
4633 2601
4634 2601
4635 2601
4636 2601
4637 2601
4638 2601
4639 2601
4640 2601
4641 2601
4642 2601
4643 2601
4644 2601
4645 2601
4646 2601
4647 2601
4648 2601
4649 2601
4650 2601
4651 2601
4652 2601
4653 2601
4654 2601
4655 2601
4656 2601
4657 2601
4658 2601
4659 2601
4660 2601
4661 2601
4662 2601
4663 2601
4664 2601
4665 2601
4666 2601
4667 2601
4668 2601
4669 2601
4670 2601
4671 2601
4672 2601
4673 2601
4674 2601
4675 2601
4676 2601
4677 2601
4678 2601
4679 2601
4680 2601
4681 2601
4682 2601
4683 2601
4684 2601
4685 2601
4686 2601
4687 2601
4688 2601
4689 2601
4690 2601
4691 2601
4692 2601
4693 2601
4694 2601
4695 2601
4696 2601
4697 2601
4698 2601
4699 2601
4700 2601
4701 2601
4702 2601
4703 2601
4704 2601
4705 2601
4706 2601
4707 2601
4708 2601
4709 2601
4710 2601
4711 2601
4712 2601
4713 2197.73
4714 2205.24
4715 2601
4716 2601
4717 2601
4718 2601
4719 2601
4720 2601
4721 2601
4722 2601
4723 2601
4724 2601
4725 2601
4726 2601
4727 2601
4728 2601
4729 2601
4730 2601
4731 2601
4732 2601
4733 2601
4734 2601
4735 2601
4736 2601
4737 2601
4738 2601
4739 2601
4740 2601
4741 2601
4742 2601
4743 2601
4744 2601
4745 2601
4746 2601
4747 2601
4748 2601
4749 2601
4750 2601
4751 2601
4752 2601
4753 2601
4754 2601
4755 2601
4756 2601
4757 2601
4758 2601
4759 2601
4760 2601
4761 2601
4762 2601
4763 2601
4764 2601
4765 2601
4766 2601
4767 2601
4768 2601
4769 2601
4770 2601
4771 2601
4772 2601
4773 2601
4774 2601
4775 2601
4776 2601
4777 2601
4778 2601
4779 2601
4780 2601
4781 2601
4782 2601
4783 2601
4784 2601
4785 2601
4786 2601
4787 2601
4788 2601
4789 2601
4790 2601
4791 2601
4792 2601
4793 2601
4794 2601
4795 2601
4796 2601
4797 2601
4798 2601
4799 2601
4800 2601
4801 2601
4802 2601
4803 2601
4804 2601
4805 2601
4806 2601
4807 2601
4808 2601
4809 2601
4810 2601
4811 2601
4812 2601
4813 2601
4814 2601
4815 2601
4816 2601
4817 2601
4818 2601
4819 2601
4820 2601
4821 2601
4822 2601
4823 2601
4824 2601
4825 2601
4826 2601
4827 2601
4828 2601
4829 2601
4830 2601
4831 2601
4832 2601
4833 2601
4834 2601
4835 2601
4836 2601
4837 2601
4838 2601
4839 2601
4840 2601
4841 2601
4842 2601
4843 2601
4844 2601
4845 2601
4846 2601
4847 2601
4848 2601
4849 2601
4850 2601
4851 2601
4852 2205.24
4853 2601
4854 2601
4855 2601
4856 2601
4857 2601
4858 2601
4859 2601
4860 2601
4861 2601
4862 2601
4863 2601
4864 2601
4865 2601
4866 2601
4867 2601
4868 2601
4869 2601
4870 2601
4871 2601
4872 2601
4873 2601
4874 2601
4875 2601
4876 2601
4877 2601
4878 2601
4879 2601
4880 2601
4881 2601
4882 2601
4883 2601
4884 2601
4885 2601
4886 2601
4887 2601
4888 2601
4889 2601
4890 2601
4891 2601
4892 2601
4893 2601
4894 2601
4895 2601
4896 2601
4897 2601
4898 2601
4899 2601
4900 2601
4901 2601
4902 2601
4903 2601
4904 2601
4905 2601
4906 2601
4907 2601
4908 2601
4909 2601
4910 2601
4911 2601
4912 2601
4913 2601
4914 2601
4915 2601
4916 2601
4917 2601
4918 2601
4919 2601
4920 2601
4921 2601
4922 2601
4923 2601
4924 2601
4925 2601
4926 2601
4927 2601
4928 2601
4929 2601
4930 2601
4931 2601
4932 2601
4933 2601
4934 2601
4935 2601
4936 2601
4937 2601
4938 2601
4939 2601
4940 2601
4941 2601
4942 2601
4943 2601
4944 2601
4945 2601
4946 2601
4947 2601
4948 2601
4949 2601
4950 2601
4951 2601
4952 2601
4953 2601
4954 2601
4955 2601
4956 2601
4957 2601
4958 2601
4959 2601
4960 2601
4961 2601
4962 2601
4963 2601
4964 2601
4965 2601
4966 2601
4967 2601
4968 2601
4969 2601
4970 2601
4971 2601
4972 2601
4973 2601
4974 2601
4975 2601
4976 2601
4977 2601
4978 2601
4979 2601
4980 2601
4981 2601
4982 2601
4983 2601
4984 2601
4985 2601
4986 2601
4987 2601
4988 2601
4989 2601
4990 2601
4991 2601
4992 2601
4993 2601
4994 2601
4995 2601
4996 2601
4997 2601
4998 2601
4999 2601
5000 2601
