1  31.6089
2  25.3772
3  24.364
4  23.8034
5  23.4359
6  23.43
7  22.0428
8  20.9574
9  18.1571
10  17.336
11  17.3134
12  17.4054
13  17.4054
14  17.4054
15  17.5003
16  17.364
17  16.1493
18  16.1493
19  15.2787
20  15.2787
21  15.2422
22  15.2422
23  15.2422
24  15.2422
25  15.1745
26  15.1745
27  15.1745
28  13.8105
29  13.4653
30  13.4653
31  13.4579
32  13.4579
33  13.4429
34  13.4429
35  13.4216
36  13.0675
37  13.0729
38  13.0729
39  13.0729
40  13.0729
41  13.0689
42  13.0597
43  13.1091
44  13.1091
45  13.1091
46  13.0863
47  13.0863
48  13.0863
49  13.089
50  13.089
51  12.1362
52  12.1362
53  12.1042
54  12.1697
55  12.1042
56  12.1042
57  12.1042
58  12.1042
59  12.1192
60  12.1192
61  12.1192
62  11.9627
63  11.9647
64  11.9761
65  11.9761
66  11.9761
67  11.9688
68  11.9344
69  11.9344
70  11.919
71  11.919
72  11.8169
73  11.8169
74  11.8164
75  11.8164
76  11.8169
77  11.8169
78  11.8169
79  11.6016
80  11.6016
81  11.6036
82  11.6158
83  11.4798
84  11.4798
85  11.4619
86  11.4619
87  11.4619
88  11.4619
89  11.4619
90  11.4619
91  11.4619
92  11.4619
93  11.4619
94  11.4619
95  11.4619
96  11.4619
97  11.4619
98  11.3021
99  11.3021
100  11.3021
101  11.3021
102  11.3021
103  11.3003
104  11.3003
105  11.3003
106  11.3003
107  11.3003
108  11.2232
109  11.2212
110  11.2212
111  11.2212
112  11.2212
113  11.2212
114  11.2186
115  11.2186
116  11.2186
117  11.2186
118  11.2186
119  11.2186
120  11.2186
121  11.2186
122  11.2186
123  11.2186
124  11.2186
125  11.2186
126  11.2186
127  11.2186
128  11.2186
129  11.2186
130  11.2186
131  11.2186
132  11.2186
133  11.1608
134  11.1608
135  11.1608
136  11.1608
137  11.1608
138  11.1608
139  11.1608
140  11.1608
141  11.1608
142  11.1608
143  11.1608
144  10.8715
145  10.8715
146  10.8715
147  10.8715
148  10.8715
149  10.8715
150  10.8715
151  10.8715
152  10.8715
153  10.8808
154  10.8808
155  10.8808
156  10.8808
157  10.8808
158  10.8808
159  10.8808
160  10.8808
161  10.8808
162  10.8808
163  10.8831
164  10.8831
165  10.5249
166  10.5249
167  10.5249
168  10.5249
169  10.5249
170  10.5249
171  10.5249
172  10.5249
173  10.5249
174  10.5249
175  10.5249
176  10.5249
177  10.5249
178  10.5249
179  10.5249
180  10.5249
181  10.248
182  10.248
183  10.248
184  10.248
185  10.248
186  10.248
187  10.248
188  10.1646
189  10.1646
190  10.1646
191  10.1646
192  10.098
193  10.098
194  9.32249
195  9.32249
196  9.32249
197  9.32249
198  9.32249
199  8.58423
200  8.5829
201  8.58295
202  8.58295
203  8.58295
204  8.58295
205  8.58295
206  8.58295
207  8.58295
208  8.58295
209  8.58295
210  8.58295
211  8.58295
212  8.58295
213  8.58295
214  8.58295
215  8.58295
216  8.58295
217  8.58295
218  8.58295
219  8.58186
220  8.58186
221  8.21328
222  8.21328
223  8.21328
224  8.06528
225  8.06528
226  8.06528
227  8.06528
228  8.06528
229  8.06528
230  8.06528
231  8.06528
232  8.06528
233  8.06528
234  8.06528
235  8.06528
236  8.06528
237  8.06528
238  8.06528
239  8.06528
240  8.06528
241  8.06528
242  8.06528
243  8.06528
244  8.06528
245  8.06528
246  8.06528
247  8.06528
248  8.06528
249  8.06059
250  8.06059
251  8.06059
252  8.06059
253  8.06059
254  8.06059
255  8.06059
256  8.06059
257  8.06059
258  8.06059
259  8.06054
260  8.06054
261  8.06054
262  8.06054
263  8.06163
264  8.06163
265  8.06163
266  8.06163
267  8.06163
268  8.06163
269  8.06163
270  8.06163
271  8.06163
272  8.06163
273  8.06163
274  8.06296
275  8.06296
276  8.06296
277  8.06296
278  8.06296
279  8.06296
280  7.94462
281  7.94462
282  7.94462
283  7.94462
284  7.94462
285  7.94462
286  7.94462
287  7.66301
288  7.66301
289  7.66301
290  7.66301
291  7.66301
292  7.66301
293  7.66227
294  7.66227
295  7.66227
296  7.66227
297  7.65164
298  7.65164
299  6.60492
300  6.60492
301  6.60492
302  6.60492
303  6.60492
304  6.60492
305  6.60492
306  6.60492
307  6.60492
308  6.60492
309  6.60492
310  6.60492
311  6.60492
312  6.60492
313  6.60492
314  6.60492
315  6.60492
316  6.60961
317  6.60961
318  6.60961
319  6.60961
320  6.60961
321  6.60961
322  6.60961
323  6.60961
324  6.60961
325  6.60961
326  6.60961
327  6.60961
328  6.60961
329  6.60961
330  6.60961
331  6.60961
332  6.60961
333  6.60961
334  6.60961
335  6.60961
336  6.60961
337  6.60492
338  6.60492
339  6.60492
340  6.60492
341  6.60492
342  6.60492
343  6.60492
344  6.60492
345  6.60492
346  6.60492
347  6.60519
348  6.60519
349  6.60519
350  6.60519
351  6.60519
352  6.60519
353  6.60519
354  6.60519
355  6.60519
356  6.60519
357  6.60519
358  6.60519
359  6.60519
360  6.60519
361  6.60519
362  6.60519
363  6.60519
364  6.60519
365  6.60519
366  6.60519
367  6.60519
368  6.60519
369  6.60519
370  6.60519
371  6.60519
372  6.60519
373  6.60519
374  6.60519
375  6.60519
376  6.60519
377  6.60519
378  6.60519
379  6.60519
380  6.60519
381  6.60519
382  6.60519
383  6.60519
384  6.60519
385  6.60519
386  6.60519
387  6.60519
388  6.60519
389  6.60519
390  6.60519
391  6.60519
392  6.60519
393  6.60519
394  6.60519
395  6.60519
396  6.60519
397  6.60519
398  6.59942
399  6.59942
400  6.59942
401  6.59942
402  6.56465
403  6.56465
404  6.56465
405  6.56465
406  6.56465
407  6.56465
408  6.56465
409  6.56465
410  6.56465
411  6.56465
412  6.56465
413  6.56465
414  6.56465
415  6.56465
416  6.56465
417  6.56465
418  6.56465
419  6.56465
420  6.56465
421  6.56465
422  6.28951
423  6.28951
424  6.28951
425  6.28951
426  6.28951
427  6.28951
428  6.28951
429  6.28951
430  6.28951
431  6.21243
432  6.21243
433  6.21243
434  6.21243
435  6.21243
436  6.21243
437  6.21243
438  6.21109
439  6.21109
440  6.21109
441  6.21109
442  6.21109
443  6.21109
444  6.21109
445  6.21109
446  6.21109
447  6.21109
448  6.21109
449  6.21109
450  6.21109
451  6.21109
452  6.21109
453  6.21109
454  6.21109
455  6.21109
456  6.21109
457  6.21109
458  6.21109
459  6.21109
460  6.21109
461  6.21109
462  6.21109
463  6.21109
464  6.21109
465  6.21109
466  6.21109
467  6.21109
468  6.21109
469  6.21109
470  6.21109
471  6.21109
472  6.21109
473  6.21109
474  6.21109
475  6.21109
476  6.21109
477  6.21109
478  6.21109
479  6.21109
480  6.21109
481  6.21109
482  6.21109
483  6.21109
484  6.21109
485  6.21109
486  6.21109
487  6.21109
488  6.21109
489  6.21109
490  6.21109
491  6.21109
492  6.21109
493  6.21109
494  6.21109
495  6.21109
496  6.21109
497  6.21109
498  6.21109
499  6.21109
500  6.21109
