1 4
2 36
3 16
4 324
5 16
6 4
7 36
8 36
9 144
10 64
11 676
12 64
13 36
14 324
15 36
16 4
17 16
18 64
19 784
20 144
21 64
22 0
23 256
24 324
25 16
26 4
27 64
28 0
29 64
30 400
31 64
32 0
33 144
34 484
35 324
36 324
37 196
38 36
39 576
40 576
41 144
42 16
43 16
44 16
45 16
46 64
47 0
48 196
49 0
50 36
51 400
52 900
53 196
54 324
55 144
56 0
57 64
58 64
59 324
60 676
61 400
62 900
63 400
64 64
65 64
66 144
67 4
68 36
69 36
70 16
71 16
72 484
73 36
74 100
75 400
76 196
77 196
78 4
79 4
80 64
81 36
82 16
83 100
84 16
85 4
86 4
87 36
88 16
89 0
90 100
91 4
92 0
93 36
94 4
95 400
96 256
97 64
98 100
99 256
100 256
101 100
102 36
103 196
104 100
105 36
106 4
107 196
108 576
109 256
110 4
111 144
112 144
113 196
114 256
115 196
116 196
117 4
118 0
119 400
120 576
121 400
122 36
123 36
124 256
125 36
126 4
127 16
128 144
129 36
130 64
131 16
132 4
133 100
134 4
135 324
136 100
137 16
138 4
139 100
140 256
141 0
142 16
143 0
144 64
145 0
146 256
147 256
148 256
149 64
150 100
151 256
152 16
153 144
154 484
155 196
156 16
157 4
158 4
159 16
160 16
161 4
162 196
163 400
164 4
165 16
166 16
167 4
168 36
169 400
170 16
171 16
172 484
173 64
174 36
175 100
176 144
177 4
178 4
179 196
180 256
181 324
182 36
183 4
184 256
185 0
186 36
187 36
188 144
189 0
190 0
191 0
192 36
193 0
194 16
195 36
196 64
197 100
198 36
199 36
200 4
201 16
202 4
203 16
204 16
205 144
206 100
207 16
208 36
209 16
210 36
211 16
212 64
213 64
214 16
215 0
216 144
217 36
218 64
219 64
220 196
221 256
222 100
223 16
224 0
225 100
226 784
227 484
228 324
229 576
230 400
231 144
232 256
233 324
234 900
235 144
236 196
237 36
238 0
239 324
240 0
241 4
242 16
243 4
244 4
245 4
246 16
247 4
248 144
249 36
250 4
251 4
252 144
253 196
254 324
255 256
256 4
257 36
258 16
259 400
260 196
261 4
262 4
263 100
264 144
265 4
266 64
267 16
268 196
269 144
270 100
271 4
272 0
273 256
274 4
275 144
276 196
277 0
278 100
279 100
280 16
281 64
282 16
283 4
284 196
285 400
286 4
287 64
288 16
289 16
290 4
291 4
292 16
293 36
294 144
295 144
296 64
297 4
298 36
299 144
300 64
301 16
302 4
303 100
304 144
305 64
306 256
307 36
308 0
309 196
310 400
311 4
312 16
313 144
314 36
315 0
316 36
317 36
318 16
319 256
320 64
321 64
322 16
323 4
324 36
325 0
326 100
327 16
328 4
329 16
330 256
331 36
332 64
333 4
334 144
335 144
336 4
337 16
338 4
339 196
340 16
341 36
342 0
343 0
344 4
345 100
346 4
347 36
348 100
349 256
350 144
351 16
352 4
353 4
354 100
355 4
356 4
357 100
358 196
359 100
360 484
361 64
362 4
363 16
364 0
365 100
366 64
367 0
368 4
369 4
370 16
371 64
372 64
373 36
374 256
375 64
376 400
377 784
378 256
379 144
380 484
381 400
382 784
383 784
384 36
385 36
386 36
387 16
388 256
389 196
390 36
391 36
392 100
393 144
394 484
395 196
396 784
397 1156
398 676
399 576
400 100
401 144
402 64
403 36
404 36
405 196
406 0
407 16
408 64
409 4
410 4
411 100
412 144
413 4
414 16
415 324
416 784
417 900
418 1156
419 400
420 256
421 576
422 64
423 100
424 0
425 16
426 36
427 64
428 36
429 4
430 36
431 144
432 0
433 4
434 36
435 100
436 16
437 36
438 144
439 4
440 0
441 64
442 16
443 0
444 144
445 36
446 4
447 256
448 400
449 484
450 144
451 100
452 324
453 64
454 576
455 36
456 16
457 4
458 36
459 100
460 144
461 324
462 16
463 144
464 144
465 36
466 4
467 144
468 36
469 16
470 144
471 144
472 484
473 484
474 4
475 196
476 64
477 0
478 4
479 4
480 64
481 100
482 16
483 256
484 4
485 64
486 256
487 576
488 484
489 100
490 16
491 4
492 0
493 16
494 16
495 144
496 4
497 0
498 16
499 400
500 400
501 400
502 4
503 16
504 36
505 16
506 144
507 64
508 100
509 676
510 256
511 400
512 196
513 36
514 16
515 16
516 64
517 16
518 196
519 36
520 36
521 36
522 100
523 100
524 324
525 144
526 100
527 576
528 1600
529 1024
530 36
531 4
532 64
533 144
534 16
535 4
536 16
537 0
538 64
539 256
540 256
541 4
542 36
543 64
544 16
545 256
546 576
547 4
548 4
549 4
550 36
551 324
552 324
553 64
554 16
555 100
556 4
557 324
558 100
559 64
560 400
561 100
562 4
563 324
564 400
565 36
566 16
567 4
568 196
569 196
570 144
571 64
572 36
573 4
574 0
575 36
576 4
577 4
578 4
579 4
580 16
581 16
582 576
583 0
584 4
585 196
586 100
587 4
588 144
589 0
590 484
591 400
592 36
593 0
594 100
595 36
596 144
597 4
598 4
599 144
600 100
601 36
602 0
603 400
604 676
605 576
606 484
607 144
608 324
609 64
610 100
611 196
612 64
613 100
614 676
615 324
616 196
617 4
618 64
619 36
620 64
621 36
622 36
623 4
624 36
625 36
626 144
627 36
628 64
629 100
630 16
631 4
632 16
633 36
634 16
635 0
636 16
637 64
638 64
639 100
640 196
641 144
642 16
643 324
644 0
645 4
646 4
647 36
648 100
649 196
650 4
651 64
652 484
653 256
654 36
655 64
656 36
657 400
658 4
659 64
660 4
661 16
662 16
663 100
664 144
665 64
666 16
667 0
668 16
669 64
670 100
671 100
672 144
673 100
674 64
675 64
676 100
677 4
678 36
679 4
680 36
681 100
682 16
683 324
684 100
685 196
686 400
687 256
688 100
689 0
690 64
691 4
692 144
693 576
694 484
695 144
696 4
697 16
698 144
699 100
700 576
701 100
702 0
703 4
704 144
705 36
706 64
707 400
708 4
709 64
710 36
711 100
712 64
713 100
714 144
715 144
716 256
717 16
718 0
719 0
720 64
721 36
722 100
723 64
724 36
725 4
726 4
727 144
728 16
729 16
730 16
731 4
732 100
733 100
734 196
735 0
736 36
737 4
738 144
739 16
740 400
741 100
742 576
743 784
744 576
745 16
746 4
747 16
748 144
749 400
750 36
751 64
752 4
753 0
754 16
755 196
756 484
757 1156
758 1156
759 676
760 4
761 64
762 0
763 16
764 36
765 36
766 4
767 100
768 196
769 324
770 16
771 0
772 144
773 256
774 256
775 36
776 16
777 16
778 64
779 16
780 144
781 0
782 16
783 16
784 100
785 100
786 16
787 0
788 64
789 16
790 144
791 324
792 100
793 16
794 16
795 576
796 256
797 64
798 64
799 16
800 4
801 4
802 4
803 100
804 100
805 324
806 576
807 100
808 0
809 4
810 4
811 100
812 144
813 324
814 100
815 64
816 16
817 36
818 4
819 324
820 196
821 484
822 1024
823 784
824 144
825 64
826 36
827 324
828 36
829 0
830 100
831 576
832 256
833 144
834 64
835 0
836 100
837 4
838 256
839 196
840 196
841 0
842 484
843 256
844 0
845 100
846 196
847 4
848 196
849 16
850 144
851 16
852 100
853 100
854 36
855 100
856 196
857 324
858 100
859 4
860 16
861 196
862 16
863 100
864 0
865 16
866 16
867 64
868 0
869 16
870 36
871 0
872 100
873 4
874 4
875 324
876 324
877 64
878 64
879 196
880 576
881 484
882 256
883 4
884 0
885 16
886 4
887 400
888 400
889 0
890 324
891 400
892 400
893 144
894 16
895 100
896 16
897 4
898 144
899 256
900 64
901 4
902 4
903 64
904 4
905 4
906 16
907 100
908 36
909 4
910 144
911 324
912 16
913 64
914 4
915 16
916 4
917 144
918 4
919 4
920 16
921 36
922 256
923 64
924 196
925 676
926 144
927 100
928 100
929 16
930 4
931 16
932 196
933 64
934 16
935 256
936 144
937 144
938 16
939 4
940 400
941 144
942 4
943 4
944 64
945 400
946 400
947 196
948 0
949 0
950 4
951 16
952 36
953 144
954 16
955 0
956 4
957 64
958 256
959 196
960 100
961 676
962 484
963 256
964 256
965 400
966 100
967 36
968 4
969 144
970 256
971 1296
972 144
973 4
974 16
975 100
976 256
977 36
978 36
979 400
980 196
981 0
982 256
983 196
984 64
985 16
986 4
987 64
988 324
989 256
990 324
991 16
992 36
993 36
994 64
995 100
996 16
997 64
998 324
999 144
1000 4
1001 256
1002 400
1003 400
1004 784
1005 324
1006 324
1007 324
1008 4
1009 100
1010 16
1011 16
1012 36
1013 36
1014 4
1015 64
1016 16
1017 64
1018 4
1019 4
1020 256
1021 0
1022 16
1023 256
1024 16
1025 4
1026 16
1027 4
1028 16
1029 36
1030 144
1031 16
1032 4
1033 4
1034 144
1035 64
1036 16
1037 4
1038 36
1039 36
1040 196
1041 36
1042 4
1043 64
1044 256
1045 4
1046 16
1047 4
1048 100
1049 36
1050 36
1051 64
1052 144
1053 0
1054 144
1055 676
1056 484
1057 144
1058 36
1059 36
1060 144
1061 4
1062 0
1063 196
1064 196
1065 484
1066 400
1067 256
1068 400
1069 36
1070 36
1071 64
1072 16
1073 36
1074 196
1075 144
1076 100
1077 0
1078 64
1079 196
1080 400
1081 256
1082 16
1083 0
1084 100
1085 0
1086 64
1087 16
1088 4
1089 16
1090 36
1091 64
1092 36
1093 484
1094 196
1095 4
1096 36
1097 4
1098 64
1099 16
1100 4
1101 16
1102 324
1103 0
1104 16
1105 4
1106 4
1107 196
1108 36
1109 144
1110 144
1111 4
1112 100
1113 36
1114 16
1115 64
1116 0
1117 36
1118 16
1119 100
1120 100
1121 4
1122 196
1123 64
1124 4
1125 4
1126 36
1127 64
1128 4
1129 64
1130 16
1131 100
1132 36
1133 4
1134 64
1135 16
1136 0
1137 0
1138 324
1139 576
1140 400
1141 16
1142 16
1143 36
1144 256
1145 576
1146 4
1147 16
1148 144
1149 4
1150 36
1151 64
1152 64
1153 144
1154 64
1155 4
1156 16
1157 64
1158 196
1159 100
1160 144
1161 36
1162 4
1163 36
1164 36
1165 144
1166 64
1167 64
1168 0
1169 4
1170 4
1171 4
1172 36
1173 36
1174 256
1175 100
1176 16
1177 144
1178 100
1179 100
1180 100
1181 676
1182 400
1183 400
1184 784
1185 196
1186 36
1187 4
1188 64
1189 64
1190 144
1191 196
1192 256
1193 324
1194 576
1195 676
1196 256
1197 484
1198 256
1199 64
1200 144
1201 64
1202 4
1203 256
1204 4
1205 36
1206 144
1207 4
1208 0
1209 16
1210 4
1211 0
1212 100
1213 4
1214 36
1215 16
1216 100
1217 100
1218 196
1219 16
1220 400
1221 256
1222 4
1223 16
1224 16
1225 256
1226 64
1227 16
1228 16
1229 16
1230 256
1231 4
1232 324
1233 400
1234 16
1235 16
1236 100
1237 100
1238 64
1239 400
1240 144
1241 100
1242 64
1243 4
1244 4
1245 144
1246 100
1247 36
1248 4
1249 16
1250 100
1251 196
1252 100
1253 64
1254 784
1255 100
1256 784
1257 36
1258 484
1259 400
1260 256
1261 196
1262 4
1263 4
1264 256
1265 676
1266 256
1267 256
1268 256
1269 400
1270 16
1271 16
1272 144
1273 36
1274 0
1275 36
1276 100
1277 676
1278 0
1279 36
1280 324
1281 0
1282 196
1283 576
1284 196
1285 144
1286 484
1287 484
1288 196
1289 16
1290 36
1291 144
1292 36
1293 36
1294 256
1295 36
1296 400
1297 144
1298 324
1299 400
1300 256
1301 64
1302 4
1303 4
1304 36
1305 36
1306 100
1307 36
1308 36
1309 100
1310 144
1311 324
1312 64
1313 256
1314 16
1315 64
1316 196
1317 4
1318 64
1319 64
1320 4
1321 100
1322 144
1323 64
1324 324
1325 484
1326 400
1327 576
1328 196
1329 576
1330 0
1331 100
1332 144
1333 36
1334 16
1335 0
1336 36
1337 0
1338 100
1339 400
1340 484
1341 100
1342 16
1343 0
1344 100
1345 36
1346 36
1347 16
1348 36
1349 0
1350 36
1351 144
1352 324
1353 324
1354 196
1355 100
1356 0
1357 196
1358 100
1359 64
1360 100
1361 4
1362 64
1363 16
1364 64
1365 256
1366 144
1367 196
1368 144
1369 100
1370 64
1371 324
1372 16
1373 196
1374 100
1375 144
1376 324
1377 16
1378 64
1379 100
1380 16
1381 484
1382 256
1383 324
1384 196
1385 144
1386 4
1387 16
1388 196
1389 16
1390 16
1391 64
1392 16
1393 4
1394 100
1395 36
1396 0
1397 4
1398 196
1399 196
1400 64
1401 64
1402 4
1403 4
1404 100
1405 64
1406 16
1407 4
1408 36
1409 100
1410 0
1411 16
1412 16
1413 144
1414 36
1415 16
1416 64
1417 100
1418 36
1419 16
1420 324
1421 16
1422 100
1423 144
1424 256
1425 256
1426 256
1427 64
1428 100
1429 36
1430 324
1431 196
1432 196
1433 36
1434 0
1435 0
1436 4
1437 144
1438 400
1439 100
1440 256
1441 36
1442 36
1443 196
1444 144
1445 324
1446 196
1447 16
1448 144
1449 144
1450 100
1451 64
1452 0
1453 36
1454 400
1455 400
1456 400
1457 36
1458 0
1459 196
1460 256
1461 484
1462 0
1463 16
1464 36
1465 196
1466 16
1467 4
1468 64
1469 36
1470 484
1471 196
1472 16
1473 64
1474 16
1475 4
1476 16
1477 36
1478 36
1479 144
1480 36
1481 144
1482 64
1483 64
1484 196
1485 144
1486 36
1487 324
1488 64
1489 4
1490 16
1491 256
1492 256
1493 36
1494 16
1495 196
1496 36
1497 4
1498 4
1499 196
1500 400
1501 256
1502 4
1503 64
1504 64
1505 36
1506 4
1507 64
1508 256
1509 100
1510 400
1511 256
1512 64
1513 64
1514 16
1515 144
1516 4
1517 16
1518 100
1519 64
1520 4
1521 144
1522 256
1523 36
1524 4
1525 16
1526 36
1527 64
1528 4
1529 16
1530 36
1531 36
1532 4
1533 36
1534 100
1535 4
1536 36
1537 16
1538 144
1539 36
1540 4
1541 256
1542 4
1543 676
1544 256
1545 4
1546 36
1547 100
1548 256
1549 4
1550 0
1551 36
1552 324
1553 676
1554 784
1555 676
1556 400
1557 676
1558 64
1559 16
1560 4
1561 36
1562 400
1563 676
1564 144
1565 256
1566 676
1567 16
1568 144
1569 36
1570 100
1571 324
1572 36
1573 16
1574 36
1575 64
1576 36
1577 0
1578 4
1579 0
1580 16
1581 144
1582 4
1583 36
1584 0
1585 4
1586 196
1587 484
1588 576
1589 484
1590 256
1591 196
1592 324
1593 196
1594 64
1595 64
1596 16
1597 4
1598 196
1599 196
1600 16
1601 4
1602 36
1603 36
1604 36
1605 36
1606 36
1607 4
1608 0
1609 64
1610 0
1611 36
1612 100
1613 16
1614 144
1615 16
1616 324
1617 100
1618 144
1619 16
1620 400
1621 256
1622 4
1623 256
1624 324
1625 100
1626 100
1627 4
1628 4
1629 64
1630 36
1631 16
1632 4
1633 64
1634 100
1635 36
1636 0
1637 4
1638 144
1639 900
1640 256
1641 400
1642 196
1643 64
1644 144
1645 196
1646 16
1647 100
1648 64
1649 4
1650 16
1651 196
1652 36
1653 64
1654 4
1655 100
1656 100
1657 0
1658 64
1659 400
1660 64
1661 64
1662 64
1663 324
1664 196
1665 144
1666 676
1667 400
1668 64
1669 196
1670 144
1671 4
1672 324
1673 256
1674 256
1675 36
1676 256
1677 144
1678 324
1679 100
1680 4
1681 64
1682 16
1683 4
1684 64
1685 36
1686 4
1687 4
1688 36
1689 16
1690 64
1691 196
1692 36
1693 64
1694 0
1695 100
1696 16
1697 64
1698 196
1699 36
1700 64
1701 36
1702 16
1703 36
1704 4
1705 16
1706 0
1707 16
1708 4
1709 144
1710 256
1711 400
1712 144
1713 0
1714 64
1715 0
1716 16
1717 36
1718 64
1719 36
1720 64
1721 64
1722 196
1723 144
1724 100
1725 196
1726 64
1727 0
1728 36
1729 4
1730 16
1731 16
1732 16
1733 144
1734 324
1735 16
1736 16
1737 16
1738 36
1739 324
1740 64
1741 16
1742 256
1743 64
1744 0
1745 4
1746 64
1747 144
1748 144
1749 4
1750 16
1751 36
1752 196
1753 16
1754 16
1755 4
1756 36
1757 4
1758 0
1759 64
1760 100
1761 64
1762 36
1763 0
1764 0
1765 100
1766 36
1767 64
1768 16
1769 100
1770 144
1771 144
1772 196
1773 324
1774 100
1775 100
1776 36
1777 64
1778 144
1779 256
1780 100
1781 16
1782 4
1783 16
1784 64
1785 64
1786 196
1787 36
1788 100
1789 144
1790 144
1791 4
1792 16
1793 16
1794 36
1795 256
1796 4
1797 4
1798 16
1799 196
1800 36
1801 64
1802 36
1803 64
1804 16
1805 36
1806 4
1807 196
1808 144
1809 100
1810 4
1811 100
1812 576
1813 576
1814 256
1815 36
1816 324
1817 324
1818 0
1819 64
1820 4
1821 64
1822 256
1823 4
1824 64
1825 324
1826 36
1827 64
1828 16
1829 4
1830 4
1831 36
1832 16
1833 36
1834 144
1835 324
1836 324
1837 144
1838 196
1839 4
1840 16
1841 4
1842 36
1843 144
1844 4
1845 16
1846 64
1847 144
1848 64
1849 64
1850 36
1851 0
1852 324
1853 576
1854 100
1855 16
1856 144
1857 784
1858 484
1859 36
1860 256
1861 64
1862 16
1863 324
1864 64
1865 4
1866 16
1867 16
1868 16
1869 16
1870 36
1871 4
1872 100
1873 36
1874 100
1875 196
1876 16
1877 64
1878 144
1879 0
1880 4
1881 144
1882 256
1883 100
1884 676
1885 900
1886 324
1887 36
1888 0
1889 36
1890 16
1891 100
1892 144
1893 324
1894 16
1895 256
1896 36
1897 100
1898 4
1899 144
1900 16
1901 196
1902 64
1903 36
1904 144
1905 196
1906 0
1907 16
1908 0
1909 64
1910 64
1911 64
1912 100
1913 36
1914 4
1915 256
1916 36
1917 4
1918 36
1919 0
1920 4
1921 36
1922 100
1923 36
1924 36
1925 16
1926 0
1927 4
1928 100
1929 4
1930 36
1931 0
1932 0
1933 16
1934 144
1935 400
1936 4
1937 100
1938 64
1939 16
1940 0
1941 16
1942 16
1943 0
1944 100
1945 324
1946 400
1947 256
1948 64
1949 0
1950 16
1951 4
1952 196
1953 36
1954 36
1955 16
1956 100
1957 4
1958 4
1959 100
1960 0
1961 36
1962 4
1963 64
1964 196
1965 36
1966 100
1967 64
1968 36
1969 0
1970 4
1971 36
1972 16
1973 400
1974 100
1975 100
1976 324
1977 16
1978 16
1979 64
1980 4
1981 16
1982 36
1983 36
1984 4
1985 4
1986 16
1987 324
1988 36
1989 16
1990 16
1991 36
1992 36
1993 0
1994 16
1995 0
1996 100
1997 4
1998 0
1999 16
2000 16
2001 16
2002 64
2003 64
2004 196
2005 16
2006 64
2007 0
2008 196
2009 1444
2010 1156
2011 100
2012 100
2013 64
2014 4
2015 36
2016 196
2017 196
2018 256
2019 4
2020 4
2021 484
2022 4
2023 100
2024 400
2025 196
2026 576
2027 900
2028 676
2029 196
2030 144
2031 324
2032 0
2033 36
2034 256
2035 64
2036 484
2037 324
2038 324
2039 484
2040 256
2041 576
2042 64
2043 256
2044 196
2045 400
2046 400
2047 256
2048 196
2049 100
2050 64
2051 64
2052 64
2053 324
2054 196
2055 0
2056 196
2057 4
2058 100
2059 100
2060 16
2061 0
2062 100
2063 16
2064 16
2065 36
2066 4
2067 36
2068 16
2069 64
2070 4
2071 36
2072 16
2073 256
2074 784
2075 36
2076 16
2077 100
2078 196
2079 4
2080 36
2081 4
2082 36
2083 144
2084 36
2085 4
2086 16
2087 64
2088 196
2089 144
2090 400
2091 324
2092 256
2093 256
2094 144
2095 64
2096 100
2097 196
2098 4
2099 144
2100 36
2101 100
2102 64
2103 100
2104 196
2105 196
2106 324
2107 576
2108 400
2109 144
2110 100
2111 400
2112 784
2113 196
2114 100
2115 36
2116 64
2117 0
2118 36
2119 36
2120 4
2121 324
2122 64
2123 64
2124 4
2125 4
2126 144
2127 16
2128 16
2129 0
2130 256
2131 36
2132 4
2133 64
2134 4
2135 36
2136 16
2137 144
2138 36
2139 36
2140 4
2141 0
2142 64
2143 4
2144 4
2145 16
2146 256
2147 144
2148 484
2149 324
2150 144
2151 100
2152 36
2153 324
2154 4
2155 16
2156 36
2157 144
2158 256
2159 324
2160 144
2161 196
2162 144
2163 64
2164 16
2165 100
2166 484
2167 16
2168 4
2169 144
2170 64
2171 196
2172 0
2173 64
2174 64
2175 16
2176 256
2177 64
2178 16
2179 36
2180 324
2181 4
2182 4
2183 0
2184 0
2185 144
2186 576
2187 324
2188 196
2189 64
2190 4
2191 0
2192 144
2193 16
2194 16
2195 36
2196 100
2197 196
2198 256
2199 144
2200 64
2201 4
2202 100
2203 144
2204 484
2205 256
2206 36
2207 4
2208 196
2209 144
2210 16
2211 400
2212 196
2213 144
2214 100
2215 144
2216 4
2217 16
2218 16
2219 36
2220 196
2221 36
2222 36
2223 196
2224 0
2225 4
2226 4
2227 16
2228 256
2229 144
2230 64
2231 144
2232 36
2233 4
2234 4
2235 144
2236 16
2237 144
2238 484
2239 576
2240 196
2241 400
2242 324
2243 16
2244 4
2245 0
2246 144
2247 16
2248 16
2249 64
2250 324
2251 256
2252 1024
2253 676
2254 196
2255 484
2256 576
2257 4
2258 16
2259 4
2260 0
2261 100
2262 0
2263 196
2264 144
2265 400
2266 100
2267 64
2268 900
2269 324
2270 64
2271 64
2272 4
2273 484
2274 100
2275 676
2276 36
2277 64
2278 4
2279 100
2280 4
2281 64
2282 64
2283 16
2284 0
2285 4
2286 36
2287 100
2288 0
2289 64
2290 196
2291 144
2292 64
2293 100
2294 100
2295 36
2296 16
2297 100
2298 144
2299 256
2300 16
2301 324
2302 100
2303 36
2304 4
2305 0
2306 36
2307 144
2308 64
2309 16
2310 36
2311 0
2312 64
2313 100
2314 36
2315 484
2316 400
2317 100
2318 4
2319 64
2320 196
2321 256
2322 256
2323 4
2324 16
2325 16
2326 144
2327 144
2328 64
2329 324
2330 784
2331 196
2332 144
2333 324
2334 324
2335 0
2336 36
2337 4
2338 16
2339 0
2340 16
2341 4
2342 4
2343 16
2344 0
2345 256
2346 100
2347 0
2348 4
2349 16
2350 36
2351 16
2352 576
2353 400
2354 16
2355 16
2356 0
2357 64
2358 4
2359 196
2360 196
2361 64
2362 4
2363 36
2364 196
2365 36
2366 4
2367 196
2368 100
2369 36
2370 36
2371 0
2372 4
2373 64
2374 4
2375 4
2376 4
2377 144
2378 16
2379 64
2380 4
2381 64
2382 144
2383 196
2384 4
2385 36
2386 0
2387 100
2388 36
2389 100
2390 4
2391 64
2392 144
2393 64
2394 64
2395 0
2396 64
2397 256
2398 16
2399 196
2400 100
2401 144
2402 16
2403 4
2404 144
2405 100
2406 64
2407 64
2408 484
2409 256
2410 144
2411 196
2412 36
2413 36
2414 64
2415 400
2416 484
2417 0
2418 256
2419 36
2420 256
2421 16
2422 144
2423 0
2424 64
2425 36
2426 144
2427 36
2428 64
2429 0
2430 256
2431 4
2432 144
2433 4
2434 64
2435 100
2436 64
2437 36
2438 4
2439 144
2440 0
2441 100
2442 36
2443 4
2444 100
2445 196
2446 676
2447 1024
2448 64
2449 0
2450 4
2451 144
2452 36
2453 0
2454 36
2455 4
2456 196
2457 144
2458 36
2459 324
2460 36
2461 4
2462 100
2463 64
2464 144
2465 0
2466 4
2467 400
2468 100
2469 16
2470 100
2471 36
2472 4
2473 0
2474 196
2475 4
2476 4
2477 36
2478 100
2479 676
2480 144
2481 64
2482 16
2483 36
2484 4
2485 0
2486 16
2487 36
2488 256
2489 144
2490 144
2491 100
2492 256
2493 36
2494 4
2495 4
2496 144
2497 484
2498 784
2499 676
2500 576
2501 324
2502 144
2503 16
2504 64
2505 16
2506 64
2507 16
2508 36
2509 100
2510 100
2511 36
2512 144
2513 100
2514 0
2515 100
2516 0
2517 64
2518 36
2519 36
2520 144
2521 16
2522 16
2523 100
2524 400
2525 4
2526 4
2527 16
2528 36
2529 400
2530 196
2531 324
2532 64
2533 0
2534 64
2535 144
2536 4
2537 196
2538 144
2539 36
2540 324
2541 0
2542 64
2543 576
2544 676
2545 676
2546 256
2547 676
2548 400
2549 36
2550 36
2551 400
2552 256
2553 400
2554 324
2555 16
2556 16
2557 36
2558 36
2559 256
2560 576
2561 784
2562 256
2563 324
2564 196
2565 324
2566 484
2567 324
2568 100
2569 4
2570 0
2571 64
2572 16
2573 16
2574 36
2575 144
2576 144
2577 256
2578 36
2579 100
2580 4
2581 4
2582 0
2583 0
2584 0
2585 4
2586 64
2587 4
2588 16
2589 900
2590 64
2591 196
2592 576
2593 4
2594 324
2595 144
2596 256
2597 36
2598 400
2599 4
2600 4
2601 256
2602 196
2603 100
2604 64
2605 196
2606 256
2607 576
2608 196
2609 0
2610 64
2611 196
2612 144
2613 64
2614 16
2615 4
2616 36
2617 16
2618 196
2619 196
2620 400
2621 16
2622 36
2623 0
2624 196
2625 100
2626 400
2627 144
2628 4
2629 256
2630 324
2631 64
2632 36
2633 144
2634 400
2635 4
2636 0
2637 4
2638 144
2639 0
2640 16
2641 16
2642 16
2643 36
2644 324
2645 1024
2646 256
2647 324
2648 400
2649 36
2650 16
2651 64
2652 256
2653 36
2654 4
2655 100
2656 484
2657 484
2658 576
2659 100
2660 4
2661 64
2662 196
2663 400
2664 16
2665 64
2666 0
2667 64
2668 36
2669 36
2670 0
2671 0
2672 36
2673 4
2674 16
2675 16
2676 16
2677 576
2678 324
2679 100
2680 196
2681 4
2682 100
2683 0
2684 16
2685 36
2686 4
2687 324
2688 196
2689 36
2690 196
2691 196
2692 16
2693 196
2694 196
2695 64
2696 144
2697 100
2698 0
2699 0
2700 256
2701 144
2702 100
2703 0
2704 100
2705 64
2706 4
2707 100
2708 4
2709 4
2710 36
2711 64
2712 0
2713 36
2714 0
2715 4
2716 4
2717 144
2718 4
2719 4
2720 256
2721 36
2722 64
2723 196
2724 144
2725 36
2726 100
2727 4
2728 4
2729 64
2730 64
2731 144
2732 36
2733 36
2734 0
2735 16
2736 64
2737 4
2738 144
2739 36
2740 100
2741 144
2742 144
2743 64
2744 36
2745 16
2746 196
2747 36
2748 0
2749 4
2750 36
2751 16
2752 196
2753 256
2754 100
2755 36
2756 64
2757 400
2758 64
2759 36
2760 144
2761 256
2762 400
2763 324
2764 0
2765 36
2766 144
2767 144
2768 64
2769 100
2770 36
2771 4
2772 64
2773 576
2774 36
2775 196
2776 64
2777 144
2778 36
2779 64
2780 676
2781 0
2782 64
2783 0
2784 36
2785 36
2786 4
2787 4
2788 484
2789 324
2790 16
2791 324
2792 1024
2793 256
2794 4
2795 36
2796 36
2797 4
2798 144
2799 36
2800 36
2801 400
2802 324
2803 196
2804 36
2805 64
2806 64
2807 16
2808 4
2809 484
2810 784
2811 900
2812 400
2813 144
2814 1156
2815 324
2816 100
2817 324
2818 400
2819 64
2820 4
2821 36
2822 0
2823 16
2824 324
2825 36
2826 196
2827 36
2828 324
2829 256
2830 400
2831 64
2832 676
2833 144
2834 256
2835 64
2836 324
2837 196
2838 64
2839 0
2840 256
2841 100
2842 4
2843 16
2844 36
2845 16
2846 16
2847 100
2848 16
2849 36
2850 36
2851 4
2852 196
2853 64
2854 676
2855 100
2856 16
2857 4
2858 0
2859 36
2860 144
2861 64
2862 0
2863 16
2864 36
2865 196
2866 16
2867 36
2868 16
2869 64
2870 144
2871 64
2872 100
2873 36
2874 36
2875 16
2876 4
2877 100
2878 400
2879 576
2880 676
2881 100
2882 4
2883 4
2884 144
2885 16
2886 16
2887 144
2888 4
2889 100
2890 400
2891 4
2892 0
2893 36
2894 100
2895 196
2896 36
2897 576
2898 400
2899 64
2900 100
2901 64
2902 16
2903 196
2904 100
2905 144
2906 324
2907 100
2908 676
2909 256
2910 400
2911 144
2912 100
2913 64
2914 0
2915 0
2916 0
2917 0
2918 100
2919 0
2920 4
2921 16
2922 4
2923 0
2924 64
2925 100
2926 0
2927 100
2928 16
2929 64
2930 0
2931 16
2932 4
2933 16
2934 16
2935 36
2936 16
2937 4
2938 0
2939 64
2940 0
2941 64
2942 4
2943 16
2944 36
2945 16
2946 4
2947 36
2948 196
2949 64
2950 676
2951 1600
2952 1444
2953 484
2954 676
2955 1024
2956 900
2957 1296
2958 1024
2959 144
2960 0
2961 16
2962 144
2963 0
2964 36
2965 36
2966 4
2967 36
2968 196
2969 4
2970 576
2971 144
2972 784
2973 36
2974 324
2975 400
2976 256
2977 16
2978 4
2979 64
2980 100
2981 256
2982 400
2983 400
2984 4
2985 64
2986 36
2987 484
2988 400
2989 324
2990 784
2991 484
2992 196
2993 196
2994 324
2995 484
2996 484
2997 400
2998 0
2999 64
3000 144
3001 16
3002 64
3003 64
3004 484
3005 144
3006 256
3007 256
3008 36
3009 0
3010 100
3011 36
3012 144
3013 16
3014 4
3015 36
3016 16
3017 144
3018 16
3019 100
3020 0
3021 36
3022 324
3023 324
3024 36
3025 484
3026 144
3027 4
3028 16
3029 36
3030 64
3031 256
3032 4
3033 36
3034 36
3035 4
3036 16
3037 16
3038 4
3039 4
3040 196
3041 36
3042 64
3043 36
3044 16
3045 324
3046 144
3047 100
3048 64
3049 196
3050 4
3051 196
3052 576
3053 196
3054 144
3055 484
3056 256
3057 64
3058 100
3059 100
3060 576
3061 4
3062 36
3063 4
3064 16
3065 16
3066 36
3067 144
3068 16
3069 16
3070 16
3071 100
3072 16
3073 16
3074 36
3075 36
3076 64
3077 64
3078 100
3079 4
3080 144
3081 144
3082 100
3083 144
3084 196
3085 64
3086 4
3087 36
3088 16
3089 100
3090 36
3091 4
3092 0
3093 4
3094 36
3095 16
3096 36
3097 4
3098 0
3099 64
3100 100
3101 324
3102 400
3103 324
3104 16
3105 4
3106 16
3107 36
3108 0
3109 36
3110 4
3111 36
3112 0
3113 16
3114 64
3115 256
3116 144
3117 4
3118 36
3119 16
3120 16
3121 16
3122 64
3123 4
3124 16
3125 36
3126 100
3127 256
3128 4
3129 100
3130 0
3131 16
3132 64
3133 4
3134 16
3135 16
3136 64
3137 64
3138 784
3139 784
3140 256
3141 16
3142 36
3143 36
3144 0
3145 4
3146 16
3147 100
3148 16
3149 4
3150 64
3151 64
3152 16
3153 16
3154 16
3155 4
3156 16
3157 4
3158 100
3159 36
3160 100
3161 4
3162 0
3163 64
3164 36
3165 144
3166 256
3167 0
3168 100
3169 64
3170 0
3171 4
3172 0
3173 36
3174 36
3175 36
3176 16
3177 36
3178 36
3179 4
3180 16
3181 196
3182 0
3183 64
3184 100
3185 4
3186 100
3187 400
3188 196
3189 256
3190 100
3191 196
3192 484
3193 676
3194 4
3195 100
3196 36
3197 36
3198 36
3199 4
3200 36
3201 16
3202 4
3203 100
3204 64
3205 324
3206 64
3207 196
3208 4
3209 16
3210 0
3211 0
3212 16
3213 64
3214 0
3215 4
3216 100
3217 64
3218 36
3219 16
3220 400
3221 784
3222 1024
3223 100
3224 16
3225 196
3226 16
3227 4
3228 0
3229 4
3230 100
3231 900
3232 400
3233 256
3234 196
3235 64
3236 100
3237 324
3238 196
3239 324
3240 324
3241 64
3242 100
3243 196
3244 256
3245 144
3246 16
3247 324
3248 16
3249 4
3250 256
3251 576
3252 484
3253 196
3254 196
3255 100
3256 196
3257 4
3258 64
3259 64
3260 36
3261 16
3262 64
3263 144
3264 100
3265 100
3266 64
3267 16
3268 16
3269 144
3270 484
3271 64
3272 16
3273 64
3274 484
3275 16
3276 36
3277 4
3278 144
3279 324
3280 196
3281 64
3282 36
3283 100
3284 324
3285 256
3286 36
3287 4
3288 36
3289 36
3290 16
3291 144
3292 4
3293 0
3294 4
3295 36
3296 4
3297 64
3298 256
3299 36
3300 4
3301 16
3302 64
3303 36
3304 64
3305 196
3306 36
3307 16
3308 100
3309 100
3310 144
3311 36
3312 4
3313 16
3314 144
3315 144
3316 36
3317 0
3318 4
3319 4
3320 144
3321 36
3322 36
3323 4
3324 4
3325 36
3326 16
3327 36
3328 36
3329 144
3330 64
3331 196
3332 36
3333 16
3334 16
3335 196
3336 100
3337 64
3338 4
3339 36
3340 16
3341 100
3342 400
3343 484
3344 784
3345 1024
3346 784
3347 676
3348 324
3349 324
3350 196
3351 100
3352 100
3353 64
3354 100
3355 4
3356 256
3357 64
3358 100
3359 400
3360 196
3361 196
3362 16
3363 36
3364 36
3365 36
3366 144
3367 196
3368 256
3369 100
3370 100
3371 36
3372 4
3373 16
3374 0
3375 0
3376 144
3377 196
3378 484
3379 784
3380 1024
3381 196
3382 100
3383 196
3384 400
3385 256
3386 64
3387 16
3388 100
3389 676
3390 144
3391 100
3392 256
3393 4
3394 256
3395 16
3396 64
3397 4
3398 4
3399 100
3400 100
3401 0
3402 4
3403 676
3404 1024
3405 196
3406 256
3407 324
3408 144
3409 400
3410 400
3411 484
3412 400
3413 144
3414 324
3415 64
3416 16
3417 16
3418 4
3419 196
3420 144
3421 0
3422 0
3423 16
3424 144
3425 100
3426 64
3427 144
3428 16
3429 16
3430 64
3431 36
3432 64
3433 144
3434 0
3435 100
3436 0
3437 16
3438 484
3439 324
3440 16
3441 64
3442 16
3443 256
3444 484
3445 64
3446 100
3447 36
3448 36
3449 16
3450 484
3451 1296
3452 576
3453 256
3454 16
3455 0
3456 100
3457 4
3458 16
3459 100
3460 196
3461 576
3462 324
3463 324
3464 16
3465 36
3466 4
3467 576
3468 1024
3469 1156
3470 784
3471 576
3472 144
3473 36
3474 256
3475 100
3476 0
3477 4
3478 4
3479 16
3480 256
3481 0
3482 144
3483 256
3484 144
3485 36
3486 144
3487 144
3488 100
3489 100
3490 324
3491 256
3492 144
3493 100
3494 4
3495 36
3496 36
3497 144
3498 16
3499 36
3500 256
3501 64
3502 144
3503 16
3504 16
3505 36
3506 0
3507 36
3508 64
3509 36
3510 4
3511 64
3512 256
3513 144
3514 36
3515 36
3516 16
3517 36
3518 16
3519 196
3520 100
3521 0
3522 324
3523 36
3524 256
3525 196
3526 576
3527 100
3528 36
3529 144
3530 196
3531 484
3532 196
3533 256
3534 196
3535 36
3536 16
3537 0
3538 64
3539 144
3540 196
3541 144
3542 400
3543 36
3544 0
3545 16
3546 16
3547 4
3548 64
3549 4
3550 4
3551 100
3552 36
3553 196
3554 16
3555 484
3556 324
3557 196
3558 144
3559 100
3560 16
3561 196
3562 4
3563 4
3564 0
3565 100
3566 256
3567 196
3568 100
3569 36
3570 144
3571 196
3572 324
3573 100
3574 64
3575 100
3576 36
3577 16
3578 324
3579 64
3580 36
3581 0
3582 36
3583 100
3584 64
3585 100
3586 256
3587 0
3588 4
3589 16
3590 100
3591 64
3592 36
3593 196
3594 144
3595 16
3596 16
3597 64
3598 100
3599 256
3600 36
3601 4
3602 16
3603 36
3604 64
3605 4
3606 0
3607 324
3608 900
3609 484
3610 36
3611 16
3612 16
3613 64
3614 144
3615 36
3616 36
3617 196
3618 100
3619 64
3620 16
3621 16
3622 100
3623 0
3624 4
3625 36
3626 4
3627 36
3628 100
3629 36
3630 64
3631 0
3632 4
3633 0
3634 100
3635 64
3636 16
3637 16
3638 400
3639 196
3640 144
3641 64
3642 256
3643 4
3644 196
3645 144
3646 100
3647 4
3648 64
3649 0
3650 4
3651 36
3652 64
3653 64
3654 16
3655 4
3656 0
3657 4
3658 16
3659 16
3660 144
3661 4
3662 0
3663 4
3664 196
3665 484
3666 784
3667 100
3668 64
3669 64
3670 0
3671 4
3672 144
3673 64
3674 400
3675 16
3676 0
3677 36
3678 36
3679 16
3680 16
3681 64
3682 196
3683 64
3684 0
3685 196
3686 256
3687 484
3688 784
3689 576
3690 100
3691 144
3692 16
3693 0
3694 196
3695 144
3696 484
3697 576
3698 16
3699 36
3700 36
3701 144
3702 144
3703 4
3704 16
3705 64
3706 64
3707 36
3708 4
3709 100
3710 64
3711 36
3712 100
3713 196
3714 16
3715 36
3716 196
3717 16
3718 324
3719 16
3720 324
3721 100
3722 64
3723 400
3724 16
3725 0
3726 144
3727 0
3728 36
3729 4
3730 16
3731 100
3732 144
3733 576
3734 144
3735 64
3736 400
3737 196
3738 196
3739 16
3740 64
3741 100
3742 4
3743 4
3744 144
3745 16
3746 0
3747 36
3748 144
3749 144
3750 100
3751 16
3752 4
3753 64
3754 36
3755 16
3756 4
3757 0
3758 196
3759 36
3760 16
3761 4
3762 36
3763 144
3764 16
3765 64
3766 4
3767 0
3768 16
3769 16
3770 16
3771 4
3772 0
3773 4
3774 64
3775 196
3776 144
3777 4
3778 0
3779 100
3780 36
3781 196
3782 196
3783 100
3784 4
3785 36
3786 4
3787 16
3788 324
3789 100
3790 16
3791 16
3792 324
3793 144
3794 36
3795 144
3796 36
3797 0
3798 4
3799 144
3800 4
3801 4
3802 144
3803 324
3804 256
3805 16
3806 16
3807 64
3808 64
3809 36
3810 36
3811 64
3812 196
3813 144
3814 400
3815 576
3816 324
3817 36
3818 4
3819 4
3820 4
3821 36
3822 64
3823 100
3824 484
3825 100
3826 16
3827 4
3828 64
3829 36
3830 256
3831 256
3832 196
3833 196
3834 144
3835 400
3836 256
3837 36
3838 324
3839 36
3840 144
3841 324
3842 196
3843 484
3844 36
3845 324
3846 576
3847 324
3848 256
3849 324
3850 400
3851 256
3852 4
3853 64
3854 16
3855 64
3856 64
3857 64
3858 64
3859 100
3860 144
3861 64
3862 16
3863 64
3864 100
3865 64
3866 16
3867 196
3868 144
3869 16
3870 0
3871 4
3872 100
3873 36
3874 144
3875 400
3876 0
3877 196
3878 256
3879 324
3880 324
3881 144
3882 64
3883 576
3884 100
3885 16
3886 64
3887 400
3888 144
3889 36
3890 100
3891 4
3892 4
3893 4
3894 144
3895 4
3896 324
3897 484
3898 784
3899 676
3900 256
3901 64
3902 36
3903 4
3904 484
3905 576
3906 144
3907 64
3908 64
3909 100
3910 144
3911 64
3912 64
3913 144
3914 100
3915 196
3916 196
3917 100
3918 256
3919 4
3920 36
3921 16
3922 36
3923 16
3924 100
3925 16
3926 0
3927 100
3928 196
3929 36
3930 4
3931 0
3932 36
3933 100
3934 0
3935 64
3936 576
3937 196
3938 144
3939 16
3940 0
3941 0
3942 100
3943 256
3944 16
3945 36
3946 36
3947 36
3948 144
3949 4
3950 0
3951 64
3952 256
3953 196
3954 16
3955 400
3956 64
3957 36
3958 196
3959 64
3960 16
3961 324
3962 100
3963 16
3964 144
3965 0
3966 100
3967 4
3968 4
3969 144
3970 36
3971 256
3972 4
3973 16
3974 0
3975 100
3976 0
3977 256
3978 676
3979 100
3980 36
3981 36
3982 36
3983 4
3984 36
3985 64
3986 36
3987 256
3988 4
3989 256
3990 576
3991 64
3992 16
3993 144
3994 0
3995 196
3996 4
3997 0
3998 4
3999 16
4000 36
4001 4
4002 16
4003 4
4004 36
4005 144
4006 400
4007 784
4008 784
4009 484
4010 256
4011 256
4012 64
4013 100
4014 100
4015 256
4016 144
4017 16
4018 36
4019 36
4020 64
4021 16
4022 100
4023 400
4024 144
4025 0
4026 100
4027 16
4028 64
4029 144
4030 256
4031 16
4032 0
4033 64
4034 144
4035 16
4036 4
4037 36
4038 36
4039 100
4040 4
4041 16
4042 256
4043 144
4044 256
4045 484
4046 784
4047 36
4048 16
4049 100
4050 100
4051 36
4052 64
4053 256
4054 144
4055 100
4056 144
4057 64
4058 64
4059 196
4060 36
4061 100
4062 256
4063 36
4064 324
4065 144
4066 64
4067 100
4068 100
4069 4
4070 4
4071 4
4072 0
4073 100
4074 256
4075 196
4076 16
4077 4
4078 324
4079 64
4080 484
4081 400
4082 484
4083 256
4084 64
4085 576
4086 144
4087 64
4088 4
4089 16
4090 4
4091 324
4092 64
4093 36
4094 36
4095 4
4096 4
4097 0
4098 16
4099 4
4100 196
4101 4
4102 4
4103 16
4104 64
4105 16
4106 16
4107 64
4108 196
4109 36
4110 64
4111 324
4112 256
4113 100
4114 36
4115 4
4116 4
4117 100
4118 400
4119 400
4120 16
4121 16
4122 16
4123 64
4124 36
4125 16
4126 16
4127 0
4128 4
4129 16
4130 4
4131 36
4132 16
4133 36
4134 144
4135 36
4136 4
4137 64
4138 4
4139 64
4140 16
4141 16
4142 36
4143 4
4144 4
4145 4
4146 36
4147 100
4148 484
4149 900
4150 484
4151 784
4152 324
4153 4
4154 64
4155 144
4156 400
4157 324
4158 64
4159 400
4160 784
4161 16
4162 0
4163 100
4164 16
4165 64
4166 100
4167 144
4168 64
4169 16
4170 36
4171 4
4172 4
4173 4
4174 196
4175 576
4176 100
4177 4
4178 100
4179 16
4180 36
4181 36
4182 100
4183 0
4184 16
4185 16
4186 196
4187 16
4188 196
4189 64
4190 16
4191 64
4192 144
4193 64
4194 100
4195 100
4196 4
4197 4
4198 64
4199 4
4200 64
4201 16
4202 64
4203 4
4204 4
4205 256
4206 1156
4207 676
4208 576
4209 576
4210 484
4211 484
4212 196
4213 16
4214 64
4215 0
4216 16
4217 400
4218 324
4219 784
4220 16
4221 4
4222 400
4223 100
4224 64
4225 36
4226 4
4227 64
4228 64
4229 36
4230 16
4231 64
4232 196
4233 484
4234 100
4235 144
4236 144
4237 4
4238 784
4239 256
4240 36
4241 144
4242 4
4243 16
4244 400
4245 4
4246 196
4247 256
4248 484
4249 256
4250 64
4251 196
4252 4
4253 144
4254 36
4255 36
4256 144
4257 100
4258 324
4259 196
4260 0
4261 144
4262 324
4263 676
4264 1024
4265 256
4266 676
4267 324
4268 64
4269 36
4270 4
4271 256
4272 36
4273 36
4274 324
4275 64
4276 4
4277 196
4278 256
4279 36
4280 64
4281 0
4282 16
4283 144
4284 16
4285 36
4286 16
4287 16
4288 144
4289 64
4290 196
4291 100
4292 484
4293 196
4294 256
4295 676
4296 64
4297 324
4298 64
4299 36
4300 4
4301 16
4302 4
4303 4
4304 324
4305 484
4306 324
4307 324
4308 4
4309 0
4310 36
4311 100
4312 64
4313 36
4314 36
4315 4
4316 64
4317 196
4318 4
4319 36
4320 36
4321 36
4322 36
4323 256
4324 4
4325 0
4326 4
4327 144
4328 4
4329 144
4330 324
4331 4
4332 0
4333 64
4334 196
4335 400
4336 16
4337 4
4338 100
4339 36
4340 16
4341 100
4342 100
4343 64
4344 4
4345 100
4346 4
4347 64
4348 16
4349 16
4350 16
4351 4
4352 100
4353 484
4354 16
4355 0
4356 0
4357 0
4358 16
4359 64
4360 0
4361 4
4362 144
4363 196
4364 64
4365 4
4366 484
4367 64
4368 324
4369 196
4370 196
4371 16
4372 16
4373 196
4374 196
4375 484
4376 36
4377 484
4378 64
4379 16
4380 16
4381 4
4382 36
4383 100
4384 196
4385 4
4386 400
4387 256
4388 324
4389 196
4390 64
4391 100
4392 64
4393 16
4394 4
4395 196
4396 144
4397 196
4398 484
4399 324
4400 4
4401 16
4402 16
4403 4
4404 16
4405 16
4406 324
4407 36
4408 100
4409 4
4410 4
4411 16
4412 144
4413 144
4414 4
4415 16
4416 100
4417 324
4418 400
4419 144
4420 36
4421 324
4422 36
4423 256
4424 256
4425 100
4426 256
4427 196
4428 16
4429 256
4430 144
4431 64
4432 256
4433 400
4434 144
4435 676
4436 324
4437 324
4438 784
4439 324
4440 1156
4441 400
4442 36
4443 256
4444 324
4445 4
4446 4
4447 324
4448 900
4449 484
4450 576
4451 324
4452 100
4453 100
4454 144
4455 196
4456 0
4457 100
4458 36
4459 16
4460 16
4461 400
4462 100
4463 0
4464 36
4465 100
4466 16
4467 64
4468 16
4469 36
4470 64
4471 36
4472 64
4473 324
4474 4
4475 4
4476 100
4477 4
4478 16
4479 100
4480 256
4481 100
4482 324
4483 256
4484 196
4485 256
4486 196
4487 4
4488 4
4489 0
4490 196
4491 1156
4492 324
4493 144
4494 16
4495 16
4496 144
4497 4
4498 36
4499 196
4500 576
4501 324
4502 324
4503 16
4504 196
4505 196
4506 196
4507 196
4508 16
4509 4
4510 4
4511 16
4512 100
4513 144
4514 144
4515 144
4516 100
4517 256
4518 196
4519 196
4520 0
4521 0
4522 16
4523 400
4524 4
4525 16
4526 4
4527 4
4528 0
4529 16
4530 400
4531 576
4532 100
4533 64
4534 64
4535 16
4536 36
4537 100
4538 16
4539 144
4540 4
4541 144
4542 100
4543 0
4544 16
4545 36
4546 100
4547 144
4548 16
4549 144
4550 100
4551 100
4552 4
4553 36
4554 100
4555 484
4556 256
4557 144
4558 400
4559 1024
4560 400
4561 576
4562 256
4563 16
4564 4
4565 16
4566 64
4567 196
4568 16
4569 196
4570 144
4571 256
4572 256
4573 100
4574 16
4575 4
4576 100
4577 64
4578 4
4579 36
4580 484
4581 256
4582 100
4583 144
4584 36
4585 144
4586 256
4587 324
4588 100
4589 144
4590 256
4591 100
4592 256
4593 0
4594 16
4595 36
4596 36
4597 4
4598 64
4599 0
4600 100
4601 36
4602 36
4603 144
4604 100
4605 16
4606 324
4607 676
4608 1444
4609 676
4610 324
4611 144
4612 36
4613 64
4614 16
4615 0
4616 400
4617 4
4618 4
4619 16
4620 196
4621 324
4622 196
4623 64
4624 16
4625 4
4626 4
4627 144
4628 196
4629 400
4630 196
4631 676
4632 324
4633 100
4634 36
4635 400
4636 196
4637 144
4638 576
4639 1024
4640 576
4641 324
4642 144
4643 324
4644 676
4645 400
4646 484
4647 64
4648 0
4649 16
4650 196
4651 100
4652 16
4653 4
4654 0
4655 0
4656 144
4657 36
4658 144
4659 100
4660 16
4661 4
4662 16
4663 400
4664 16
4665 36
4666 4
4667 144
4668 100
4669 196
4670 4
4671 16
4672 16
4673 64
4674 484
4675 576
4676 100
4677 64
4678 0
4679 196
4680 4
4681 144
4682 100
4683 4
4684 4
4685 100
4686 400
4687 256
4688 144
4689 64
4690 16
4691 196
4692 36
4693 64
4694 16
4695 100
4696 256
4697 36
4698 100
4699 16
4700 36
4701 16
4702 196
4703 16
4704 64
4705 144
4706 0
4707 36
4708 36
4709 4
4710 64
4711 196
4712 100
4713 676
4714 676
4715 324
4716 100
4717 144
4718 484
4719 100
4720 144
4721 196
4722 36
4723 16
4724 196
4725 144
4726 256
4727 324
4728 4
4729 4
4730 36
4731 64
4732 784
4733 324
4734 16
4735 4
4736 196
4737 16
4738 100
4739 256
4740 324
4741 36
4742 36
4743 16
4744 4
4745 0
4746 100
4747 36
4748 64
4749 100
4750 16
4751 256
4752 16
4753 4
4754 36
4755 0
4756 36
4757 16
4758 64
4759 256
4760 4
4761 4
4762 0
4763 4
4764 4
4765 36
4766 64
4767 144
4768 144
4769 16
4770 4
4771 4
4772 0
4773 0
4774 100
4775 16
4776 16
4777 16
4778 64
4779 64
4780 100
4781 196
4782 324
4783 144
4784 4
4785 4
4786 64
4787 100
4788 196
4789 400
4790 4
4791 16
4792 36
4793 0
4794 36
4795 324
4796 256
4797 256
4798 484
4799 324
4800 196
4801 36
4802 64
4803 16
4804 36
4805 256
4806 100
4807 36
4808 144
4809 36
4810 484
4811 256
4812 100
4813 36
4814 100
4815 400
4816 16
4817 4
4818 0
4819 36
4820 4
4821 4
4822 36
4823 4
4824 64
4825 36
4826 36
4827 36
4828 16
4829 36
4830 4
4831 16
4832 0
4833 36
4834 0
4835 36
4836 144
4837 4
4838 64
4839 36
4840 4
4841 144
4842 16
4843 100
4844 16
4845 16
4846 4
4847 0
4848 100
4849 144
4850 16
4851 324
4852 64
4853 144
4854 196
4855 400
4856 100
4857 4
4858 4
4859 100
4860 0
4861 100
4862 256
4863 16
4864 36
4865 4
4866 100
4867 36
4868 16
4869 64
4870 4
4871 196
4872 64
4873 4
4874 196
4875 16
4876 36
4877 16
4878 16
4879 16
4880 144
4881 36
4882 36
4883 0
4884 196
4885 64
4886 16
4887 4
4888 16
4889 4
4890 36
4891 36
4892 100
4893 0
4894 144
4895 0
4896 36
4897 64
4898 196
4899 64
4900 100
4901 36
4902 0
4903 324
4904 36
4905 0
4906 196
4907 36
4908 36
4909 64
4910 4
4911 64
4912 100
4913 0
4914 256
4915 144
4916 144
4917 144
4918 100
4919 36
4920 4
4921 16
4922 100
4923 16
4924 16
4925 256
4926 100
4927 324
4928 900
4929 64
4930 36
4931 36
4932 64
4933 16
4934 196
4935 256
4936 196
4937 16
4938 16
4939 4
4940 4
4941 64
4942 16
4943 4
4944 4
4945 0
4946 0
4947 0
4948 36
4949 64
4950 196
4951 16
4952 100
4953 484
4954 256
4955 100
4956 16
4957 144
4958 324
4959 1156
4960 1024
4961 400
4962 196
4963 256
4964 576
4965 324
4966 16
4967 100
4968 324
4969 144
4970 196
4971 256
4972 196
4973 144
4974 100
4975 256
4976 4
4977 36
4978 4
4979 64
4980 196
4981 256
4982 36
4983 0
4984 16
4985 16
4986 36
4987 4
4988 144
4989 256
4990 100
4991 400
4992 196
4993 16
4994 256
4995 64
4996 144
4997 16
4998 196
4999 256
5000 144
