1 -13.96
2 -13.88
3 -21.92
4 -25.64
5 -21.92
6 -14.04
7 -25.88
8 -34.12
9 -21.76
10 -17.84
11 -21.48
12 -13.84
13 -21.88
14 -21.64
15 -21.88
16 -22.04
17 -34.08
18 -26.16
19 -26.56
20 -10.24
21 -18.16
22 -22
23 -22.32
24 -18.36
25 -13.92
26 -14.04
27 -33.84
28 -18
29 -25.84
30 -21.6
31 -29.84
32 -34
33 -18.24
34 -26.44
35 -34.36
36 -30.36
37 -22.28
38 -26.12
39 -26.48
40 -38.48
41 -18.24
42 -13.92
43 -18.08
44 -18.08
45 -18.08
46 -22.16
47 -26
48 -22.28
49 -22
50 -22.12
51 -30.4
52 -34.6
53 -18.28
54 -22.36
55 -38.24
56 -30
57 -18.16
58 -18.16
59 -18.36
60 -30.52
61 -26.4
62 -30.6
63 -30.4
64 -26.16
65 -22.16
66 -26.24
67 -17.96
68 -22.12
69 -26.12
70 -22.08
71 -22.08
72 -18.44
73 -14.12
74 -13.8
75 -21.6
76 -17.72
77 -17.72
78 -26.04
79 -21.96
80 -25.84
81 -13.88
82 -13.92
83 -26.2
84 -30.08
85 -26.04
86 -17.96
87 -17.88
88 -17.92
89 -14
90 -25.8
91 -21.96
92 -30
93 -25.88
94 -22.04
95 -26.4
96 -22.32
97 -30.16
98 -18.2
99 -22.32
100 -18.32
101 -22.2
102 -18.12
103 -26.28
104 -26.2
105 -14.12
106 -17.96
107 -22.28
108 -14.48
109 -26.32
110 -13.96
111 -17.76
112 -17.76
113 -25.72
114 -29.68
115 -25.72
116 -29.72
117 -18.04
118 -22
119 -17.6
120 -25.52
121 -21.6
122 -21.88
123 -10.12
124 -26.32
125 -30.12
126 -25.96
127 -22.08
128 -14.24
129 -18.12
130 -33.84
131 -37.92
132 -17.96
133 -13.8
134 -18.04
135 -22.36
136 -18.2
137 -25.92
138 -22.04
139 -21.8
140 -29.68
141 -30
142 -26.08
143 -22
144 -26.16
145 -14
146 -22.32
147 -14.32
148 -30.32
149 -26.16
150 -22.2
151 -22.32
152 -13.92
153 -26.24
154 -22.44
155 -22.28
156 -30.08
157 -29.96
158 -21.96
159 -29.92
160 -21.92
161 -29.96
162 -29.72
163 -25.6
164 -22.04
165 -25.92
166 -37.92
167 -29.96
168 -26.12
169 -26.4
170 -21.92
171 -21.92
172 -21.56
173 -13.84
174 -13.88
175 -10.2
176 -33.76
177 -21.96
178 -22.04
179 -25.72
180 -17.68
181 -17.64
182 -13.88
183 -21.96
184 -14.32
185 -22
186 -22.12
187 -14.12
188 -25.76
189 -18
190 -22
191 -26
192 -22.12
193 -22
194 -17.92
195 -18.12
196 -25.84
197 -21.8
198 -17.88
199 -26.12
200 -25.96
201 -21.92
202 -18.04
203 -21.92
204 -21.92
205 -18.24
206 -10.2
207 -18.08
208 -22.12
209 -14.08
210 -26.12
211 -26.08
212 -18.16
213 -22.16
214 -21.92
215 -26
216 -22.24
217 -22.12
218 -26.16
219 -26.16
220 -26.28
221 -34.32
222 -26.2
223 -26.08
224 -34
225 -21.8
226 -29.44
227 -29.56
228 -29.64
229 -37.52
230 -21.6
231 -25.76
232 -21.68
233 -25.64
234 -25.4
235 -29.76
236 -21.72
237 -21.88
238 -26
239 -17.64
240 -22
241 -21.96
242 -22.08
243 -14.04
244 -14.04
245 -22.04
246 -22.08
247 -22.04
248 -25.76
249 -18.12
250 -18.04
251 -18.04
252 -18.24
253 -14.28
254 -22.36
255 -22.32
256 -26.04
257 -22.12
258 -22.08
259 -25.6
260 -29.72
261 -21.96
262 -22.04
263 -26.2
264 -18.24
265 -17.96
266 -26.16
267 -18.08
268 -14.28
269 -14.24
270 -13.8
271 -26.04
272 -26
273 -29.68
274 -30.04
275 -34.24
276 -30.28
277 -30
278 -26.2
279 -13.8
280 -26.08
281 -29.84
282 -21.92
283 -26.04
284 -25.72
285 -25.6
286 -21.96
287 -9.84
288 -13.92
289 -30.08
290 -26.04
291 -29.96
292 -33.92
293 -21.88
294 -25.76
295 -25.76
296 -21.84
297 -22.04
298 -30.12
299 -18.24
300 -18.16
301 -25.92
302 -30.04
303 -21.8
304 -25.76
305 -21.84
306 -29.68
307 -22.12
308 -22
309 -22.28
310 -30.4
311 -18.04
312 -33.92
313 -25.76
314 -18.12
315 -26
316 -29.88
317 -25.88
318 -21.92
319 -22.32
320 -18.16
321 -17.84
322 -14.08
323 -22.04
324 -30.12
325 -26
326 -29.8
327 -30.08
328 -25.96
329 -37.92
330 -25.68
331 -21.88
332 -30.16
333 -25.96
334 -25.76
335 -13.76
336 -21.96
337 -21.92
338 -22.04
339 -21.72
340 -21.92
341 -18.12
342 -26
343 -14
344 -22.04
345 -38.2
346 -22.04
347 -22.12
348 -22.2
349 -14.32
350 -22.24
351 -22.08
352 -25.96
353 -9.96
354 -21.8
355 -18.04
356 -22.04
357 -21.8
358 -25.72
359 -21.8
360 -29.56
361 -18.16
362 -26.04
363 -30.08
364 -30
365 -26.2
366 -26.16
367 -22
368 -22.04
369 -9.96
370 -22.08
371 -21.84
372 -17.84
373 -17.88
374 -29.68
375 -21.84
376 -33.6
377 -33.44
378 -25.68
379 -29.76
380 -25.56
381 -29.6
382 -25.44
383 -29.44
384 -5.88
385 -13.88
386 -25.88
387 -26.08
388 -21.68
389 -21.72
390 -17.88
391 -26.12
392 -30.2
393 -22.24
394 -26.44
395 -26.28
396 -26.56
397 -30.68
398 -26.52
399 -26.48
400 -22.2
401 -26.24
402 -26.16
403 -26.12
404 -25.88
405 -25.72
406 -26
407 -26.08
408 -13.84
409 -18.04
410 -18.04
411 -18.2
412 -22.24
413 -26.04
414 -26.08
415 -30.36
416 -34.56
417 -18.6
418 -26.68
419 -22.4
420 -26.32
421 -34.48
422 -26.16
423 -13.8
424 -30
425 -17.92
426 -21.88
427 -21.84
428 -25.88
429 -25.96
430 -30.12
431 -18.24
432 -26
433 -14.04
434 -34.12
435 -26.2
436 -21.92
437 -17.88
438 -21.76
439 -17.96
440 -22
441 -22.16
442 -14.08
443 -18
444 -18.24
445 -26.12
446 -29.96
447 -26.32
448 -26.4
449 -14.44
450 -14.24
451 -18.2
452 -10.36
453 -30.16
454 -26.48
455 -26.12
456 -18.08
457 -17.96
458 -18.12
459 -14.2
460 -18.24
461 -22.36
462 -18.08
463 -30.24
464 -26.24
465 -18.12
466 -17.96
467 -21.76
468 -21.88
469 -13.92
470 -21.76
471 -22.24
472 -22.44
473 -22.44
474 -18.04
475 -26.28
476 -14.16
477 -2
478 -21.96
479 -33.96
480 -13.84
481 -21.8
482 -18.08
483 -22.32
484 -26.04
485 -33.84
486 -29.68
487 -21.52
488 -25.56
489 -17.8
490 -21.92
491 -21.96
492 -22
493 -25.92
494 -30.08
495 -38.24
496 -22.04
497 -30
498 -14.08
499 -22.4
500 -22.4
501 -22.4
502 -21.96
503 -13.92
504 -13.88
505 -25.92
506 -21.76
507 -21.84
508 -14.2
509 -30.52
510 -30.32
511 -26.4
512 -10.28
513 -18.12
514 -18.08
515 -26.08
516 -26.16
517 -17.92
518 -29.72
519 -21.88
520 -25.88
521 -22.12
522 -22.2
523 -14.2
524 -18.36
525 -18.24
526 -30.2
527 -30.48
528 -38.8
529 -34.64
530 -26.12
531 -18.04
532 -13.84
533 -21.76
534 -17.92
535 -17.96
536 -22.08
537 -14
538 -29.84
539 -29.68
540 -17.68
541 -25.96
542 -29.88
543 -17.84
544 -29.92
545 -29.68
546 -37.52
547 -9.96
548 -14.04
549 -26.04
550 -26.12
551 -22.36
552 -30.36
553 -30.16
554 -34.08
555 -26.2
556 -14.04
557 -22.36
558 -22.2
559 -22.16
560 -18.4
561 -18.2
562 -22.04
563 -37.64
564 -33.6
565 -29.88
566 -17.92
567 -25.96
568 -29.72
569 -33.72
570 -21.76
571 -21.84
572 -18.12
573 -25.96
574 -18
575 -29.88
576 -25.96
577 -26.04
578 -30.04
579 -17.96
580 -22.08
581 -26.08
582 -26.48
583 -22
584 -21.96
585 -22.28
586 -26.2
587 -18.04
588 -21.76
589 -18
590 -25.56
591 -25.6
592 -17.88
593 -10
594 -30.2
595 -34.12
596 -18.24
597 -10.04
598 -13.96
599 -25.76
600 -33.8
601 -26.12
602 -26
603 -18.4
604 -22.52
605 -22.48
606 -18.44
607 -10.24
608 -22.36
609 -18.16
610 -26.2
611 -26.28
612 -26.16
613 -18.2
614 -18.52
615 -22.36
616 -18.28
617 -21.96
618 -29.84
619 -17.88
620 -26.16
621 -26.12
622 -18.12
623 -17.96
624 -26.12
625 -22.12
626 -21.76
627 -18.12
628 -18.16
629 -26.2
630 -17.92
631 -21.96
632 -21.92
633 -18.12
634 -30.08
635 -30
636 -29.92
637 -26.16
638 -17.84
639 -25.8
640 -25.72
641 -25.76
642 -18.08
643 -29.64
644 -30
645 -34.04
646 -14.04
647 -21.88
648 -25.8
649 -21.72
650 -17.96
651 -14.16
652 -26.44
653 -22.32
654 -22.12
655 -22.16
656 -18.12
657 -26.4
658 -22.04
659 -26.16
660 -26.04
661 -25.92
662 -22.08
663 -34.2
664 -30.24
665 -38.16
666 -29.92
667 -18
668 -13.92
669 -10.16
670 -22.2
671 -18.2
672 -18.24
673 -26.2
674 -30.16
675 -33.84
676 -29.8
677 -21.96
678 -18.12
679 -14.04
680 -25.88
681 -29.8
682 -25.92
683 -26.36
684 -18.2
685 -22.28
686 -34.4
687 -34.32
688 -22.2
689 -18
690 -25.84
691 -21.96
692 -14.24
693 -34.48
694 -26.44
695 -30.24
696 -14.04
697 -25.92
698 -22.24
699 -34.2
700 -30.48
701 -10.2
702 -18
703 -18.04
704 -22.24
705 -18.12
706 -18.16
707 -26.4
708 -18.04
709 -17.84
710 -21.88
711 -25.8
712 -25.84
713 -33.8
714 -25.76
715 -21.76
716 -21.68
717 -9.92
718 -22
719 -14
720 -21.84
721 -30.12
722 -22.2
723 -30.16
724 -22.12
725 -9.96
726 -26.04
727 -22.24
728 -26.08
729 -38.08
730 -38.08
731 -33.96
732 -30.2
733 -22.2
734 -14.28
735 -18
736 -17.88
737 -25.96
738 -25.76
739 -33.92
740 -21.6
741 -21.8
742 -37.52
743 -37.44
744 -25.52
745 -25.92
746 -30.04
747 -26.08
748 -22.24
749 -34.4
750 -22.12
751 -21.84
752 -14.04
753 -26
754 -17.92
755 -21.72
756 -25.56
757 -29.32
758 -29.32
759 -29.48
760 -22.04
761 -29.84
762 -22
763 -21.92
764 -9.88
765 -25.88
766 -25.96
767 -21.8
768 -21.72
769 -21.64
770 -17.92
771 -18
772 -17.76
773 -17.68
774 -21.68
775 -17.88
776 -17.92
777 -26.08
778 -29.84
779 -29.92
780 -30.24
781 -22
782 -29.92
783 -25.92
784 -29.8
785 -29.8
786 -17.92
787 -26
788 -25.84
789 -21.92
790 -21.76
791 -21.64
792 -22.2
793 -21.92
794 -25.92
795 -25.52
796 -25.68
797 -17.84
798 -14.16
799 -26.08
800 -29.96
801 -30.04
802 -21.96
803 -22.2
804 -22.2
805 -14.36
806 -18.48
807 -18.2
808 -30
809 -26.04
810 -22.04
811 -14.2
812 -25.76
813 -21.64
814 -29.8
815 -25.84
816 -18.08
817 -13.88
818 -17.96
819 -21.64
820 -29.72
821 -33.56
822 -29.36
823 -21.44
824 -21.76
825 -26.16
826 -26.12
827 -22.36
828 -30.12
829 -18
830 -10.2
831 -26.48
832 -18.32
833 -14.24
834 -14.16
835 -26
836 -26.2
837 -30.04
838 -21.68
839 -33.72
840 -29.72
841 -30
842 -29.56
843 -21.68
844 -22
845 -17.8
846 -21.72
847 -17.96
848 -17.72
849 -17.92
850 -29.76
851 -29.92
852 -14.2
853 -26.2
854 -30.12
855 -18.2
856 -18.28
857 -22.36
858 -26.2
859 -25.96
860 -14.08
861 -22.28
862 -21.92
863 -22.2
864 -22
865 -21.92
866 -13.92
867 -25.84
868 -26
869 -18.08
870 -14.12
871 -26
872 -17.8
873 -21.96
874 -18.04
875 -26.36
876 -14.36
877 -14.16
878 -26.16
879 -34.28
880 -30.48
881 -30.44
882 -18.32
883 -18.04
884 -22
885 -22.08
886 -21.96
887 -17.6
888 -21.6
889 -10
890 -10.36
891 -14.4
892 -18.4
893 -26.24
894 -26.08
895 -26.2
896 -25.92
897 -22.04
898 -25.76
899 -21.68
900 -25.84
901 -25.96
902 -30.04
903 -26.16
904 -26.04
905 -22.04
906 -21.92
907 -21.8
908 -25.88
909 -29.96
910 -17.76
911 -29.64
912 -21.92
913 -5.84
914 -21.96
915 -5.92
916 -10.04
917 -34.24
918 -17.96
919 -22.04
920 -26.08
921 -22.12
922 -26.32
923 -22.16
924 -26.28
925 -22.52
926 -18.24
927 -26.2
928 -18.2
929 -26.08
930 -30.04
931 -14.08
932 -18.28
933 -22.16
934 -22.08
935 -22.32
936 -17.76
937 -18.24
938 -21.92
939 -26.04
940 -26.4
941 -22.24
942 -14.04
943 -14.04
944 -18.16
945 -18.4
946 -22.4
947 -22.28
948 -18
949 -14
950 -25.96
951 -26.08
952 -13.88
953 -13.76
954 -21.92
955 -14
956 -18.04
957 -18.16
958 -18.32
959 -30.28
960 -22.2
961 -30.52
962 -26.44
963 -22.32
964 -30.32
965 -30.4
966 -30.2
967 -18.12
968 -13.96
969 -21.76
970 -13.68
971 -33.28
972 -21.76
973 -30.04
974 -22.08
975 -30.2
976 -26.32
977 -22.12
978 -26.12
979 -30.4
980 -26.28
981 -18
982 -17.68
983 -13.72
984 -21.84
985 -17.92
986 -18.04
987 -10.16
988 -26.36
989 -10.32
990 -26.36
991 -30.08
992 -30.12
993 -17.88
994 -22.16
995 -25.8
996 -29.92
997 -22.16
998 -22.36
999 -22.24
1000 -22.04
1001 -26.32
1002 -38.4
1003 -34.4
1004 -18.56
1005 -18.36
1006 -26.36
1007 -26.36
1008 -21.96
1009 -25.8
1010 -25.92
1011 -25.92
1012 -30.12
1013 -29.88
1014 -18.04
1015 -26.16
1016 -30.08
1017 -30.16
1018 -21.96
1019 -26.04
1020 -21.68
1021 -22
1022 -26.08
1023 -25.68
1024 -37.92
1025 -21.96
1026 -21.92
1027 -22.04
1028 -21.92
1029 -25.88
1030 -21.76
1031 -25.92
1032 -17.96
1033 -17.96
1034 -18.24
1035 -22.16
1036 -18.08
1037 -30.04
1038 -29.88
1039 -21.88
1040 -21.72
1041 -13.88
1042 -29.96
1043 -26.16
1044 -26.32
1045 -10.04
1046 -18.08
1047 -26.04
1048 -14.2
1049 -14.12
1050 -18.12
1051 -18.16
1052 -18.24
1053 -10
1054 -21.76
1055 -21.48
1056 -21.56
1057 -29.76
1058 -22.12
1059 -22.12
1060 -25.76
1061 -25.96
1062 -22
1063 -29.72
1064 -25.72
1065 -25.56
1066 -25.6
1067 -25.68
1068 -21.6
1069 -17.88
1070 -25.88
1071 -25.84
1072 -21.92
1073 -29.88
1074 -29.72
1075 -17.76
1076 -17.8
1077 -22
1078 -22.16
1079 -25.72
1080 -29.6
1081 -29.68
1082 -21.92
1083 -18
1084 -26.2
1085 -26
1086 -33.84
1087 -25.92
1088 -30.04
1089 -10.08
1090 -18.12
1091 -22.16
1092 -22.12
1093 -30.44
1094 -10.28
1095 -6.04
1096 -13.88
1097 -18.04
1098 -18.16
1099 -22.08
1100 -30.04
1101 -21.92
1102 -21.64
1103 -18
1104 -21.92
1105 -18.04
1106 -9.96
1107 -17.72
1108 -17.88
1109 -26.24
1110 -26.24
1111 -10.04
1112 -10.2
1113 -10.12
1114 -18.08
1115 -18.16
1116 -18
1117 -13.88
1118 -26.08
1119 -25.8
1120 -29.8
1121 -17.96
1122 -25.72
1123 -21.84
1124 -18.04
1125 -18.04
1126 -22.12
1127 -18.16
1128 -21.96
1129 -25.84
1130 -9.92
1131 -21.8
1132 -18.12
1133 -25.96
1134 -22.16
1135 -26.08
1136 -18
1137 -14
1138 -21.64
1139 -33.52
1140 -13.6
1141 -21.92
1142 -25.92
1143 -21.88
1144 -33.68
1145 -29.52
1146 -17.96
1147 -22.08
1148 -25.76
1149 -9.96
1150 -13.88
1151 -9.84
1152 -26.16
1153 -18.24
1154 -30.16
1155 -37.96
1156 -29.92
1157 -17.84
1158 -21.72
1159 -17.8
1160 -25.76
1161 -13.88
1162 -22.04
1163 -18.12
1164 -26.12
1165 -30.24
1166 -22.16
1167 -14.16
1168 -26
1169 -26.04
1170 -29.96
1171 -26.04
1172 -26.12
1173 -22.12
1174 -10.32
1175 -18.2
1176 -22.08
1177 -29.76
1178 -21.8
1179 -25.8
1180 -17.8
1181 -29.48
1182 -25.6
1183 -17.6
1184 -25.44
1185 -29.72
1186 -25.88
1187 -22.04
1188 -26.16
1189 -22.16
1190 -26.24
1191 -26.28
1192 -26.32
1193 -30.36
1194 -34.48
1195 -34.52
1196 -30.32
1197 -26.44
1198 -22.32
1199 -18.16
1200 -25.76
1201 -33.84
1202 -33.96
1203 -30.32
1204 -18.04
1205 -18.12
1206 -18.24
1207 -14.04
1208 -18
1209 -18.08
1210 -26.04
1211 -30
1212 -22.2
1213 -21.96
1214 -21.88
1215 -29.92
1216 -18.2
1217 -38.2
1218 -34.28
1219 -22.08
1220 -26.4
1221 -18.32
1222 -26.04
1223 -21.92
1224 -30.08
1225 -25.68
1226 -30.16
1227 -13.92
1228 -26.08
1229 -14.08
1230 -21.68
1231 -21.96
1232 -26.36
1233 -18.4
1234 -30.08
1235 -26.08
1236 -33.8
1237 -21.8
1238 -29.84
1239 -33.6
1240 -17.76
1241 -33.8
1242 -25.84
1243 -22.04
1244 -30.04
1245 -26.24
1246 -17.8
1247 -13.88
1248 -13.96
1249 -26.08
1250 -14.2
1251 -22.28
1252 -14.2
1253 -22.16
1254 -22.56
1255 -18.2
1256 -26.56
1257 -22.12
1258 -30.44
1259 -22.4
1260 -22.32
1261 -22.28
1262 -18.04
1263 -30.04
1264 -22.32
1265 -30.52
1266 -30.32
1267 -30.32
1268 -30.32
1269 -22.4
1270 -26.08
1271 -17.92
1272 -18.24
1273 -26.12
1274 -22
1275 -26.12
1276 -18.2
1277 -26.52
1278 -22
1279 -21.88
1280 -25.64
1281 -10
1282 -21.72
1283 -25.52
1284 -17.72
1285 -17.76
1286 -25.56
1287 -21.56
1288 -17.72
1289 -14.08
1290 -14.12
1291 -18.24
1292 -18.12
1293 -18.12
1294 -18.32
1295 -14.12
1296 -18.4
1297 -22.24
1298 -14.36
1299 -14.4
1300 -18.32
1301 -26.16
1302 -22.04
1303 -22.04
1304 -13.88
1305 -17.88
1306 -13.8
1307 -25.88
1308 -26.12
1309 -26.2
1310 -30.24
1311 -34.36
1312 -18.16
1313 -18.32
1314 -18.08
1315 -26.16
1316 -38.28
1317 -22.04
1318 -17.84
1319 -21.84
1320 -29.96
1321 -22.2
1322 -14.24
1323 -14.16
1324 -22.36
1325 -26.44
1326 -38.4
1327 -30.48
1328 -14.28
1329 -14.48
1330 -26
1331 -22.2
1332 -30.24
1333 -17.88
1334 -26.08
1335 -30
1336 -26.12
1337 -22
1338 -22.2
1339 -18.4
1340 -22.44
1341 -34.2
1342 -30.08
1343 -18
1344 -1.8
1345 -5.88
1346 -29.88
1347 -21.92
1348 -34.12
1349 -18
1350 -21.88
1351 -13.76
1352 -17.64
1353 -17.64
1354 -21.72
1355 -17.8
1356 -18
1357 -22.28
1358 -18.2
1359 -34.16
1360 -30.2
1361 -30.04
1362 -25.84
1363 -25.92
1364 -25.84
1365 -17.68
1366 -17.76
1367 -17.72
1368 -25.76
1369 -17.8
1370 -13.84
1371 -21.64
1372 -17.92
1373 -17.72
1374 -21.8
1375 -17.76
1376 -25.64
1377 -25.92
1378 -17.84
1379 -21.8
1380 -22.08
1381 -34.44
1382 -38.32
1383 -30.36
1384 -22.28
1385 -30.24
1386 -26.04
1387 -18.08
1388 -26.28
1389 -30.08
1390 -18.08
1391 -18.16
1392 -26.08
1393 -21.96
1394 -14.2
1395 -22.12
1396 -18
1397 -26.04
1398 -30.28
1399 -26.28
1400 -22.16
1401 -22.16
1402 -26.04
1403 -17.96
1404 -21.8
1405 -17.84
1406 -13.92
1407 -18.04
1408 -30.12
1409 -34.2
1410 -22
1411 -14.08
1412 -13.92
1413 -21.76
1414 -17.88
1415 -26.08
1416 -17.84
1417 -29.8
1418 -26.12
1419 -22.08
1420 -30.36
1421 -18.08
1422 -30.2
1423 -30.24
1424 -30.32
1425 -18.32
1426 -18.32
1427 -22.16
1428 -38.2
1429 -30.12
1430 -26.36
1431 -26.28
1432 -26.28
1433 -18.12
1434 -18
1435 -6
1436 -22.04
1437 -18.24
1438 -18.4
1439 -26.2
1440 -22.32
1441 -18.12
1442 -22.12
1443 -34.28
1444 -14.24
1445 -18.36
1446 -10.28
1447 -14.08
1448 -18.24
1449 -18.24
1450 -30.2
1451 -34.16
1452 -22
1453 -14.12
1454 -26.4
1455 -26.4
1456 -18.4
1457 -13.88
1458 -26
1459 -25.72
1460 -25.68
1461 -17.56
1462 -10
1463 -18.08
1464 -29.88
1465 -17.72
1466 -21.92
1467 -29.96
1468 -13.84
1469 -33.88
1470 -29.56
1471 -17.72
1472 -21.92
1473 -22.16
1474 -26.08
1475 -30.04
1476 -22.08
1477 -17.88
1478 -21.88
1479 -22.24
1480 -10.12
1481 -29.76
1482 -25.84
1483 -17.84
1484 -25.72
1485 -25.76
1486 -17.88
1487 -21.64
1488 -9.84
1489 -9.96
1490 -1.92
1491 -13.68
1492 -17.68
1493 -25.88
1494 -21.92
1495 -25.72
1496 -21.88
1497 -22.04
1498 -17.96
1499 -21.72
1500 -29.6
1501 -25.68
1502 -26.04
1503 -29.84
1504 -25.84
1505 -22.12
1506 -30.04
1507 -21.84
1508 -37.68
1509 -21.8
1510 -29.6
1511 -25.68
1512 -17.84
1513 -21.84
1514 -30.08
1515 -21.76
1516 -10.04
1517 -21.92
1518 -14.2
1519 -33.84
1520 -33.96
1521 -34.24
1522 -18.32
1523 -30.12
1524 -30.04
1525 -29.92
1526 -29.88
1527 -22.16
1528 -17.96
1529 -33.92
1530 -22.12
1531 -21.88
1532 -17.96
1533 -22.12
1534 -18.2
1535 -9.96
1536 -14.12
1537 -17.92
1538 -17.76
1539 -18.12
1540 -26.04
1541 -18.32
1542 -30.04
1543 -30.52
1544 -22.32
1545 -14.04
1546 -17.88
1547 -21.8
1548 -21.68
1549 -17.96
1550 -22
1551 -30.12
1552 -30.36
1553 -30.52
1554 -22.56
1555 -26.52
1556 -22.4
1557 -34.52
1558 -18.16
1559 -29.92
1560 -26.04
1561 -26.12
1562 -17.6
1563 -25.48
1564 -21.76
1565 -37.68
1566 -33.48
1567 -13.92
1568 -21.76
1569 -21.88
1570 -17.8
1571 -21.64
1572 -29.88
1573 -30.08
1574 -21.88
1575 -13.84
1576 -1.88
1577 -10
1578 -21.96
1579 -14
1580 -22.08
1581 -25.76
1582 -25.96
1583 -17.88
1584 -30
1585 -26.04
1586 -30.28
1587 -18.44
1588 -26.48
1589 -26.44
1590 -30.32
1591 -26.28
1592 -18.36
1593 -18.28
1594 -18.16
1595 -14.16
1596 -17.92
1597 -9.96
1598 -13.72
1599 -21.72
1600 -14.08
1601 -21.96
1602 -18.12
1603 -6.12
1604 -18.12
1605 -17.88
1606 -9.88
1607 -14.04
1608 -22
1609 -22.16
1610 -22
1611 -13.88
1612 -21.8
1613 -25.92
1614 -17.76
1615 -22.08
1616 -26.36
1617 -22.2
1618 -26.24
1619 -18.08
1620 -22.4
1621 -22.32
1622 -18.04
1623 -18.32
1624 -26.36
1625 -30.2
1626 -17.8
1627 -21.96
1628 -21.96
1629 -22.16
1630 -21.88
1631 -18.08
1632 -18.04
1633 -9.84
1634 -13.8
1635 -26.12
1636 -14
1637 -17.96
1638 -18.24
1639 -26.6
1640 -26.32
1641 -26.4
1642 -34.28
1643 -30.16
1644 -22.24
1645 -18.28
1646 -30.08
1647 -26.2
1648 -30.16
1649 -30.04
1650 -26.08
1651 -26.28
1652 -14.12
1653 -18.16
1654 -13.96
1655 -26.2
1656 -22.2
1657 -30
1658 -17.84
1659 -29.6
1660 -21.84
1661 -10.16
1662 -30.16
1663 -38.36
1664 -34.28
1665 -25.76
1666 -29.48
1667 -33.6
1668 -21.84
1669 -21.72
1670 -21.76
1671 -17.96
1672 -25.64
1673 -25.68
1674 -25.68
1675 -21.88
1676 -17.68
1677 -25.76
1678 -29.64
1679 -25.8
1680 -29.96
1681 -22.16
1682 -21.92
1683 -22.04
1684 -25.84
1685 -25.88
1686 -21.96
1687 -17.96
1688 -21.88
1689 -38.08
1690 -26.16
1691 -34.28
1692 -30.12
1693 -34.16
1694 -18
1695 -18.2
1696 -10.08
1697 -22.16
1698 -26.28
1699 -18.12
1700 -17.84
1701 -25.88
1702 -21.92
1703 -26.12
1704 -21.96
1705 -14.08
1706 -22
1707 -30.08
1708 -22.04
1709 -21.76
1710 -17.68
1711 -25.6
1712 -29.76
1713 -26
1714 -29.84
1715 -26
1716 -34.08
1717 -34.12
1718 -29.84
1719 -21.88
1720 -21.84
1721 -18.16
1722 -22.28
1723 -17.76
1724 -13.8
1725 -17.72
1726 -13.84
1727 -18
1728 -34.12
1729 -34.04
1730 -33.92
1731 -26.08
1732 -21.92
1733 -25.76
1734 -25.64
1735 -17.92
1736 -26.08
1737 -26.08
1738 -26.12
1739 -26.36
1740 -14.16
1741 -21.92
1742 -21.68
1743 -21.84
1744 -22
1745 -30.04
1746 -22.16
1747 -34.24
1748 -30.24
1749 -14.04
1750 -22.08
1751 -22.12
1752 -22.28
1753 -26.08
1754 -21.92
1755 -21.96
1756 -13.88
1757 -22.04
1758 -18
1759 -18.16
1760 -22.2
1761 -26.16
1762 -10.12
1763 -18
1764 -22
1765 -26.2
1766 -14.12
1767 -26.16
1768 -14.08
1769 -1.8
1770 -17.76
1771 -25.76
1772 -17.72
1773 -17.64
1774 -21.8
1775 -29.8
1776 -13.88
1777 -37.84
1778 -21.76
1779 -37.68
1780 -25.8
1781 -13.92
1782 -30.04
1783 -26.08
1784 -17.84
1785 -21.84
1786 -25.72
1787 -17.88
1788 -22.2
1789 -22.24
1790 -30.24
1791 -33.96
1792 -25.92
1793 -25.92
1794 -29.88
1795 -33.68
1796 -17.96
1797 -18.04
1798 -29.92
1799 -21.72
1800 -17.88
1801 -17.84
1802 -25.88
1803 -25.84
1804 -25.92
1805 -25.88
1806 -33.96
1807 -21.72
1808 -29.76
1809 -29.8
1810 -17.96
1811 -22.2
1812 -34.48
1813 -30.48
1814 -30.32
1815 -34.12
1816 -34.36
1817 -30.36
1818 -18
1819 -18.16
1820 -22.04
1821 -25.84
1822 -29.68
1823 -22.04
1824 -13.84
1825 -13.64
1826 -21.88
1827 -14.16
1828 -17.92
1829 -25.96
1830 -22.04
1831 -26.12
1832 -22.08
1833 -26.12
1834 -17.76
1835 -29.64
1836 -21.64
1837 -25.76
1838 -21.72
1839 -25.96
1840 -25.92
1841 -30.04
1842 -25.88
1843 -22.24
1844 -17.96
1845 -22.08
1846 -13.84
1847 -22.24
1848 -18.16
1849 -18.16
1850 -25.88
1851 -18
1852 -22.36
1853 -34.48
1854 -22.2
1855 -18.08
1856 -30.24
1857 -34.56
1858 -26.44
1859 -14.12
1860 -22.32
1861 -22.16
1862 -14.08
1863 -18.36
1864 -6.16
1865 -9.96
1866 -14.08
1867 -9.92
1868 -29.92
1869 -26.08
1870 -21.88
1871 -22.04
1872 -25.8
1873 -26.12
1874 -25.8
1875 -25.72
1876 -25.92
1877 -25.84
1878 -21.76
1879 -22
1880 -18.04
1881 -22.24
1882 -18.32
1883 -22.2
1884 -22.52
1885 -30.6
1886 -26.36
1887 -18.12
1888 -22
1889 -33.88
1890 -17.92
1891 -34.2
1892 -30.24
1893 -26.36
1894 -26.08
1895 -18.32
1896 -18.12
1897 -26.2
1898 -30.04
1899 -26.24
1900 -34.08
1901 -25.72
1902 -25.84
1903 -26.12
1904 -42.24
1905 -18.28
1906 -26
1907 -17.92
1908 -22
1909 -29.84
1910 -37.84
1911 -21.84
1912 -21.8
1913 -25.88
1914 -25.96
1915 -18.32
1916 -14.12
1917 -18.04
1918 -18.12
1919 -26
1920 -13.96
1921 -6.12
1922 -22.2
1923 -13.88
1924 -17.88
1925 -21.92
1926 -26
1927 -21.96
1928 -10.2
1929 -18.04
1930 -18.12
1931 -18
1932 -18
1933 -21.92
1934 -26.24
1935 -26.4
1936 -10.04
1937 -10.2
1938 -18.16
1939 -30.08
1940 -22
1941 -18.08
1942 -17.92
1943 -18
1944 -18.2
1945 -26.36
1946 -26.4
1947 -22.32
1948 -30.16
1949 -30
1950 -14.08
1951 -30.04
1952 -26.28
1953 -21.88
1954 -25.88
1955 -26.08
1956 -25.8
1957 -21.96
1958 -22.04
1959 -22.2
1960 -30
1961 -29.88
1962 -30.04
1963 -21.84
1964 -21.72
1965 -30.12
1966 -34.2
1967 -18.16
1968 -10.12
1969 -26
1970 -34.04
1971 -26.12
1972 -34.08
1973 -22.4
1974 -18.2
1975 -26.2
1976 -30.36
1977 -26.08
1978 -42.08
1979 -22.16
1980 -18.04
1981 -22.08
1982 -30.12
1983 -18.12
1984 -22.04
1985 -17.96
1986 -13.92
1987 -25.64
1988 -21.88
1989 -17.92
1990 -22.08
1991 -22.12
1992 -5.88
1993 -18
1994 -18.08
1995 -18
1996 -26.2
1997 -22.04
1998 -30
1999 -17.92
2000 -13.92
2001 -14.08
2002 -17.84
2003 -9.84
2004 -17.72
2005 -13.92
2006 -17.84
2007 -18
2008 -22.28
2009 -34.76
2010 -30.68
2011 -22.2
2012 -18.2
2013 -18.16
2014 -26.04
2015 -21.88
2016 -17.72
2017 -25.72
2018 -25.68
2019 -21.96
2020 -6.04
2021 -22.44
2022 -26.04
2023 -13.8
2024 -29.6
2025 -5.72
2026 -25.52
2027 -25.4
2028 -25.48
2029 -25.72
2030 -26.24
2031 -22.36
2032 -22
2033 -30.12
2034 -26.32
2035 -30.16
2036 -26.44
2037 -22.36
2038 -30.36
2039 -34.44
2040 -34.32
2041 -42.48
2042 -22.16
2043 -30.32
2044 -34.28
2045 -22.4
2046 -22.4
2047 -30.32
2048 -30.28
2049 -34.2
2050 -34.16
2051 -30.16
2052 -26.16
2053 -30.36
2054 -30.28
2055 -26
2056 -30.28
2057 -21.96
2058 -25.8
2059 -33.8
2060 -33.92
2061 -30
2062 -30.2
2063 -21.92
2064 -26.08
2065 -25.88
2066 -41.96
2067 -30.12
2068 -18.08
2069 -22.16
2070 -22.04
2071 -17.88
2072 -21.92
2073 -34.32
2074 -38.56
2075 -30.12
2076 -17.92
2077 -25.8
2078 -14.28
2079 -26.04
2080 -25.88
2081 -22.04
2082 -26.12
2083 -26.24
2084 -10.12
2085 -25.96
2086 -14.08
2087 -10.16
2088 -22.28
2089 -34.24
2090 -30.4
2091 -26.36
2092 -22.32
2093 -22.32
2094 -18.24
2095 -30.16
2096 -18.2
2097 -26.28
2098 -22.04
2099 -14.24
2100 -22.12
2101 -18.2
2102 -21.84
2103 -21.8
2104 -29.72
2105 -21.72
2106 -29.64
2107 -33.52
2108 -25.6
2109 -17.76
2110 -25.8
2111 -25.6
2112 -25.44
2113 -13.72
2114 -21.8
2115 -29.88
2116 -25.84
2117 -22
2118 -25.88
2119 -26.12
2120 -34.04
2121 -30.36
2122 -22.16
2123 -18.16
2124 -26.04
2125 -26.04
2126 -26.24
2127 -30.08
2128 -17.92
2129 -14
2130 -9.68
2131 -17.88
2132 -13.96
2133 -13.84
2134 -13.96
2135 -25.88
2136 -29.92
2137 -14.24
2138 -14.12
2139 -21.88
2140 -25.96
2141 -22
2142 -25.84
2143 -25.96
2144 -17.96
2145 -22.08
2146 -34.32
2147 -34.24
2148 -30.44
2149 -18.36
2150 -22.24
2151 -22.2
2152 -18.12
2153 -14.36
2154 -17.96
2155 -9.92
2156 -26.12
2157 -26.24
2158 -26.32
2159 -18.36
2160 -26.24
2161 -18.28
2162 -26.24
2163 -26.16
2164 -18.08
2165 -17.8
2166 -21.56
2167 -29.92
2168 -26.04
2169 -14.24
2170 -14.16
2171 -30.28
2172 -30
2173 -22.16
2174 -22.16
2175 -18.08
2176 -30.32
2177 -26.16
2178 -29.92
2179 -13.88
2180 -30.36
2181 -22.04
2182 -14.04
2183 -22
2184 -22
2185 -21.76
2186 -21.52
2187 -17.64
2188 -13.72
2189 -13.84
2190 -21.96
2191 -22
2192 -34.24
2193 -18.08
2194 -14.08
2195 -29.88
2196 -37.8
2197 -29.72
2198 -29.68
2199 -9.76
2200 -17.84
2201 -14.04
2202 -22.2
2203 -22.24
2204 -34.44
2205 -18.32
2206 -22.12
2207 -26.04
2208 -26.28
2209 -10.24
2210 -21.92
2211 -29.6
2212 -25.72
2213 -21.76
2214 -29.8
2215 -25.76
2216 -29.96
2217 -30.08
2218 -21.92
2219 -21.88
2220 -17.72
2221 -18.12
2222 -18.12
2223 -22.28
2224 -22
2225 -21.96
2226 -25.96
2227 -25.92
2228 -17.68
2229 -17.76
2230 -21.84
2231 -17.76
2232 -13.88
2233 -26.04
2234 -22.04
2235 -22.24
2236 -22.08
2237 -26.24
2238 -26.44
2239 -30.48
2240 -26.28
2241 -29.6
2242 -21.64
2243 -29.92
2244 -26.04
2245 -26
2246 -18.24
2247 -18.08
2248 -18.08
2249 -22.16
2250 -18.36
2251 -10.32
2252 -30.64
2253 -30.52
2254 -22.28
2255 -26.44
2256 -22.48
2257 -10.04
2258 -18.08
2259 -17.96
2260 -30
2261 -17.8
2262 -22
2263 -21.72
2264 -21.76
2265 -29.6
2266 -17.8
2267 -22.16
2268 -34.6
2269 -30.36
2270 -26.16
2271 -30.16
2272 -21.96
2273 -14.44
2274 -30.2
2275 -18.52
2276 -14.12
2277 -22.16
2278 -25.96
2279 -21.8
2280 -26.04
2281 -33.84
2282 -25.84
2283 -22.08
2284 -30
2285 -26.04
2286 -6.12
2287 -22.2
2288 -14
2289 -17.84
2290 -25.72
2291 -17.76
2292 -17.84
2293 -21.8
2294 -21.8
2295 -25.88
2296 -22.08
2297 -34.2
2298 -18.24
2299 -26.32
2300 -21.92
2301 -17.64
2302 -9.8
2303 -17.88
2304 -22.04
2305 -30
2306 -18.12
2307 -22.24
2308 -26.16
2309 -26.08
2310 -34.12
2311 -26
2312 -25.84
2313 -17.8
2314 -14.12
2315 -26.44
2316 -26.4
2317 -22.2
2318 -26.04
2319 -17.84
2320 -22.28
2321 -26.32
2322 -26.32
2323 -22.04
2324 -9.92
2325 -22.08
2326 -26.24
2327 -22.24
2328 -33.84
2329 -25.64
2330 -29.44
2331 -21.72
2332 -25.76
2333 -17.64
2334 -17.64
2335 -30
2336 -29.88
2337 -18.04
2338 -18.08
2339 -22
2340 -26.08
2341 -17.96
2342 -18.04
2343 -30.08
2344 -26
2345 -21.68
2346 -9.8
2347 -26
2348 -17.96
2349 -34.08
2350 -25.88
2351 -22.08
2352 -26.48
2353 -14.4
2354 -22.08
2355 -26.08
2356 -18
2357 -29.84
2358 -13.96
2359 -14.28
2360 -18.28
2361 -22.16
2362 -22.04
2363 -14.12
2364 -18.28
2365 -26.12
2366 -25.96
2367 -25.72
2368 -17.8
2369 -10.12
2370 -14.12
2371 -22
2372 -22.04
2373 -21.84
2374 -13.96
2375 -26.04
2376 -21.96
2377 -22.24
2378 -17.92
2379 -9.84
2380 -14.04
2381 -17.84
2382 -17.76
2383 -26.28
2384 -26.04
2385 -25.88
2386 -26
2387 -21.8
2388 -29.88
2389 -33.8
2390 -21.96
2391 -34.16
2392 -26.24
2393 -22.16
2394 -14.16
2395 -10
2396 -34.16
2397 -30.32
2398 -22.08
2399 -13.72
2400 -21.8
2401 -33.76
2402 -13.92
2403 -21.96
2404 -22.24
2405 -18.2
2406 -29.84
2407 -25.84
2408 -21.56
2409 -21.68
2410 -17.76
2411 -21.72
2412 -25.88
2413 -17.88
2414 -14.16
2415 -26.4
2416 -22.44
2417 -18
2418 -17.68
2419 -13.88
2420 -25.68
2421 -29.92
2422 -21.76
2423 -22
2424 -13.84
2425 -14.12
2426 -18.24
2427 -29.88
2428 -25.84
2429 -22
2430 -13.68
2431 -17.96
2432 -22.24
2433 -21.96
2434 -25.84
2435 -29.8
2436 -21.84
2437 -22.12
2438 -25.96
2439 -17.76
2440 -18
2441 -25.8
2442 -34.12
2443 -29.96
2444 -21.8
2445 -13.72
2446 -29.48
2447 -25.36
2448 -21.84
2449 -14
2450 -21.96
2451 -10.24
2452 -14.12
2453 -22
2454 -9.88
2455 -22.04
2456 -6.28
2457 -30.24
2458 -26.12
2459 -34.36
2460 -26.12
2461 -26.04
2462 -29.8
2463 -25.84
2464 -25.76
2465 -18
2466 -21.96
2467 -34.4
2468 -26.2
2469 -29.92
2470 -9.8
2471 -26.12
2472 -22.04
2473 -22
2474 -14.28
2475 -10.04
2476 -9.96
2477 -14.12
2478 -26.2
2479 -26.52
2480 -22.24
2481 -30.16
2482 -30.08
2483 -22.12
2484 -25.96
2485 -18
2486 -13.92
2487 -18.12
2488 -30.32
2489 -22.24
2490 -26.24
2491 -18.2
2492 -18.32
2493 -14.12
2494 -22.04
2495 -18.04
2496 -34.24
2497 -26.44
2498 -30.56
2499 -22.52
2500 -26.48
2501 -14.36
2502 -18.24
2503 -17.92
2504 -17.84
2505 -9.92
2506 -21.84
2507 -26.08
2508 -14.12
2509 -18.2
2510 -26.2
2511 -17.88
2512 -22.24
2513 -26.2
2514 -30
2515 -18.2
2516 -18
2517 -29.84
2518 -21.88
2519 -17.88
2520 -13.76
2521 -25.92
2522 -29.92
2523 -29.8
2524 -33.6
2525 -29.96
2526 -26.04
2527 -14.08
2528 -25.88
2529 -13.6
2530 -29.72
2531 -17.64
2532 -13.84
2533 -26
2534 -22.16
2535 -21.76
2536 -22.04
2537 -22.28
2538 -14.24
2539 -25.88
2540 -18.36
2541 -26
2542 -21.84
2543 -17.52
2544 -29.48
2545 -25.48
2546 -29.68
2547 -17.48
2548 -25.6
2549 -21.88
2550 -13.88
2551 -21.6
2552 -21.68
2553 -25.6
2554 -25.64
2555 -29.92
2556 -29.92
2557 -22.12
2558 -13.88
2559 -30.32
2560 -22.48
2561 -22.56
2562 -18.32
2563 -34.36
2564 -26.28
2565 -30.36
2566 -30.44
2567 -30.36
2568 -34.2
2569 -38.04
2570 -14
2571 -21.84
2572 -17.92
2573 -25.92
2574 -18.12
2575 -18.24
2576 -22.24
2577 -26.32
2578 -30.12
2579 -26.2
2580 -29.96
2581 -30.04
2582 -26
2583 -18
2584 -26
2585 -29.96
2586 -21.84
2587 -13.96
2588 -14.08
2589 -26.6
2590 -18.16
2591 -22.28
2592 -22.48
2593 -26.04
2594 -25.64
2595 -29.76
2596 -29.68
2597 -21.88
2598 -26.4
2599 -14.04
2600 -10.04
2601 -33.68
2602 -21.72
2603 -25.8
2604 -21.84
2605 -29.72
2606 -25.68
2607 -29.52
2608 -25.72
2609 -22
2610 -21.84
2611 -9.72
2612 -21.76
2613 -21.84
2614 -26.08
2615 -18.04
2616 -14.12
2617 -22.08
2618 -26.28
2619 -30.28
2620 -18.4
2621 -22.08
2622 -14.12
2623 -14
2624 -13.72
2625 -14.2
2626 -14.4
2627 -18.24
2628 -26.04
2629 -21.68
2630 -17.64
2631 -18.16
2632 -18.12
2633 -34.24
2634 -30.4
2635 -22.04
2636 -34
2637 -26.04
2638 -25.76
2639 -14
2640 -14.08
2641 -29.92
2642 -30.08
2643 -30.12
2644 -30.36
2645 -30.64
2646 -22.32
2647 -22.36
2648 -30.4
2649 -26.12
2650 -26.08
2651 -22.16
2652 -17.68
2653 -17.88
2654 -21.96
2655 -13.8
2656 -29.56
2657 -17.56
2658 -25.52
2659 -21.8
2660 -18.04
2661 -18.16
2662 -18.28
2663 -22.4
2664 -25.92
2665 -21.84
2666 -14
2667 -6.16
2668 -22.12
2669 -22.12
2670 -22
2671 -22
2672 -22.12
2673 -29.96
2674 -26.08
2675 -25.92
2676 -21.92
2677 -25.52
2678 -21.64
2679 -25.8
2680 -17.72
2681 -14.04
2682 -34.2
2683 -26
2684 -34.08
2685 -25.88
2686 -21.96
2687 -29.64
2688 -25.72
2689 -33.88
2690 -17.72
2691 -25.72
2692 -13.92
2693 -25.72
2694 -17.72
2695 -29.84
2696 -25.76
2697 -33.8
2698 -30
2699 -18
2700 -30.32
2701 -26.24
2702 -26.2
2703 -30
2704 -34.2
2705 -6.16
2706 -17.96
2707 -13.8
2708 -18.04
2709 -25.96
2710 -18.12
2711 -14.16
2712 -30
2713 -25.88
2714 -22
2715 -29.96
2716 -22.04
2717 -22.24
2718 -22.04
2719 -30.04
2720 -22.32
2721 -18.12
2722 -25.84
2723 -13.72
2724 -25.76
2725 -25.88
2726 -29.8
2727 -21.96
2728 -30.04
2729 -26.16
2730 -38.16
2731 -34.24
2732 -33.88
2733 -17.88
2734 -18
2735 -22.08
2736 -30.16
2737 -25.96
2738 -26.24
2739 -21.88
2740 -13.8
2741 -25.76
2742 -25.76
2743 -21.84
2744 -22.12
2745 -21.92
2746 -14.28
2747 -22.12
2748 -14
2749 -26.04
2750 -18.12
2751 -26.08
2752 -30.28
2753 -14.32
2754 -30.2
2755 -25.88
2756 -13.84
2757 -21.6
2758 -17.84
2759 -17.88
2760 -21.76
2761 -17.68
2762 -25.6
2763 -17.64
2764 -26
2765 -22.12
2766 -22.24
2767 -22.24
2768 -22.16
2769 -14.2
2770 -22.12
2771 -17.96
2772 -25.84
2773 -29.52
2774 -21.88
2775 -25.72
2776 -25.84
2777 -29.76
2778 -21.88
2779 -33.84
2780 -33.48
2781 -22
2782 -13.84
2783 -22
2784 -14.12
2785 -18.12
2786 -14.04
2787 -17.96
2788 -26.44
2789 -26.36
2790 -18.08
2791 -22.36
2792 -30.64
2793 -30.32
2794 -26.04
2795 -30.12
2796 -22.12
2797 -22.04
2798 -30.24
2799 -22.12
2800 -14.12
2801 -26.4
2802 -26.36
2803 -22.28
2804 -26.12
2805 -17.84
2806 -17.84
2807 -21.92
2808 -13.96
2809 -18.44
2810 -30.56
2811 -30.6
2812 -22.4
2813 -22.24
2814 -26.68
2815 -30.36
2816 -34.2
2817 -30.36
2818 -30.4
2819 -14.16
2820 -26.04
2821 -18.12
2822 -6
2823 -22.08
2824 -21.64
2825 -17.88
2826 -25.72
2827 -17.88
2828 -33.64
2829 -13.68
2830 -5.6
2831 -13.84
2832 -25.48
2833 -17.76
2834 -21.68
2835 -29.84
2836 -25.64
2837 -21.72
2838 -17.84
2839 -22
2840 -18.32
2841 -22.2
2842 -22.04
2843 -30.08
2844 -22.12
2845 -33.92
2846 -17.92
2847 -26.2
2848 -34.08
2849 -34.12
2850 -26.12
2851 -25.96
2852 -22.28
2853 -22.16
2854 -38.52
2855 -30.2
2856 -21.92
2857 -18.04
2858 -18
2859 -22.12
2860 -26.24
2861 -34.16
2862 -34
2863 -18.08
2864 -22.12
2865 -30.28
2866 -14.08
2867 -18.12
2868 -30.08
2869 -18.16
2870 -22.24
2871 -26.16
2872 -18.2
2873 -18.12
2874 -30.12
2875 -21.92
2876 -21.96
2877 -22.2
2878 -30.4
2879 -26.48
2880 -22.52
2881 -30.2
2882 -17.96
2883 -14.04
2884 -26.24
2885 -18.08
2886 -22.08
2887 -14.24
2888 -6.04
2889 -13.8
2890 -21.6
2891 -21.96
2892 -26
2893 -29.88
2894 -25.8
2895 -25.72
2896 -25.88
2897 -21.52
2898 -25.6
2899 -13.84
2900 -21.8
2901 -18.16
2902 -29.92
2903 -26.28
2904 -22.2
2905 -34.24
2906 -34.36
2907 -38.2
2908 -26.52
2909 -26.32
2910 -26.4
2911 -30.24
2912 -34.2
2913 -18.16
2914 -26
2915 -10
2916 -22
2917 -18
2918 -30.2
2919 -26
2920 -18.04
2921 -13.92
2922 -18.04
2923 -18
2924 -17.84
2925 -30.2
2926 -18
2927 -18.2
2928 -30.08
2929 -14.16
2930 -18
2931 -33.92
2932 -30.04
2933 -25.92
2934 -25.92
2935 -25.88
2936 -38.08
2937 -30.04
2938 -34
2939 -30.16
2940 -26
2941 -26.16
2942 -26.04
2943 -30.08
2944 -22.12
2945 -22.08
2946 -18.04
2947 -30.12
2948 -22.28
2949 -26.16
2950 -30.52
2951 -42.8
2952 -38.76
2953 -30.44
2954 -34.52
2955 -34.64
2956 -38.6
2957 -42.72
2958 -38.64
2959 -26.24
2960 -22
2961 -5.92
2962 -17.76
2963 -18
2964 -14.12
2965 -18.12
2966 -18.04
2967 -22.12
2968 -18.28
2969 -18.04
2970 -26.48
2971 -22.24
2972 -14.56
2973 -26.12
2974 -26.36
2975 -30.4
2976 -22.32
2977 -22.08
2978 -18.04
2979 -22.16
2980 -22.2
2981 -22.32
2982 -18.4
2983 -18.4
2984 -22.04
2985 -25.84
2986 -21.88
2987 -29.56
2988 -25.6
2989 -29.64
2990 -17.44
2991 -17.56
2992 -21.72
2993 -17.72
2994 -25.64
2995 -25.56
2996 -33.56
2997 -29.6
2998 -26
2999 -13.84
3000 -21.76
3001 -21.92
3002 -21.84
3003 -21.84
3004 -21.56
3005 -13.76
3006 -17.68
3007 -9.68
3008 -25.88
3009 -26
3010 -17.8
3011 -21.88
3012 -18.24
3013 -29.92
3014 -29.96
3015 -18.12
3016 -5.92
3017 -21.76
3018 -22.08
3019 -25.8
3020 -18
3021 -17.88
3022 -21.64
3023 -17.64
3024 -18.12
3025 -34.44
3026 -34.24
3027 -26.04
3028 -14.08
3029 -6.12
3030 -21.84
3031 -21.68
3032 -13.96
3033 -13.88
3034 -14.12
3035 -25.96
3036 -21.92
3037 -26.08
3038 -21.96
3039 -10.04
3040 -33.72
3041 -21.88
3042 -25.84
3043 -30.12
3044 -6.08
3045 -18.36
3046 -18.24
3047 -30.2
3048 -14.16
3049 -14.28
3050 -17.96
3051 -17.72
3052 -21.52
3053 -9.72
3054 -21.76
3055 -25.56
3056 -33.68
3057 -13.84
3058 -25.8
3059 -17.8
3060 -29.52
3061 -17.96
3062 -26.12
3063 -26.04
3064 -25.92
3065 -25.92
3066 -26.12
3067 -14.24
3068 -21.92
3069 -21.92
3070 -13.92
3071 -29.8
3072 -18.08
3073 -26.08
3074 -22.12
3075 -22.12
3076 -10.16
3077 -34.16
3078 -26.2
3079 -26.04
3080 -25.76
3081 -21.76
3082 -21.8
3083 -33.76
3084 -29.72
3085 -21.84
3086 -25.96
3087 -21.88
3088 -14.08
3089 -26.2
3090 -18.12
3091 -26.04
3092 -26
3093 -21.96
3094 -29.88
3095 -25.92
3096 -13.88
3097 -25.96
3098 -18
3099 -25.84
3100 -25.8
3101 -25.64
3102 -25.6
3103 -33.64
3104 -29.92
3105 -22.04
3106 -25.92
3107 -18.12
3108 -18
3109 -21.88
3110 -29.96
3111 -26.12
3112 -14
3113 -22.08
3114 -26.16
3115 -26.32
3116 -26.24
3117 -22.04
3118 -29.88
3119 -37.92
3120 -25.92
3121 -18.08
3122 -13.84
3123 -21.96
3124 -17.92
3125 -17.88
3126 -21.8
3127 -25.68
3128 -25.96
3129 -18.2
3130 -22
3131 -26.08
3132 -22.16
3133 -6.04
3134 -26.08
3135 -22.08
3136 -22.16
3137 -21.84
3138 -29.44
3139 -37.44
3140 -29.68
3141 -25.92
3142 -21.88
3143 -17.88
3144 -26
3145 -29.96
3146 -21.92
3147 -33.8
3148 -34.08
3149 -33.96
3150 -33.84
3151 -29.84
3152 -29.92
3153 -21.92
3154 -29.92
3155 -33.96
3156 -29.92
3157 -22.04
3158 -30.2
3159 -26.12
3160 -18.2
3161 -21.96
3162 -14
3163 -22.16
3164 -18.12
3165 -13.76
3166 -17.68
3167 -18
3168 -26.2
3169 -26.16
3170 -26
3171 -25.96
3172 -22
3173 -14.12
3174 -26.12
3175 -29.88
3176 -25.92
3177 -22.12
3178 -22.12
3179 -25.96
3180 -33.92
3181 -30.28
3182 -26
3183 -22.16
3184 -30.2
3185 -22.04
3186 -29.8
3187 -29.6
3188 -21.72
3189 -21.68
3190 -33.8
3191 -21.72
3192 -25.56
3193 -21.48
3194 -25.96
3195 -17.8
3196 -33.88
3197 -26.12
3198 -26.12
3199 -29.96
3200 -34.12
3201 -26.08
3202 -26.04
3203 -17.8
3204 -26.16
3205 -21.64
3206 -25.84
3207 -21.72
3208 -10.04
3209 -25.92
3210 -22
3211 -22
3212 -14.08
3213 -17.84
3214 -18
3215 -18.04
3216 -10.2
3217 -18.16
3218 -26.12
3219 -26.08
3220 -17.6
3221 -25.44
3222 -29.36
3223 -25.8
3224 -21.92
3225 -29.72
3226 -25.92
3227 -17.96
3228 -22
3229 -14.04
3230 -21.8
3231 -17.4
3232 -29.6
3233 -21.68
3234 -21.72
3235 -18.16
3236 -14.2
3237 -22.36
3238 -26.28
3239 -26.36
3240 -22.36
3241 -18.16
3242 -30.2
3243 -30.28
3244 -26.32
3245 -26.24
3246 -18.08
3247 -18.36
3248 -14.08
3249 -30.04
3250 -22.32
3251 -22.48
3252 -30.44
3253 -34.28
3254 -18.28
3255 -18.2
3256 -22.28
3257 -21.96
3258 -14.16
3259 -14.16
3260 -18.12
3261 -22.08
3262 -26.16
3263 -6.24
3264 -22.2
3265 -26.2
3266 -22.16
3267 -22.08
3268 -18.08
3269 -18.24
3270 -30.44
3271 -6.16
3272 -22.08
3273 -26.16
3274 -26.44
3275 -26.08
3276 -26.12
3277 -30.04
3278 -17.76
3279 -29.64
3280 -17.72
3281 -25.84
3282 -17.88
3283 -17.8
3284 -21.64
3285 -17.68
3286 -9.88
3287 -22.04
3288 -34.12
3289 -26.12
3290 -22.08
3291 -14.24
3292 -21.96
3293 -22
3294 -34.04
3295 -26.12
3296 -22.04
3297 -18.16
3298 -30.32
3299 -6.12
3300 -14.04
3301 -9.92
3302 -25.84
3303 -18.12
3304 -26.16
3305 -26.28
3306 -34.12
3307 -26.08
3308 -18.2
3309 -22.2
3310 -26.24
3311 -34.12
3312 -29.96
3313 -14.08
3314 -29.76
3315 -29.76
3316 -21.88
3317 -14
3318 -17.96
3319 -25.96
3320 -22.24
3321 -14.12
3322 -26.12
3323 -22.04
3324 -26.04
3325 -37.88
3326 -34.08
3327 -25.88
3328 -18.12
3329 -18.24
3330 -14.16
3331 -26.28
3332 -26.12
3333 -30.08
3334 -30.08
3335 -30.28
3336 -26.2
3337 -30.16
3338 -21.96
3339 -17.88
3340 -13.92
3341 -22.2
3342 -22.4
3343 -30.44
3344 -26.56
3345 -30.64
3346 -22.56
3347 -22.52
3348 -26.36
3349 -34.36
3350 -34.28
3351 -30.2
3352 -30.2
3353 -26.16
3354 -34.2
3355 -13.96
3356 -25.68
3357 -21.84
3358 -25.8
3359 -29.6
3360 -25.72
3361 -25.72
3362 -25.92
3363 -26.12
3364 -18.12
3365 -17.88
3366 -18.24
3367 -26.28
3368 -22.32
3369 -18.2
3370 -25.8
3371 -17.88
3372 -25.96
3373 -30.08
3374 -22
3375 -18
3376 -30.24
3377 -22.28
3378 -26.44
3379 -38.56
3380 -30.64
3381 -22.28
3382 -14.2
3383 -22.28
3384 -18.4
3385 -22.32
3386 -18.16
3387 -14.08
3388 -26.2
3389 -34.52
3390 -30.24
3391 -26.2
3392 -18.32
3393 -18.04
3394 -9.68
3395 -17.92
3396 -14.16
3397 -22.04
3398 -17.96
3399 -26.2
3400 -22.2
3401 -18
3402 -17.96
3403 -25.48
3404 -37.36
3405 -21.72
3406 -29.68
3407 -29.64
3408 -29.76
3409 -21.6
3410 -37.6
3411 -37.56
3412 -33.6
3413 -13.76
3414 -29.64
3415 -25.84
3416 -21.92
3417 -25.92
3418 -21.96
3419 -22.28
3420 -22.24
3421 -22
3422 -18
3423 -22.08
3424 -18.24
3425 -14.2
3426 -26.16
3427 -18.24
3428 -14.08
3429 -26.08
3430 -18.16
3431 -21.88
3432 -33.84
3433 -29.76
3434 -14
3435 -25.8
3436 -10
3437 -22.08
3438 -30.44
3439 -30.36
3440 -26.08
3441 -25.84
3442 -14.08
3443 -22.32
3444 -22.44
3445 -22.16
3446 -18.2
3447 -25.88
3448 -29.88
3449 -33.92
3450 -29.56
3451 -33.28
3452 -29.52
3453 -21.68
3454 -22.08
3455 -26
3456 -18.2
3457 -18.04
3458 -22.08
3459 -30.2
3460 -25.72
3461 -25.52
3462 -29.64
3463 -21.64
3464 -21.92
3465 -30.12
3466 -29.96
3467 -25.52
3468 -29.36
3469 -21.32
3470 -29.44
3471 -21.52
3472 -13.76
3473 -29.88
3474 -29.68
3475 -29.8
3476 -30
3477 -21.96
3478 -17.96
3479 -22.08
3480 -30.32
3481 -26
3482 -22.24
3483 -22.32
3484 -30.24
3485 -26.12
3486 -37.76
3487 -37.76
3488 -25.8
3489 -21.8
3490 -25.64
3491 -17.68
3492 -29.76
3493 -25.8
3494 -22.04
3495 -21.88
3496 -29.88
3497 -25.76
3498 -30.08
3499 -22.12
3500 -30.32
3501 -17.84
3502 -25.76
3503 -17.92
3504 -17.92
3505 -17.88
3506 -26
3507 -18.12
3508 -14.16
3509 -30.12
3510 -25.96
3511 -17.84
3512 -18.32
3513 -26.24
3514 -25.88
3515 -26.12
3516 -30.08
3517 -30.12
3518 -9.92
3519 -29.72
3520 -33.8
3521 -30
3522 -30.36
3523 -34.12
3524 -26.32
3525 -26.28
3526 -22.48
3527 -10.2
3528 -17.88
3529 -14.24
3530 -22.28
3531 -26.44
3532 -26.28
3533 -30.32
3534 -34.28
3535 -18.12
3536 -29.92
3537 -34
3538 -13.84
3539 -17.76
3540 -9.72
3541 -17.76
3542 -17.6
3543 -17.88
3544 -18
3545 -25.92
3546 -6.08
3547 -18.04
3548 -17.84
3549 -29.96
3550 -9.96
3551 -29.8
3552 -25.88
3553 -29.72
3554 -26.08
3555 -30.44
3556 -26.36
3557 -38.28
3558 -26.24
3559 -18.2
3560 -17.92
3561 -25.72
3562 -29.96
3563 -33.96
3564 -30
3565 -17.8
3566 -21.68
3567 -17.72
3568 -18.2
3569 -21.88
3570 -25.76
3571 -25.72
3572 -25.64
3573 -29.8
3574 -17.84
3575 -6.2
3576 -17.88
3577 -26.08
3578 -22.36
3579 -26.16
3580 -26.12
3581 -26
3582 -17.88
3583 -30.2
3584 -17.84
3585 -30.2
3586 -18.32
3587 -10
3588 -22.04
3589 -13.92
3590 -21.8
3591 -21.84
3592 -17.88
3593 -14.28
3594 -10.24
3595 -21.92
3596 -26.08
3597 -34.16
3598 -26.2
3599 -26.32
3600 -10.12
3601 -21.96
3602 -25.92
3603 -21.88
3604 -37.84
3605 -22.04
3606 -14
3607 -26.36
3608 -26.6
3609 -14.44
3610 -18.12
3611 -22.08
3612 -14.08
3613 -25.84
3614 -25.76
3615 -17.88
3616 -22.12
3617 -26.28
3618 -18.2
3619 -10.16
3620 -30.08
3621 -30.08
3622 -22.2
3623 -22
3624 -33.96
3625 -22.12
3626 -25.96
3627 -13.88
3628 -17.8
3629 -17.88
3630 -9.84
3631 -14
3632 -18.04
3633 -22
3634 -25.8
3635 -25.84
3636 -14.08
3637 -22.08
3638 -26.4
3639 -18.28
3640 -26.24
3641 -26.16
3642 -18.32
3643 -21.96
3644 -18.28
3645 -26.24
3646 -22.2
3647 -25.96
3648 -22.16
3649 -22
3650 -33.96
3651 -25.88
3652 -9.84
3653 -13.84
3654 -26.08
3655 -6.04
3656 -14
3657 -17.96
3658 -17.92
3659 -30.08
3660 -25.76
3661 -17.96
3662 -30
3663 -22.04
3664 -26.28
3665 -34.44
3666 -30.56
3667 -14.2
3668 -22.16
3669 -26.16
3670 -18
3671 -21.96
3672 -21.76
3673 -22.16
3674 -14.4
3675 -21.92
3676 -30
3677 -26.12
3678 -17.88
3679 -25.92
3680 -25.92
3681 -13.84
3682 -17.72
3683 -25.84
3684 -18
3685 -21.72
3686 -29.68
3687 -29.56
3688 -29.44
3689 -21.52
3690 -25.8
3691 -13.76
3692 -25.92
3693 -26
3694 -26.28
3695 -26.24
3696 -26.44
3697 -26.48
3698 -14.08
3699 -18.12
3700 -21.88
3701 -17.76
3702 -17.76
3703 -22.04
3704 -25.92
3705 -13.84
3706 -5.84
3707 -14.12
3708 -26.04
3709 -22.2
3710 -30.16
3711 -22.12
3712 -29.8
3713 -25.72
3714 -21.92
3715 -18.12
3716 -22.28
3717 -22.08
3718 -22.36
3719 -22.08
3720 -17.64
3721 -21.8
3722 -25.84
3723 -33.6
3724 -18.08
3725 -22
3726 -13.76
3727 -26
3728 -18.12
3729 -14.04
3730 -17.92
3731 -25.8
3732 -9.76
3733 -25.52
3734 -21.76
3735 -13.84
3736 -25.6
3737 -21.72
3738 -33.72
3739 -29.92
3740 -33.84
3741 -30.2
3742 -34.04
3743 -26.04
3744 -26.24
3745 -26.08
3746 -18
3747 -29.88
3748 -25.76
3749 -21.76
3750 -21.8
3751 -14.08
3752 -17.96
3753 -26.16
3754 -18.12
3755 -30.08
3756 -30.04
3757 -22
3758 -22.28
3759 -26.12
3760 -26.08
3761 -26.04
3762 -34.12
3763 -30.24
3764 -30.08
3765 -18.16
3766 -22.04
3767 -26
3768 -9.92
3769 -18.08
3770 -18.08
3771 -22.04
3772 -30
3773 -33.96
3774 -21.84
3775 -25.72
3776 -21.76
3777 -29.96
3778 -30
3779 -22.2
3780 -21.88
3781 -17.72
3782 -13.72
3783 -18.2
3784 -26.04
3785 -25.88
3786 -29.96
3787 -29.92
3788 -13.64
3789 -17.8
3790 -21.92
3791 -21.92
3792 -26.36
3793 -22.24
3794 -14.12
3795 -26.24
3796 -18.12
3797 -10
3798 -18.04
3799 -26.24
3800 -25.96
3801 -34.04
3802 -26.24
3803 -34.36
3804 -38.32
3805 -9.92
3806 -18.08
3807 -22.16
3808 -22.16
3809 -29.88
3810 -29.88
3811 -25.84
3812 -29.72
3813 -25.76
3814 -29.6
3815 -29.52
3816 -13.64
3817 -14.12
3818 -18.04
3819 -17.96
3820 -17.96
3821 -26.12
3822 -26.16
3823 -26.2
3824 -18.44
3825 -22.2
3826 -13.92
3827 -17.96
3828 -18.16
3829 -26.12
3830 -30.32
3831 -30.32
3832 -26.28
3833 -26.28
3834 -10.24
3835 -26.4
3836 -30.32
3837 -17.88
3838 -18.36
3839 -26.12
3840 -26.24
3841 -30.36
3842 -34.28
3843 -26.44
3844 -22.12
3845 -22.36
3846 -22.48
3847 -26.36
3848 -26.32
3849 -18.36
3850 -22.4
3851 -14.32
3852 -26.04
3853 -34.16
3854 -30.08
3855 -25.84
3856 -25.84
3857 -26.16
3858 -22.16
3859 -34.2
3860 -26.24
3861 -34.16
3862 -34.08
3863 -29.84
3864 -25.8
3865 -17.84
3866 -25.92
3867 -21.72
3868 -25.76
3869 -21.92
3870 -30
3871 -21.96
3872 -21.8
3873 -13.88
3874 -13.76
3875 -21.6
3876 -30
3877 -42.28
3878 -34.32
3879 -34.36
3880 -30.36
3881 -18.24
3882 -30.16
3883 -30.48
3884 -30.2
3885 -30.08
3886 -30.16
3887 -30.4
3888 -26.24
3889 -34.12
3890 -22.2
3891 -30.04
3892 -18.04
3893 -30.04
3894 -33.76
3895 -30.04
3896 -37.64
3897 -25.56
3898 -29.44
3899 -17.48
3900 -21.68
3901 -25.84
3902 -30.12
3903 -18.04
3904 -30.44
3905 -26.48
3906 -22.24
3907 -26.16
3908 -26.16
3909 -26.2
3910 -22.24
3911 -30.16
3912 -21.84
3913 -26.24
3914 -14.2
3915 -22.28
3916 -26.28
3917 -18.2
3918 -26.32
3919 -22.04
3920 -30.12
3921 -26.08
3922 -25.88
3923 -30.08
3924 -18.2
3925 -34.08
3926 -30
3927 -30.2
3928 -30.28
3929 -18.12
3930 -26.04
3931 -30
3932 -21.88
3933 -18.2
3934 -10
3935 -22.16
3936 -30.48
3937 -22.28
3938 -18.24
3939 -25.92
3940 -22
3941 -18
3942 -13.8
3943 -13.68
3944 -21.92
3945 -14.12
3946 -22.12
3947 -22.12
3948 -30.24
3949 -17.96
3950 -26
3951 -30.16
3952 -26.32
3953 -26.28
3954 -26.08
3955 -34.4
3956 -18.16
3957 -17.88
3958 -5.72
3959 -25.84
3960 -22.08
3961 -18.36
3962 -14.2
3963 -30.08
3964 -26.24
3965 -26
3966 -22.2
3967 -26.04
3968 -21.96
3969 -14.24
3970 -14.12
3971 -14.32
3972 -30.04
3973 -29.92
3974 -30
3975 -17.8
3976 -10
3977 -22.32
3978 -22.52
3979 -26.2
3980 -26.12
3981 -21.88
3982 -33.88
3983 -34.04
3984 -25.88
3985 -17.84
3986 -17.88
3987 -18.32
3988 -14.04
3989 -26.32
3990 -30.48
3991 -22.16
3992 -18.08
3993 -18.24
3994 -22
3995 -14.28
3996 -13.96
3997 -22
3998 -21.96
3999 -22.08
4000 -18.12
4001 -18.04
4002 -13.92
4003 -26.04
4004 -22.12
4005 -21.76
4006 -13.6
4007 -25.44
4008 -29.44
4009 -25.56
4010 -29.68
4011 -33.68
4012 -25.84
4013 -26.2
4014 -18.2
4015 -30.32
4016 -26.24
4017 -29.92
4018 -21.88
4019 -18.12
4020 -37.84
4021 -25.92
4022 -26.2
4023 -22.4
4024 -26.24
4025 -26
4026 -21.8
4027 -17.92
4028 -18.16
4029 -22.24
4030 -30.32
4031 -22.08
4032 -34
4033 -26.16
4034 -22.24
4035 -26.08
4036 -26.04
4037 -25.88
4038 -22.12
4039 -26.2
4040 -29.96
4041 -13.92
4042 -34.32
4043 -14.24
4044 -26.32
4045 -26.44
4046 -26.56
4047 -18.12
4048 -30.08
4049 -37.8
4050 -21.8
4051 -21.88
4052 -21.84
4053 -21.68
4054 -17.76
4055 -21.8
4056 -29.76
4057 -25.84
4058 -33.84
4059 -33.72
4060 -6.12
4061 -14.2
4062 -10.32
4063 -14.12
4064 -26.36
4065 -18.24
4066 -18.16
4067 -26.2
4068 -30.2
4069 -22.04
4070 -21.96
4071 -22.04
4072 -26
4073 -22.2
4074 -26.32
4075 -18.28
4076 -18.08
4077 -18.04
4078 -17.64
4079 -29.84
4080 -30.44
4081 -38.4
4082 -30.44
4083 -26.32
4084 -6.16
4085 -21.52
4086 -17.76
4087 -33.84
4088 -21.96
4089 -22.08
4090 -34.04
4091 -22.36
4092 -14.16
4093 -14.12
4094 -18.12
4095 -25.96
4096 -18.04
4097 -22
4098 -26.08
4099 -22.04
4100 -22.28
4101 -17.96
4102 -21.96
4103 -13.92
4104 -22.16
4105 -26.08
4106 -14.08
4107 -21.84
4108 -21.72
4109 -17.88
4110 -25.84
4111 -21.64
4112 -29.68
4113 -21.8
4114 -18.12
4115 -10.04
4116 -26.04
4117 -26.2
4118 -30.4
4119 -18.4
4120 -22.08
4121 -14.08
4122 -26.08
4123 -25.84
4124 -25.88
4125 -21.92
4126 -30.08
4127 -22
4128 -14.04
4129 -26.08
4130 -29.96
4131 -17.88
4132 -21.92
4133 -17.88
4134 -25.76
4135 -21.88
4136 -14.04
4137 -21.84
4138 -17.96
4139 -22.16
4140 -22.08
4141 -25.92
4142 -22.12
4143 -22.04
4144 -22.04
4145 -25.96
4146 -25.88
4147 -30.2
4148 -34.44
4149 -30.6
4150 -30.44
4151 -22.56
4152 -18.36
4153 -30.04
4154 -26.16
4155 -22.24
4156 -26.4
4157 -26.36
4158 -26.16
4159 -30.4
4160 -30.56
4161 -14.08
4162 -26
4163 -22.2
4164 -14.08
4165 -22.16
4166 -26.2
4167 -26.24
4168 -17.84
4169 -18.08
4170 -26.12
4171 -18.04
4172 -22.04
4173 -9.96
4174 -14.28
4175 -18.48
4176 -22.2
4177 -18.04
4178 -22.2
4179 -26.08
4180 -22.12
4181 -14.12
4182 -18.2
4183 -18
4184 -29.92
4185 -22.08
4186 -22.28
4187 -29.92
4188 -22.28
4189 -14.16
4190 -22.08
4191 -10.16
4192 -17.76
4193 -21.84
4194 -9.8
4195 -14.2
4196 -22.04
4197 -21.96
4198 -25.84
4199 -26.04
4200 -17.84
4201 -25.92
4202 -30.16
4203 -34.04
4204 -26.04
4205 -22.32
4206 -34.68
4207 -34.52
4208 -26.48
4209 -22.48
4210 -18.44
4211 -22.44
4212 -22.28
4213 -21.92
4214 -18.16
4215 -22
4216 -29.92
4217 -21.6
4218 -13.64
4219 -29.44
4220 -25.92
4221 -17.96
4222 -22.4
4223 -18.2
4224 -14.16
4225 -22.12
4226 -22.04
4227 -21.84
4228 -26.16
4229 -30.12
4230 -25.92
4231 -22.16
4232 -22.28
4233 -22.44
4234 -18.2
4235 -18.24
4236 -26.24
4237 -26.04
4238 -21.44
4239 -21.68
4240 -21.88
4241 -21.76
4242 -14.04
4243 -26.08
4244 -26.4
4245 -21.96
4246 -6.28
4247 -26.32
4248 -30.44
4249 -10.32
4250 -13.84
4251 -17.72
4252 -21.96
4253 -21.76
4254 -26.12
4255 -22.12
4256 -30.24
4257 -34.2
4258 -30.36
4259 -30.28
4260 -34
4261 -30.24
4262 -30.36
4263 -38.52
4264 -30.64
4265 -18.32
4266 -30.52
4267 -26.36
4268 -18.16
4269 -29.88
4270 -22.04
4271 -30.32
4272 -30.12
4273 -18.12
4274 -22.36
4275 -18.16
4276 -21.96
4277 -17.72
4278 -29.68
4279 -33.88
4280 -18.16
4281 -14
4282 -6.08
4283 -25.76
4284 -33.92
4285 -22.12
4286 -38.08
4287 -34.08
4288 -14.24
4289 -26.16
4290 -26.28
4291 -30.2
4292 -30.44
4293 -26.28
4294 -34.32
4295 -18.52
4296 -10.16
4297 -14.36
4298 -26.16
4299 -17.88
4300 -18.04
4301 -25.92
4302 -17.96
4303 -17.96
4304 -25.64
4305 -29.56
4306 -13.64
4307 -17.64
4308 -17.96
4309 -22
4310 -22.12
4311 -18.2
4312 -25.84
4313 -18.12
4314 -30.12
4315 -22.04
4316 -18.16
4317 -22.28
4318 -21.96
4319 -21.88
4320 -25.88
4321 -18.12
4322 -22.12
4323 -25.68
4324 -18.04
4325 -26
4326 -26.04
4327 -14.24
4328 -22.04
4329 -25.76
4330 -25.64
4331 -13.96
4332 -14
4333 -14.16
4334 -26.28
4335 -30.4
4336 -26.08
4337 -25.96
4338 -29.8
4339 -17.88
4340 -17.92
4341 -14.2
4342 -18.2
4343 -26.16
4344 -25.96
4345 -26.2
4346 -18.04
4347 -18.16
4348 -22.08
4349 -25.92
4350 -17.92
4351 -25.96
4352 -18.2
4353 -22.44
4354 -18.08
4355 -18
4356 -14
4357 -22
4358 -34.08
4359 -22.16
4360 -22
4361 -29.96
4362 -17.76
4363 -25.72
4364 -25.84
4365 -22.04
4366 -29.56
4367 -13.84
4368 -25.64
4369 -25.72
4370 -29.72
4371 -18.08
4372 -25.92
4373 -25.72
4374 -25.72
4375 -29.56
4376 -21.88
4377 -25.56
4378 -21.84
4379 -22.08
4380 -18.08
4381 -30.04
4382 -26.12
4383 -22.2
4384 -22.28
4385 -22.04
4386 -18.4
4387 -26.32
4388 -22.36
4389 -22.28
4390 -18.16
4391 -29.8
4392 -33.84
4393 -13.92
4394 -17.96
4395 -34.28
4396 -34.24
4397 -14.28
4398 -26.44
4399 -18.36
4400 -17.96
4401 -29.92
4402 -21.92
4403 -30.04
4404 -18.08
4405 -18.08
4406 -34.36
4407 -26.12
4408 -30.2
4409 -14.04
4410 -26.04
4411 -29.92
4412 -21.76
4413 -13.76
4414 -13.96
4415 -21.92
4416 -29.8
4417 -29.64
4418 -33.6
4419 -25.76
4420 -14.12
4421 -9.64
4422 -13.88
4423 -21.68
4424 -17.68
4425 -21.8
4426 -25.68
4427 -25.72
4428 -18.08
4429 -26.32
4430 -26.24
4431 -22.16
4432 -18.32
4433 -26.4
4434 -22.24
4435 -30.52
4436 -30.36
4437 -26.36
4438 -26.56
4439 -18.36
4440 -30.68
4441 -26.4
4442 -22.12
4443 -26.32
4444 -18.36
4445 -29.96
4446 -21.96
4447 -26.36
4448 -26.6
4449 -30.44
4450 -30.48
4451 -26.36
4452 -30.2
4453 -22.2
4454 -26.24
4455 -22.28
4456 -14
4457 -6.2
4458 -18.12
4459 -14.08
4460 -22.08
4461 -26.4
4462 -22.2
4463 -26
4464 -21.88
4465 -34.2
4466 -30.08
4467 -25.84
4468 -22.08
4469 -26.12
4470 -25.84
4471 -25.88
4472 -26.16
4473 -34.36
4474 -21.96
4475 -29.96
4476 -29.8
4477 -34.04
4478 -18.08
4479 -30.2
4480 -34.32
4481 -26.2
4482 -18.36
4483 -22.32
4484 -18.28
4485 -30.32
4486 -30.28
4487 -30.04
4488 -37.96
4489 -34
4490 -22.28
4491 -30.68
4492 -26.36
4493 -18.24
4494 -37.92
4495 -33.92
4496 -26.24
4497 -30.04
4498 -14.12
4499 -18.28
4500 -26.48
4501 -26.36
4502 -22.36
4503 -22.08
4504 -22.28
4505 -22.28
4506 -22.28
4507 -22.28
4508 -6.08
4509 -13.96
4510 -21.96
4511 -21.92
4512 -29.8
4513 -33.76
4514 -33.76
4515 -21.76
4516 -17.8
4517 -21.68
4518 -21.72
4519 -29.72
4520 -18
4521 -18
4522 -9.92
4523 -26.4
4524 -17.96
4525 -17.92
4526 -17.96
4527 -21.96
4528 -26
4529 -21.92
4530 -21.6
4531 -21.52
4532 -21.8
4533 -17.84
4534 -29.84
4535 -18.08
4536 -34.12
4537 -26.2
4538 -10.08
4539 -21.76
4540 -26.04
4541 -30.24
4542 -18.2
4543 -30
4544 -29.92
4545 -29.88
4546 -29.8
4547 -21.76
4548 -21.92
4549 -13.76
4550 -9.8
4551 -17.8
4552 -18.04
4553 -21.88
4554 -21.8
4555 -25.56
4556 -17.68
4557 -21.76
4558 -29.6
4559 -33.36
4560 -29.6
4561 -25.52
4562 -21.68
4563 -18.08
4564 -22.04
4565 -26.08
4566 -34.16
4567 -26.28
4568 -26.08
4569 -14.28
4570 -30.24
4571 -30.32
4572 -22.32
4573 -26.2
4574 -9.92
4575 -14.04
4576 -18.2
4577 -22.16
4578 -18.04
4579 -30.12
4580 -30.44
4581 -22.32
4582 -22.2
4583 -2.24
4584 -14.12
4585 -18.24
4586 -30.32
4587 -26.36
4588 -18.2
4589 -26.24
4590 -26.32
4591 -18.2
4592 -14.32
4593 -26
4594 -18.08
4595 -22.12
4596 -14.12
4597 -21.96
4598 -25.84
4599 -26
4600 -26.2
4601 -22.12
4602 -25.88
4603 -25.76
4604 -17.8
4605 -17.92
4606 -25.64
4607 -29.48
4608 -29.24
4609 -37.48
4610 -25.64
4611 -25.76
4612 -21.88
4613 -33.84
4614 -29.92
4615 -18
4616 -29.6
4617 -30.04
4618 -33.96
4619 -22.08
4620 -30.28
4621 -38.36
4622 -38.28
4623 -38.16
4624 -21.92
4625 -18.04
4626 -14.04
4627 -22.24
4628 -26.28
4629 -26.4
4630 -22.28
4631 -34.52
4632 -30.36
4633 -30.2
4634 -18.12
4635 -26.4
4636 -30.28
4637 -26.24
4638 -26.48
4639 -30.64
4640 -34.48
4641 -22.36
4642 -26.24
4643 -22.36
4644 -26.52
4645 -30.4
4646 -34.44
4647 -26.16
4648 -18
4649 -30.08
4650 -9.72
4651 -17.8
4652 -25.92
4653 -13.96
4654 -22
4655 -18
4656 -13.76
4657 -17.88
4658 -17.76
4659 -17.8
4660 -22.08
4661 -14.04
4662 -6.08
4663 -22.4
4664 -30.08
4665 -26.12
4666 -22.04
4667 -30.24
4668 -26.2
4669 -26.28
4670 -25.96
4671 -26.08
4672 -18.08
4673 -14.16
4674 -26.44
4675 -22.48
4676 -30.2
4677 -26.16
4678 -22
4679 -25.72
4680 -21.96
4681 -18.24
4682 -18.2
4683 -29.96
4684 -22.04
4685 -26.2
4686 -30.4
4687 -22.32
4688 -18.24
4689 -25.84
4690 -25.92
4691 -22.28
4692 -14.12
4693 -13.84
4694 -13.92
4695 -29.8
4696 -13.68
4697 -21.88
4698 -25.8
4699 -17.92
4700 -14.12
4701 -17.92
4702 -17.72
4703 -18.08
4704 -21.84
4705 -21.76
4706 -22
4707 -22.12
4708 -21.88
4709 -25.96
4710 -30.16
4711 -18.28
4712 -10.2
4713 -22.52
4714 -26.52
4715 -26.36
4716 -30.2
4717 -18.24
4718 -26.44
4719 -26.2
4720 -30.24
4721 -22.28
4722 -26.12
4723 -26.08
4724 -30.28
4725 -26.24
4726 -22.32
4727 -30.36
4728 -22.04
4729 -22.04
4730 -21.88
4731 -25.84
4732 -25.44
4733 -25.64
4734 -29.92
4735 -25.96
4736 -30.28
4737 -29.92
4738 -25.8
4739 -25.68
4740 -25.64
4741 -17.88
4742 -9.88
4743 -18.08
4744 -30.04
4745 -26
4746 -26.2
4747 -13.88
4748 -17.84
4749 -29.8
4750 -25.92
4751 -29.68
4752 -22.08
4753 -14.04
4754 -17.88
4755 -26
4756 -13.88
4757 -22.08
4758 -22.16
4759 -30.32
4760 -14.04
4761 -17.96
4762 -22
4763 -18.04
4764 -29.96
4765 -30.12
4766 -22.16
4767 -30.24
4768 -30.24
4769 -34.08
4770 -30.04
4771 -25.96
4772 -22
4773 -10
4774 -18.2
4775 -33.92
4776 -34.08
4777 -26.08
4778 -25.84
4779 -9.84
4780 -17.8
4781 -25.72
4782 -25.64
4783 -33.76
4784 -33.96
4785 -26.04
4786 -25.84
4787 -25.8
4788 -13.72
4789 -29.6
4790 -34.04
4791 -25.92
4792 -25.88
4793 -22
4794 -29.88
4795 -29.64
4796 -21.68
4797 -13.68
4798 -25.56
4799 -29.64
4800 -33.72
4801 -25.88
4802 -17.84
4803 -33.92
4804 -25.88
4805 -30.32
4806 -22.2
4807 -21.88
4808 -29.76
4809 -33.88
4810 -17.56
4811 -33.68
4812 -21.8
4813 -17.88
4814 -17.8
4815 -21.6
4816 -17.92
4817 -22.04
4818 -18
4819 -18.12
4820 -17.96
4821 -25.96
4822 -21.88
4823 -29.96
4824 -21.84
4825 -29.88
4826 -26.12
4827 -18.12
4828 -18.08
4829 -6.12
4830 -9.96
4831 -30.08
4832 -14
4833 -21.88
4834 -30
4835 -25.88
4836 -25.76
4837 -25.96
4838 -25.84
4839 -13.88
4840 -26.04
4841 -13.76
4842 -22.08
4843 -26.2
4844 -26.08
4845 -30.08
4846 -18.04
4847 -14
4848 -17.8
4849 -21.76
4850 -17.92
4851 -25.64
4852 -9.84
4853 -17.76
4854 -17.72
4855 -29.6
4856 -17.8
4857 -22.04
4858 -14.04
4859 -14.2
4860 -18
4861 -6.2
4862 -26.32
4863 -25.92
4864 -22.12
4865 -21.96
4866 -6.2
4867 -18.12
4868 -25.92
4869 -26.16
4870 -14.04
4871 -26.28
4872 -22.16
4873 -26.04
4874 -29.72
4875 -21.92
4876 -18.12
4877 -22.08
4878 -14.08
4879 -17.92
4880 -21.76
4881 -25.88
4882 -29.88
4883 -30
4884 -30.28
4885 -30.16
4886 -26.08
4887 -17.96
4888 -14.08
4889 -29.96
4890 -25.88
4891 -21.88
4892 -25.8
4893 -22
4894 -22.24
4895 -26
4896 -25.88
4897 -30.16
4898 -30.28
4899 -22.16
4900 -18.2
4901 -14.12
4902 -22
4903 -30.36
4904 -21.88
4905 -6
4906 -25.72
4907 -29.88
4908 -29.88
4909 -21.84
4910 -21.96
4911 -21.84
4912 -26.2
4913 -10
4914 -30.32
4915 -22.24
4916 -14.24
4917 -18.24
4918 -2.2
4919 -14.12
4920 -17.96
4921 -10.08
4922 -21.8
4923 -14.08
4924 -18.08
4925 -30.32
4926 -30.2
4927 -26.36
4928 -22.6
4929 -14.16
4930 -22.12
4931 -25.88
4932 -33.84
4933 -21.92
4934 -21.72
4935 -17.68
4936 -17.72
4937 -17.92
4938 -26.08
4939 -34.04
4940 -37.96
4941 -5.84
4942 -22.08
4943 -30.04
4944 -18.04
4945 -18
4946 -14
4947 -14
4948 -26.12
4949 -18.16
4950 -22.28
4951 -26.08
4952 -29.8
4953 -33.56
4954 -17.68
4955 -29.8
4956 -17.92
4957 -25.76
4958 -25.64
4959 -29.32
4960 -29.36
4961 -13.6
4962 -25.72
4963 -21.68
4964 -25.52
4965 -33.64
4966 -26.08
4967 -30.2
4968 -30.36
4969 -22.24
4970 -22.28
4971 -29.68
4972 -25.72
4973 -21.76
4974 -26.2
4975 -30.32
4976 -29.96
4977 -26.12
4978 -26.04
4979 -29.84
4980 -29.72
4981 -21.68
4982 -29.88
4983 -18
4984 -25.92
4985 -29.92
4986 -21.88
4987 -25.96
4988 -29.76
4989 -21.68
4990 -21.8
4991 -29.6
4992 -29.72
4993 -29.92
4994 -25.68
4995 -17.84
4996 -21.76
4997 -25.92
4998 -14.28
4999 -18.32
5000 -18.24
