1 194.882
2 192.654
3 480.486
4 657.41
5 480.486
6 197.122
7 669.774
8 1164.17
9 473.498
10 318.266
11 461.39
12 191.546
13 478.734
14 468.29
15 478.734
16 485.762
17 1161.45
18 684.346
19 705.434
20 104.858
21 329.786
22 484
23 498.182
24 337.09
25 193.766
26 197.122
27 1145.15
28 324
29 667.706
30 466.56
31 890.426
32 1156
33 332.698
34 699.074
35 1180.61
36 921.73
37 496.398
38 682.254
39 701.19
40 1480.71
41 332.698
42 193.766
43 326.886
44 326.886
45 326.886
46 491.066
47 676
48 496.398
49 484
50 489.294
51 924.16
52 1197.16
53 334.158
54 499.97
55 1462.3
56 900
57 329.786
58 329.786
59 337.09
60 931.47
61 696.96
62 936.36
63 924.16
64 684.346
65 491.066
66 688.538
67 322.562
68 489.294
69 682.254
70 487.526
71 487.526
72 340.034
73 199.374
74 190.44
75 466.56
76 313.998
77 313.998
78 678.082
79 482.242
80 667.706
81 192.654
82 193.766
83 686.44
84 904.806
85 678.082
86 322.562
87 319.694
88 321.126
89 196
90 665.64
91 482.242
92 900
93 669.774
94 485.762
95 696.96
96 498.182
97 909.626
98 331.24
99 498.182
100 335.622
101 492.84
102 328.334
103 690.638
104 686.44
105 199.374
106 322.562
107 496.398
108 209.67
109 692.742
110 194.882
111 315.418
112 315.418
113 661.518
114 880.902
115 661.518
116 883.278
117 325.442
118 484
119 309.76
120 651.27
121 466.56
122 478.734
123 102.414
124 692.742
125 907.214
126 673.922
127 487.526
128 202.778
129 328.334
130 1145.15
131 1437.93
132 322.562
133 190.44
134 325.442
135 499.97
136 331.24
137 671.846
138 485.762
139 475.24
140 880.902
141 900
142 680.166
143 484
144 684.346
145 196
146 498.182
147 205.062
148 919.302
149 684.346
150 492.84
151 498.182
152 193.766
153 688.538
154 503.554
155 496.398
156 904.806
157 897.602
158 482.242
159 895.206
160 480.486
161 897.602
162 883.278
163 655.36
164 485.762
165 671.846
166 1437.93
167 897.602
168 682.254
169 696.96
170 480.486
171 480.486
172 464.834
173 191.546
174 192.654
175 104.04
176 1139.74
177 482.242
178 485.762
179 661.518
180 312.582
181 311.17
182 192.654
183 482.242
184 205.062
185 484
186 489.294
187 199.374
188 663.578
189 324
190 484
191 676
192 489.294
193 484
194 321.126
195 328.334
196 667.706
197 475.24
198 319.694
199 682.254
200 673.922
201 480.486
202 325.442
203 480.486
204 480.486
205 332.698
206 104.04
207 326.886
208 489.294
209 198.246
210 682.254
211 680.166
212 329.786
213 491.066
214 480.486
215 676
216 494.618
217 489.294
218 684.346
219 684.346
220 690.638
221 1177.86
222 686.44
223 680.166
224 1156
225 475.24
226 866.714
227 873.794
228 878.53
229 1407.75
230 466.56
231 663.578
232 470.022
233 657.41
234 645.16
235 885.658
236 471.758
237 478.734
238 676
239 311.17
240 484
241 482.242
242 487.526
243 197.122
244 197.122
245 485.762
246 487.526
247 485.762
248 663.578
249 328.334
250 325.442
251 325.442
252 332.698
253 203.918
254 499.97
255 498.182
256 678.082
257 489.294
258 487.526
259 655.36
260 883.278
261 482.242
262 485.762
263 686.44
264 332.698
265 322.562
266 684.346
267 326.886
268 203.918
269 202.778
270 190.44
271 678.082
272 676
273 880.902
274 902.402
275 1172.38
276 916.878
277 900
278 686.44
279 190.44
280 680.166
281 890.426
282 480.486
283 678.082
284 661.518
285 655.36
286 482.242
287 96.8256
288 193.766
289 904.806
290 678.082
291 897.602
292 1150.57
293 478.734
294 663.578
295 663.578
296 476.986
297 485.762
298 907.214
299 332.698
300 329.786
301 671.846
302 902.402
303 475.24
304 663.578
305 476.986
306 880.902
307 489.294
308 484
309 496.398
310 924.16
311 325.442
312 1150.57
313 663.578
314 328.334
315 676
316 892.814
317 669.774
318 480.486
319 498.182
320 329.786
321 318.266
322 198.246
323 485.762
324 907.214
325 676
326 888.04
327 904.806
328 673.922
329 1437.93
330 659.462
331 478.734
332 909.626
333 673.922
334 663.578
335 189.338
336 482.242
337 480.486
338 485.762
339 471.758
340 480.486
341 328.334
342 676
343 196
344 485.762
345 1459.24
346 485.762
347 489.294
348 492.84
349 205.062
350 494.618
351 487.526
352 673.922
353 99.2016
354 475.24
355 325.442
356 485.762
357 475.24
358 661.518
359 475.24
360 873.794
361 329.786
362 678.082
363 904.806
364 900
365 686.44
366 684.346
367 484
368 485.762
369 99.2016
370 487.526
371 476.986
372 318.266
373 319.694
374 880.902
375 476.986
376 1128.96
377 1118.23
378 659.462
379 885.658
380 653.314
381 876.16
382 647.194
383 866.714
384 34.5744
385 192.654
386 669.774
387 680.166
388 470.022
389 471.758
390 319.694
391 682.254
392 912.04
393 494.618
394 699.074
395 690.638
396 705.434
397 941.262
398 703.31
399 701.19
400 492.84
401 688.538
402 684.346
403 682.254
404 669.774
405 661.518
406 676
407 680.166
408 191.546
409 325.442
410 325.442
411 331.24
412 494.618
413 678.082
414 680.166
415 921.73
416 1194.39
417 345.96
418 711.822
419 501.76
420 692.742
421 1188.87
422 684.346
423 190.44
424 900
425 321.126
426 478.734
427 476.986
428 669.774
429 673.922
430 907.214
431 332.698
432 676
433 197.122
434 1164.17
435 686.44
436 480.486
437 319.694
438 473.498
439 322.562
440 484
441 491.066
442 198.246
443 324
444 332.698
445 682.254
446 897.602
447 692.742
448 696.96
449 208.514
450 202.778
451 331.24
452 107.33
453 909.626
454 701.19
455 682.254
456 326.886
457 322.562
458 328.334
459 201.64
460 332.698
461 499.97
462 326.886
463 914.458
464 688.538
465 328.334
466 322.562
467 473.498
468 478.734
469 193.766
470 473.498
471 494.618
472 503.554
473 503.554
474 325.442
475 690.638
476 200.506
477 4
478 482.242
479 1153.28
480 191.546
481 475.24
482 326.886
483 498.182
484 678.082
485 1145.15
486 880.902
487 463.11
488 653.314
489 316.84
490 480.486
491 482.242
492 484
493 671.846
494 904.806
495 1462.3
496 485.762
497 900
498 198.246
499 501.76
500 501.76
501 501.76
502 482.242
503 193.766
504 192.654
505 671.846
506 473.498
507 476.986
508 201.64
509 931.47
510 919.302
511 696.96
512 105.678
513 328.334
514 326.886
515 680.166
516 684.346
517 321.126
518 883.278
519 478.734
520 669.774
521 489.294
522 492.84
523 201.64
524 337.09
525 332.698
526 912.04
527 929.03
528 1505.44
529 1199.93
530 682.254
531 325.442
532 191.546
533 473.498
534 321.126
535 322.562
536 487.526
537 196
538 890.426
539 880.902
540 312.582
541 673.922
542 892.814
543 318.266
544 895.206
545 880.902
546 1407.75
547 99.2016
548 197.122
549 678.082
550 682.254
551 499.97
552 921.73
553 909.626
554 1161.45
555 686.44
556 197.122
557 499.97
558 492.84
559 491.066
560 338.56
561 331.24
562 485.762
563 1416.77
564 1128.96
565 892.814
566 321.126
567 673.922
568 883.278
569 1137.04
570 473.498
571 476.986
572 328.334
573 673.922
574 324
575 892.814
576 673.922
577 678.082
578 902.402
579 322.562
580 487.526
581 680.166
582 701.19
583 484
584 482.242
585 496.398
586 686.44
587 325.442
588 473.498
589 324
590 653.314
591 655.36
592 319.694
593 100
594 912.04
595 1164.17
596 332.698
597 100.802
598 194.882
599 663.578
600 1142.44
601 682.254
602 676
603 338.56
604 507.15
605 505.35
606 340.034
607 104.858
608 499.97
609 329.786
610 686.44
611 690.638
612 684.346
613 331.24
614 342.99
615 499.97
616 334.158
617 482.242
618 890.426
619 319.694
620 684.346
621 682.254
622 328.334
623 322.562
624 682.254
625 489.294
626 473.498
627 328.334
628 329.786
629 686.44
630 321.126
631 482.242
632 480.486
633 328.334
634 904.806
635 900
636 895.206
637 684.346
638 318.266
639 665.64
640 661.518
641 663.578
642 326.886
643 878.53
644 900
645 1158.72
646 197.122
647 478.734
648 665.64
649 471.758
650 322.562
651 200.506
652 699.074
653 498.182
654 489.294
655 491.066
656 328.334
657 696.96
658 485.762
659 684.346
660 678.082
661 671.846
662 487.526
663 1169.64
664 914.458
665 1456.19
666 895.206
667 324
668 193.766
669 103.226
670 492.84
671 331.24
672 332.698
673 686.44
674 909.626
675 1145.15
676 888.04
677 482.242
678 328.334
679 197.122
680 669.774
681 888.04
682 671.846
683 694.85
684 331.24
685 496.398
686 1183.36
687 1177.86
688 492.84
689 324
690 667.706
691 482.242
692 202.778
693 1188.87
694 699.074
695 914.458
696 197.122
697 671.846
698 494.618
699 1169.64
700 929.03
701 104.04
702 324
703 325.442
704 494.618
705 328.334
706 329.786
707 696.96
708 325.442
709 318.266
710 478.734
711 665.64
712 667.706
713 1142.44
714 663.578
715 473.498
716 470.022
717 98.4064
718 484
719 196
720 476.986
721 907.214
722 492.84
723 909.626
724 489.294
725 99.2016
726 678.082
727 494.618
728 680.166
729 1450.09
730 1450.09
731 1153.28
732 912.04
733 492.84
734 203.918
735 324
736 319.694
737 673.922
738 663.578
739 1150.57
740 466.56
741 475.24
742 1407.75
743 1401.75
744 651.27
745 671.846
746 902.402
747 680.166
748 494.618
749 1183.36
750 489.294
751 476.986
752 197.122
753 676
754 321.126
755 471.758
756 653.314
757 859.662
758 859.662
759 869.07
760 485.762
761 890.426
762 484
763 480.486
764 97.6144
765 669.774
766 673.922
767 475.24
768 471.758
769 468.29
770 321.126
771 324
772 315.418
773 312.582
774 470.022
775 319.694
776 321.126
777 680.166
778 890.426
779 895.206
780 914.458
781 484
782 895.206
783 671.846
784 888.04
785 888.04
786 321.126
787 676
788 667.706
789 480.486
790 473.498
791 468.29
792 492.84
793 480.486
794 671.846
795 651.27
796 659.462
797 318.266
798 200.506
799 680.166
800 897.602
801 902.402
802 482.242
803 492.84
804 492.84
805 206.21
806 341.51
807 331.24
808 900
809 678.082
810 485.762
811 201.64
812 663.578
813 468.29
814 888.04
815 667.706
816 326.886
817 192.654
818 322.562
819 468.29
820 883.278
821 1126.27
822 862.01
823 459.674
824 473.498
825 684.346
826 682.254
827 499.97
828 907.214
829 324
830 104.04
831 701.19
832 335.622
833 202.778
834 200.506
835 676
836 686.44
837 902.402
838 470.022
839 1137.04
840 883.278
841 900
842 873.794
843 470.022
844 484
845 316.84
846 471.758
847 322.562
848 313.998
849 321.126
850 885.658
851 895.206
852 201.64
853 686.44
854 907.214
855 331.24
856 334.158
857 499.97
858 686.44
859 673.922
860 198.246
861 496.398
862 480.486
863 492.84
864 484
865 480.486
866 193.766
867 667.706
868 676
869 326.886
870 199.374
871 676
872 316.84
873 482.242
874 325.442
875 694.85
876 206.21
877 200.506
878 684.346
879 1175.12
880 929.03
881 926.594
882 335.622
883 325.442
884 484
885 487.526
886 482.242
887 309.76
888 466.56
889 100
890 107.33
891 207.36
892 338.56
893 688.538
894 680.166
895 686.44
896 671.846
897 485.762
898 663.578
899 470.022
900 667.706
901 673.922
902 902.402
903 684.346
904 678.082
905 485.762
906 480.486
907 475.24
908 669.774
909 897.602
910 315.418
911 878.53
912 480.486
913 34.1056
914 482.242
915 35.0464
916 100.802
917 1172.38
918 322.562
919 485.762
920 680.166
921 489.294
922 692.742
923 491.066
924 690.638
925 507.15
926 332.698
927 686.44
928 331.24
929 680.166
930 902.402
931 198.246
932 334.158
933 491.066
934 487.526
935 498.182
936 315.418
937 332.698
938 480.486
939 678.082
940 696.96
941 494.618
942 197.122
943 197.122
944 329.786
945 338.56
946 501.76
947 496.398
948 324
949 196
950 673.922
951 680.166
952 192.654
953 189.338
954 480.486
955 196
956 325.442
957 329.786
958 335.622
959 916.878
960 492.84
961 931.47
962 699.074
963 498.182
964 919.302
965 924.16
966 912.04
967 328.334
968 194.882
969 473.498
970 187.142
971 1107.56
972 473.498
973 902.402
974 487.526
975 912.04
976 692.742
977 489.294
978 682.254
979 924.16
980 690.638
981 324
982 312.582
983 188.238
984 476.986
985 321.126
986 325.442
987 103.226
988 694.85
989 106.502
990 694.85
991 904.806
992 907.214
993 319.694
994 491.066
995 665.64
996 895.206
997 491.066
998 499.97
999 494.618
1000 485.762
1001 692.742
1002 1474.56
1003 1183.36
1004 344.474
1005 337.09
1006 694.85
1007 694.85
1008 482.242
1009 665.64
1010 671.846
1011 671.846
1012 907.214
1013 892.814
1014 325.442
1015 684.346
1016 904.806
1017 909.626
1018 482.242
1019 678.082
1020 470.022
1021 484
1022 680.166
1023 659.462
1024 1437.93
1025 482.242
1026 480.486
1027 485.762
1028 480.486
1029 669.774
1030 473.498
1031 671.846
1032 322.562
1033 322.562
1034 332.698
1035 491.066
1036 326.886
1037 902.402
1038 892.814
1039 478.734
1040 471.758
1041 192.654
1042 897.602
1043 684.346
1044 692.742
1045 100.802
1046 326.886
1047 678.082
1048 201.64
1049 199.374
1050 328.334
1051 329.786
1052 332.698
1053 100
1054 473.498
1055 461.39
1056 464.834
1057 885.658
1058 489.294
1059 489.294
1060 663.578
1061 673.922
1062 484
1063 883.278
1064 661.518
1065 653.314
1066 655.36
1067 659.462
1068 466.56
1069 319.694
1070 669.774
1071 667.706
1072 480.486
1073 892.814
1074 883.278
1075 315.418
1076 316.84
1077 484
1078 491.066
1079 661.518
1080 876.16
1081 880.902
1082 480.486
1083 324
1084 686.44
1085 676
1086 1145.15
1087 671.846
1088 902.402
1089 101.606
1090 328.334
1091 491.066
1092 489.294
1093 926.594
1094 105.678
1095 36.4816
1096 192.654
1097 325.442
1098 329.786
1099 487.526
1100 902.402
1101 480.486
1102 468.29
1103 324
1104 480.486
1105 325.442
1106 99.2016
1107 313.998
1108 319.694
1109 688.538
1110 688.538
1111 100.802
1112 104.04
1113 102.414
1114 326.886
1115 329.786
1116 324
1117 192.654
1118 680.166
1119 665.64
1120 888.04
1121 322.562
1122 661.518
1123 476.986
1124 325.442
1125 325.442
1126 489.294
1127 329.786
1128 482.242
1129 667.706
1130 98.4064
1131 475.24
1132 328.334
1133 673.922
1134 491.066
1135 680.166
1136 324
1137 196
1138 468.29
1139 1123.59
1140 184.96
1141 480.486
1142 671.846
1143 478.734
1144 1134.34
1145 871.43
1146 322.562
1147 487.526
1148 663.578
1149 99.2016
1150 192.654
1151 96.8256
1152 684.346
1153 332.698
1154 909.626
1155 1440.96
1156 895.206
1157 318.266
1158 471.758
1159 316.84
1160 663.578
1161 192.654
1162 485.762
1163 328.334
1164 682.254
1165 914.458
1166 491.066
1167 200.506
1168 676
1169 678.082
1170 897.602
1171 678.082
1172 682.254
1173 489.294
1174 106.502
1175 331.24
1176 487.526
1177 885.658
1178 475.24
1179 665.64
1180 316.84
1181 869.07
1182 655.36
1183 309.76
1184 647.194
1185 883.278
1186 669.774
1187 485.762
1188 684.346
1189 491.066
1190 688.538
1191 690.638
1192 692.742
1193 921.73
1194 1188.87
1195 1191.63
1196 919.302
1197 699.074
1198 498.182
1199 329.786
1200 663.578
1201 1145.15
1202 1153.28
1203 919.302
1204 325.442
1205 328.334
1206 332.698
1207 197.122
1208 324
1209 326.886
1210 678.082
1211 900
1212 492.84
1213 482.242
1214 478.734
1215 895.206
1216 331.24
1217 1459.24
1218 1175.12
1219 487.526
1220 696.96
1221 335.622
1222 678.082
1223 480.486
1224 904.806
1225 659.462
1226 909.626
1227 193.766
1228 680.166
1229 198.246
1230 470.022
1231 482.242
1232 694.85
1233 338.56
1234 904.806
1235 680.166
1236 1142.44
1237 475.24
1238 890.426
1239 1128.96
1240 315.418
1241 1142.44
1242 667.706
1243 485.762
1244 902.402
1245 688.538
1246 316.84
1247 192.654
1248 194.882
1249 680.166
1250 201.64
1251 496.398
1252 201.64
1253 491.066
1254 508.954
1255 331.24
1256 705.434
1257 489.294
1258 926.594
1259 501.76
1260 498.182
1261 496.398
1262 325.442
1263 902.402
1264 498.182
1265 931.47
1266 919.302
1267 919.302
1268 919.302
1269 501.76
1270 680.166
1271 321.126
1272 332.698
1273 682.254
1274 484
1275 682.254
1276 331.24
1277 703.31
1278 484
1279 478.734
1280 657.41
1281 100
1282 471.758
1283 651.27
1284 313.998
1285 315.418
1286 653.314
1287 464.834
1288 313.998
1289 198.246
1290 199.374
1291 332.698
1292 328.334
1293 328.334
1294 335.622
1295 199.374
1296 338.56
1297 494.618
1298 206.21
1299 207.36
1300 335.622
1301 684.346
1302 485.762
1303 485.762
1304 192.654
1305 319.694
1306 190.44
1307 669.774
1308 682.254
1309 686.44
1310 914.458
1311 1180.61
1312 329.786
1313 335.622
1314 326.886
1315 684.346
1316 1465.36
1317 485.762
1318 318.266
1319 476.986
1320 897.602
1321 492.84
1322 202.778
1323 200.506
1324 499.97
1325 699.074
1326 1474.56
1327 929.03
1328 203.918
1329 209.67
1330 676
1331 492.84
1332 914.458
1333 319.694
1334 680.166
1335 900
1336 682.254
1337 484
1338 492.84
1339 338.56
1340 503.554
1341 1169.64
1342 904.806
1343 324
1344 3.24
1345 34.5744
1346 892.814
1347 480.486
1348 1164.17
1349 324
1350 478.734
1351 189.338
1352 311.17
1353 311.17
1354 471.758
1355 316.84
1356 324
1357 496.398
1358 331.24
1359 1166.91
1360 912.04
1361 902.402
1362 667.706
1363 671.846
1364 667.706
1365 312.582
1366 315.418
1367 313.998
1368 663.578
1369 316.84
1370 191.546
1371 468.29
1372 321.126
1373 313.998
1374 475.24
1375 315.418
1376 657.41
1377 671.846
1378 318.266
1379 475.24
1380 487.526
1381 1186.11
1382 1468.42
1383 921.73
1384 496.398
1385 914.458
1386 678.082
1387 326.886
1388 690.638
1389 904.806
1390 326.886
1391 329.786
1392 680.166
1393 482.242
1394 201.64
1395 489.294
1396 324
1397 678.082
1398 916.878
1399 690.638
1400 491.066
1401 491.066
1402 678.082
1403 322.562
1404 475.24
1405 318.266
1406 193.766
1407 325.442
1408 907.214
1409 1169.64
1410 484
1411 198.246
1412 193.766
1413 473.498
1414 319.694
1415 680.166
1416 318.266
1417 888.04
1418 682.254
1419 487.526
1420 921.73
1421 326.886
1422 912.04
1423 914.458
1424 919.302
1425 335.622
1426 335.622
1427 491.066
1428 1459.24
1429 907.214
1430 694.85
1431 690.638
1432 690.638
1433 328.334
1434 324
1435 36
1436 485.762
1437 332.698
1438 338.56
1439 686.44
1440 498.182
1441 328.334
1442 489.294
1443 1175.12
1444 202.778
1445 337.09
1446 105.678
1447 198.246
1448 332.698
1449 332.698
1450 912.04
1451 1166.91
1452 484
1453 199.374
1454 696.96
1455 696.96
1456 338.56
1457 192.654
1458 676
1459 661.518
1460 659.462
1461 308.354
1462 100
1463 326.886
1464 892.814
1465 313.998
1466 480.486
1467 897.602
1468 191.546
1469 1147.85
1470 873.794
1471 313.998
1472 480.486
1473 491.066
1474 680.166
1475 902.402
1476 487.526
1477 319.694
1478 478.734
1479 494.618
1480 102.414
1481 885.658
1482 667.706
1483 318.266
1484 661.518
1485 663.578
1486 319.694
1487 468.29
1488 96.8256
1489 99.2016
1490 3.6864
1491 187.142
1492 312.582
1493 669.774
1494 480.486
1495 661.518
1496 478.734
1497 485.762
1498 322.562
1499 471.758
1500 876.16
1501 659.462
1502 678.082
1503 890.426
1504 667.706
1505 489.294
1506 902.402
1507 476.986
1508 1419.78
1509 475.24
1510 876.16
1511 659.462
1512 318.266
1513 476.986
1514 904.806
1515 473.498
1516 100.802
1517 480.486
1518 201.64
1519 1145.15
1520 1153.28
1521 1172.38
1522 335.622
1523 907.214
1524 902.402
1525 895.206
1526 892.814
1527 491.066
1528 322.562
1529 1150.57
1530 489.294
1531 478.734
1532 322.562
1533 489.294
1534 331.24
1535 99.2016
1536 199.374
1537 321.126
1538 315.418
1539 328.334
1540 678.082
1541 335.622
1542 902.402
1543 931.47
1544 498.182
1545 197.122
1546 319.694
1547 475.24
1548 470.022
1549 322.562
1550 484
1551 907.214
1552 921.73
1553 931.47
1554 508.954
1555 703.31
1556 501.76
1557 1191.63
1558 329.786
1559 895.206
1560 678.082
1561 682.254
1562 309.76
1563 649.23
1564 473.498
1565 1419.78
1566 1120.91
1567 193.766
1568 473.498
1569 478.734
1570 316.84
1571 468.29
1572 892.814
1573 904.806
1574 478.734
1575 191.546
1576 3.5344
1577 100
1578 482.242
1579 196
1580 487.526
1581 663.578
1582 673.922
1583 319.694
1584 900
1585 678.082
1586 916.878
1587 340.034
1588 701.19
1589 699.074
1590 919.302
1591 690.638
1592 337.09
1593 334.158
1594 329.786
1595 200.506
1596 321.126
1597 99.2016
1598 188.238
1599 471.758
1600 198.246
1601 482.242
1602 328.334
1603 37.4544
1604 328.334
1605 319.694
1606 97.6144
1607 197.122
1608 484
1609 491.066
1610 484
1611 192.654
1612 475.24
1613 671.846
1614 315.418
1615 487.526
1616 694.85
1617 492.84
1618 688.538
1619 326.886
1620 501.76
1621 498.182
1622 325.442
1623 335.622
1624 694.85
1625 912.04
1626 316.84
1627 482.242
1628 482.242
1629 491.066
1630 478.734
1631 326.886
1632 325.442
1633 96.8256
1634 190.44
1635 682.254
1636 196
1637 322.562
1638 332.698
1639 707.56
1640 692.742
1641 696.96
1642 1175.12
1643 909.626
1644 494.618
1645 334.158
1646 904.806
1647 686.44
1648 909.626
1649 902.402
1650 680.166
1651 690.638
1652 199.374
1653 329.786
1654 194.882
1655 686.44
1656 492.84
1657 900
1658 318.266
1659 876.16
1660 476.986
1661 103.226
1662 909.626
1663 1471.49
1664 1175.12
1665 663.578
1666 869.07
1667 1128.96
1668 476.986
1669 471.758
1670 473.498
1671 322.562
1672 657.41
1673 659.462
1674 659.462
1675 478.734
1676 312.582
1677 663.578
1678 878.53
1679 665.64
1680 897.602
1681 491.066
1682 480.486
1683 485.762
1684 667.706
1685 669.774
1686 482.242
1687 322.562
1688 478.734
1689 1450.09
1690 684.346
1691 1175.12
1692 907.214
1693 1166.91
1694 324
1695 331.24
1696 101.606
1697 491.066
1698 690.638
1699 328.334
1700 318.266
1701 669.774
1702 480.486
1703 682.254
1704 482.242
1705 198.246
1706 484
1707 904.806
1708 485.762
1709 473.498
1710 312.582
1711 655.36
1712 885.658
1713 676
1714 890.426
1715 676
1716 1161.45
1717 1164.17
1718 890.426
1719 478.734
1720 476.986
1721 329.786
1722 496.398
1723 315.418
1724 190.44
1725 313.998
1726 191.546
1727 324
1728 1164.17
1729 1158.72
1730 1150.57
1731 680.166
1732 480.486
1733 663.578
1734 657.41
1735 321.126
1736 680.166
1737 680.166
1738 682.254
1739 694.85
1740 200.506
1741 480.486
1742 470.022
1743 476.986
1744 484
1745 902.402
1746 491.066
1747 1172.38
1748 914.458
1749 197.122
1750 487.526
1751 489.294
1752 496.398
1753 680.166
1754 480.486
1755 482.242
1756 192.654
1757 485.762
1758 324
1759 329.786
1760 492.84
1761 684.346
1762 102.414
1763 324
1764 484
1765 686.44
1766 199.374
1767 684.346
1768 198.246
1769 3.24
1770 315.418
1771 663.578
1772 313.998
1773 311.17
1774 475.24
1775 888.04
1776 192.654
1777 1431.87
1778 473.498
1779 1419.78
1780 665.64
1781 193.766
1782 902.402
1783 680.166
1784 318.266
1785 476.986
1786 661.518
1787 319.694
1788 492.84
1789 494.618
1790 914.458
1791 1153.28
1792 671.846
1793 671.846
1794 892.814
1795 1134.34
1796 322.562
1797 325.442
1798 895.206
1799 471.758
1800 319.694
1801 318.266
1802 669.774
1803 667.706
1804 671.846
1805 669.774
1806 1153.28
1807 471.758
1808 885.658
1809 888.04
1810 322.562
1811 492.84
1812 1188.87
1813 929.03
1814 919.302
1815 1164.17
1816 1180.61
1817 921.73
1818 324
1819 329.786
1820 485.762
1821 667.706
1822 880.902
1823 485.762
1824 191.546
1825 186.05
1826 478.734
1827 200.506
1828 321.126
1829 673.922
1830 485.762
1831 682.254
1832 487.526
1833 682.254
1834 315.418
1835 878.53
1836 468.29
1837 663.578
1838 471.758
1839 673.922
1840 671.846
1841 902.402
1842 669.774
1843 494.618
1844 322.562
1845 487.526
1846 191.546
1847 494.618
1848 329.786
1849 329.786
1850 669.774
1851 324
1852 499.97
1853 1188.87
1854 492.84
1855 326.886
1856 914.458
1857 1194.39
1858 699.074
1859 199.374
1860 498.182
1861 491.066
1862 198.246
1863 337.09
1864 37.9456
1865 99.2016
1866 198.246
1867 98.4064
1868 895.206
1869 680.166
1870 478.734
1871 485.762
1872 665.64
1873 682.254
1874 665.64
1875 661.518
1876 671.846
1877 667.706
1878 473.498
1879 484
1880 325.442
1881 494.618
1882 335.622
1883 492.84
1884 507.15
1885 936.36
1886 694.85
1887 328.334
1888 484
1889 1147.85
1890 321.126
1891 1169.64
1892 914.458
1893 694.85
1894 680.166
1895 335.622
1896 328.334
1897 686.44
1898 902.402
1899 688.538
1900 1161.45
1901 661.518
1902 667.706
1903 682.254
1904 1784.22
1905 334.158
1906 676
1907 321.126
1908 484
1909 890.426
1910 1431.87
1911 476.986
1912 475.24
1913 669.774
1914 673.922
1915 335.622
1916 199.374
1917 325.442
1918 328.334
1919 676
1920 194.882
1921 37.4544
1922 492.84
1923 192.654
1924 319.694
1925 480.486
1926 676
1927 482.242
1928 104.04
1929 325.442
1930 328.334
1931 324
1932 324
1933 480.486
1934 688.538
1935 696.96
1936 100.802
1937 104.04
1938 329.786
1939 904.806
1940 484
1941 326.886
1942 321.126
1943 324
1944 331.24
1945 694.85
1946 696.96
1947 498.182
1948 909.626
1949 900
1950 198.246
1951 902.402
1952 690.638
1953 478.734
1954 669.774
1955 680.166
1956 665.64
1957 482.242
1958 485.762
1959 492.84
1960 900
1961 892.814
1962 902.402
1963 476.986
1964 471.758
1965 907.214
1966 1169.64
1967 329.786
1968 102.414
1969 676
1970 1158.72
1971 682.254
1972 1161.45
1973 501.76
1974 331.24
1975 686.44
1976 921.73
1977 680.166
1978 1770.73
1979 491.066
1980 325.442
1981 487.526
1982 907.214
1983 328.334
1984 485.762
1985 322.562
1986 193.766
1987 657.41
1988 478.734
1989 321.126
1990 487.526
1991 489.294
1992 34.5744
1993 324
1994 326.886
1995 324
1996 686.44
1997 485.762
1998 900
1999 321.126
2000 193.766
2001 198.246
2002 318.266
2003 96.8256
2004 313.998
2005 193.766
2006 318.266
2007 324
2008 496.398
2009 1208.26
2010 941.262
2011 492.84
2012 331.24
2013 329.786
2014 678.082
2015 478.734
2016 313.998
2017 661.518
2018 659.462
2019 482.242
2020 36.4816
2021 503.554
2022 678.082
2023 190.44
2024 876.16
2025 32.7184
2026 651.27
2027 645.16
2028 649.23
2029 661.518
2030 688.538
2031 499.97
2032 484
2033 907.214
2034 692.742
2035 909.626
2036 699.074
2037 499.97
2038 921.73
2039 1186.11
2040 1177.86
2041 1804.55
2042 491.066
2043 919.302
2044 1175.12
2045 501.76
2046 501.76
2047 919.302
2048 916.878
2049 1169.64
2050 1166.91
2051 909.626
2052 684.346
2053 921.73
2054 916.878
2055 676
2056 916.878
2057 482.242
2058 665.64
2059 1142.44
2060 1150.57
2061 900
2062 912.04
2063 480.486
2064 680.166
2065 669.774
2066 1760.64
2067 907.214
2068 326.886
2069 491.066
2070 485.762
2071 319.694
2072 480.486
2073 1177.86
2074 1486.87
2075 907.214
2076 321.126
2077 665.64
2078 203.918
2079 678.082
2080 669.774
2081 485.762
2082 682.254
2083 688.538
2084 102.414
2085 673.922
2086 198.246
2087 103.226
2088 496.398
2089 1172.38
2090 924.16
2091 694.85
2092 498.182
2093 498.182
2094 332.698
2095 909.626
2096 331.24
2097 690.638
2098 485.762
2099 202.778
2100 489.294
2101 331.24
2102 476.986
2103 475.24
2104 883.278
2105 471.758
2106 878.53
2107 1123.59
2108 655.36
2109 315.418
2110 665.64
2111 655.36
2112 647.194
2113 188.238
2114 475.24
2115 892.814
2116 667.706
2117 484
2118 669.774
2119 682.254
2120 1158.72
2121 921.73
2122 491.066
2123 329.786
2124 678.082
2125 678.082
2126 688.538
2127 904.806
2128 321.126
2129 196
2130 93.7024
2131 319.694
2132 194.882
2133 191.546
2134 194.882
2135 669.774
2136 895.206
2137 202.778
2138 199.374
2139 478.734
2140 673.922
2141 484
2142 667.706
2143 673.922
2144 322.562
2145 487.526
2146 1177.86
2147 1172.38
2148 926.594
2149 337.09
2150 494.618
2151 492.84
2152 328.334
2153 206.21
2154 322.562
2155 98.4064
2156 682.254
2157 688.538
2158 692.742
2159 337.09
2160 688.538
2161 334.158
2162 688.538
2163 684.346
2164 326.886
2165 316.84
2166 464.834
2167 895.206
2168 678.082
2169 202.778
2170 200.506
2171 916.878
2172 900
2173 491.066
2174 491.066
2175 326.886
2176 919.302
2177 684.346
2178 895.206
2179 192.654
2180 921.73
2181 485.762
2182 197.122
2183 484
2184 484
2185 473.498
2186 463.11
2187 311.17
2188 188.238
2189 191.546
2190 482.242
2191 484
2192 1172.38
2193 326.886
2194 198.246
2195 892.814
2196 1428.84
2197 883.278
2198 880.902
2199 95.2576
2200 318.266
2201 197.122
2202 492.84
2203 494.618
2204 1186.11
2205 335.622
2206 489.294
2207 678.082
2208 690.638
2209 104.858
2210 480.486
2211 876.16
2212 661.518
2213 473.498
2214 888.04
2215 663.578
2216 897.602
2217 904.806
2218 480.486
2219 478.734
2220 313.998
2221 328.334
2222 328.334
2223 496.398
2224 484
2225 482.242
2226 673.922
2227 671.846
2228 312.582
2229 315.418
2230 476.986
2231 315.418
2232 192.654
2233 678.082
2234 485.762
2235 494.618
2236 487.526
2237 688.538
2238 699.074
2239 929.03
2240 690.638
2241 876.16
2242 468.29
2243 895.206
2244 678.082
2245 676
2246 332.698
2247 326.886
2248 326.886
2249 491.066
2250 337.09
2251 106.502
2252 938.81
2253 931.47
2254 496.398
2255 699.074
2256 505.35
2257 100.802
2258 326.886
2259 322.562
2260 900
2261 316.84
2262 484
2263 471.758
2264 473.498
2265 876.16
2266 316.84
2267 491.066
2268 1197.16
2269 921.73
2270 684.346
2271 909.626
2272 482.242
2273 208.514
2274 912.04
2275 342.99
2276 199.374
2277 491.066
2278 673.922
2279 475.24
2280 678.082
2281 1145.15
2282 667.706
2283 487.526
2284 900
2285 678.082
2286 37.4544
2287 492.84
2288 196
2289 318.266
2290 661.518
2291 315.418
2292 318.266
2293 475.24
2294 475.24
2295 669.774
2296 487.526
2297 1169.64
2298 332.698
2299 692.742
2300 480.486
2301 311.17
2302 96.04
2303 319.694
2304 485.762
2305 900
2306 328.334
2307 494.618
2308 684.346
2309 680.166
2310 1164.17
2311 676
2312 667.706
2313 316.84
2314 199.374
2315 699.074
2316 696.96
2317 492.84
2318 678.082
2319 318.266
2320 496.398
2321 692.742
2322 692.742
2323 485.762
2324 98.4064
2325 487.526
2326 688.538
2327 494.618
2328 1145.15
2329 657.41
2330 866.714
2331 471.758
2332 663.578
2333 311.17
2334 311.17
2335 900
2336 892.814
2337 325.442
2338 326.886
2339 484
2340 680.166
2341 322.562
2342 325.442
2343 904.806
2344 676
2345 470.022
2346 96.04
2347 676
2348 322.562
2349 1161.45
2350 669.774
2351 487.526
2352 701.19
2353 207.36
2354 487.526
2355 680.166
2356 324
2357 890.426
2358 194.882
2359 203.918
2360 334.158
2361 491.066
2362 485.762
2363 199.374
2364 334.158
2365 682.254
2366 673.922
2367 661.518
2368 316.84
2369 102.414
2370 199.374
2371 484
2372 485.762
2373 476.986
2374 194.882
2375 678.082
2376 482.242
2377 494.618
2378 321.126
2379 96.8256
2380 197.122
2381 318.266
2382 315.418
2383 690.638
2384 678.082
2385 669.774
2386 676
2387 475.24
2388 892.814
2389 1142.44
2390 482.242
2391 1166.91
2392 688.538
2393 491.066
2394 200.506
2395 100
2396 1166.91
2397 919.302
2398 487.526
2399 188.238
2400 475.24
2401 1139.74
2402 193.766
2403 482.242
2404 494.618
2405 331.24
2406 890.426
2407 667.706
2408 464.834
2409 470.022
2410 315.418
2411 471.758
2412 669.774
2413 319.694
2414 200.506
2415 696.96
2416 503.554
2417 324
2418 312.582
2419 192.654
2420 659.462
2421 895.206
2422 473.498
2423 484
2424 191.546
2425 199.374
2426 332.698
2427 892.814
2428 667.706
2429 484
2430 187.142
2431 322.562
2432 494.618
2433 482.242
2434 667.706
2435 888.04
2436 476.986
2437 489.294
2438 673.922
2439 315.418
2440 324
2441 665.64
2442 1164.17
2443 897.602
2444 475.24
2445 188.238
2446 869.07
2447 643.13
2448 476.986
2449 196
2450 482.242
2451 104.858
2452 199.374
2453 484
2454 97.6144
2455 485.762
2456 39.4384
2457 914.458
2458 682.254
2459 1180.61
2460 682.254
2461 678.082
2462 888.04
2463 667.706
2464 663.578
2465 324
2466 482.242
2467 1183.36
2468 686.44
2469 895.206
2470 96.04
2471 682.254
2472 485.762
2473 484
2474 203.918
2475 100.802
2476 99.2016
2477 199.374
2478 686.44
2479 703.31
2480 494.618
2481 909.626
2482 904.806
2483 489.294
2484 673.922
2485 324
2486 193.766
2487 328.334
2488 919.302
2489 494.618
2490 688.538
2491 331.24
2492 335.622
2493 199.374
2494 485.762
2495 325.442
2496 1172.38
2497 699.074
2498 933.914
2499 507.15
2500 701.19
2501 206.21
2502 332.698
2503 321.126
2504 318.266
2505 98.4064
2506 476.986
2507 680.166
2508 199.374
2509 331.24
2510 686.44
2511 319.694
2512 494.618
2513 686.44
2514 900
2515 331.24
2516 324
2517 890.426
2518 478.734
2519 319.694
2520 189.338
2521 671.846
2522 895.206
2523 888.04
2524 1128.96
2525 897.602
2526 678.082
2527 198.246
2528 669.774
2529 184.96
2530 883.278
2531 311.17
2532 191.546
2533 676
2534 491.066
2535 473.498
2536 485.762
2537 496.398
2538 202.778
2539 669.774
2540 337.09
2541 676
2542 476.986
2543 306.95
2544 869.07
2545 649.23
2546 880.902
2547 305.55
2548 655.36
2549 478.734
2550 192.654
2551 466.56
2552 470.022
2553 655.36
2554 657.41
2555 895.206
2556 895.206
2557 489.294
2558 192.654
2559 919.302
2560 505.35
2561 508.954
2562 335.622
2563 1180.61
2564 690.638
2565 921.73
2566 926.594
2567 921.73
2568 1169.64
2569 1447.04
2570 196
2571 476.986
2572 321.126
2573 671.846
2574 328.334
2575 332.698
2576 494.618
2577 692.742
2578 907.214
2579 686.44
2580 897.602
2581 902.402
2582 676
2583 324
2584 676
2585 897.602
2586 476.986
2587 194.882
2588 198.246
2589 707.56
2590 329.786
2591 496.398
2592 505.35
2593 678.082
2594 657.41
2595 885.658
2596 880.902
2597 478.734
2598 696.96
2599 197.122
2600 100.802
2601 1134.34
2602 471.758
2603 665.64
2604 476.986
2605 883.278
2606 659.462
2607 871.43
2608 661.518
2609 484
2610 476.986
2611 94.4784
2612 473.498
2613 476.986
2614 680.166
2615 325.442
2616 199.374
2617 487.526
2618 690.638
2619 916.878
2620 338.56
2621 487.526
2622 199.374
2623 196
2624 188.238
2625 201.64
2626 207.36
2627 332.698
2628 678.082
2629 470.022
2630 311.17
2631 329.786
2632 328.334
2633 1172.38
2634 924.16
2635 485.762
2636 1156
2637 678.082
2638 663.578
2639 196
2640 198.246
2641 895.206
2642 904.806
2643 907.214
2644 921.73
2645 938.81
2646 498.182
2647 499.97
2648 924.16
2649 682.254
2650 680.166
2651 491.066
2652 312.582
2653 319.694
2654 482.242
2655 190.44
2656 873.794
2657 308.354
2658 651.27
2659 475.24
2660 325.442
2661 329.786
2662 334.158
2663 501.76
2664 671.846
2665 476.986
2666 196
2667 37.9456
2668 489.294
2669 489.294
2670 484
2671 484
2672 489.294
2673 897.602
2674 680.166
2675 671.846
2676 480.486
2677 651.27
2678 468.29
2679 665.64
2680 313.998
2681 197.122
2682 1169.64
2683 676
2684 1161.45
2685 669.774
2686 482.242
2687 878.53
2688 661.518
2689 1147.85
2690 313.998
2691 661.518
2692 193.766
2693 661.518
2694 313.998
2695 890.426
2696 663.578
2697 1142.44
2698 900
2699 324
2700 919.302
2701 688.538
2702 686.44
2703 900
2704 1169.64
2705 37.9456
2706 322.562
2707 190.44
2708 325.442
2709 673.922
2710 328.334
2711 200.506
2712 900
2713 669.774
2714 484
2715 897.602
2716 485.762
2717 494.618
2718 485.762
2719 902.402
2720 498.182
2721 328.334
2722 667.706
2723 188.238
2724 663.578
2725 669.774
2726 888.04
2727 482.242
2728 902.402
2729 684.346
2730 1456.19
2731 1172.38
2732 1147.85
2733 319.694
2734 324
2735 487.526
2736 909.626
2737 673.922
2738 688.538
2739 478.734
2740 190.44
2741 663.578
2742 663.578
2743 476.986
2744 489.294
2745 480.486
2746 203.918
2747 489.294
2748 196
2749 678.082
2750 328.334
2751 680.166
2752 916.878
2753 205.062
2754 912.04
2755 669.774
2756 191.546
2757 466.56
2758 318.266
2759 319.694
2760 473.498
2761 312.582
2762 655.36
2763 311.17
2764 676
2765 489.294
2766 494.618
2767 494.618
2768 491.066
2769 201.64
2770 489.294
2771 322.562
2772 667.706
2773 871.43
2774 478.734
2775 661.518
2776 667.706
2777 885.658
2778 478.734
2779 1145.15
2780 1120.91
2781 484
2782 191.546
2783 484
2784 199.374
2785 328.334
2786 197.122
2787 322.562
2788 699.074
2789 694.85
2790 326.886
2791 499.97
2792 938.81
2793 919.302
2794 678.082
2795 907.214
2796 489.294
2797 485.762
2798 914.458
2799 489.294
2800 199.374
2801 696.96
2802 694.85
2803 496.398
2804 682.254
2805 318.266
2806 318.266
2807 480.486
2808 194.882
2809 340.034
2810 933.914
2811 936.36
2812 501.76
2813 494.618
2814 711.822
2815 921.73
2816 1169.64
2817 921.73
2818 924.16
2819 200.506
2820 678.082
2821 328.334
2822 36
2823 487.526
2824 468.29
2825 319.694
2826 661.518
2827 319.694
2828 1131.65
2829 187.142
2830 31.36
2831 191.546
2832 649.23
2833 315.418
2834 470.022
2835 890.426
2836 657.41
2837 471.758
2838 318.266
2839 484
2840 335.622
2841 492.84
2842 485.762
2843 904.806
2844 489.294
2845 1150.57
2846 321.126
2847 686.44
2848 1161.45
2849 1164.17
2850 682.254
2851 673.922
2852 496.398
2853 491.066
2854 1483.79
2855 912.04
2856 480.486
2857 325.442
2858 324
2859 489.294
2860 688.538
2861 1166.91
2862 1156
2863 326.886
2864 489.294
2865 916.878
2866 198.246
2867 328.334
2868 904.806
2869 329.786
2870 494.618
2871 684.346
2872 331.24
2873 328.334
2874 907.214
2875 480.486
2876 482.242
2877 492.84
2878 924.16
2879 701.19
2880 507.15
2881 912.04
2882 322.562
2883 197.122
2884 688.538
2885 326.886
2886 487.526
2887 202.778
2888 36.4816
2889 190.44
2890 466.56
2891 482.242
2892 676
2893 892.814
2894 665.64
2895 661.518
2896 669.774
2897 463.11
2898 655.36
2899 191.546
2900 475.24
2901 329.786
2902 895.206
2903 690.638
2904 492.84
2905 1172.38
2906 1180.61
2907 1459.24
2908 703.31
2909 692.742
2910 696.96
2911 914.458
2912 1169.64
2913 329.786
2914 676
2915 100
2916 484
2917 324
2918 912.04
2919 676
2920 325.442
2921 193.766
2922 325.442
2923 324
2924 318.266
2925 912.04
2926 324
2927 331.24
2928 904.806
2929 200.506
2930 324
2931 1150.57
2932 902.402
2933 671.846
2934 671.846
2935 669.774
2936 1450.09
2937 902.402
2938 1156
2939 909.626
2940 676
2941 684.346
2942 678.082
2943 904.806
2944 489.294
2945 487.526
2946 325.442
2947 907.214
2948 496.398
2949 684.346
2950 931.47
2951 1831.84
2952 1502.34
2953 926.594
2954 1191.63
2955 1199.93
2956 1489.96
2957 1825
2958 1493.05
2959 688.538
2960 484
2961 35.0464
2962 315.418
2963 324
2964 199.374
2965 328.334
2966 325.442
2967 489.294
2968 334.158
2969 325.442
2970 701.19
2971 494.618
2972 211.994
2973 682.254
2974 694.85
2975 924.16
2976 498.182
2977 487.526
2978 325.442
2979 491.066
2980 492.84
2981 498.182
2982 338.56
2983 338.56
2984 485.762
2985 667.706
2986 478.734
2987 873.794
2988 655.36
2989 878.53
2990 304.154
2991 308.354
2992 471.758
2993 313.998
2994 657.41
2995 653.314
2996 1126.27
2997 876.16
2998 676
2999 191.546
3000 473.498
3001 480.486
3002 476.986
3003 476.986
3004 464.834
3005 189.338
3006 312.582
3007 93.7024
3008 669.774
3009 676
3010 316.84
3011 478.734
3012 332.698
3013 895.206
3014 897.602
3015 328.334
3016 35.0464
3017 473.498
3018 487.526
3019 665.64
3020 324
3021 319.694
3022 468.29
3023 311.17
3024 328.334
3025 1186.11
3026 1172.38
3027 678.082
3028 198.246
3029 37.4544
3030 476.986
3031 470.022
3032 194.882
3033 192.654
3034 199.374
3035 673.922
3036 480.486
3037 680.166
3038 482.242
3039 100.802
3040 1137.04
3041 478.734
3042 667.706
3043 907.214
3044 36.9664
3045 337.09
3046 332.698
3047 912.04
3048 200.506
3049 203.918
3050 322.562
3051 313.998
3052 463.11
3053 94.4784
3054 473.498
3055 653.314
3056 1134.34
3057 191.546
3058 665.64
3059 316.84
3060 871.43
3061 322.562
3062 682.254
3063 678.082
3064 671.846
3065 671.846
3066 682.254
3067 202.778
3068 480.486
3069 480.486
3070 193.766
3071 888.04
3072 326.886
3073 680.166
3074 489.294
3075 489.294
3076 103.226
3077 1166.91
3078 686.44
3079 678.082
3080 663.578
3081 473.498
3082 475.24
3083 1139.74
3084 883.278
3085 476.986
3086 673.922
3087 478.734
3088 198.246
3089 686.44
3090 328.334
3091 678.082
3092 676
3093 482.242
3094 892.814
3095 671.846
3096 192.654
3097 673.922
3098 324
3099 667.706
3100 665.64
3101 657.41
3102 655.36
3103 1131.65
3104 895.206
3105 485.762
3106 671.846
3107 328.334
3108 324
3109 478.734
3110 897.602
3111 682.254
3112 196
3113 487.526
3114 684.346
3115 692.742
3116 688.538
3117 485.762
3118 892.814
3119 1437.93
3120 671.846
3121 326.886
3122 191.546
3123 482.242
3124 321.126
3125 319.694
3126 475.24
3127 659.462
3128 673.922
3129 331.24
3130 484
3131 680.166
3132 491.066
3133 36.4816
3134 680.166
3135 487.526
3136 491.066
3137 476.986
3138 866.714
3139 1401.75
3140 880.902
3141 671.846
3142 478.734
3143 319.694
3144 676
3145 897.602
3146 480.486
3147 1142.44
3148 1161.45
3149 1153.28
3150 1145.15
3151 890.426
3152 895.206
3153 480.486
3154 895.206
3155 1153.28
3156 895.206
3157 485.762
3158 912.04
3159 682.254
3160 331.24
3161 482.242
3162 196
3163 491.066
3164 328.334
3165 189.338
3166 312.582
3167 324
3168 686.44
3169 684.346
3170 676
3171 673.922
3172 484
3173 199.374
3174 682.254
3175 892.814
3176 671.846
3177 489.294
3178 489.294
3179 673.922
3180 1150.57
3181 916.878
3182 676
3183 491.066
3184 912.04
3185 485.762
3186 888.04
3187 876.16
3188 471.758
3189 470.022
3190 1142.44
3191 471.758
3192 653.314
3193 461.39
3194 673.922
3195 316.84
3196 1147.85
3197 682.254
3198 682.254
3199 897.602
3200 1164.17
3201 680.166
3202 678.082
3203 316.84
3204 684.346
3205 468.29
3206 667.706
3207 471.758
3208 100.802
3209 671.846
3210 484
3211 484
3212 198.246
3213 318.266
3214 324
3215 325.442
3216 104.04
3217 329.786
3218 682.254
3219 680.166
3220 309.76
3221 647.194
3222 862.01
3223 665.64
3224 480.486
3225 883.278
3226 671.846
3227 322.562
3228 484
3229 197.122
3230 475.24
3231 302.76
3232 876.16
3233 470.022
3234 471.758
3235 329.786
3236 201.64
3237 499.97
3238 690.638
3239 694.85
3240 499.97
3241 329.786
3242 912.04
3243 916.878
3244 692.742
3245 688.538
3246 326.886
3247 337.09
3248 198.246
3249 902.402
3250 498.182
3251 505.35
3252 926.594
3253 1175.12
3254 334.158
3255 331.24
3256 496.398
3257 482.242
3258 200.506
3259 200.506
3260 328.334
3261 487.526
3262 684.346
3263 38.9376
3264 492.84
3265 686.44
3266 491.066
3267 487.526
3268 326.886
3269 332.698
3270 926.594
3271 37.9456
3272 487.526
3273 684.346
3274 699.074
3275 680.166
3276 682.254
3277 902.402
3278 315.418
3279 878.53
3280 313.998
3281 667.706
3282 319.694
3283 316.84
3284 468.29
3285 312.582
3286 97.6144
3287 485.762
3288 1164.17
3289 682.254
3290 487.526
3291 202.778
3292 482.242
3293 484
3294 1158.72
3295 682.254
3296 485.762
3297 329.786
3298 919.302
3299 37.4544
3300 197.122
3301 98.4064
3302 667.706
3303 328.334
3304 684.346
3305 690.638
3306 1164.17
3307 680.166
3308 331.24
3309 492.84
3310 688.538
3311 1164.17
3312 897.602
3313 198.246
3314 885.658
3315 885.658
3316 478.734
3317 196
3318 322.562
3319 673.922
3320 494.618
3321 199.374
3322 682.254
3323 485.762
3324 678.082
3325 1434.89
3326 1161.45
3327 669.774
3328 328.334
3329 332.698
3330 200.506
3331 690.638
3332 682.254
3333 904.806
3334 904.806
3335 916.878
3336 686.44
3337 909.626
3338 482.242
3339 319.694
3340 193.766
3341 492.84
3342 501.76
3343 926.594
3344 705.434
3345 938.81
3346 508.954
3347 507.15
3348 694.85
3349 1180.61
3350 1175.12
3351 912.04
3352 912.04
3353 684.346
3354 1169.64
3355 194.882
3356 659.462
3357 476.986
3358 665.64
3359 876.16
3360 661.518
3361 661.518
3362 671.846
3363 682.254
3364 328.334
3365 319.694
3366 332.698
3367 690.638
3368 498.182
3369 331.24
3370 665.64
3371 319.694
3372 673.922
3373 904.806
3374 484
3375 324
3376 914.458
3377 496.398
3378 699.074
3379 1486.87
3380 938.81
3381 496.398
3382 201.64
3383 496.398
3384 338.56
3385 498.182
3386 329.786
3387 198.246
3388 686.44
3389 1191.63
3390 914.458
3391 686.44
3392 335.622
3393 325.442
3394 93.7024
3395 321.126
3396 200.506
3397 485.762
3398 322.562
3399 686.44
3400 492.84
3401 324
3402 322.562
3403 649.23
3404 1395.77
3405 471.758
3406 880.902
3407 878.53
3408 885.658
3409 466.56
3410 1413.76
3411 1410.75
3412 1128.96
3413 189.338
3414 878.53
3415 667.706
3416 480.486
3417 671.846
3418 482.242
3419 496.398
3420 494.618
3421 484
3422 324
3423 487.526
3424 332.698
3425 201.64
3426 684.346
3427 332.698
3428 198.246
3429 680.166
3430 329.786
3431 478.734
3432 1145.15
3433 885.658
3434 196
3435 665.64
3436 100
3437 487.526
3438 926.594
3439 921.73
3440 680.166
3441 667.706
3442 198.246
3443 498.182
3444 503.554
3445 491.066
3446 331.24
3447 669.774
3448 892.814
3449 1150.57
3450 873.794
3451 1107.56
3452 871.43
3453 470.022
3454 487.526
3455 676
3456 331.24
3457 325.442
3458 487.526
3459 912.04
3460 661.518
3461 651.27
3462 878.53
3463 468.29
3464 480.486
3465 907.214
3466 897.602
3467 651.27
3468 862.01
3469 454.542
3470 866.714
3471 463.11
3472 189.338
3473 892.814
3474 880.902
3475 888.04
3476 900
3477 482.242
3478 322.562
3479 487.526
3480 919.302
3481 676
3482 494.618
3483 498.182
3484 914.458
3485 682.254
3486 1425.82
3487 1425.82
3488 665.64
3489 475.24
3490 657.41
3491 312.582
3492 885.658
3493 665.64
3494 485.762
3495 478.734
3496 892.814
3497 663.578
3498 904.806
3499 489.294
3500 919.302
3501 318.266
3502 663.578
3503 321.126
3504 321.126
3505 319.694
3506 676
3507 328.334
3508 200.506
3509 907.214
3510 673.922
3511 318.266
3512 335.622
3513 688.538
3514 669.774
3515 682.254
3516 904.806
3517 907.214
3518 98.4064
3519 883.278
3520 1142.44
3521 900
3522 921.73
3523 1164.17
3524 692.742
3525 690.638
3526 505.35
3527 104.04
3528 319.694
3529 202.778
3530 496.398
3531 699.074
3532 690.638
3533 919.302
3534 1175.12
3535 328.334
3536 895.206
3537 1156
3538 191.546
3539 315.418
3540 94.4784
3541 315.418
3542 309.76
3543 319.694
3544 324
3545 671.846
3546 36.9664
3547 325.442
3548 318.266
3549 897.602
3550 99.2016
3551 888.04
3552 669.774
3553 883.278
3554 680.166
3555 926.594
3556 694.85
3557 1465.36
3558 688.538
3559 331.24
3560 321.126
3561 661.518
3562 897.602
3563 1153.28
3564 900
3565 316.84
3566 470.022
3567 313.998
3568 331.24
3569 478.734
3570 663.578
3571 661.518
3572 657.41
3573 888.04
3574 318.266
3575 38.44
3576 319.694
3577 680.166
3578 499.97
3579 684.346
3580 682.254
3581 676
3582 319.694
3583 912.04
3584 318.266
3585 912.04
3586 335.622
3587 100
3588 485.762
3589 193.766
3590 475.24
3591 476.986
3592 319.694
3593 203.918
3594 104.858
3595 480.486
3596 680.166
3597 1166.91
3598 686.44
3599 692.742
3600 102.414
3601 482.242
3602 671.846
3603 478.734
3604 1431.87
3605 485.762
3606 196
3607 694.85
3608 707.56
3609 208.514
3610 328.334
3611 487.526
3612 198.246
3613 667.706
3614 663.578
3615 319.694
3616 489.294
3617 690.638
3618 331.24
3619 103.226
3620 904.806
3621 904.806
3622 492.84
3623 484
3624 1153.28
3625 489.294
3626 673.922
3627 192.654
3628 316.84
3629 319.694
3630 96.8256
3631 196
3632 325.442
3633 484
3634 665.64
3635 667.706
3636 198.246
3637 487.526
3638 696.96
3639 334.158
3640 688.538
3641 684.346
3642 335.622
3643 482.242
3644 334.158
3645 688.538
3646 492.84
3647 673.922
3648 491.066
3649 484
3650 1153.28
3651 669.774
3652 96.8256
3653 191.546
3654 680.166
3655 36.4816
3656 196
3657 322.562
3658 321.126
3659 904.806
3660 663.578
3661 322.562
3662 900
3663 485.762
3664 690.638
3665 1186.11
3666 933.914
3667 201.64
3668 491.066
3669 684.346
3670 324
3671 482.242
3672 473.498
3673 491.066
3674 207.36
3675 480.486
3676 900
3677 682.254
3678 319.694
3679 671.846
3680 671.846
3681 191.546
3682 313.998
3683 667.706
3684 324
3685 471.758
3686 880.902
3687 873.794
3688 866.714
3689 463.11
3690 665.64
3691 189.338
3692 671.846
3693 676
3694 690.638
3695 688.538
3696 699.074
3697 701.19
3698 198.246
3699 328.334
3700 478.734
3701 315.418
3702 315.418
3703 485.762
3704 671.846
3705 191.546
3706 34.1056
3707 199.374
3708 678.082
3709 492.84
3710 909.626
3711 489.294
3712 888.04
3713 661.518
3714 480.486
3715 328.334
3716 496.398
3717 487.526
3718 499.97
3719 487.526
3720 311.17
3721 475.24
3722 667.706
3723 1128.96
3724 326.886
3725 484
3726 189.338
3727 676
3728 328.334
3729 197.122
3730 321.126
3731 665.64
3732 95.2576
3733 651.27
3734 473.498
3735 191.546
3736 655.36
3737 471.758
3738 1137.04
3739 895.206
3740 1145.15
3741 912.04
3742 1158.72
3743 678.082
3744 688.538
3745 680.166
3746 324
3747 892.814
3748 663.578
3749 473.498
3750 475.24
3751 198.246
3752 322.562
3753 684.346
3754 328.334
3755 904.806
3756 902.402
3757 484
3758 496.398
3759 682.254
3760 680.166
3761 678.082
3762 1164.17
3763 914.458
3764 904.806
3765 329.786
3766 485.762
3767 676
3768 98.4064
3769 326.886
3770 326.886
3771 485.762
3772 900
3773 1153.28
3774 476.986
3775 661.518
3776 473.498
3777 897.602
3778 900
3779 492.84
3780 478.734
3781 313.998
3782 188.238
3783 331.24
3784 678.082
3785 669.774
3786 897.602
3787 895.206
3788 186.05
3789 316.84
3790 480.486
3791 480.486
3792 694.85
3793 494.618
3794 199.374
3795 688.538
3796 328.334
3797 100
3798 325.442
3799 688.538
3800 673.922
3801 1158.72
3802 688.538
3803 1180.61
3804 1468.42
3805 98.4064
3806 326.886
3807 491.066
3808 491.066
3809 892.814
3810 892.814
3811 667.706
3812 883.278
3813 663.578
3814 876.16
3815 871.43
3816 186.05
3817 199.374
3818 325.442
3819 322.562
3820 322.562
3821 682.254
3822 684.346
3823 686.44
3824 340.034
3825 492.84
3826 193.766
3827 322.562
3828 329.786
3829 682.254
3830 919.302
3831 919.302
3832 690.638
3833 690.638
3834 104.858
3835 696.96
3836 919.302
3837 319.694
3838 337.09
3839 682.254
3840 688.538
3841 921.73
3842 1175.12
3843 699.074
3844 489.294
3845 499.97
3846 505.35
3847 694.85
3848 692.742
3849 337.09
3850 501.76
3851 205.062
3852 678.082
3853 1166.91
3854 904.806
3855 667.706
3856 667.706
3857 684.346
3858 491.066
3859 1169.64
3860 688.538
3861 1166.91
3862 1161.45
3863 890.426
3864 665.64
3865 318.266
3866 671.846
3867 471.758
3868 663.578
3869 480.486
3870 900
3871 482.242
3872 475.24
3873 192.654
3874 189.338
3875 466.56
3876 900
3877 1787.6
3878 1177.86
3879 1180.61
3880 921.73
3881 332.698
3882 909.626
3883 929.03
3884 912.04
3885 904.806
3886 909.626
3887 924.16
3888 688.538
3889 1164.17
3890 492.84
3891 902.402
3892 325.442
3893 902.402
3894 1139.74
3895 902.402
3896 1416.77
3897 653.314
3898 866.714
3899 305.55
3900 470.022
3901 667.706
3902 907.214
3903 325.442
3904 926.594
3905 701.19
3906 494.618
3907 684.346
3908 684.346
3909 686.44
3910 494.618
3911 909.626
3912 476.986
3913 688.538
3914 201.64
3915 496.398
3916 690.638
3917 331.24
3918 692.742
3919 485.762
3920 907.214
3921 680.166
3922 669.774
3923 904.806
3924 331.24
3925 1161.45
3926 900
3927 912.04
3928 916.878
3929 328.334
3930 678.082
3931 900
3932 478.734
3933 331.24
3934 100
3935 491.066
3936 929.03
3937 496.398
3938 332.698
3939 671.846
3940 484
3941 324
3942 190.44
3943 187.142
3944 480.486
3945 199.374
3946 489.294
3947 489.294
3948 914.458
3949 322.562
3950 676
3951 909.626
3952 692.742
3953 690.638
3954 680.166
3955 1183.36
3956 329.786
3957 319.694
3958 32.7184
3959 667.706
3960 487.526
3961 337.09
3962 201.64
3963 904.806
3964 688.538
3965 676
3966 492.84
3967 678.082
3968 482.242
3969 202.778
3970 199.374
3971 205.062
3972 902.402
3973 895.206
3974 900
3975 316.84
3976 100
3977 498.182
3978 507.15
3979 686.44
3980 682.254
3981 478.734
3982 1147.85
3983 1158.72
3984 669.774
3985 318.266
3986 319.694
3987 335.622
3988 197.122
3989 692.742
3990 929.03
3991 491.066
3992 326.886
3993 332.698
3994 484
3995 203.918
3996 194.882
3997 484
3998 482.242
3999 487.526
4000 328.334
4001 325.442
4002 193.766
4003 678.082
4004 489.294
4005 473.498
4006 184.96
4007 647.194
4008 866.714
4009 653.314
4010 880.902
4011 1134.34
4012 667.706
4013 686.44
4014 331.24
4015 919.302
4016 688.538
4017 895.206
4018 478.734
4019 328.334
4020 1431.87
4021 671.846
4022 686.44
4023 501.76
4024 688.538
4025 676
4026 475.24
4027 321.126
4028 329.786
4029 494.618
4030 919.302
4031 487.526
4032 1156
4033 684.346
4034 494.618
4035 680.166
4036 678.082
4037 669.774
4038 489.294
4039 686.44
4040 897.602
4041 193.766
4042 1177.86
4043 202.778
4044 692.742
4045 699.074
4046 705.434
4047 328.334
4048 904.806
4049 1428.84
4050 475.24
4051 478.734
4052 476.986
4053 470.022
4054 315.418
4055 475.24
4056 885.658
4057 667.706
4058 1145.15
4059 1137.04
4060 37.4544
4061 201.64
4062 106.502
4063 199.374
4064 694.85
4065 332.698
4066 329.786
4067 686.44
4068 912.04
4069 485.762
4070 482.242
4071 485.762
4072 676
4073 492.84
4074 692.742
4075 334.158
4076 326.886
4077 325.442
4078 311.17
4079 890.426
4080 926.594
4081 1474.56
4082 926.594
4083 692.742
4084 37.9456
4085 463.11
4086 315.418
4087 1145.15
4088 482.242
4089 487.526
4090 1158.72
4091 499.97
4092 200.506
4093 199.374
4094 328.334
4095 673.922
4096 325.442
4097 484
4098 680.166
4099 485.762
4100 496.398
4101 322.562
4102 482.242
4103 193.766
4104 491.066
4105 680.166
4106 198.246
4107 476.986
4108 471.758
4109 319.694
4110 667.706
4111 468.29
4112 880.902
4113 475.24
4114 328.334
4115 100.802
4116 678.082
4117 686.44
4118 924.16
4119 338.56
4120 487.526
4121 198.246
4122 680.166
4123 667.706
4124 669.774
4125 480.486
4126 904.806
4127 484
4128 197.122
4129 680.166
4130 897.602
4131 319.694
4132 480.486
4133 319.694
4134 663.578
4135 478.734
4136 197.122
4137 476.986
4138 322.562
4139 491.066
4140 487.526
4141 671.846
4142 489.294
4143 485.762
4144 485.762
4145 673.922
4146 669.774
4147 912.04
4148 1186.11
4149 936.36
4150 926.594
4151 508.954
4152 337.09
4153 902.402
4154 684.346
4155 494.618
4156 696.96
4157 694.85
4158 684.346
4159 924.16
4160 933.914
4161 198.246
4162 676
4163 492.84
4164 198.246
4165 491.066
4166 686.44
4167 688.538
4168 318.266
4169 326.886
4170 682.254
4171 325.442
4172 485.762
4173 99.2016
4174 203.918
4175 341.51
4176 492.84
4177 325.442
4178 492.84
4179 680.166
4180 489.294
4181 199.374
4182 331.24
4183 324
4184 895.206
4185 487.526
4186 496.398
4187 895.206
4188 496.398
4189 200.506
4190 487.526
4191 103.226
4192 315.418
4193 476.986
4194 96.04
4195 201.64
4196 485.762
4197 482.242
4198 667.706
4199 678.082
4200 318.266
4201 671.846
4202 909.626
4203 1158.72
4204 678.082
4205 498.182
4206 1202.7
4207 1191.63
4208 701.19
4209 505.35
4210 340.034
4211 503.554
4212 496.398
4213 480.486
4214 329.786
4215 484
4216 895.206
4217 466.56
4218 186.05
4219 866.714
4220 671.846
4221 322.562
4222 501.76
4223 331.24
4224 200.506
4225 489.294
4226 485.762
4227 476.986
4228 684.346
4229 907.214
4230 671.846
4231 491.066
4232 496.398
4233 503.554
4234 331.24
4235 332.698
4236 688.538
4237 678.082
4238 459.674
4239 470.022
4240 478.734
4241 473.498
4242 197.122
4243 680.166
4244 696.96
4245 482.242
4246 39.4384
4247 692.742
4248 926.594
4249 106.502
4250 191.546
4251 313.998
4252 482.242
4253 473.498
4254 682.254
4255 489.294
4256 914.458
4257 1169.64
4258 921.73
4259 916.878
4260 1156
4261 914.458
4262 921.73
4263 1483.79
4264 938.81
4265 335.622
4266 931.47
4267 694.85
4268 329.786
4269 892.814
4270 485.762
4271 919.302
4272 907.214
4273 328.334
4274 499.97
4275 329.786
4276 482.242
4277 313.998
4278 880.902
4279 1147.85
4280 329.786
4281 196
4282 36.9664
4283 663.578
4284 1150.57
4285 489.294
4286 1450.09
4287 1161.45
4288 202.778
4289 684.346
4290 690.638
4291 912.04
4292 926.594
4293 690.638
4294 1177.86
4295 342.99
4296 103.226
4297 206.21
4298 684.346
4299 319.694
4300 325.442
4301 671.846
4302 322.562
4303 322.562
4304 657.41
4305 873.794
4306 186.05
4307 311.17
4308 322.562
4309 484
4310 489.294
4311 331.24
4312 667.706
4313 328.334
4314 907.214
4315 485.762
4316 329.786
4317 496.398
4318 482.242
4319 478.734
4320 669.774
4321 328.334
4322 489.294
4323 659.462
4324 325.442
4325 676
4326 678.082
4327 202.778
4328 485.762
4329 663.578
4330 657.41
4331 194.882
4332 196
4333 200.506
4334 690.638
4335 924.16
4336 680.166
4337 673.922
4338 888.04
4339 319.694
4340 321.126
4341 201.64
4342 331.24
4343 684.346
4344 673.922
4345 686.44
4346 325.442
4347 329.786
4348 487.526
4349 671.846
4350 321.126
4351 673.922
4352 331.24
4353 503.554
4354 326.886
4355 324
4356 196
4357 484
4358 1161.45
4359 491.066
4360 484
4361 897.602
4362 315.418
4363 661.518
4364 667.706
4365 485.762
4366 873.794
4367 191.546
4368 657.41
4369 661.518
4370 883.278
4371 326.886
4372 671.846
4373 661.518
4374 661.518
4375 873.794
4376 478.734
4377 653.314
4378 476.986
4379 487.526
4380 326.886
4381 902.402
4382 682.254
4383 492.84
4384 496.398
4385 485.762
4386 338.56
4387 692.742
4388 499.97
4389 496.398
4390 329.786
4391 888.04
4392 1145.15
4393 193.766
4394 322.562
4395 1175.12
4396 1172.38
4397 203.918
4398 699.074
4399 337.09
4400 322.562
4401 895.206
4402 480.486
4403 902.402
4404 326.886
4405 326.886
4406 1180.61
4407 682.254
4408 912.04
4409 197.122
4410 678.082
4411 895.206
4412 473.498
4413 189.338
4414 194.882
4415 480.486
4416 888.04
4417 878.53
4418 1128.96
4419 663.578
4420 199.374
4421 92.9296
4422 192.654
4423 470.022
4424 312.582
4425 475.24
4426 659.462
4427 661.518
4428 326.886
4429 692.742
4430 688.538
4431 491.066
4432 335.622
4433 696.96
4434 494.618
4435 931.47
4436 921.73
4437 694.85
4438 705.434
4439 337.09
4440 941.262
4441 696.96
4442 489.294
4443 692.742
4444 337.09
4445 897.602
4446 482.242
4447 694.85
4448 707.56
4449 926.594
4450 929.03
4451 694.85
4452 912.04
4453 492.84
4454 688.538
4455 496.398
4456 196
4457 38.44
4458 328.334
4459 198.246
4460 487.526
4461 696.96
4462 492.84
4463 676
4464 478.734
4465 1169.64
4466 904.806
4467 667.706
4468 487.526
4469 682.254
4470 667.706
4471 669.774
4472 684.346
4473 1180.61
4474 482.242
4475 897.602
4476 888.04
4477 1158.72
4478 326.886
4479 912.04
4480 1177.86
4481 686.44
4482 337.09
4483 498.182
4484 334.158
4485 919.302
4486 916.878
4487 902.402
4488 1440.96
4489 1156
4490 496.398
4491 941.262
4492 694.85
4493 332.698
4494 1437.93
4495 1150.57
4496 688.538
4497 902.402
4498 199.374
4499 334.158
4500 701.19
4501 694.85
4502 499.97
4503 487.526
4504 496.398
4505 496.398
4506 496.398
4507 496.398
4508 36.9664
4509 194.882
4510 482.242
4511 480.486
4512 888.04
4513 1139.74
4514 1139.74
4515 473.498
4516 316.84
4517 470.022
4518 471.758
4519 883.278
4520 324
4521 324
4522 98.4064
4523 696.96
4524 322.562
4525 321.126
4526 322.562
4527 482.242
4528 676
4529 480.486
4530 466.56
4531 463.11
4532 475.24
4533 318.266
4534 890.426
4535 326.886
4536 1164.17
4537 686.44
4538 101.606
4539 473.498
4540 678.082
4541 914.458
4542 331.24
4543 900
4544 895.206
4545 892.814
4546 888.04
4547 473.498
4548 480.486
4549 189.338
4550 96.04
4551 316.84
4552 325.442
4553 478.734
4554 475.24
4555 653.314
4556 312.582
4557 473.498
4558 876.16
4559 1112.89
4560 876.16
4561 651.27
4562 470.022
4563 326.886
4564 485.762
4565 680.166
4566 1166.91
4567 690.638
4568 680.166
4569 203.918
4570 914.458
4571 919.302
4572 498.182
4573 686.44
4574 98.4064
4575 197.122
4576 331.24
4577 491.066
4578 325.442
4579 907.214
4580 926.594
4581 498.182
4582 492.84
4583 5.0176
4584 199.374
4585 332.698
4586 919.302
4587 694.85
4588 331.24
4589 688.538
4590 692.742
4591 331.24
4592 205.062
4593 676
4594 326.886
4595 489.294
4596 199.374
4597 482.242
4598 667.706
4599 676
4600 686.44
4601 489.294
4602 669.774
4603 663.578
4604 316.84
4605 321.126
4606 657.41
4607 869.07
4608 854.978
4609 1404.75
4610 657.41
4611 663.578
4612 478.734
4613 1145.15
4614 895.206
4615 324
4616 876.16
4617 902.402
4618 1153.28
4619 487.526
4620 916.878
4621 1471.49
4622 1465.36
4623 1456.19
4624 480.486
4625 325.442
4626 197.122
4627 494.618
4628 690.638
4629 696.96
4630 496.398
4631 1191.63
4632 921.73
4633 912.04
4634 328.334
4635 696.96
4636 916.878
4637 688.538
4638 701.19
4639 938.81
4640 1188.87
4641 499.97
4642 688.538
4643 499.97
4644 703.31
4645 924.16
4646 1186.11
4647 684.346
4648 324
4649 904.806
4650 94.4784
4651 316.84
4652 671.846
4653 194.882
4654 484
4655 324
4656 189.338
4657 319.694
4658 315.418
4659 316.84
4660 487.526
4661 197.122
4662 36.9664
4663 501.76
4664 904.806
4665 682.254
4666 485.762
4667 914.458
4668 686.44
4669 690.638
4670 673.922
4671 680.166
4672 326.886
4673 200.506
4674 699.074
4675 505.35
4676 912.04
4677 684.346
4678 484
4679 661.518
4680 482.242
4681 332.698
4682 331.24
4683 897.602
4684 485.762
4685 686.44
4686 924.16
4687 498.182
4688 332.698
4689 667.706
4690 671.846
4691 496.398
4692 199.374
4693 191.546
4694 193.766
4695 888.04
4696 187.142
4697 478.734
4698 665.64
4699 321.126
4700 199.374
4701 321.126
4702 313.998
4703 326.886
4704 476.986
4705 473.498
4706 484
4707 489.294
4708 478.734
4709 673.922
4710 909.626
4711 334.158
4712 104.04
4713 507.15
4714 703.31
4715 694.85
4716 912.04
4717 332.698
4718 699.074
4719 686.44
4720 914.458
4721 496.398
4722 682.254
4723 680.166
4724 916.878
4725 688.538
4726 498.182
4727 921.73
4728 485.762
4729 485.762
4730 478.734
4731 667.706
4732 647.194
4733 657.41
4734 895.206
4735 673.922
4736 916.878
4737 895.206
4738 665.64
4739 659.462
4740 657.41
4741 319.694
4742 97.6144
4743 326.886
4744 902.402
4745 676
4746 686.44
4747 192.654
4748 318.266
4749 888.04
4750 671.846
4751 880.902
4752 487.526
4753 197.122
4754 319.694
4755 676
4756 192.654
4757 487.526
4758 491.066
4759 919.302
4760 197.122
4761 322.562
4762 484
4763 325.442
4764 897.602
4765 907.214
4766 491.066
4767 914.458
4768 914.458
4769 1161.45
4770 902.402
4771 673.922
4772 484
4773 100
4774 331.24
4775 1150.57
4776 1161.45
4777 680.166
4778 667.706
4779 96.8256
4780 316.84
4781 661.518
4782 657.41
4783 1139.74
4784 1153.28
4785 678.082
4786 667.706
4787 665.64
4788 188.238
4789 876.16
4790 1158.72
4791 671.846
4792 669.774
4793 484
4794 892.814
4795 878.53
4796 470.022
4797 187.142
4798 653.314
4799 878.53
4800 1137.04
4801 669.774
4802 318.266
4803 1150.57
4804 669.774
4805 919.302
4806 492.84
4807 478.734
4808 885.658
4809 1147.85
4810 308.354
4811 1134.34
4812 475.24
4813 319.694
4814 316.84
4815 466.56
4816 321.126
4817 485.762
4818 324
4819 328.334
4820 322.562
4821 673.922
4822 478.734
4823 897.602
4824 476.986
4825 892.814
4826 682.254
4827 328.334
4828 326.886
4829 37.4544
4830 99.2016
4831 904.806
4832 196
4833 478.734
4834 900
4835 669.774
4836 663.578
4837 673.922
4838 667.706
4839 192.654
4840 678.082
4841 189.338
4842 487.526
4843 686.44
4844 680.166
4845 904.806
4846 325.442
4847 196
4848 316.84
4849 473.498
4850 321.126
4851 657.41
4852 96.8256
4853 315.418
4854 313.998
4855 876.16
4856 316.84
4857 485.762
4858 197.122
4859 201.64
4860 324
4861 38.44
4862 692.742
4863 671.846
4864 489.294
4865 482.242
4866 38.44
4867 328.334
4868 671.846
4869 684.346
4870 197.122
4871 690.638
4872 491.066
4873 678.082
4874 883.278
4875 480.486
4876 328.334
4877 487.526
4878 198.246
4879 321.126
4880 473.498
4881 669.774
4882 892.814
4883 900
4884 916.878
4885 909.626
4886 680.166
4887 322.562
4888 198.246
4889 897.602
4890 669.774
4891 478.734
4892 665.64
4893 484
4894 494.618
4895 676
4896 669.774
4897 909.626
4898 916.878
4899 491.066
4900 331.24
4901 199.374
4902 484
4903 921.73
4904 478.734
4905 36
4906 661.518
4907 892.814
4908 892.814
4909 476.986
4910 482.242
4911 476.986
4912 686.44
4913 100
4914 919.302
4915 494.618
4916 202.778
4917 332.698
4918 4.84
4919 199.374
4920 322.562
4921 101.606
4922 475.24
4923 198.246
4924 326.886
4925 919.302
4926 912.04
4927 694.85
4928 510.76
4929 200.506
4930 489.294
4931 669.774
4932 1145.15
4933 480.486
4934 471.758
4935 312.582
4936 313.998
4937 321.126
4938 680.166
4939 1158.72
4940 1440.96
4941 34.1056
4942 487.526
4943 902.402
4944 325.442
4945 324
4946 196
4947 196
4948 682.254
4949 329.786
4950 496.398
4951 680.166
4952 888.04
4953 1126.27
4954 312.582
4955 888.04
4956 321.126
4957 663.578
4958 657.41
4959 859.662
4960 862.01
4961 184.96
4962 661.518
4963 470.022
4964 651.27
4965 1131.65
4966 680.166
4967 912.04
4968 921.73
4969 494.618
4970 496.398
4971 880.902
4972 661.518
4973 473.498
4974 686.44
4975 919.302
4976 897.602
4977 682.254
4978 678.082
4979 890.426
4980 883.278
4981 470.022
4982 892.814
4983 324
4984 671.846
4985 895.206
4986 478.734
4987 673.922
4988 885.658
4989 470.022
4990 475.24
4991 876.16
4992 883.278
4993 895.206
4994 659.462
4995 318.266
4996 473.498
4997 671.846
4998 203.918
4999 335.622
5000 332.698
