1 -2
2 -6
3 -4
4 -18
5 -4
6 2
7 -6
8 6
9 -12
10 -8
11 -26
12 -8
13 -6
14 -18
15 -6
16 2
17 4
18 8
19 28
20 12
21 8
22 0
23 16
24 18
25 -4
26 2
27 -8
28 0
29 -8
30 -20
31 -8
32 0
33 12
34 22
35 18
36 18
37 14
38 6
39 24
40 24
41 12
42 -4
43 4
44 4
45 4
46 8
47 0
48 14
49 0
50 6
51 20
52 30
53 14
54 18
55 12
56 0
57 8
58 8
59 18
60 26
61 20
62 30
63 20
64 8
65 8
66 12
67 -2
68 6
69 6
70 4
71 4
72 22
73 6
74 -10
75 -20
76 -14
77 -14
78 2
79 -2
80 -8
81 -6
82 -4
83 10
84 4
85 2
86 -2
87 -6
88 -4
89 0
90 -10
91 -2
92 0
93 -6
94 2
95 20
96 16
97 8
98 10
99 16
100 16
101 10
102 6
103 14
104 10
105 6
106 -2
107 14
108 24
109 16
110 -2
111 -12
112 -12
113 -14
114 -16
115 -14
116 -14
117 2
118 0
119 -20
120 -24
121 -20
122 -6
123 6
124 16
125 6
126 -2
127 4
128 12
129 6
130 -8
131 -4
132 -2
133 -10
134 2
135 18
136 10
137 -4
138 2
139 -10
140 -16
141 0
142 4
143 0
144 8
145 0
146 16
147 16
148 16
149 8
150 10
151 16
152 -4
153 12
154 22
155 14
156 4
157 -2
158 -2
159 -4
160 -4
161 -2
162 -14
163 -20
164 2
165 -4
166 -4
167 -2
168 6
169 20
170 -4
171 -4
172 -22
173 -8
174 -6
175 10
176 -12
177 -2
178 2
179 -14
180 -16
181 -18
182 -6
183 -2
184 16
185 0
186 6
187 6
188 -12
189 0
190 0
191 0
192 6
193 0
194 -4
195 6
196 -8
197 -10
198 -6
199 6
200 -2
201 -4
202 2
203 -4
204 -4
205 12
206 10
207 4
208 6
209 4
210 6
211 4
212 8
213 8
214 -4
215 0
216 12
217 6
218 8
219 8
220 14
221 16
222 10
223 4
224 0
225 -10
226 -28
227 -22
228 -18
229 -24
230 -20
231 -12
232 -16
233 -18
234 -30
235 -12
236 -14
237 -6
238 0
239 -18
240 0
241 -2
242 4
243 2
244 2
245 2
246 4
247 2
248 -12
249 6
250 2
251 2
252 12
253 14
254 18
255 16
256 2
257 6
258 4
259 -20
260 -14
261 -2
262 2
263 10
264 12
265 -2
266 8
267 4
268 14
269 12
270 -10
271 2
272 0
273 -16
274 2
275 12
276 14
277 0
278 10
279 -10
280 4
281 -8
282 -4
283 2
284 -14
285 -20
286 -2
287 -8
288 -4
289 4
290 2
291 -2
292 -4
293 -6
294 -12
295 -12
296 -8
297 2
298 6
299 12
300 8
301 -4
302 2
303 -10
304 -12
305 -8
306 -16
307 6
308 0
309 14
310 20
311 2
312 -4
313 -12
314 6
315 0
316 -6
317 -6
318 -4
319 16
320 8
321 -8
322 4
323 2
324 6
325 0
326 -10
327 4
328 -2
329 -4
330 -16
331 -6
332 8
333 -2
334 -12
335 -12
336 -2
337 -4
338 2
339 -14
340 -4
341 6
342 0
343 0
344 2
345 10
346 2
347 6
348 10
349 16
350 12
351 4
352 -2
353 -2
354 -10
355 2
356 2
357 -10
358 -14
359 -10
360 -22
361 8
362 2
363 4
364 0
365 10
366 8
367 0
368 2
369 -2
370 4
371 -8
372 -8
373 -6
374 -16
375 -8
376 -20
377 -28
378 -16
379 -12
380 -22
381 -20
382 -28
383 -28
384 -6
385 -6
386 -6
387 4
388 -16
389 -14
390 -6
391 6
392 10
393 12
394 22
395 14
396 28
397 34
398 26
399 24
400 10
401 12
402 8
403 6
404 -6
405 -14
406 0
407 4
408 -8
409 2
410 2
411 10
412 12
413 2
414 4
415 18
416 28
417 30
418 34
419 20
420 16
421 24
422 8
423 -10
424 0
425 -4
426 -6
427 -8
428 -6
429 -2
430 6
431 12
432 0
433 2
434 6
435 10
436 -4
437 -6
438 -12
439 -2
440 0
441 8
442 4
443 0
444 12
445 6
446 -2
447 16
448 20
449 22
450 12
451 10
452 18
453 8
454 24
455 6
456 4
457 -2
458 6
459 10
460 12
461 18
462 4
463 12
464 12
465 6
466 -2
467 -12
468 -6
469 -4
470 -12
471 12
472 22
473 22
474 2
475 14
476 8
477 0
478 -2
479 -2
480 -8
481 -10
482 4
483 16
484 2
485 -8
486 -16
487 -24
488 -22
489 -10
490 -4
491 -2
492 0
493 -4
494 4
495 12
496 2
497 0
498 4
499 20
500 20
501 20
502 -2
503 -4
504 -6
505 -4
506 -12
507 -8
508 10
509 26
510 16
511 20
512 14
513 6
514 4
515 4
516 8
517 -4
518 -14
519 -6
520 -6
521 6
522 10
523 10
524 18
525 12
526 10
527 24
528 40
529 32
530 6
531 2
532 -8
533 -12
534 -4
535 -2
536 4
537 0
538 -8
539 -16
540 -16
541 -2
542 -6
543 -8
544 -4
545 -16
546 -24
547 -2
548 2
549 2
550 6
551 18
552 18
553 8
554 4
555 10
556 2
557 18
558 10
559 8
560 20
561 10
562 2
563 -18
564 -20
565 -6
566 -4
567 -2
568 -14
569 -14
570 -12
571 -8
572 6
573 -2
574 0
575 -6
576 -2
577 2
578 2
579 -2
580 4
581 4
582 24
583 0
584 -2
585 14
586 10
587 2
588 -12
589 0
590 -22
591 -20
592 -6
593 0
594 10
595 6
596 12
597 2
598 -2
599 -12
600 -10
601 6
602 0
603 20
604 26
605 24
606 22
607 12
608 18
609 8
610 10
611 14
612 8
613 10
614 26
615 18
616 14
617 -2
618 -8
619 -6
620 8
621 6
622 6
623 -2
624 6
625 6
626 -12
627 6
628 8
629 10
630 -4
631 -2
632 -4
633 6
634 4
635 0
636 -4
637 8
638 -8
639 -10
640 -14
641 -12
642 4
643 -18
644 0
645 2
646 2
647 -6
648 -10
649 -14
650 -2
651 8
652 22
653 16
654 6
655 8
656 6
657 20
658 2
659 8
660 2
661 -4
662 4
663 10
664 12
665 8
666 -4
667 0
668 -4
669 8
670 10
671 10
672 12
673 10
674 8
675 -8
676 -10
677 -2
678 6
679 2
680 -6
681 -10
682 -4
683 18
684 10
685 14
686 20
687 16
688 10
689 0
690 -8
691 -2
692 12
693 24
694 22
695 12
696 2
697 -4
698 12
699 10
700 24
701 10
702 0
703 2
704 12
705 6
706 8
707 20
708 2
709 -8
710 -6
711 -10
712 -8
713 -10
714 -12
715 -12
716 -16
717 -4
718 0
719 0
720 -8
721 6
722 10
723 8
724 6
725 -2
726 2
727 12
728 4
729 4
730 4
731 -2
732 10
733 10
734 14
735 0
736 -6
737 -2
738 -12
739 -4
740 -20
741 -10
742 -24
743 -28
744 -24
745 -4
746 2
747 4
748 12
749 20
750 6
751 -8
752 2
753 0
754 -4
755 -14
756 -22
757 -34
758 -34
759 -26
760 2
761 -8
762 0
763 -4
764 -6
765 -6
766 -2
767 -10
768 -14
769 -18
770 -4
771 0
772 -12
773 -16
774 -16
775 -6
776 -4
777 4
778 -8
779 -4
780 12
781 0
782 -4
783 -4
784 -10
785 -10
786 -4
787 0
788 -8
789 -4
790 -12
791 -18
792 10
793 -4
794 -4
795 -24
796 -16
797 -8
798 8
799 4
800 -2
801 2
802 -2
803 10
804 10
805 18
806 24
807 10
808 0
809 2
810 2
811 10
812 -12
813 -18
814 -10
815 -8
816 4
817 -6
818 -2
819 -18
820 -14
821 -22
822 -32
823 -28
824 -12
825 8
826 6
827 18
828 6
829 0
830 10
831 24
832 16
833 12
834 8
835 0
836 10
837 2
838 -16
839 -14
840 -14
841 0
842 -22
843 -16
844 0
845 -10
846 -14
847 -2
848 -14
849 -4
850 -12
851 -4
852 10
853 10
854 6
855 10
856 14
857 18
858 10
859 -2
860 4
861 14
862 -4
863 10
864 0
865 -4
866 -4
867 -8
868 0
869 4
870 6
871 0
872 -10
873 -2
874 2
875 18
876 18
877 8
878 8
879 14
880 24
881 22
882 16
883 2
884 0
885 4
886 -2
887 -20
888 -20
889 0
890 18
891 20
892 20
893 12
894 4
895 10
896 -4
897 2
898 -12
899 -16
900 -8
901 -2
902 2
903 8
904 2
905 2
906 -4
907 -10
908 -6
909 -2
910 -12
911 -18
912 -4
913 -8
914 -2
915 -4
916 2
917 12
918 -2
919 2
920 4
921 6
922 16
923 8
924 14
925 26
926 12
927 10
928 10
929 4
930 2
931 4
932 14
933 8
934 4
935 16
936 -12
937 12
938 -4
939 2
940 20
941 12
942 2
943 2
944 8
945 20
946 20
947 14
948 0
949 0
950 -2
951 4
952 -6
953 -12
954 -4
955 0
956 2
957 8
958 16
959 14
960 10
961 26
962 22
963 16
964 16
965 20
966 10
967 6
968 -2
969 -12
970 -16
971 -36
972 -12
973 2
974 4
975 10
976 16
977 6
978 6
979 20
980 14
981 0
982 -16
983 -14
984 -8
985 -4
986 2
987 8
988 18
989 16
990 18
991 4
992 6
993 -6
994 8
995 -10
996 -4
997 8
998 18
999 12
1000 2
1001 16
1002 20
1003 20
1004 28
1005 18
1006 18
1007 18
1008 -2
1009 -10
1010 -4
1011 -4
1012 6
1013 -6
1014 2
1015 8
1016 4
1017 8
1018 -2
1019 2
1020 -16
1021 0
1022 4
1023 -16
1024 -4
1025 -2
1026 -4
1027 2
1028 -4
1029 -6
1030 -12
1031 -4
1032 -2
1033 -2
1034 12
1035 8
1036 4
1037 2
1038 -6
1039 -6
1040 -14
1041 -6
1042 -2
1043 8
1044 16
1045 2
1046 4
1047 2
1048 10
1049 6
1050 6
1051 8
1052 12
1053 0
1054 -12
1055 -26
1056 -22
1057 -12
1058 6
1059 6
1060 -12
1061 -2
1062 0
1063 -14
1064 -14
1065 -22
1066 -20
1067 -16
1068 -20
1069 -6
1070 -6
1071 -8
1072 -4
1073 -6
1074 -14
1075 -12
1076 -10
1077 0
1078 8
1079 -14
1080 -20
1081 -16
1082 -4
1083 0
1084 10
1085 0
1086 -8
1087 -4
1088 2
1089 4
1090 6
1091 8
1092 6
1093 22
1094 14
1095 2
1096 -6
1097 2
1098 8
1099 4
1100 2
1101 -4
1102 -18
1103 0
1104 -4
1105 2
1106 -2
1107 -14
1108 -6
1109 12
1110 12
1111 2
1112 10
1113 6
1114 4
1115 8
1116 0
1117 -6
1118 4
1119 -10
1120 -10
1121 -2
1122 -14
1123 -8
1124 2
1125 2
1126 6
1127 8
1128 -2
1129 -8
1130 -4
1131 -10
1132 6
1133 -2
1134 8
1135 4
1136 0
1137 0
1138 -18
1139 -24
1140 -20
1141 -4
1142 -4
1143 -6
1144 -16
1145 -24
1146 -2
1147 4
1148 -12
1149 -2
1150 -6
1151 -8
1152 8
1153 12
1154 8
1155 -2
1156 -4
1157 -8
1158 -14
1159 -10
1160 -12
1161 -6
1162 2
1163 6
1164 6
1165 12
1166 8
1167 8
1168 0
1169 2
1170 -2
1171 2
1172 6
1173 6
1174 16
1175 10
1176 4
1177 -12
1178 -10
1179 -10
1180 -10
1181 -26
1182 -20
1183 -20
1184 -28
1185 -14
1186 -6
1187 2
1188 8
1189 8
1190 12
1191 14
1192 16
1193 18
1194 24
1195 26
1196 16
1197 22
1198 16
1199 8
1200 -12
1201 -8
1202 -2
1203 16
1204 2
1205 6
1206 12
1207 2
1208 0
1209 4
1210 2
1211 0
1212 10
1213 -2
1214 -6
1215 -4
1216 10
1217 10
1218 14
1219 4
1220 20
1221 16
1222 2
1223 -4
1224 4
1225 -16
1226 8
1227 -4
1228 4
1229 4
1230 -16
1231 -2
1232 18
1233 20
1234 4
1235 4
1236 -10
1237 -10
1238 -8
1239 -20
1240 -12
1241 -10
1242 -8
1243 2
1244 2
1245 12
1246 -10
1247 -6
1248 -2
1249 4
1250 10
1251 14
1252 10
1253 8
1254 28
1255 10
1256 28
1257 6
1258 22
1259 20
1260 16
1261 14
1262 2
1263 2
1264 16
1265 26
1266 16
1267 16
1268 16
1269 20
1270 4
1271 -4
1272 12
1273 6
1274 0
1275 6
1276 10
1277 26
1278 0
1279 -6
1280 -18
1281 0
1282 -14
1283 -24
1284 -14
1285 -12
1286 -22
1287 -22
1288 -14
1289 4
1290 6
1291 12
1292 6
1293 6
1294 16
1295 6
1296 20
1297 12
1298 18
1299 20
1300 16
1301 8
1302 2
1303 2
1304 -6
1305 -6
1306 -10
1307 -6
1308 6
1309 10
1310 12
1311 18
1312 8
1313 16
1314 4
1315 8
1316 14
1317 2
1318 -8
1319 -8
1320 -2
1321 10
1322 12
1323 8
1324 18
1325 22
1326 20
1327 24
1328 14
1329 24
1330 0
1331 10
1332 12
1333 -6
1334 4
1335 0
1336 6
1337 0
1338 10
1339 20
1340 22
1341 10
1342 4
1343 0
1344 -10
1345 -6
1346 -6
1347 -4
1348 6
1349 0
1350 -6
1351 -12
1352 -18
1353 -18
1354 -14
1355 -10
1356 0
1357 14
1358 10
1359 8
1360 10
1361 2
1362 -8
1363 -4
1364 -8
1365 -16
1366 -12
1367 -14
1368 -12
1369 -10
1370 -8
1371 -18
1372 -4
1373 -14
1374 -10
1375 -12
1376 -18
1377 -4
1378 -8
1379 -10
1380 4
1381 22
1382 16
1383 18
1384 14
1385 12
1386 2
1387 4
1388 14
1389 4
1390 4
1391 8
1392 4
1393 -2
1394 10
1395 6
1396 0
1397 2
1398 14
1399 14
1400 8
1401 8
1402 2
1403 -2
1404 -10
1405 -8
1406 -4
1407 2
1408 6
1409 10
1410 0
1411 4
1412 -4
1413 -12
1414 -6
1415 4
1416 -8
1417 -10
1418 6
1419 4
1420 18
1421 4
1422 10
1423 12
1424 16
1425 16
1426 16
1427 8
1428 10
1429 6
1430 18
1431 14
1432 14
1433 6
1434 0
1435 0
1436 2
1437 12
1438 20
1439 10
1440 16
1441 6
1442 6
1443 14
1444 12
1445 18
1446 14
1447 4
1448 12
1449 12
1450 10
1451 8
1452 0
1453 6
1454 20
1455 20
1456 20
1457 -6
1458 0
1459 -14
1460 -16
1461 -22
1462 0
1463 4
1464 -6
1465 -14
1466 -4
1467 -2
1468 -8
1469 -6
1470 -22
1471 -14
1472 -4
1473 8
1474 4
1475 2
1476 4
1477 -6
1478 -6
1479 12
1480 6
1481 -12
1482 -8
1483 -8
1484 -14
1485 -12
1486 -6
1487 -18
1488 -8
1489 -2
1490 -4
1491 -16
1492 -16
1493 -6
1494 -4
1495 -14
1496 -6
1497 2
1498 -2
1499 -14
1500 -20
1501 -16
1502 2
1503 -8
1504 -8
1505 6
1506 2
1507 -8
1508 -16
1509 -10
1510 -20
1511 -16
1512 -8
1513 -8
1514 4
1515 -12
1516 2
1517 -4
1518 10
1519 -8
1520 -2
1521 12
1522 16
1523 6
1524 2
1525 -4
1526 -6
1527 8
1528 -2
1529 -4
1530 6
1531 -6
1532 -2
1533 6
1534 10
1535 -2
1536 6
1537 -4
1538 -12
1539 6
1540 2
1541 16
1542 2
1543 26
1544 16
1545 2
1546 -6
1547 -10
1548 -16
1549 -2
1550 0
1551 6
1552 18
1553 26
1554 28
1555 26
1556 20
1557 26
1558 8
1559 -4
1560 2
1561 6
1562 -20
1563 -26
1564 -12
1565 -16
1566 -26
1567 -4
1568 -12
1569 -6
1570 -10
1571 -18
1572 -6
1573 4
1574 -6
1575 -8
1576 -6
1577 0
1578 -2
1579 0
1580 4
1581 -12
1582 -2
1583 -6
1584 0
1585 2
1586 14
1587 22
1588 24
1589 22
1590 16
1591 14
1592 18
1593 14
1594 8
1595 8
1596 -4
1597 -2
1598 -14
1599 -14
1600 4
1601 -2
1602 6
1603 6
1604 6
1605 -6
1606 -6
1607 2
1608 0
1609 8
1610 0
1611 -6
1612 -10
1613 -4
1614 -12
1615 4
1616 18
1617 10
1618 12
1619 4
1620 20
1621 16
1622 2
1623 16
1624 18
1625 10
1626 -10
1627 -2
1628 -2
1629 8
1630 -6
1631 4
1632 2
1633 -8
1634 -10
1635 6
1636 0
1637 -2
1638 12
1639 30
1640 16
1641 20
1642 14
1643 8
1644 12
1645 14
1646 4
1647 10
1648 8
1649 2
1650 4
1651 14
1652 6
1653 8
1654 -2
1655 10
1656 10
1657 0
1658 -8
1659 -20
1660 -8
1661 8
1662 8
1663 18
1664 14
1665 -12
1666 -26
1667 -20
1668 -8
1669 -14
1670 -12
1671 -2
1672 -18
1673 -16
1674 -16
1675 -6
1676 -16
1677 -12
1678 -18
1679 -10
1680 -2
1681 8
1682 -4
1683 2
1684 -8
1685 -6
1686 -2
1687 -2
1688 -6
1689 4
1690 8
1691 14
1692 6
1693 8
1694 0
1695 10
1696 4
1697 8
1698 14
1699 6
1700 -8
1701 -6
1702 -4
1703 6
1704 -2
1705 4
1706 0
1707 4
1708 2
1709 -12
1710 -16
1711 -20
1712 -12
1713 0
1714 -8
1715 0
1716 4
1717 6
1718 -8
1719 -6
1720 -8
1721 8
1722 14
1723 -12
1724 -10
1725 -14
1726 -8
1727 0
1728 6
1729 2
1730 -4
1731 4
1732 -4
1733 -12
1734 -18
1735 -4
1736 4
1737 4
1738 6
1739 18
1740 8
1741 -4
1742 -16
1743 -8
1744 0
1745 2
1746 8
1747 12
1748 12
1749 2
1750 4
1751 6
1752 14
1753 4
1754 -4
1755 -2
1756 -6
1757 2
1758 0
1759 8
1760 10
1761 8
1762 6
1763 0
1764 0
1765 10
1766 6
1767 8
1768 4
1769 -10
1770 -12
1771 -12
1772 -14
1773 -18
1774 -10
1775 -10
1776 -6
1777 -8
1778 -12
1779 -16
1780 -10
1781 -4
1782 2
1783 4
1784 -8
1785 -8
1786 -14
1787 -6
1788 10
1789 12
1790 12
1791 -2
1792 -4
1793 -4
1794 -6
1795 -16
1796 -2
1797 2
1798 -4
1799 -14
1800 -6
1801 -8
1802 -6
1803 -8
1804 -4
1805 -6
1806 -2
1807 -14
1808 -12
1809 -10
1810 -2
1811 10
1812 24
1813 24
1814 16
1815 6
1816 18
1817 18
1818 0
1819 8
1820 2
1821 -8
1822 -16
1823 2
1824 -8
1825 -18
1826 -6
1827 8
1828 -4
1829 -2
1830 2
1831 6
1832 4
1833 6
1834 -12
1835 -18
1836 -18
1837 -12
1838 -14
1839 -2
1840 -4
1841 2
1842 -6
1843 12
1844 -2
1845 4
1846 -8
1847 12
1848 8
1849 8
1850 -6
1851 0
1852 18
1853 24
1854 10
1855 4
1856 12
1857 28
1858 22
1859 6
1860 16
1861 8
1862 4
1863 18
1864 8
1865 -2
1866 4
1867 -4
1868 -4
1869 4
1870 -6
1871 2
1872 -10
1873 6
1874 -10
1875 -14
1876 -4
1877 -8
1878 -12
1879 0
1880 2
1881 12
1882 16
1883 10
1884 26
1885 30
1886 18
1887 6
1888 0
1889 -6
1890 -4
1891 10
1892 12
1893 18
1894 4
1895 16
1896 6
1897 10
1898 2
1899 12
1900 4
1901 -14
1902 -8
1903 6
1904 12
1905 14
1906 0
1907 -4
1908 0
1909 -8
1910 -8
1911 -8
1912 -10
1913 -6
1914 -2
1915 16
1916 6
1917 2
1918 6
1919 0
1920 -2
1921 6
1922 10
1923 -6
1924 -6
1925 -4
1926 0
1927 -2
1928 10
1929 2
1930 6
1931 0
1932 0
1933 -4
1934 12
1935 20
1936 2
1937 10
1938 8
1939 4
1940 0
1941 4
1942 -4
1943 0
1944 10
1945 18
1946 20
1947 16
1948 8
1949 0
1950 4
1951 2
1952 14
1953 -6
1954 -6
1955 4
1956 -10
1957 -2
1958 2
1959 10
1960 0
1961 -6
1962 2
1963 -8
1964 -14
1965 6
1966 10
1967 8
1968 6
1969 0
1970 2
1971 6
1972 4
1973 20
1974 10
1975 10
1976 18
1977 4
1978 4
1979 8
1980 2
1981 4
1982 6
1983 6
1984 2
1985 -2
1986 -4
1987 -18
1988 -6
1989 -4
1990 4
1991 6
1992 -6
1993 0
1994 4
1995 0
1996 10
1997 2
1998 0
1999 -4
2000 -4
2001 4
2002 -8
2003 -8
2004 -14
2005 -4
2006 -8
2007 0
2008 14
2009 38
2010 34
2011 10
2012 10
2013 8
2014 2
2015 -6
2016 -14
2017 -14
2018 -16
2019 -2
2020 2
2021 22
2022 2
2023 -10
2024 -20
2025 -14
2026 -24
2027 -30
2028 -26
2029 -14
2030 12
2031 18
2032 0
2033 6
2034 16
2035 8
2036 22
2037 18
2038 18
2039 22
2040 16
2041 24
2042 8
2043 16
2044 14
2045 20
2046 20
2047 16
2048 14
2049 10
2050 8
2051 8
2052 8
2053 18
2054 14
2055 0
2056 14
2057 -2
2058 -10
2059 -10
2060 -4
2061 0
2062 10
2063 -4
2064 4
2065 -6
2066 -2
2067 6
2068 4
2069 8
2070 2
2071 -6
2072 -4
2073 16
2074 28
2075 6
2076 -4
2077 -10
2078 14
2079 2
2080 -6
2081 2
2082 6
2083 12
2084 6
2085 -2
2086 4
2087 8
2088 14
2089 12
2090 20
2091 18
2092 16
2093 16
2094 12
2095 8
2096 10
2097 14
2098 2
2099 12
2100 6
2101 10
2102 -8
2103 -10
2104 -14
2105 -14
2106 -18
2107 -24
2108 -20
2109 -12
2110 -10
2111 -20
2112 -28
2113 -14
2114 -10
2115 -6
2116 -8
2117 0
2118 -6
2119 6
2120 2
2121 18
2122 8
2123 8
2124 2
2125 2
2126 12
2127 4
2128 -4
2129 0
2130 -16
2131 -6
2132 -2
2133 -8
2134 -2
2135 -6
2136 -4
2137 12
2138 6
2139 -6
2140 -2
2141 0
2142 -8
2143 -2
2144 -2
2145 4
2146 16
2147 12
2148 22
2149 18
2150 12
2151 10
2152 6
2153 18
2154 -2
2155 -4
2156 6
2157 12
2158 16
2159 18
2160 12
2161 14
2162 12
2163 8
2164 4
2165 -10
2166 -22
2167 -4
2168 2
2169 12
2170 8
2171 14
2172 0
2173 8
2174 8
2175 4
2176 16
2177 8
2178 -4
2179 -6
2180 18
2181 2
2182 2
2183 0
2184 0
2185 -12
2186 -24
2187 -18
2188 -14
2189 -8
2190 -2
2191 0
2192 12
2193 4
2194 4
2195 -6
2196 -10
2197 -14
2198 -16
2199 -12
2200 -8
2201 2
2202 10
2203 12
2204 22
2205 16
2206 6
2207 2
2208 14
2209 12
2210 -4
2211 -20
2212 -14
2213 -12
2214 -10
2215 -12
2216 -2
2217 4
2218 -4
2219 -6
2220 -14
2221 6
2222 6
2223 14
2224 0
2225 -2
2226 -2
2227 -4
2228 -16
2229 -12
2230 -8
2231 -12
2232 -6
2233 2
2234 2
2235 12
2236 4
2237 12
2238 22
2239 24
2240 14
2241 -20
2242 -18
2243 -4
2244 2
2245 0
2246 12
2247 4
2248 4
2249 8
2250 18
2251 16
2252 32
2253 26
2254 14
2255 22
2256 24
2257 2
2258 4
2259 -2
2260 0
2261 -10
2262 0
2263 -14
2264 -12
2265 -20
2266 -10
2267 8
2268 30
2269 18
2270 8
2271 8
2272 -2
2273 22
2274 10
2275 26
2276 6
2277 8
2278 -2
2279 -10
2280 2
2281 -8
2282 -8
2283 4
2284 0
2285 2
2286 6
2287 10
2288 0
2289 -8
2290 -14
2291 -12
2292 -8
2293 -10
2294 -10
2295 -6
2296 4
2297 10
2298 12
2299 16
2300 -4
2301 -18
2302 -10
2303 -6
2304 2
2305 0
2306 6
2307 12
2308 8
2309 4
2310 6
2311 0
2312 -8
2313 -10
2314 6
2315 22
2316 20
2317 10
2318 2
2319 -8
2320 14
2321 16
2322 16
2323 2
2324 -4
2325 4
2326 12
2327 12
2328 -8
2329 -18
2330 -28
2331 -14
2332 -12
2333 -18
2334 -18
2335 0
2336 -6
2337 2
2338 4
2339 0
2340 4
2341 -2
2342 2
2343 4
2344 0
2345 -16
2346 -10
2347 0
2348 -2
2349 4
2350 -6
2351 4
2352 24
2353 20
2354 4
2355 4
2356 0
2357 -8
2358 -2
2359 14
2360 14
2361 8
2362 2
2363 6
2364 14
2365 6
2366 -2
2367 -14
2368 -10
2369 6
2370 6
2371 0
2372 2
2373 -8
2374 -2
2375 2
2376 -2
2377 12
2378 -4
2379 -8
2380 2
2381 -8
2382 -12
2383 14
2384 2
2385 -6
2386 0
2387 -10
2388 -6
2389 -10
2390 -2
2391 8
2392 12
2393 8
2394 8
2395 0
2396 8
2397 16
2398 4
2399 -14
2400 -10
2401 -12
2402 -4
2403 -2
2404 12
2405 10
2406 -8
2407 -8
2408 -22
2409 -16
2410 -12
2411 -14
2412 -6
2413 -6
2414 8
2415 20
2416 22
2417 0
2418 -16
2419 -6
2420 -16
2421 -4
2422 -12
2423 0
2424 -8
2425 6
2426 12
2427 -6
2428 -8
2429 0
2430 -16
2431 -2
2432 12
2433 -2
2434 -8
2435 -10
2436 -8
2437 6
2438 -2
2439 -12
2440 0
2441 -10
2442 6
2443 -2
2444 -10
2445 -14
2446 -26
2447 -32
2448 -8
2449 0
2450 -2
2451 12
2452 6
2453 0
2454 -6
2455 2
2456 14
2457 12
2458 6
2459 18
2460 6
2461 2
2462 -10
2463 -8
2464 -12
2465 0
2466 -2
2467 20
2468 10
2469 -4
2470 -10
2471 6
2472 2
2473 0
2474 14
2475 2
2476 -2
2477 6
2478 10
2479 26
2480 12
2481 8
2482 4
2483 6
2484 -2
2485 0
2486 -4
2487 6
2488 16
2489 12
2490 12
2491 10
2492 16
2493 6
2494 2
2495 2
2496 12
2497 22
2498 28
2499 26
2500 24
2501 18
2502 12
2503 -4
2504 -8
2505 -4
2506 -8
2507 4
2508 6
2509 10
2510 10
2511 -6
2512 12
2513 10
2514 0
2515 10
2516 0
2517 -8
2518 -6
2519 -6
2520 -12
2521 -4
2522 -4
2523 -10
2524 -20
2525 -2
2526 2
2527 4
2528 -6
2529 -20
2530 -14
2531 -18
2532 -8
2533 0
2534 8
2535 -12
2536 2
2537 14
2538 12
2539 -6
2540 18
2541 0
2542 -8
2543 -24
2544 -26
2545 -26
2546 -16
2547 -26
2548 -20
2549 -6
2550 -6
2551 -20
2552 -16
2553 -20
2554 -18
2555 -4
2556 -4
2557 6
2558 -6
2559 16
2560 24
2561 28
2562 16
2563 18
2564 14
2565 18
2566 22
2567 18
2568 10
2569 2
2570 0
2571 -8
2572 -4
2573 -4
2574 6
2575 12
2576 12
2577 16
2578 6
2579 10
2580 -2
2581 2
2582 0
2583 0
2584 0
2585 -2
2586 -8
2587 -2
2588 4
2589 30
2590 8
2591 14
2592 24
2593 2
2594 -18
2595 -12
2596 -16
2597 -6
2598 20
2599 2
2600 2
2601 -16
2602 -14
2603 -10
2604 -8
2605 -14
2606 -16
2607 -24
2608 -14
2609 0
2610 -8
2611 -14
2612 -12
2613 -8
2614 4
2615 2
2616 6
2617 4
2618 14
2619 14
2620 20
2621 4
2622 6
2623 0
2624 -14
2625 10
2626 20
2627 12
2628 2
2629 -16
2630 -18
2631 8
2632 6
2633 12
2634 20
2635 2
2636 0
2637 2
2638 -12
2639 0
2640 4
2641 -4
2642 4
2643 6
2644 18
2645 32
2646 16
2647 18
2648 20
2649 6
2650 4
2651 8
2652 -16
2653 -6
2654 -2
2655 -10
2656 -22
2657 -22
2658 -24
2659 -10
2660 2
2661 8
2662 14
2663 20
2664 -4
2665 -8
2666 0
2667 8
2668 6
2669 6
2670 0
2671 0
2672 6
2673 -2
2674 4
2675 -4
2676 -4
2677 -24
2678 -18
2679 -10
2680 -14
2681 2
2682 10
2683 0
2684 4
2685 -6
2686 -2
2687 -18
2688 -14
2689 -6
2690 -14
2691 -14
2692 -4
2693 -14
2694 -14
2695 -8
2696 -12
2697 -10
2698 0
2699 0
2700 16
2701 12
2702 10
2703 0
2704 10
2705 8
2706 -2
2707 -10
2708 2
2709 -2
2710 6
2711 8
2712 0
2713 -6
2714 0
2715 -2
2716 2
2717 12
2718 2
2719 2
2720 16
2721 6
2722 -8
2723 -14
2724 -12
2725 -6
2726 -10
2727 -2
2728 2
2729 8
2730 8
2731 12
2732 -6
2733 -6
2734 0
2735 4
2736 8
2737 -2
2738 12
2739 -6
2740 -10
2741 -12
2742 -12
2743 -8
2744 6
2745 -4
2746 14
2747 6
2748 0
2749 2
2750 6
2751 4
2752 14
2753 16
2754 10
2755 -6
2756 -8
2757 -20
2758 -8
2759 -6
2760 -12
2761 -16
2762 -20
2763 -18
2764 0
2765 6
2766 12
2767 12
2768 8
2769 10
2770 6
2771 -2
2772 -8
2773 -24
2774 -6
2775 -14
2776 -8
2777 -12
2778 -6
2779 -8
2780 -26
2781 0
2782 -8
2783 0
2784 6
2785 6
2786 2
2787 -2
2788 22
2789 18
2790 4
2791 18
2792 32
2793 16
2794 2
2795 6
2796 6
2797 2
2798 12
2799 6
2800 6
2801 20
2802 18
2803 14
2804 6
2805 -8
2806 -8
2807 -4
2808 -2
2809 22
2810 28
2811 30
2812 20
2813 12
2814 34
2815 18
2816 10
2817 18
2818 20
2819 8
2820 2
2821 6
2822 0
2823 4
2824 -18
2825 -6
2826 -14
2827 -6
2828 -18
2829 -16
2830 -20
2831 -8
2832 -26
2833 -12
2834 -16
2835 -8
2836 -18
2837 -14
2838 -8
2839 0
2840 16
2841 10
2842 2
2843 4
2844 6
2845 -4
2846 -4
2847 10
2848 4
2849 6
2850 6
2851 -2
2852 14
2853 8
2854 26
2855 10
2856 -4
2857 2
2858 0
2859 6
2860 12
2861 8
2862 0
2863 4
2864 6
2865 14
2866 4
2867 6
2868 4
2869 8
2870 12
2871 8
2872 10
2873 6
2874 6
2875 -4
2876 -2
2877 10
2878 20
2879 24
2880 26
2881 10
2882 -2
2883 2
2884 12
2885 4
2886 4
2887 12
2888 2
2889 -10
2890 -20
2891 -2
2892 0
2893 -6
2894 -10
2895 -14
2896 -6
2897 -24
2898 -20
2899 -8
2900 -10
2901 8
2902 -4
2903 14
2904 10
2905 12
2906 18
2907 10
2908 26
2909 16
2910 20
2911 12
2912 10
2913 8
2914 0
2915 0
2916 0
2917 0
2918 10
2919 0
2920 2
2921 -4
2922 2
2923 0
2924 -8
2925 10
2926 0
2927 10
2928 4
2929 8
2930 0
2931 -4
2932 2
2933 -4
2934 -4
2935 -6
2936 4
2937 2
2938 0
2939 8
2940 0
2941 8
2942 2
2943 4
2944 6
2945 4
2946 2
2947 6
2948 14
2949 8
2950 26
2951 40
2952 38
2953 22
2954 26
2955 32
2956 30
2957 36
2958 32
2959 12
2960 0
2961 -4
2962 -12
2963 0
2964 6
2965 6
2966 2
2967 6
2968 14
2969 2
2970 24
2971 12
2972 28
2973 6
2974 18
2975 20
2976 16
2977 4
2978 2
2979 8
2980 10
2981 16
2982 20
2983 20
2984 2
2985 -8
2986 -6
2987 -22
2988 -20
2989 -18
2990 -28
2991 -22
2992 -14
2993 -14
2994 -18
2995 -22
2996 -22
2997 -20
2998 0
2999 -8
3000 -12
3001 -4
3002 -8
3003 -8
3004 -22
3005 -12
3006 -16
3007 -16
3008 -6
3009 0
3010 -10
3011 -6
3012 12
3013 -4
3014 -2
3015 6
3016 -4
3017 -12
3018 4
3019 -10
3020 0
3021 -6
3022 -18
3023 -18
3024 6
3025 22
3026 12
3027 2
3028 4
3029 6
3030 -8
3031 -16
3032 -2
3033 -6
3034 6
3035 -2
3036 -4
3037 4
3038 -2
3039 2
3040 -14
3041 -6
3042 -8
3043 6
3044 4
3045 18
3046 12
3047 10
3048 8
3049 14
3050 -2
3051 -14
3052 -24
3053 -14
3054 -12
3055 -22
3056 -16
3057 -8
3058 -10
3059 -10
3060 -24
3061 -2
3062 6
3063 2
3064 -4
3065 -4
3066 6
3067 12
3068 -4
3069 -4
3070 -4
3071 -10
3072 4
3073 4
3074 6
3075 6
3076 8
3077 8
3078 10
3079 2
3080 -12
3081 -12
3082 -10
3083 -12
3084 -14
3085 -8
3086 -2
3087 -6
3088 4
3089 10
3090 6
3091 2
3092 0
3093 -2
3094 -6
3095 -4
3096 -6
3097 -2
3098 0
3099 -8
3100 -10
3101 -18
3102 -20
3103 -18
3104 -4
3105 2
3106 -4
3107 6
3108 0
3109 -6
3110 -2
3111 6
3112 0
3113 4
3114 8
3115 16
3116 12
3117 2
3118 -6
3119 -4
3120 -4
3121 4
3122 -8
3123 -2
3124 -4
3125 -6
3126 -10
3127 -16
3128 -2
3129 10
3130 0
3131 4
3132 8
3133 2
3134 4
3135 4
3136 8
3137 -8
3138 -28
3139 -28
3140 -16
3141 -4
3142 -6
3143 -6
3144 0
3145 -2
3146 -4
3147 -10
3148 4
3149 -2
3150 -8
3151 -8
3152 -4
3153 -4
3154 -4
3155 -2
3156 -4
3157 2
3158 10
3159 6
3160 10
3161 -2
3162 0
3163 8
3164 6
3165 -12
3166 -16
3167 0
3168 10
3169 8
3170 0
3171 -2
3172 0
3173 6
3174 6
3175 -6
3176 -4
3177 6
3178 6
3179 -2
3180 -4
3181 14
3182 0
3183 8
3184 10
3185 2
3186 -10
3187 -20
3188 -14
3189 -16
3190 -10
3191 -14
3192 -22
3193 -26
3194 -2
3195 -10
3196 -6
3197 6
3198 6
3199 -2
3200 6
3201 4
3202 2
3203 -10
3204 8
3205 -18
3206 -8
3207 -14
3208 2
3209 -4
3210 0
3211 0
3212 4
3213 -8
3214 0
3215 2
3216 10
3217 8
3218 6
3219 4
3220 -20
3221 -28
3222 -32
3223 -10
3224 -4
3225 -14
3226 -4
3227 -2
3228 0
3229 2
3230 -10
3231 -30
3232 -20
3233 -16
3234 -14
3235 8
3236 10
3237 18
3238 14
3239 18
3240 18
3241 8
3242 10
3243 14
3244 16
3245 12
3246 4
3247 18
3248 4
3249 2
3250 16
3251 24
3252 22
3253 14
3254 14
3255 10
3256 14
3257 -2
3258 8
3259 8
3260 6
3261 4
3262 8
3263 12
3264 10
3265 10
3266 8
3267 4
3268 4
3269 12
3270 22
3271 8
3272 4
3273 8
3274 22
3275 4
3276 6
3277 2
3278 -12
3279 -18
3280 -14
3281 -8
3282 -6
3283 -10
3284 -18
3285 -16
3286 -6
3287 2
3288 6
3289 6
3290 4
3291 12
3292 -2
3293 0
3294 2
3295 6
3296 2
3297 8
3298 16
3299 6
3300 2
3301 -4
3302 -8
3303 6
3304 8
3305 14
3306 6
3307 4
3308 10
3309 10
3310 12
3311 6
3312 -2
3313 4
3314 -12
3315 -12
3316 -6
3317 0
3318 -2
3319 -2
3320 12
3321 6
3322 6
3323 2
3324 2
3325 -6
3326 4
3327 -6
3328 6
3329 12
3330 8
3331 14
3332 6
3333 4
3334 4
3335 14
3336 10
3337 8
3338 -2
3339 -6
3340 -4
3341 10
3342 20
3343 22
3344 28
3345 32
3346 28
3347 26
3348 18
3349 18
3350 14
3351 10
3352 10
3353 8
3354 10
3355 -2
3356 -16
3357 -8
3358 -10
3359 -20
3360 -14
3361 -14
3362 -4
3363 6
3364 6
3365 -6
3366 12
3367 14
3368 16
3369 10
3370 -10
3371 -6
3372 -2
3373 4
3374 0
3375 0
3376 12
3377 14
3378 22
3379 28
3380 32
3381 14
3382 10
3383 14
3384 20
3385 16
3386 8
3387 4
3388 10
3389 26
3390 12
3391 10
3392 16
3393 2
3394 -16
3395 -4
3396 8
3397 2
3398 -2
3399 10
3400 10
3401 0
3402 -2
3403 -26
3404 -32
3405 -14
3406 -16
3407 -18
3408 -12
3409 -20
3410 -20
3411 -22
3412 -20
3413 -12
3414 -18
3415 -8
3416 -4
3417 -4
3418 -2
3419 14
3420 12
3421 0
3422 0
3423 4
3424 12
3425 10
3426 8
3427 12
3428 4
3429 4
3430 8
3431 -6
3432 -8
3433 -12
3434 0
3435 -10
3436 0
3437 4
3438 22
3439 18
3440 4
3441 -8
3442 4
3443 16
3444 22
3445 8
3446 10
3447 -6
3448 -6
3449 -4
3450 -22
3451 -36
3452 -24
3453 -16
3454 4
3455 0
3456 10
3457 2
3458 4
3459 10
3460 -14
3461 -24
3462 -18
3463 -18
3464 -4
3465 6
3466 -2
3467 -24
3468 -32
3469 -34
3470 -28
3471 -24
3472 -12
3473 -6
3474 -16
3475 -10
3476 0
3477 -2
3478 -2
3479 4
3480 16
3481 0
3482 12
3483 16
3484 12
3485 6
3486 -12
3487 -12
3488 -10
3489 -10
3490 -18
3491 -16
3492 -12
3493 -10
3494 2
3495 -6
3496 -6
3497 -12
3498 4
3499 6
3500 16
3501 -8
3502 -12
3503 -4
3504 -4
3505 -6
3506 0
3507 6
3508 8
3509 6
3510 -2
3511 -8
3512 16
3513 12
3514 -6
3515 6
3516 4
3517 6
3518 -4
3519 -14
3520 -10
3521 0
3522 18
3523 6
3524 16
3525 14
3526 24
3527 10
3528 -6
3529 12
3530 14
3531 22
3532 14
3533 16
3534 14
3535 6
3536 -4
3537 0
3538 -8
3539 -12
3540 -14
3541 -12
3542 -20
3543 -6
3544 0
3545 -4
3546 4
3547 2
3548 -8
3549 -2
3550 -2
3551 -10
3552 -6
3553 -14
3554 4
3555 22
3556 18
3557 14
3558 12
3559 10
3560 -4
3561 -14
3562 -2
3563 -2
3564 0
3565 -10
3566 -16
3567 -14
3568 10
3569 -6
3570 -12
3571 -14
3572 -18
3573 -10
3574 -8
3575 10
3576 -6
3577 4
3578 18
3579 8
3580 6
3581 0
3582 -6
3583 10
3584 -8
3585 10
3586 16
3587 0
3588 2
3589 -4
3590 -10
3591 -8
3592 -6
3593 14
3594 12
3595 -4
3596 4
3597 8
3598 10
3599 16
3600 6
3601 -2
3602 -4
3603 -6
3604 -8
3605 2
3606 0
3607 18
3608 30
3609 22
3610 6
3611 4
3612 4
3613 -8
3614 -12
3615 -6
3616 6
3617 14
3618 10
3619 8
3620 4
3621 4
3622 10
3623 0
3624 -2
3625 6
3626 -2
3627 -6
3628 -10
3629 -6
3630 -8
3631 0
3632 2
3633 0
3634 -10
3635 -8
3636 4
3637 4
3638 20
3639 14
3640 12
3641 8
3642 16
3643 -2
3644 14
3645 12
3646 10
3647 -2
3648 8
3649 0
3650 -2
3651 -6
3652 -8
3653 -8
3654 4
3655 2
3656 0
3657 -2
3658 -4
3659 4
3660 -12
3661 -2
3662 0
3663 2
3664 14
3665 22
3666 28
3667 10
3668 8
3669 8
3670 0
3671 -2
3672 -12
3673 8
3674 20
3675 -4
3676 0
3677 6
3678 -6
3679 -4
3680 -4
3681 -8
3682 -14
3683 -8
3684 0
3685 -14
3686 -16
3687 -22
3688 -28
3689 -24
3690 -10
3691 -12
3692 -4
3693 0
3694 14
3695 12
3696 22
3697 24
3698 4
3699 6
3700 -6
3701 -12
3702 -12
3703 2
3704 -4
3705 -8
3706 -8
3707 6
3708 2
3709 10
3710 8
3711 6
3712 -10
3713 -14
3714 -4
3715 6
3716 14
3717 4
3718 18
3719 4
3720 -18
3721 -10
3722 -8
3723 -20
3724 4
3725 0
3726 -12
3727 0
3728 6
3729 2
3730 -4
3731 -10
3732 -12
3733 -24
3734 -12
3735 -8
3736 -20
3737 -14
3738 -14
3739 -4
3740 -8
3741 10
3742 2
3743 2
3744 12
3745 4
3746 0
3747 -6
3748 -12
3749 -12
3750 -10
3751 4
3752 -2
3753 8
3754 6
3755 4
3756 2
3757 0
3758 14
3759 6
3760 4
3761 2
3762 6
3763 12
3764 4
3765 8
3766 2
3767 0
3768 -4
3769 4
3770 4
3771 2
3772 0
3773 -2
3774 -8
3775 -14
3776 -12
3777 -2
3778 0
3779 10
3780 -6
3781 -14
3782 -14
3783 10
3784 2
3785 -6
3786 -2
3787 -4
3788 -18
3789 -10
3790 -4
3791 -4
3792 18
3793 12
3794 6
3795 12
3796 6
3797 0
3798 2
3799 12
3800 -2
3801 2
3802 12
3803 18
3804 16
3805 -4
3806 4
3807 8
3808 8
3809 -6
3810 -6
3811 -8
3812 -14
3813 -12
3814 -20
3815 -24
3816 -18
3817 6
3818 2
3819 -2
3820 -2
3821 6
3822 8
3823 10
3824 22
3825 10
3826 -4
3827 -2
3828 8
3829 6
3830 16
3831 16
3832 14
3833 14
3834 12
3835 20
3836 16
3837 -6
3838 18
3839 6
3840 12
3841 18
3842 14
3843 22
3844 6
3845 18
3846 24
3847 18
3848 16
3849 18
3850 20
3851 16
3852 2
3853 8
3854 4
3855 -8
3856 -8
3857 8
3858 8
3859 10
3860 12
3861 8
3862 4
3863 -8
3864 -10
3865 -8
3866 -4
3867 -14
3868 -12
3869 -4
3870 0
3871 -2
3872 -10
3873 -6
3874 -12
3875 -20
3876 0
3877 14
3878 16
3879 18
3880 18
3881 12
3882 8
3883 24
3884 10
3885 4
3886 8
3887 20
3888 12
3889 6
3890 10
3891 2
3892 2
3893 2
3894 -12
3895 2
3896 -18
3897 -22
3898 -28
3899 -26
3900 -16
3901 -8
3902 6
3903 2
3904 22
3905 24
3906 12
3907 8
3908 8
3909 10
3910 12
3911 8
3912 -8
3913 12
3914 10
3915 14
3916 14
3917 10
3918 16
3919 2
3920 6
3921 4
3922 -6
3923 4
3924 10
3925 4
3926 0
3927 10
3928 14
3929 6
3930 2
3931 0
3932 -6
3933 10
3934 0
3935 8
3936 24
3937 14
3938 12
3939 -4
3940 0
3941 0
3942 -10
3943 -16
3944 -4
3945 6
3946 6
3947 6
3948 12
3949 -2
3950 0
3951 8
3952 16
3953 14
3954 4
3955 20
3956 8
3957 -6
3958 -14
3959 -8
3960 4
3961 18
3962 10
3963 4
3964 12
3965 0
3966 10
3967 2
3968 -2
3969 12
3970 6
3971 16
3972 2
3973 -4
3974 0
3975 -10
3976 0
3977 16
3978 26
3979 10
3980 6
3981 -6
3982 -6
3983 2
3984 -6
3985 -8
3986 -6
3987 16
3988 2
3989 16
3990 24
3991 8
3992 4
3993 12
3994 0
3995 14
3996 -2
3997 0
3998 -2
3999 4
4000 6
4001 2
4002 -4
4003 2
4004 6
4005 -12
4006 -20
4007 -28
4008 -28
4009 -22
4010 -16
4011 -16
4012 -8
4013 10
4014 10
4015 16
4016 12
4017 -4
4018 -6
4019 6
4020 -8
4021 -4
4022 10
4023 20
4024 12
4025 0
4026 -10
4027 -4
4028 8
4029 12
4030 16
4031 4
4032 0
4033 8
4034 12
4035 4
4036 2
4037 -6
4038 6
4039 10
4040 -2
4041 -4
4042 16
4043 12
4044 16
4045 22
4046 28
4047 6
4048 4
4049 -10
4050 -10
4051 -6
4052 -8
4053 -16
4054 -12
4055 -10
4056 -12
4057 -8
4058 -8
4059 -14
4060 6
4061 10
4062 16
4063 6
4064 18
4065 12
4066 8
4067 10
4068 10
4069 2
4070 -2
4071 2
4072 0
4073 10
4074 16
4075 14
4076 4
4077 2
4078 -18
4079 -8
4080 22
4081 20
4082 22
4083 16
4084 8
4085 -24
4086 -12
4087 -8
4088 -2
4089 4
4090 2
4091 18
4092 8
4093 6
4094 6
4095 -2
4096 2
4097 0
4098 4
4099 2
4100 14
4101 -2
4102 -2
4103 -4
4104 8
4105 4
4106 4
4107 -8
4108 -14
4109 -6
4110 -8
4111 -18
4112 -16
4113 -10
4114 6
4115 2
4116 2
4117 10
4118 20
4119 20
4120 4
4121 4
4122 4
4123 -8
4124 -6
4125 -4
4126 4
4127 0
4128 2
4129 4
4130 -2
4131 -6
4132 -4
4133 -6
4134 -12
4135 -6
4136 2
4137 -8
4138 -2
4139 8
4140 4
4141 -4
4142 6
4143 2
4144 2
4145 -2
4146 -6
4147 10
4148 22
4149 30
4150 22
4151 28
4152 18
4153 2
4154 8
4155 12
4156 20
4157 18
4158 8
4159 20
4160 28
4161 4
4162 0
4163 10
4164 4
4165 8
4166 10
4167 12
4168 -8
4169 4
4170 6
4171 2
4172 2
4173 -2
4174 14
4175 24
4176 10
4177 2
4178 10
4179 4
4180 6
4181 6
4182 10
4183 0
4184 -4
4185 4
4186 14
4187 -4
4188 14
4189 8
4190 4
4191 8
4192 -12
4193 -8
4194 -10
4195 10
4196 2
4197 -2
4198 -8
4199 2
4200 -8
4201 -4
4202 8
4203 2
4204 2
4205 16
4206 34
4207 26
4208 24
4209 24
4210 22
4211 22
4212 14
4213 -4
4214 8
4215 0
4216 -4
4217 -20
4218 -18
4219 -28
4220 -4
4221 -2
4222 20
4223 10
4224 8
4225 6
4226 2
4227 -8
4228 8
4229 6
4230 -4
4231 8
4232 14
4233 22
4234 10
4235 12
4236 12
4237 2
4238 -28
4239 -16
4240 -6
4241 -12
4242 2
4243 4
4244 20
4245 -2
4246 14
4247 16
4248 22
4249 16
4250 -8
4251 -14
4252 -2
4253 -12
4254 6
4255 6
4256 12
4257 10
4258 18
4259 14
4260 0
4261 12
4262 18
4263 26
4264 32
4265 16
4266 26
4267 18
4268 8
4269 -6
4270 2
4271 16
4272 6
4273 6
4274 18
4275 8
4276 -2
4277 -14
4278 -16
4279 -6
4280 8
4281 0
4282 4
4283 -12
4284 -4
4285 6
4286 4
4287 4
4288 12
4289 8
4290 14
4291 10
4292 22
4293 14
4294 16
4295 26
4296 8
4297 18
4298 8
4299 -6
4300 2
4301 -4
4302 -2
4303 -2
4304 -18
4305 -22
4306 -18
4307 -18
4308 -2
4309 0
4310 6
4311 10
4312 -8
4313 6
4314 6
4315 2
4316 8
4317 14
4318 -2
4319 -6
4320 -6
4321 6
4322 6
4323 -16
4324 2
4325 0
4326 2
4327 12
4328 2
4329 -12
4330 -18
4331 -2
4332 0
4333 8
4334 14
4335 20
4336 4
4337 -2
4338 -10
4339 -6
4340 -4
4341 10
4342 10
4343 8
4344 -2
4345 10
4346 2
4347 8
4348 4
4349 -4
4350 -4
4351 -2
4352 10
4353 22
4354 4
4355 0
4356 0
4357 0
4358 4
4359 8
4360 0
4361 -2
4362 -12
4363 -14
4364 -8
4365 2
4366 -22
4367 -8
4368 -18
4369 -14
4370 -14
4371 4
4372 -4
4373 -14
4374 -14
4375 -22
4376 -6
4377 -22
4378 -8
4379 4
4380 4
4381 2
4382 6
4383 10
4384 14
4385 2
4386 20
4387 16
4388 18
4389 14
4390 8
4391 -10
4392 -8
4393 -4
4394 -2
4395 14
4396 12
4397 14
4398 22
4399 18
4400 -2
4401 -4
4402 -4
4403 2
4404 4
4405 4
4406 18
4407 6
4408 10
4409 2
4410 2
4411 -4
4412 -12
4413 -12
4414 -2
4415 -4
4416 -10
4417 -18
4418 -20
4419 -12
4420 6
4421 -18
4422 -6
4423 -16
4424 -16
4425 -10
4426 -16
4427 -14
4428 4
4429 16
4430 12
4431 8
4432 16
4433 20
4434 12
4435 26
4436 18
4437 18
4438 28
4439 18
4440 34
4441 20
4442 6
4443 16
4444 18
4445 -2
4446 -2
4447 18
4448 30
4449 22
4450 24
4451 18
4452 10
4453 10
4454 12
4455 14
4456 0
4457 10
4458 6
4459 4
4460 4
4461 20
4462 10
4463 0
4464 -6
4465 10
4466 4
4467 -8
4468 4
4469 6
4470 -8
4471 -6
4472 8
4473 18
4474 -2
4475 -2
4476 -10
4477 2
4478 4
4479 10
4480 16
4481 10
4482 18
4483 16
4484 14
4485 16
4486 14
4487 2
4488 -2
4489 0
4490 14
4491 34
4492 18
4493 12
4494 -4
4495 -4
4496 12
4497 2
4498 6
4499 14
4500 24
4501 18
4502 18
4503 4
4504 14
4505 14
4506 14
4507 14
4508 4
4509 -2
4510 -2
4511 -4
4512 -10
4513 -12
4514 -12
4515 -12
4516 -10
4517 -16
4518 -14
4519 -14
4520 0
4521 0
4522 -4
4523 20
4524 -2
4525 -4
4526 -2
4527 -2
4528 0
4529 -4
4530 -20
4531 -24
4532 -10
4533 -8
4534 -8
4535 4
4536 6
4537 10
4538 4
4539 -12
4540 2
4541 12
4542 10
4543 0
4544 -4
4545 -6
4546 -10
4547 -12
4548 -4
4549 -12
4550 -10
4551 -10
4552 2
4553 -6
4554 -10
4555 -22
4556 -16
4557 -12
4558 -20
4559 -32
4560 -20
4561 -24
4562 -16
4563 4
4564 2
4565 4
4566 8
4567 14
4568 4
4569 14
4570 12
4571 16
4572 16
4573 10
4574 -4
4575 2
4576 10
4577 8
4578 2
4579 6
4580 22
4581 16
4582 10
4583 12
4584 6
4585 12
4586 16
4587 18
4588 10
4589 12
4590 16
4591 10
4592 16
4593 0
4594 4
4595 6
4596 6
4597 -2
4598 -8
4599 0
4600 10
4601 6
4602 -6
4603 -12
4604 -10
4605 -4
4606 -18
4607 -26
4608 -38
4609 -26
4610 -18
4611 -12
4612 -6
4613 -8
4614 -4
4615 0
4616 -20
4617 2
4618 -2
4619 4
4620 14
4621 18
4622 14
4623 8
4624 -4
4625 2
4626 2
4627 12
4628 14
4629 20
4630 14
4631 26
4632 18
4633 10
4634 6
4635 20
4636 14
4637 12
4638 24
4639 32
4640 24
4641 18
4642 12
4643 18
4644 26
4645 20
4646 22
4647 8
4648 0
4649 4
4650 -14
4651 -10
4652 -4
4653 -2
4654 0
4655 0
4656 -12
4657 -6
4658 -12
4659 -10
4660 4
4661 2
4662 4
4663 20
4664 4
4665 6
4666 2
4667 12
4668 10
4669 14
4670 -2
4671 4
4672 4
4673 8
4674 22
4675 24
4676 10
4677 8
4678 0
4679 -14
4680 -2
4681 12
4682 10
4683 -2
4684 2
4685 10
4686 20
4687 16
4688 12
4689 -8
4690 -4
4691 14
4692 6
4693 -8
4694 -4
4695 -10
4696 -16
4697 -6
4698 -10
4699 -4
4700 6
4701 -4
4702 -14
4703 4
4704 -8
4705 -12
4706 0
4707 6
4708 -6
4709 -2
4710 8
4711 14
4712 10
4713 26
4714 26
4715 18
4716 10
4717 12
4718 22
4719 10
4720 12
4721 14
4722 6
4723 4
4724 14
4725 12
4726 16
4727 18
4728 2
4729 2
4730 -6
4731 -8
4732 -28
4733 -18
4734 -4
4735 -2
4736 14
4737 -4
4738 -10
4739 -16
4740 -18
4741 -6
4742 -6
4743 4
4744 2
4745 0
4746 10
4747 -6
4748 -8
4749 -10
4750 -4
4751 -16
4752 4
4753 2
4754 -6
4755 0
4756 -6
4757 4
4758 8
4759 16
4760 2
4761 -2
4762 0
4763 2
4764 -2
4765 6
4766 8
4767 12
4768 12
4769 4
4770 2
4771 -2
4772 0
4773 0
4774 10
4775 -4
4776 4
4777 4
4778 -8
4779 -8
4780 -10
4781 -14
4782 -18
4783 -12
4784 -2
4785 2
4786 -8
4787 -10
4788 -14
4789 -20
4790 2
4791 -4
4792 -6
4793 0
4794 -6
4795 -18
4796 -16
4797 -16
4798 -22
4799 -18
4800 -14
4801 -6
4802 -8
4803 -4
4804 -6
4805 16
4806 10
4807 -6
4808 -12
4809 -6
4810 -22
4811 -16
4812 -10
4813 -6
4814 -10
4815 -20
4816 -4
4817 2
4818 0
4819 6
4820 -2
4821 -2
4822 -6
4823 -2
4824 -8
4825 -6
4826 6
4827 6
4828 4
4829 6
4830 -2
4831 4
4832 0
4833 -6
4834 0
4835 -6
4836 -12
4837 -2
4838 -8
4839 -6
4840 2
4841 -12
4842 4
4843 10
4844 4
4845 4
4846 2
4847 0
4848 -10
4849 -12
4850 -4
4851 -18
4852 -8
4853 -12
4854 -14
4855 -20
4856 -10
4857 2
4858 2
4859 10
4860 0
4861 10
4862 16
4863 -4
4864 6
4865 -2
4866 10
4867 6
4868 -4
4869 8
4870 2
4871 14
4872 8
4873 2
4874 -14
4875 -4
4876 6
4877 4
4878 4
4879 -4
4880 -12
4881 -6
4882 -6
4883 0
4884 14
4885 8
4886 4
4887 -2
4888 4
4889 -2
4890 -6
4891 -6
4892 -10
4893 0
4894 12
4895 0
4896 -6
4897 8
4898 14
4899 8
4900 10
4901 6
4902 0
4903 18
4904 -6
4905 0
4906 -14
4907 -6
4908 -6
4909 -8
4910 -2
4911 -8
4912 10
4913 0
4914 16
4915 12
4916 12
4917 12
4918 10
4919 6
4920 -2
4921 4
4922 -10
4923 4
4924 4
4925 16
4926 10
4927 18
4928 30
4929 8
4930 6
4931 -6
4932 -8
4933 -4
4934 -14
4935 -16
4936 -14
4937 -4
4938 4
4939 2
4940 -2
4941 -8
4942 4
4943 2
4944 2
4945 0
4946 0
4947 0
4948 6
4949 8
4950 14
4951 4
4952 -10
4953 -22
4954 -16
4955 -10
4956 -4
4957 -12
4958 -18
4959 -34
4960 -32
4961 -20
4962 -14
4963 -16
4964 -24
4965 -18
4966 4
4967 10
4968 18
4969 12
4970 14
4971 -16
4972 -14
4973 -12
4974 10
4975 16
4976 -2
4977 6
4978 2
4979 -8
4980 -14
4981 -16
4982 -6
4983 0
4984 -4
4985 -4
4986 -6
4987 -2
4988 -12
4989 -16
4990 -10
4991 -20
4992 -14
4993 -4
4994 -16
4995 -8
4996 -12
4997 -4
4998 14
4999 16
5000 12
