7.88067
8.29086
8.8682
9.5609
10.3169
11.0628
11.7239
12.2419
12.553
12.6368
12.5063
12.2149
11.84
11.4531
11.1256
10.8763
10.7355
10.7075
10.7838
10.9411
11.1446
11.3566
11.5528
11.6987
11.7793
11.7939
11.7435
11.6449
11.5064
11.3429
11.1711
10.9986
10.8386
10.7159
10.6295
10.5988
10.6285
10.7135
10.8294
10.9408
11.0165
11.0338
11.0027
10.9472
10.8937
10.8794
10.9175
11.0078
11.1457
11.3068
11.4706
11.6039
11.6998
11.7533
11.7798
11.7765
11.7531
11.697
11.6026
11.4668
11.2656
11.0132
10.7248
10.4212
10.138
9.90272
9.74228
9.66858
9.68566
9.78536
9.95489
10.1673
10.3985
10.616
10.8126
10.9754
11.1042
11.2061
11.2638
11.2707
11.2284
11.1621
11.0829
11.0144
10.9869
11.0107
11.0819
11.2081
11.3641
11.517
11.6404
11.7132
11.7055
11.6247
11.4868
11.3078
11.1133
10.9341
10.7827
10.6602
