1 484
2 484
3 900
4 1764
5 1764
6 2116
7 1764
8 1444
9 1764
10 1444
11 1764
12 2116
13 1764
14 1764
15 2116
16 2116
17 1764
18 1764
19 1764
20 1764
21 1764
22 1444
23 1444
24 1444
25 1444
26 900
27 1156
28 1444
29 1444
30 1156
31 1764
32 1156
33 1764
34 1764
35 1764
36 1444
37 1764
38 2116
39 2116
40 2116
41 2116
42 2116
43 1444
44 1764
45 1764
46 1764
47 1764
48 1764
49 2116
50 2116
51 2116
52 2116
53 2116
54 2116
55 2116
56 2116
57 2116
58 2116
59 2116
60 2116
61 1156
62 1764
63 2116
64 1764
65 1444
66 1764
67 1764
68 1444
69 1444
70 1764
71 1156
72 1156
73 1444
74 1444
75 1444
76 1764
77 1444
78 1156
79 1764
80 1156
81 2116
82 1764
83 1444
84 1156
85 1156
86 1444
87 1444
88 1444
89 1156
90 1156
91 1156
92 900
93 900
94 1156
95 1444
96 1444
97 1444
98 1156
99 1156
100 1156
101 900
102 1156
103 1444
104 1444
105 1444
106 1764
107 1764
108 1764
109 1764
110 1764
111 1764
112 1764
113 1764
114 1764
115 1444
116 1444
117 1444
118 1444
119 1444
120 1444
121 1764
122 1764
123 1444
124 1444
125 1444
126 1764
127 1764
128 1444
129 1444
130 1444
131 1764
132 1764
133 1764
134 1764
135 1764
136 1764
137 1764
138 1764
139 1764
140 1444
141 1444
142 1444
143 1444
144 1444
145 1764
146 1444
147 1156
148 1156
149 1764
150 1764
151 1444
152 1444
153 1156
154 676
155 1156
156 1156
157 1444
158 1444
159 1444
160 1764
161 1764
162 1764
163 1444
164 2116
165 1444
166 1156
167 1156
168 900
169 1156
170 1156
171 1156
172 1444
173 1764
174 1764
175 1444
176 1156
177 1156
178 1444
179 1444
180 1444
181 1764
182 1444
183 1444
184 1444
185 1764
186 2116
187 2116
188 2116
189 1764
190 2116
191 2116
192 1764
193 2116
194 2116
195 2116
196 2116
197 2116
198 1764
199 2116
200 2116
201 2116
202 2116
203 2116
204 2116
205 2116
206 2116
207 2116
208 1444
209 1764
210 1764
211 1444
212 1764
213 1764
214 1764
215 1764
216 1764
217 1764
218 1764
219 1764
220 1764
221 1764
222 1156
223 1156
224 1764
225 1764
226 1764
227 1444
228 1444
229 1764
230 1156
231 1156
232 1156
233 1156
234 1444
235 1444
236 1444
237 1156
238 1156
239 1444
240 1444
241 1444
242 1764
243 1444
244 1156
245 1156
246 1156
247 1444
248 1444
249 1444
250 1156
251 1444
252 1156
253 1156
254 1444
255 1444
256 1156
257 1444
258 1156
259 1156
260 1156
261 1156
262 1444
263 1444
264 1764
265 1764
266 1444
267 1764
268 1764
269 2116
270 1156
271 1764
272 1764
273 1764
274 1764
275 1764
276 1444
277 1764
278 1764
279 1764
280 1764
281 1764
282 1764
283 1764
284 1444
285 1444
286 1444
287 1444
288 1444
289 1764
290 1764
291 1764
292 1444
293 1156
294 1444
295 1444
296 1444
297 1444
298 1444
299 1764
300 2116
301 2116
302 1444
303 1156
304 1156
305 1444
306 1444
307 1764
308 1764
309 1444
310 1156
311 1156
312 1156
313 1444
314 1764
315 1444
316 1156
317 1444
318 1444
319 1444
320 1764
321 1444
322 1156
323 1764
324 1764
325 1764
326 1764
327 1444
328 1444
329 1764
330 1764
331 1764
332 1764
333 2116
334 1764
335 1764
336 2116
337 2116
338 2116
339 2116
340 1444
341 1764
342 1444
343 1764
344 1764
345 1444
346 1156
347 1764
348 1444
349 1444
350 1764
351 1764
352 1764
353 1764
354 1764
355 1444
356 1444
357 1444
358 1156
359 1444
360 1444
361 1444
362 1444
363 1444
364 1444
365 1444
366 1156
367 1444
368 1444
369 1444
370 1444
371 1444
372 1444
373 1444
374 1444
375 1444
376 1444
377 1764
378 1764
379 1764
380 1444
381 1764
382 1444
383 1444
384 1444
385 1156
386 1444
387 1156
388 1156
389 1444
390 1444
391 1156
392 1444
393 1156
394 900
395 1156
396 1764
397 1764
398 1444
399 1764
400 1444
401 1444
402 1764
403 1764
404 1764
405 1764
406 1444
407 1444
408 1444
409 1764
410 1764
411 1444
412 1444
413 1764
414 1444
415 1444
416 1444
417 1764
418 2116
419 1764
420 1764
421 1444
422 1444
423 1764
424 1764
425 1444
426 1444
427 1156
428 1156
429 1156
430 1156
431 1156
432 1156
433 900
434 1156
435 1444
436 1444
437 1444
438 1444
439 1444
440 1444
441 1444
442 1156
443 900
444 900
445 1156
446 1444
447 1444
448 1444
449 1156
450 1444
451 2116
452 1764
453 1764
454 1764
455 1764
456 1764
457 1764
458 1764
459 1764
460 1444
461 900
462 1444
463 1764
464 1764
465 1764
466 1444
467 900
468 1156
469 1444
470 1444
471 900
472 1444
473 1156
474 1444
475 1444
476 1444
477 900
478 1764
479 1764
480 1764
481 1764
482 1156
483 1444
484 1444
485 1444
486 1444
487 1444
488 1764
489 1764
490 1764
491 1444
492 1156
493 1156
494 1156
495 1156
496 1444
497 1764
498 2116
499 2116
500 2116
501 1764
502 2116
503 2116
504 2116
505 2116
506 1764
507 1764
508 1444
509 1444
510 1764
511 1764
512 1764
513 1444
514 1444
515 2116
516 2116
517 1764
518 2116
519 2116
520 2116
521 2116
522 2116
523 1764
524 1156
525 1764
526 1764
527 2116
528 2116
529 1764
530 1764
531 1444
532 1444
533 1444
534 1444
535 1444
536 1156
537 1156
538 1444
539 1764
540 1764
541 1764
542 1444
543 1156
544 1156
545 1444
546 1444
547 1156
548 1764
549 1444
550 1444
551 1764
552 1764
553 1444
554 1444
555 1444
556 1444
557 1764
558 1764
559 1764
560 1444
561 1156
562 1156
563 1156
564 1444
565 1444
566 1156
567 1156
568 1156
569 1156
570 1444
571 1444
572 1764
573 1764
574 1764
575 1764
576 1764
577 1764
578 1444
579 1764
580 1764
581 1764
582 1444
583 1764
584 1764
585 1764
586 1764
587 1764
588 2116
589 1764
590 1764
591 1764
592 1764
593 1764
594 1764
595 2116
596 2116
597 2116
598 2116
599 2116
600 1764
601 1764
602 1764
603 1764
604 1764
605 1444
606 1444
607 1444
608 1444
609 1156
610 1444
611 1444
612 1444
613 1444
614 1156
615 1156
616 1444
617 1764
618 1764
619 1444
620 900
621 900
622 1156
623 1444
624 1156
625 1444
626 1764
627 1764
628 1764
629 1764
630 2116
631 1764
632 1764
633 1444
634 1764
635 1764
636 1156
637 1444
638 1444
639 1764
640 1764
641 1444
642 1156
643 1444
644 900
645 1156
646 1156
647 1156
648 1444
649 1444
650 676
651 1156
652 1444
653 1444
654 1444
655 1444
656 1156
657 676
658 900
659 1444
660 1764
661 1764
662 1764
663 1764
664 1764
665 1764
666 1444
667 1156
668 1764
669 1764
670 1444
671 1444
672 1444
673 1156
674 1156
675 1764
676 1764
677 1764
678 1764
679 1444
680 1444
681 1156
682 1156
683 1764
684 1764
685 1764
686 1764
687 1764
688 1764
689 1764
690 1764
691 1764
692 1764
693 1764
694 1764
695 1764
696 1764
697 1444
698 1156
699 1444
700 1156
701 1156
702 1156
703 1764
704 1764
705 1764
706 1764
707 1764
708 1764
709 1764
710 1764
711 1444
712 1444
713 1156
714 1444
715 1444
716 1156
717 1444
718 1444
719 1444
720 1444
721 1764
722 1444
723 1156
724 1444
725 900
726 1444
727 900
728 1444
729 1444
730 1444
731 1156
732 1156
733 1444
734 900
735 1444
736 1444
737 1444
738 1156
739 900
740 676
741 1156
742 1444
743 1764
744 1444
745 1764
746 1444
747 1764
748 1764
749 1764
750 1444
751 1444
752 1444
753 1444
754 1156
755 1156
756 1444
757 1764
758 1444
759 1764
760 1764
761 1764
762 1764
763 1764
764 1444
765 1444
766 1444
767 1444
768 1764
769 2116
770 2116
771 1764
772 2116
773 1764
774 2116
775 2116
776 2116
777 2116
778 2116
779 2116
780 2116
781 2116
782 1764
783 1764
784 1764
785 1764
786 1764
787 1764
788 1444
789 1156
790 1156
791 1764
792 1764
793 1444
794 1156
795 1444
796 1444
797 1764
798 1444
799 1764
800 1764
801 1764
802 2116
803 2116
804 2116
805 1444
806 1444
807 1764
808 1764
809 1764
810 1764
811 1764
812 1764
813 1764
814 1444
815 2116
816 2116
817 2116
818 2116
819 1764
820 1764
821 1764
822 1444
823 1444
824 1444
825 1444
826 1444
827 1444
828 1444
829 1444
830 1764
831 1444
832 1444
833 1764
834 1444
835 1764
836 2116
837 1764
838 1764
839 1764
840 1764
841 1764
842 1764
843 1764
844 1764
845 1764
846 1764
847 1764
848 1156
849 1156
850 1156
851 1444
852 1156
853 1444
854 1764
855 1764
856 1764
857 1764
858 1444
859 1764
860 900
861 1444
862 1444
863 1444
864 1444
865 1156
866 1156
867 1156
868 1156
869 900
870 1444
871 1444
872 1764
873 1764
874 1764
875 2116
876 2116
877 2116
878 1764
879 1444
880 1444
881 1444
882 1444
883 1444
884 1444
885 1156
886 1444
887 1444
888 1444
889 676
890 676
891 900
892 1156
893 1156
894 1156
895 1156
896 900
897 676
898 676
899 900
900 1156
901 900
902 1156
903 1444
904 1444
905 1444
906 1444
907 1444
908 1764
909 1444
910 1764
911 1444
912 1444
913 1764
914 1764
915 1444
916 1764
917 2116
918 2116
919 2116
920 1764
921 2116
922 2116
923 1764
924 1764
925 1764
926 1764
927 1764
928 1764
929 2116
930 2116
931 1764
932 1764
933 1444
934 1444
935 1156
936 1444
937 1156
938 1444
939 1444
940 1444
941 1444
942 1444
943 1444
944 1444
945 1444
946 1156
947 1444
948 1156
949 1444
950 1444
951 1444
952 1156
953 1444
954 1156
955 1444
956 1444
957 1444
958 1764
959 1764
960 1764
961 1444
962 1764
963 1764
964 1444
965 1444
966 1156
967 1444
968 1444
969 1444
970 1764
971 1764
972 1444
973 1444
974 1764
975 1764
976 1444
977 1444
978 1444
979 1444
980 1444
981 1444
982 1444
983 1764
984 1764
985 1764
986 1444
987 1156
988 1764
989 1764
990 1764
991 1764
992 1764
993 1764
994 1764
995 1444
996 1444
997 1444
998 1444
999 1156
1000 1444
1001 1444
1002 1444
1003 1444
1004 1156
1005 1444
1006 1444
1007 1444
1008 1444
1009 1156
1010 1156
1011 1444
1012 1764
1013 1764
1014 1764
1015 1764
1016 1764
1017 1764
1018 1764
1019 1764
1020 1764
1021 1444
1022 1764
1023 1444
1024 1764
1025 1764
1026 1764
1027 1764
1028 1444
1029 1156
1030 1444
1031 1444
1032 1156
1033 1444
1034 1156
1035 1444
1036 1444
1037 1444
1038 1444
1039 1156
1040 900
1041 1156
1042 1156
1043 900
1044 1444
1045 1764
1046 1764
1047 1764
1048 1764
1049 1764
1050 1764
1051 1764
1052 2116
1053 1764
1054 1156
1055 1764
1056 1764
1057 1764
1058 1764
1059 1764
1060 2116
1061 2116
1062 2116
1063 1764
1064 2116
1065 1764
1066 1764
1067 1764
1068 1444
1069 1764
1070 1444
1071 2116
1072 2116
1073 1764
1074 1764
1075 1444
1076 2116
1077 2116
1078 1764
1079 1764
1080 1764
1081 1764
1082 1156
1083 1444
1084 1764
1085 1764
1086 1764
1087 1764
1088 1764
1089 1764
1090 1444
1091 1764
1092 1444
1093 1444
1094 1444
1095 1156
1096 1444
1097 1764
1098 1156
1099 1156
1100 1156
1101 1764
1102 1156
1103 1156
1104 1444
1105 1444
1106 1444
1107 1444
1108 1444
1109 1764
1110 1764
1111 900
1112 900
1113 1444
1114 1764
1115 1764
1116 1764
1117 1764
1118 1156
1119 1156
1120 1444
1121 1444
1122 1444
1123 1444
1124 1444
1125 1444
1126 1156
1127 1444
1128 1444
1129 1156
1130 1156
1131 1156
1132 1444
1133 1444
1134 900
1135 1444
1136 1764
1137 2116
1138 1764
1139 1156
1140 1156
1141 1444
1142 2116
1143 2116
1144 1764
1145 1764
1146 1444
1147 2116
1148 1444
1149 1764
1150 1444
1151 2116
1152 2116
1153 1444
1154 1156
1155 1444
1156 1764
1157 1444
1158 1444
1159 1444
1160 1444
1161 1444
1162 1444
1163 1764
1164 1764
1165 1444
1166 1764
1167 2116
1168 1764
1169 1764
1170 1764
1171 1764
1172 1764
1173 1764
1174 1764
1175 2116
1176 2116
1177 1764
1178 2116
1179 1764
1180 1444
1181 1156
1182 1444
1183 900
1184 1444
1185 1156
1186 1444
1187 1764
1188 1764
1189 2116
1190 2116
1191 2116
1192 2116
1193 2116
1194 2116
1195 1764
1196 1764
1197 1764
1198 1764
1199 1764
1200 1444
1201 1444
1202 1764
1203 1764
1204 1764
1205 1156
1206 1444
1207 1156
1208 1156
1209 1764
1210 1764
1211 1444
1212 1444
1213 1444
1214 1764
1215 1764
1216 1764
1217 1764
1218 1764
1219 1764
1220 1764
1221 1764
1222 1764
1223 1764
1224 1444
1225 1444
1226 1444
1227 1444
1228 1444
1229 1764
1230 1764
1231 1764
1232 2116
1233 2116
1234 1764
1235 1764
1236 1764
1237 1444
1238 1764
1239 2116
1240 1764
1241 2116
1242 2116
1243 2116
1244 2116
1245 1764
1246 1764
1247 2116
1248 1764
1249 2116
1250 1764
1251 1764
1252 2116
1253 1764
1254 1764
1255 1764
1256 1444
1257 1764
1258 1764
1259 2116
1260 2116
1261 2116
1262 2116
1263 1764
1264 1764
1265 2116
1266 1764
1267 1764
1268 1764
1269 1764
1270 1444
1271 1444
1272 1764
1273 1764
1274 1444
1275 1764
1276 1764
1277 1444
1278 1156
1279 1444
1280 1444
1281 1444
1282 2116
1283 2116
1284 1764
1285 1764
1286 1444
1287 1156
1288 1156
1289 1444
1290 1444
1291 1156
1292 1764
1293 1444
1294 1444
1295 1156
1296 1444
1297 1444
1298 1444
1299 1444
1300 1444
1301 1444
1302 1444
1303 1444
1304 1156
1305 1444
1306 1444
1307 1444
1308 1156
1309 900
1310 1444
1311 1764
1312 1764
1313 1764
1314 1764
1315 1764
1316 1444
1317 1444
1318 1764
1319 1444
1320 1444
1321 1764
1322 1764
1323 1764
1324 1444
1325 1764
1326 1444
1327 1444
1328 1156
1329 1444
1330 1156
1331 900
1332 484
1333 676
1334 1156
1335 900
1336 900
1337 1156
1338 1156
1339 1156
1340 1156
1341 1156
1342 900
1343 1156
1344 1156
1345 1156
1346 1156
1347 1444
1348 1444
1349 900
1350 900
1351 1156
1352 1764
1353 1764
1354 1764
1355 1764
1356 1444
1357 1444
1358 1764
1359 1764
1360 1156
1361 1444
1362 1444
1363 900
1364 900
1365 900
1366 1156
1367 1444
1368 900
1369 1156
1370 1444
1371 1156
1372 1156
1373 1156
1374 900
1375 1444
1376 1156
1377 1156
1378 1156
1379 1156
1380 900
1381 1156
1382 1444
1383 1156
1384 1444
1385 1156
1386 1156
1387 1156
1388 1444
1389 1444
1390 1444
1391 1444
1392 1444
1393 1156
1394 1156
1395 1156
1396 1156
1397 1156
1398 900
1399 900
1400 1156
1401 1444
1402 1156
1403 1156
1404 1156
1405 1444
1406 1444
1407 1156
1408 1156
1409 1156
1410 900
1411 1156
1412 1444
1413 1444
1414 1444
1415 1444
1416 1764
1417 1444
1418 1444
1419 1444
1420 1444
1421 1156
1422 1444
1423 1444
1424 1764
1425 1764
1426 1764
1427 1764
1428 2116
1429 1764
1430 1764
1431 1764
1432 1764
1433 1764
1434 1764
1435 1764
1436 1764
1437 1444
1438 1764
1439 1764
1440 1444
1441 1444
1442 1444
1443 1444
1444 1444
1445 1444
1446 1444
1447 1444
1448 1156
1449 1444
1450 1444
1451 1764
1452 1764
1453 1444
1454 1444
1455 1444
1456 1444
1457 1444
1458 1444
1459 1764
1460 2116
1461 1764
1462 1764
1463 1764
1464 1764
1465 2116
1466 1764
1467 1764
1468 1444
1469 1444
1470 1764
1471 1444
1472 1764
1473 1764
1474 1444
1475 1444
1476 1444
1477 1444
1478 1764
1479 1764
1480 1764
1481 1764
1482 1764
1483 1764
1484 1444
1485 1444
1486 1156
1487 1764
1488 1764
1489 1764
1490 1444
1491 1764
1492 1444
1493 1764
1494 1764
1495 1764
1496 1444
1497 1444
1498 1764
1499 1764
1500 1764
1501 1444
1502 1444
1503 1764
1504 1764
1505 1764
1506 2116
1507 2116
1508 1444
1509 1444
1510 1444
1511 1444
1512 900
1513 900
1514 1444
1515 1444
1516 1444
1517 1156
1518 1156
1519 1764
1520 1444
1521 1764
1522 1156
1523 1444
1524 1764
1525 1764
1526 1764
1527 1764
1528 1764
1529 1764
1530 2116
1531 2116
1532 2116
1533 1764
1534 2116
1535 1764
1536 1764
1537 1444
1538 1444
1539 1156
1540 1156
1541 1764
1542 1764
1543 1764
1544 1764
1545 1764
1546 1764
1547 1764
1548 1764
1549 1444
1550 1764
1551 1764
1552 1764
1553 1764
1554 1764
1555 1764
1556 1764
1557 2116
1558 2116
1559 2116
1560 2116
1561 2116
1562 2116
1563 2116
1564 2116
1565 1764
1566 1156
1567 1156
1568 900
1569 1444
1570 1156
1571 1444
1572 1444
1573 1156
1574 1156
1575 1444
1576 1764
1577 1444
1578 1444
1579 1156
1580 1156
1581 1156
1582 1156
1583 1156
1584 1444
1585 1444
1586 1444
1587 1444
1588 1444
1589 1444
1590 1444
1591 1444
1592 484
1593 1156
1594 900
1595 900
1596 1156
1597 1444
1598 1444
1599 1444
1600 900
1601 1156
1602 1444
1603 1444
1604 1444
1605 1156
1606 1156
1607 1156
1608 1156
1609 1444
1610 1764
1611 1444
1612 1444
1613 1444
1614 1444
1615 1156
1616 1444
1617 1444
1618 1444
1619 1444
1620 1444
1621 1156
1622 1156
1623 1764
1624 1764
1625 1764
1626 1444
1627 1444
1628 1764
1629 1764
1630 1444
1631 1764
1632 2116
1633 1444
1634 1444
1635 1764
1636 1444
1637 1764
1638 1764
1639 1764
1640 1764
1641 1764
1642 1764
1643 2116
1644 2116
1645 1764
1646 1764
1647 1764
1648 1764
1649 2116
1650 2116
1651 2116
1652 1764
1653 1764
1654 1764
1655 1764
1656 1764
1657 1444
1658 1444
1659 1444
1660 1764
1661 1764
1662 1764
1663 1764
1664 1444
1665 1444
1666 1444
1667 1156
1668 1156
1669 1156
1670 900
1671 1156
1672 1156
1673 1156
1674 1156
1675 900
1676 1156
1677 1156
1678 1444
1679 1444
1680 1764
1681 1444
1682 900
1683 1156
1684 1444
1685 1444
1686 1444
1687 1764
1688 1444
1689 1444
1690 1764
1691 1764
1692 1764
1693 1764
1694 1764
1695 2116
1696 1764
1697 1764
1698 1764
1699 1764
1700 1764
1701 1444
1702 900
1703 1444
1704 1764
1705 1444
1706 1156
1707 1444
1708 1444
1709 1156
1710 1156
1711 1764
1712 1764
1713 2116
1714 2116
1715 2116
1716 2116
1717 1764
1718 1764
1719 2116
1720 2116
1721 1156
1722 900
1723 900
1724 1444
1725 1444
1726 1156
1727 1444
1728 1444
1729 1444
1730 1444
1731 1444
1732 1444
1733 1444
1734 1444
1735 900
1736 1156
1737 1444
1738 1444
1739 1156
1740 1444
1741 1444
1742 1444
1743 1444
1744 1444
1745 1444
1746 1444
1747 1444
1748 1764
1749 1764
1750 1444
1751 1444
1752 1764
1753 1764
1754 1764
1755 1156
1756 1444
1757 1156
1758 1444
1759 1444
1760 1764
1761 1156
1762 1156
1763 1156
1764 1156
1765 1444
1766 1444
1767 1444
1768 1764
1769 1764
1770 1764
1771 1156
1772 1156
1773 1156
1774 1156
1775 900
1776 1444
1777 1764
1778 1444
1779 1764
1780 1764
1781 1156
1782 900
1783 1156
1784 1444
1785 1444
1786 1156
1787 676
1788 900
1789 1156
1790 1444
1791 1444
1792 1444
1793 1156
1794 1444
1795 1156
1796 1156
1797 900
1798 1156
1799 1764
1800 1444
1801 1444
1802 1444
1803 900
1804 1156
1805 900
1806 1156
1807 1764
1808 1764
1809 1764
1810 1764
1811 1444
1812 1764
1813 1764
1814 1764
1815 1764
1816 1764
1817 1764
1818 1764
1819 1764
1820 1444
1821 1156
1822 1156
1823 1444
1824 1444
1825 1156
1826 1156
1827 1444
1828 1444
1829 1764
1830 1764
1831 1764
1832 1764
1833 1764
1834 1444
1835 1444
1836 1156
1837 1444
1838 1444
1839 1444
1840 900
1841 1444
1842 1444
1843 900
1844 1156
1845 1444
1846 1444
1847 1444
1848 1444
1849 1156
1850 1156
1851 1444
1852 1444
1853 1444
1854 1444
1855 1444
1856 1156
1857 900
1858 1156
1859 1444
1860 1156
1861 1444
1862 1444
1863 1444
1864 1444
1865 1764
1866 1764
1867 1764
1868 1764
1869 1764
1870 1764
1871 1764
1872 1764
1873 1444
1874 1764
1875 1444
1876 1764
1877 1764
1878 1764
1879 1764
1880 1764
1881 1764
1882 1444
1883 1444
1884 1764
1885 1764
1886 1764
1887 1444
1888 1764
1889 1444
1890 1156
1891 1764
1892 1444
1893 1444
1894 1444
1895 1764
1896 1764
1897 1444
1898 1444
1899 1444
1900 1444
1901 1444
1902 1156
1903 1444
1904 1764
1905 1764
1906 1764
1907 1764
1908 1764
1909 1764
1910 1444
1911 1764
1912 1444
1913 1156
1914 1444
1915 1156
1916 1156
1917 1444
1918 1444
1919 1444
1920 1444
1921 1444
1922 1764
1923 1156
1924 900
1925 1156
1926 1444
1927 900
1928 1156
1929 1156
1930 1444
1931 1156
1932 1156
1933 1444
1934 1764
1935 2116
1936 2116
1937 2116
1938 2116
1939 2116
1940 2116
1941 2116
1942 1444
1943 1764
1944 1764
1945 1444
1946 1764
1947 1764
1948 1764
1949 1444
1950 1156
1951 900
1952 1156
1953 900
1954 900
1955 1444
1956 1444
1957 1444
1958 900
1959 1444
1960 1444
1961 900
1962 1444
1963 1444
1964 1444
1965 1764
1966 1764
1967 1764
1968 1764
1969 1764
1970 2116
1971 1764
1972 1764
1973 1764
1974 1764
1975 1764
1976 1764
1977 1444
1978 1444
1979 1444
1980 2116
1981 2116
1982 2116
1983 2116
1984 2116
1985 2116
1986 1764
1987 1444
1988 900
1989 900
1990 900
1991 1156
1992 900
1993 900
1994 1444
1995 1156
1996 1444
1997 1764
1998 1764
1999 1444
2000 2116
2001 2116
2002 2116
2003 1764
2004 1764
2005 1764
2006 1764
2007 1764
2008 1764
2009 1764
2010 1156
2011 1444
2012 1444
2013 1156
2014 1156
2015 1444
2016 1764
2017 1764
2018 1444
2019 1444
2020 1764
2021 1444
2022 1764
2023 1156
2024 2116
2025 2116
2026 1764
2027 1764
2028 2116
2029 2116
2030 2116
2031 2116
2032 1764
2033 1444
2034 2116
2035 2116
2036 2116
2037 2116
2038 2116
2039 1764
2040 2116
2041 2116
2042 1156
2043 1156
2044 1764
2045 1444
2046 1156
2047 1156
2048 900
2049 1444
2050 1444
2051 1764
2052 1764
2053 1764
2054 1764
2055 1764
2056 1764
2057 1764
2058 1764
2059 1444
2060 1764
2061 1764
2062 1444
2063 1156
2064 900
2065 1444
2066 1444
2067 1444
2068 1444
2069 1764
2070 1764
2071 1156
2072 1764
2073 1444
2074 1444
2075 1444
2076 1444
2077 1444
2078 1444
2079 1444
2080 1156
2081 1156
2082 1444
2083 1156
2084 1444
2085 1444
2086 1156
2087 1444
2088 1444
2089 1444
2090 1444
2091 1444
2092 1764
2093 1444
2094 1764
2095 1764
2096 1764
2097 1764
2098 1444
2099 1444
2100 1764
2101 2116
2102 1764
2103 1444
2104 1444
2105 1764
2106 1444
2107 1764
2108 1764
2109 1764
2110 1444
2111 1764
2112 1764
2113 2116
2114 2116
2115 1764
2116 2116
2117 1764
2118 1764
2119 2116
2120 2116
2121 1764
2122 1764
2123 2116
2124 2116
2125 2116
2126 1764
2127 2116
2128 2116
2129 2116
2130 1764
2131 2116
2132 2116
2133 2116
2134 1764
2135 1764
2136 1764
2137 1444
2138 1156
2139 1764
2140 1444
2141 1764
2142 1156
2143 1156
2144 900
2145 1156
2146 900
2147 1156
2148 1764
2149 1444
2150 1764
2151 1444
2152 1156
2153 1764
2154 1764
2155 1444
2156 1764
2157 1156
2158 1156
2159 1156
2160 900
2161 1156
2162 1156
2163 900
2164 1156
2165 1444
2166 1444
2167 1764
2168 1764
2169 1444
2170 1764
2171 1764
2172 1444
2173 1444
2174 1444
2175 1444
2176 1444
2177 1444
2178 1156
2179 1444
2180 1156
2181 1156
2182 1156
2183 1444
2184 1444
2185 1444
2186 1444
2187 1444
2188 1156
2189 1444
2190 1444
2191 1444
2192 1444
2193 1156
2194 1156
2195 1156
2196 1156
2197 1156
2198 1156
2199 1444
2200 1444
2201 1444
2202 1156
2203 1444
2204 1444
2205 1444
2206 1444
2207 1444
2208 1444
2209 1764
2210 1764
2211 1764
2212 1764
2213 1444
2214 1156
2215 1156
2216 1156
2217 900
2218 1156
2219 1156
2220 1156
2221 1156
2222 1444
2223 1764
2224 1764
2225 1764
2226 1764
2227 1444
2228 1764
2229 1156
2230 1444
2231 1764
2232 1156
2233 1156
2234 1156
2235 1156
2236 1444
2237 1444
2238 1444
2239 1444
2240 1444
2241 1444
2242 1444
2243 1444
2244 1156
2245 1444
2246 1444
2247 1444
2248 1444
2249 1764
2250 2116
2251 2116
2252 2116
2253 1764
2254 1764
2255 1444
2256 1764
2257 2116
2258 2116
2259 2116
2260 2116
2261 2116
2262 2116
2263 2116
2264 2116
2265 2116
2266 2116
2267 2116
2268 1156
2269 1156
2270 1156
2271 1444
2272 1764
2273 1764
2274 1764
2275 1444
2276 1444
2277 1156
2278 1156
2279 1156
2280 1156
2281 1764
2282 900
2283 1444
2284 1444
2285 1444
2286 1156
2287 1444
2288 1444
2289 1444
2290 1444
2291 1444
2292 1444
2293 1444
2294 1444
2295 1444
2296 1156
2297 1156
2298 1156
2299 900
2300 1444
2301 1444
2302 1764
2303 1764
2304 1444
2305 1764
2306 1764
2307 1764
2308 1764
2309 1444
2310 1156
2311 1156
2312 1156
2313 900
2314 900
2315 900
2316 1156
2317 1156
2318 1764
2319 1444
2320 1444
2321 1444
2322 1444
2323 1156
2324 1156
2325 1156
2326 1444
2327 1444
2328 1444
2329 2116
2330 2116
2331 2116
2332 2116
2333 1764
2334 2116
2335 2116
2336 1764
2337 1764
2338 1764
2339 1764
2340 1764
2341 1444
2342 1764
2343 1764
2344 2116
2345 2116
2346 2116
2347 2116
2348 2116
2349 2116
2350 1764
2351 1444
2352 1156
2353 1444
2354 1156
2355 1444
2356 1444
2357 1156
2358 1156
2359 1156
2360 1156
2361 1444
2362 1156
2363 1156
2364 1156
2365 1444
2366 1444
2367 1764
2368 1444
2369 1764
2370 1764
2371 1764
2372 1764
2373 1764
2374 1764
2375 1764
2376 1156
2377 1156
2378 1156
2379 1444
2380 1444
2381 1444
2382 1444
2383 1156
2384 1156
2385 1156
2386 1156
2387 1156
2388 1444
2389 1444
2390 1764
2391 1764
2392 1764
2393 1764
2394 1764
2395 1444
2396 1444
2397 1156
2398 1156
2399 1156
2400 1444
2401 2116
2402 2116
2403 1764
2404 1156
2405 1444
2406 1444
2407 1764
2408 1764
2409 1764
2410 1764
2411 2116
2412 2500
2413 2116
2414 1764
2415 1444
2416 1156
2417 1764
2418 1444
2419 1156
2420 1764
2421 2116
2422 1764
2423 1764
2424 1444
2425 1764
2426 1444
2427 1764
2428 1764
2429 1156
2430 1444
2431 1444
2432 1156
2433 1444
2434 1444
2435 1444
2436 1764
2437 1764
2438 1764
2439 1764
2440 1764
2441 1444
2442 1764
2443 1764
2444 1764
2445 1444
2446 1444
2447 1444
2448 1764
2449 1156
2450 1444
2451 1764
2452 1444
2453 1156
2454 1444
2455 1444
2456 1156
2457 1156
2458 1156
2459 1444
2460 900
2461 1764
2462 1444
2463 1764
2464 1444
2465 1156
2466 900
2467 1156
2468 900
2469 1156
2470 1156
2471 1156
2472 900
2473 676
2474 900
2475 1444
2476 1444
2477 1156
2478 1444
2479 1444
2480 1444
2481 1156
2482 1444
2483 1156
2484 1444
2485 2116
2486 2116
2487 2116
2488 1764
2489 1764
2490 1764
2491 2116
2492 1764
2493 1764
2494 1764
2495 1764
2496 1764
2497 1764
2498 1444
2499 1156
2500 1156
2501 1156
2502 900
2503 1156
2504 900
2505 1156
2506 1444
2507 1156
2508 1156
2509 1444
2510 1444
2511 2116
2512 1764
2513 1444
2514 2116
2515 2116
2516 2116
2517 2116
2518 2116
2519 2500
2520 2116
2521 2116
2522 2116
2523 2116
2524 1764
2525 1156
2526 1444
2527 1156
2528 1156
2529 1156
2530 1156
2531 1444
2532 1764
2533 1764
2534 1764
2535 1444
2536 1444
2537 1156
2538 1156
2539 1444
2540 1764
2541 1764
2542 1764
2543 1444
2544 1444
2545 1444
2546 1764
2547 1444
2548 1764
2549 1156
2550 1156
2551 1156
2552 1156
2553 1156
2554 1156
2555 1444
2556 900
2557 900
2558 900
2559 1444
2560 1156
2561 1444
2562 1444
2563 1156
2564 1444
2565 1764
2566 1764
2567 1764
2568 1764
2569 1764
2570 1156
2571 1156
2572 1156
2573 1444
2574 900
2575 1444
2576 1444
2577 1764
2578 1444
2579 1764
2580 1444
2581 1444
2582 1764
2583 1764
2584 1764
2585 1444
2586 1156
2587 1444
2588 1444
2589 1444
2590 1444
2591 1444
2592 1444
2593 1156
2594 1444
2595 1444
2596 1444
2597 1444
2598 1444
2599 1444
2600 1444
2601 1444
2602 1156
2603 900
2604 1156
2605 1156
2606 1156
2607 1156
2608 1156
2609 1444
2610 1444
2611 1444
2612 1764
2613 1764
2614 1444
2615 1156
2616 1764
2617 1444
2618 2116
2619 2116
2620 2116
2621 2116
2622 1764
2623 1764
2624 2116
2625 1764
2626 1764
2627 2500
2628 2116
2629 2500
2630 2500
2631 2500
2632 2500
2633 2500
2634 2500
2635 2500
2636 2500
2637 1764
2638 1764
2639 1444
2640 1444
2641 1156
2642 1444
2643 1156
2644 1156
2645 1444
2646 1156
2647 1444
2648 1444
2649 1444
2650 1444
2651 1444
2652 1444
2653 1444
2654 1764
2655 1764
2656 1764
2657 1764
2658 1764
2659 1764
2660 1764
2661 1764
2662 2116
2663 1156
2664 1764
2665 2116
2666 2116
2667 2116
2668 1156
2669 1444
2670 1444
2671 1764
2672 1764
2673 1156
2674 2116
2675 1764
2676 2116
2677 2116
2678 1764
2679 1764
2680 1764
2681 1444
2682 1764
2683 1444
2684 1764
2685 1444
2686 1764
2687 2116
2688 2116
2689 2116
2690 2116
2691 2116
2692 1764
2693 1764
2694 1444
2695 1156
2696 1444
2697 1764
2698 1764
2699 1764
2700 2116
2701 2116
2702 1764
2703 1156
2704 1156
2705 1156
2706 1156
2707 1764
2708 2116
2709 2116
2710 1764
2711 2116
2712 2116
2713 2116
2714 2116
2715 2116
2716 1444
2717 1444
2718 1444
2719 1764
2720 1764
2721 1156
2722 1156
2723 1764
2724 1764
2725 1444
2726 1764
2727 1764
2728 1764
2729 2116
2730 1764
2731 1444
2732 1764
2733 2116
2734 2116
2735 1764
2736 1764
2737 1444
2738 1444
2739 1764
2740 2116
2741 1764
2742 1444
2743 1444
2744 1156
2745 1444
2746 1444
2747 1764
2748 1444
2749 1156
2750 1156
2751 1156
2752 900
2753 1156
2754 900
2755 676
2756 900
2757 1444
2758 900
2759 1444
2760 1764
2761 1764
2762 1764
2763 1764
2764 1764
2765 1764
2766 1764
2767 1764
2768 1764
2769 1444
2770 1156
2771 1764
2772 1764
2773 1764
2774 1764
2775 1156
2776 1444
2777 1156
2778 1764
2779 1764
2780 1764
2781 1764
2782 1764
2783 1764
2784 1444
2785 1764
2786 900
2787 1156
2788 1156
2789 676
2790 676
2791 900
2792 1156
2793 1444
2794 1444
2795 1444
2796 1444
2797 1444
2798 900
2799 1156
2800 1444
2801 1444
2802 1444
2803 1444
2804 1444
2805 1444
2806 1444
2807 1764
2808 1764
2809 1764
2810 1444
2811 1764
2812 1764
2813 1764
2814 1444
2815 1764
2816 1444
2817 1444
2818 1156
2819 900
2820 1156
2821 1764
2822 1764
2823 1764
2824 1764
2825 1444
2826 1764
2827 2116
2828 2116
2829 2116
2830 1764
2831 2116
2832 1764
2833 2116
2834 2116
2835 2116
2836 2116
2837 2116
2838 1764
2839 1764
2840 1764
2841 2116
2842 2116
2843 2116
2844 2116
2845 2116
2846 1764
2847 1764
2848 1764
2849 1444
2850 1444
2851 1444
2852 1444
2853 2116
2854 1764
2855 1764
2856 1764
2857 1444
2858 1156
2859 1444
2860 900
2861 1764
2862 1764
2863 1764
2864 1764
2865 1764
2866 1444
2867 1156
2868 1444
2869 1444
2870 1156
2871 1156
2872 1444
2873 1764
2874 1764
2875 1764
2876 900
2877 1156
2878 1444
2879 1764
2880 1764
2881 1764
2882 1156
2883 1764
2884 1764
2885 1764
2886 1764
2887 1156
2888 1444
2889 1444
2890 1156
2891 1156
2892 900
2893 1156
2894 1444
2895 1444
2896 1156
2897 1156
2898 1156
2899 1156
2900 1156
2901 1156
2902 1444
2903 1764
2904 1444
2905 1444
2906 1444
2907 1444
2908 1444
2909 1444
2910 1764
2911 1444
2912 1444
2913 1444
2914 1444
2915 1156
2916 1444
2917 1444
2918 1764
2919 1764
2920 1764
2921 1764
2922 1764
2923 1764
2924 1764
2925 1764
2926 1444
2927 1444
2928 1764
2929 1764
2930 1764
2931 1444
2932 1764
2933 1764
2934 1764
2935 1764
2936 1764
2937 1444
2938 1764
2939 1764
2940 1764
2941 1764
2942 1764
2943 1764
2944 1764
2945 1764
2946 1764
2947 1764
2948 1764
2949 1764
2950 1764
2951 1764
2952 1764
2953 1764
2954 1764
2955 1444
2956 1764
2957 1764
2958 1444
2959 1444
2960 1764
2961 1764
2962 1444
2963 1764
2964 1764
2965 1764
2966 1764
2967 1764
2968 1764
2969 1444
2970 1444
2971 1444
2972 1764
2973 1764
2974 1764
2975 1764
2976 1156
2977 1444
2978 1764
2979 1764
2980 1764
2981 1764
2982 1444
2983 1764
2984 1764
2985 1444
2986 1764
2987 1156
2988 1444
2989 1444
2990 1444
2991 1444
2992 2116
2993 2116
2994 2116
2995 2116
2996 2116
2997 1764
2998 2116
2999 1764
3000 1444
3001 1156
3002 1156
3003 1444
3004 1764
3005 1764
3006 1764
3007 1764
3008 1444
3009 1156
3010 900
3011 676
3012 676
3013 1156
3014 1156
3015 1156
3016 900
3017 1156
3018 1444
3019 1444
3020 1764
3021 1444
3022 1444
3023 1764
3024 1764
3025 1444
3026 1764
3027 2116
3028 2116
3029 2116
3030 2116
3031 1764
3032 1764
3033 1444
3034 1156
3035 1444
3036 1764
3037 1764
3038 1444
3039 1444
3040 1156
3041 1444
3042 1444
3043 1156
3044 1444
3045 1444
3046 1764
3047 1156
3048 1156
3049 1764
3050 1444
3051 1444
3052 1444
3053 1156
3054 1444
3055 1444
3056 1444
3057 1444
3058 1444
3059 1444
3060 1444
3061 1156
3062 1156
3063 1444
3064 1764
3065 1764
3066 1444
3067 1444
3068 1156
3069 1156
3070 1156
3071 1764
3072 1764
3073 1764
3074 1444
3075 2116
3076 1764
3077 2116
3078 2116
3079 1764
3080 1764
3081 1764
3082 1764
3083 1764
3084 1764
3085 1764
3086 1444
3087 1444
3088 1444
3089 900
3090 1444
3091 1764
3092 2116
3093 1764
3094 1764
3095 1764
3096 1444
3097 1444
3098 1764
3099 1764
3100 1764
3101 1764
3102 1764
3103 1156
3104 1156
3105 1156
3106 1156
3107 900
3108 1444
3109 1444
3110 1444
3111 1156
3112 1444
3113 1156
3114 1156
3115 1156
3116 1444
3117 1444
3118 900
3119 900
3120 1156
3121 1156
3122 900
3123 900
3124 900
3125 900
3126 1156
3127 1156
3128 1156
3129 900
3130 1156
3131 1444
3132 1444
3133 1156
3134 1156
3135 1156
3136 1156
3137 900
3138 900
3139 1156
3140 1444
3141 1444
3142 1444
3143 1444
3144 1444
3145 900
3146 1444
3147 1156
3148 1156
3149 1156
3150 1444
3151 1444
3152 1764
3153 1764
3154 1156
3155 1156
3156 1444
3157 1764
3158 2116
3159 2116
3160 2116
3161 2116
3162 1764
3163 1764
3164 1764
3165 1444
3166 2116
3167 1764
3168 1764
3169 1764
3170 2116
3171 2116
3172 2116
3173 1444
3174 1764
3175 1764
3176 1156
3177 1444
3178 1444
3179 2116
3180 2116
3181 2500
3182 2500
3183 2116
3184 2116
3185 2116
3186 2116
3187 2116
3188 2500
3189 2500
3190 2500
3191 2500
3192 2500
3193 2500
3194 2500
3195 1764
3196 1764
3197 1764
3198 1444
3199 1764
3200 2500
3201 2500
3202 2500
3203 2500
3204 1764
3205 1764
3206 2116
3207 1764
3208 1764
3209 1444
3210 1444
3211 1444
3212 1444
3213 1764
3214 1444
3215 1444
3216 1764
3217 1764
3218 1764
3219 2500
3220 2500
3221 2500
3222 2500
3223 2500
3224 2116
3225 2500
3226 2116
3227 2116
3228 1764
3229 2116
3230 2500
3231 2500
3232 2500
3233 2500
3234 2500
3235 1764
3236 2116
3237 1764
3238 1764
3239 1764
3240 1764
3241 1764
3242 1764
3243 1764
3244 1764
3245 1764
3246 1764
3247 1764
3248 1444
3249 1444
3250 2116
3251 1764
3252 1764
3253 1764
3254 1444
3255 1444
3256 1444
3257 1444
3258 1444
3259 2116
3260 2116
3261 1764
3262 2116
3263 2500
3264 2500
3265 2500
3266 2500
3267 2500
3268 2500
3269 2116
3270 2500
3271 2116
3272 1764
3273 2116
3274 2116
3275 2116
3276 1764
3277 1764
3278 1764
3279 1764
3280 2116
3281 1764
3282 1764
3283 1444
3284 1764
3285 1764
3286 1444
3287 1444
3288 1444
3289 1444
3290 1764
3291 1764
3292 1156
3293 1156
3294 1444
3295 1444
3296 1444
3297 1156
3298 1444
3299 1156
3300 1444
3301 1444
3302 1444
3303 1156
3304 900
3305 900
3306 900
3307 676
3308 1444
3309 1444
3310 1764
3311 1764
3312 1764
3313 1764
3314 1444
3315 676
3316 1156
3317 1444
3318 1444
3319 1156
3320 1156
3321 1444
3322 1444
3323 1764
3324 1764
3325 1156
3326 1444
3327 1764
3328 1764
3329 1444
3330 1444
3331 1444
3332 1764
3333 2116
3334 2116
3335 2116
3336 2116
3337 1764
3338 1156
3339 900
3340 1764
3341 1764
3342 1764
3343 1764
3344 1764
3345 1764
3346 2116
3347 2116
3348 1764
3349 2116
3350 2116
3351 1764
3352 1764
3353 2116
3354 2116
3355 1764
3356 2116
3357 2116
3358 1764
3359 1764
3360 1764
3361 1764
3362 1764
3363 1764
3364 1764
3365 1764
3366 1444
3367 2116
3368 1764
3369 2116
3370 2116
3371 1764
3372 1764
3373 1764
3374 1764
3375 1444
3376 1444
3377 1764
3378 1444
3379 1444
3380 1444
3381 1764
3382 1764
3383 1764
3384 1764
3385 1764
3386 1764
3387 1764
3388 1764
3389 1444
3390 1764
3391 1444
3392 1764
3393 1764
3394 2116
3395 2116
3396 1764
3397 2116
3398 1764
3399 1444
3400 1156
3401 1156
3402 1444
3403 1764
3404 1764
3405 1764
3406 1764
3407 2116
3408 2116
3409 2116
3410 1764
3411 1444
3412 1444
3413 1156
3414 1444
3415 1444
3416 1444
3417 1764
3418 1764
3419 1156
3420 1764
3421 1764
3422 1764
3423 1764
3424 1764
3425 1444
3426 1444
3427 1764
3428 1764
3429 1444
3430 1444
3431 1156
3432 1156
3433 1156
3434 900
3435 1444
3436 1444
3437 1444
3438 1444
3439 1444
3440 1764
3441 1156
3442 1444
3443 1444
3444 1444
3445 1444
3446 1444
3447 1444
3448 1156
3449 1156
3450 1444
3451 1764
3452 1764
3453 1444
3454 1444
3455 1764
3456 1764
3457 1764
3458 1764
3459 1764
3460 1764
3461 1764
3462 1764
3463 1764
3464 1444
3465 1444
3466 1764
3467 1764
3468 1764
3469 1764
3470 1764
3471 1444
3472 1444
3473 1444
3474 1764
3475 2116
3476 2116
3477 2116
3478 1764
3479 1444
3480 1156
3481 1156
3482 1444
3483 1444
3484 1444
3485 1444
3486 1764
3487 1444
3488 1764
3489 1764
3490 1764
3491 1764
3492 1764
3493 1444
3494 1444
3495 1444
3496 1764
3497 1764
3498 1764
3499 2116
3500 2116
3501 1156
3502 1444
3503 1156
3504 1156
3505 1764
3506 1764
3507 1764
3508 1764
3509 1764
3510 1444
3511 1764
3512 1444
3513 1156
3514 1764
3515 1764
3516 1764
3517 1444
3518 900
3519 1156
3520 1156
3521 900
3522 1764
3523 1764
3524 1444
3525 1764
3526 1764
3527 1764
3528 900
3529 1156
3530 1444
3531 900
3532 1444
3533 1444
3534 1444
3535 1444
3536 1444
3537 1156
3538 1764
3539 1764
3540 1444
3541 1444
3542 1764
3543 1764
3544 1156
3545 1444
3546 1156
3547 1156
3548 1156
3549 1444
3550 2116
3551 2116
3552 2116
3553 2116
3554 1764
3555 2116
3556 2116
3557 1764
3558 1764
3559 1764
3560 1764
3561 1764
3562 1764
3563 1764
3564 2116
3565 2116
3566 2116
3567 2116
3568 2116
3569 2116
3570 1764
3571 1764
3572 2116
3573 2116
3574 1764
3575 1156
3576 1156
3577 1444
3578 1764
3579 1444
3580 1764
3581 1444
3582 1444
3583 1444
3584 900
3585 1444
3586 1444
3587 1444
3588 1764
3589 1764
3590 1444
3591 1444
3592 1764
3593 2116
3594 2116
3595 1764
3596 2116
3597 2116
3598 2116
3599 2116
3600 1444
3601 1764
3602 1156
3603 1444
3604 1444
3605 1764
3606 1764
3607 1764
3608 1156
3609 1764
3610 1764
3611 1764
3612 1764
3613 2116
3614 2116
3615 2116
3616 2116
3617 1444
3618 1444
3619 1444
3620 1444
3621 1444
3622 1156
3623 1156
3624 1156
3625 1444
3626 1444
3627 1444
3628 2116
3629 1764
3630 2116
3631 1764
3632 1444
3633 1764
3634 1444
3635 1764
3636 1444
3637 2116
3638 2116
3639 2116
3640 1764
3641 1764
3642 1764
3643 1764
3644 1764
3645 1156
3646 1444
3647 1444
3648 1764
3649 1764
3650 2116
3651 2116
3652 1764
3653 1764
3654 2116
3655 2116
3656 1764
3657 1764
3658 1764
3659 1764
3660 1444
3661 1444
3662 1764
3663 1764
3664 1764
3665 1444
3666 1444
3667 1444
3668 1444
3669 1444
3670 1444
3671 1444
3672 1764
3673 1444
3674 1764
3675 1764
3676 1764
3677 1764
3678 1444
3679 1764
3680 1764
3681 1764
3682 1444
3683 1444
3684 900
3685 1444
3686 1444
3687 1444
3688 1444
3689 1444
3690 1444
3691 1444
3692 1764
3693 1764
3694 1156
3695 900
3696 1444
3697 1156
3698 1156
3699 1156
3700 1444
3701 1444
3702 1444
3703 1444
3704 1444
3705 484
3706 900
3707 1156
3708 1156
3709 1156
3710 1156
3711 1156
3712 1444
3713 1156
3714 1764
3715 2116
3716 2116
3717 1764
3718 1764
3719 1764
3720 1444
3721 1764
3722 1444
3723 1764
3724 1444
3725 1444
3726 1764
3727 1764
3728 1444
3729 1156
3730 1444
3731 1444
3732 1156
3733 1156
3734 900
3735 1444
3736 1444
3737 1444
3738 1444
3739 1764
3740 1444
3741 1444
3742 1764
3743 1444
3744 1764
3745 1764
3746 1444
3747 1444
3748 1764
3749 1764
3750 1764
3751 1156
3752 1444
3753 1764
3754 2116
3755 2116
3756 1764
3757 2116
3758 2116
3759 1764
3760 1444
3761 1764
3762 1764
3763 1156
3764 1764
3765 1764
3766 1764
3767 1444
3768 1156
3769 1156
3770 1156
3771 1156
3772 1444
3773 1444
3774 1444
3775 1764
3776 1764
3777 1764
3778 1444
3779 2116
3780 2116
3781 2116
3782 1764
3783 2116
3784 1444
3785 1444
3786 1444
3787 1156
3788 1156
3789 1444
3790 1444
3791 1444
3792 1156
3793 1156
3794 900
3795 1156
3796 1444
3797 1444
3798 1444
3799 1444
3800 1444
3801 1764
3802 1764
3803 2116
3804 2116
3805 2116
3806 1764
3807 1764
3808 1444
3809 1764
3810 1444
3811 1156
3812 1444
3813 1764
3814 1764
3815 2116
3816 2116
3817 2116
3818 1764
3819 2116
3820 1764
3821 2116
3822 2116
3823 2116
3824 2116
3825 2116
3826 1764
3827 1764
3828 2116
3829 2116
3830 2116
3831 1764
3832 1764
3833 2116
3834 2116
3835 2116
3836 1444
3837 1444
3838 1156
3839 1156
3840 1156
3841 1764
3842 1444
3843 2116
3844 2116
3845 2116
3846 2116
3847 2116
3848 2116
3849 1764
3850 2116
3851 1764
3852 1444
3853 900
3854 1444
3855 1444
3856 1156
3857 900
3858 1156
3859 1156
3860 1156
3861 1156
3862 1444
3863 1444
3864 1764
3865 1764
3866 1764
3867 1764
3868 2116
3869 2116
3870 2116
3871 1444
3872 1764
3873 1764
3874 1444
3875 1764
3876 1444
3877 1444
3878 1764
3879 1764
3880 1764
3881 1764
3882 1444
3883 1156
3884 1444
3885 1156
3886 1444
3887 1444
3888 1444
3889 1156
3890 900
3891 1156
3892 1156
3893 1444
3894 1764
3895 1764
3896 1764
3897 900
3898 1156
3899 1156
3900 1156
3901 1444
3902 1444
3903 1156
3904 1156
3905 2116
3906 1444
3907 1444
3908 1764
3909 1764
3910 1764
3911 1764
3912 1764
3913 1764
3914 1764
3915 1764
3916 1764
3917 1156
3918 1444
3919 1764
3920 1764
3921 1444
3922 2116
3923 2116
3924 1764
3925 1444
3926 1764
3927 1444
3928 1444
3929 1764
3930 1764
3931 1764
3932 2116
3933 1444
3934 1764
3935 1764
3936 1764
3937 1764
3938 1764
3939 1764
3940 1764
3941 2116
3942 2116
3943 2116
3944 2116
3945 2116
3946 1764
3947 1764
3948 2116
3949 2116
3950 1764
3951 1764
3952 2116
3953 2116
3954 1764
3955 2116
3956 2116
3957 1764
3958 1444
3959 1444
3960 1444
3961 1444
3962 1444
3963 1444
3964 1764
3965 1764
3966 1764
3967 1444
3968 1444
3969 1444
3970 2116
3971 2116
3972 2116
3973 2116
3974 2116
3975 2116
3976 2116
3977 2116
3978 1764
3979 1764
3980 1764
3981 1764
3982 1764
3983 1444
3984 1444
3985 1156
3986 1764
3987 1764
3988 1444
3989 1444
3990 1444
3991 1444
3992 1444
3993 1444
3994 900
3995 1156
3996 1444
3997 1444
3998 1444
3999 1444
4000 1444
4001 1444
4002 1444
4003 1444
4004 1764
4005 1764
4006 1444
4007 1444
4008 1444
4009 1444
4010 1764
4011 1444
4012 1444
4013 1444
4014 1444
4015 1444
4016 1444
4017 1444
4018 1156
4019 1156
4020 1156
4021 1156
4022 1444
4023 1764
4024 1156
4025 1764
4026 1764
4027 900
4028 1764
4029 1764
4030 1764
4031 1764
4032 1444
4033 1444
4034 1444
4035 1444
4036 1764
4037 1764
4038 1764
4039 1764
4040 1764
4041 1444
4042 1764
4043 1764
4044 1764
4045 1444
4046 1156
4047 1444
4048 1156
4049 1444
4050 1764
4051 1764
4052 1764
4053 1764
4054 1444
4055 1764
4056 1764
4057 1764
4058 1444
4059 1764
4060 1764
4061 1444
4062 1444
4063 1444
4064 1444
4065 1444
4066 1444
4067 1444
4068 1444
4069 1156
4070 1156
4071 1444
4072 1444
4073 1444
4074 1444
4075 2116
4076 2116
4077 2116
4078 2116
4079 1764
4080 2116
4081 1764
4082 1764
4083 1764
4084 1764
4085 1444
4086 1444
4087 1444
4088 1764
4089 1764
4090 1764
4091 1764
4092 1764
4093 1764
4094 1156
4095 900
4096 1156
4097 1156
4098 1444
4099 1444
4100 1156
4101 1156
4102 1156
4103 1156
4104 1156
4105 1156
4106 900
4107 1156
4108 1444
4109 1444
4110 1444
4111 1156
4112 1764
4113 1444
4114 1156
4115 1444
4116 1444
4117 1444
4118 1444
4119 1444
4120 1444
4121 1444
4122 1444
4123 1764
4124 1156
4125 1444
4126 1156
4127 1156
4128 1444
4129 1444
4130 1444
4131 1156
4132 1444
4133 1444
4134 900
4135 676
4136 1156
4137 1156
4138 1156
4139 900
4140 900
4141 1156
4142 1156
4143 1156
4144 1156
4145 900
4146 900
4147 900
4148 1156
4149 1444
4150 1764
4151 1764
4152 1444
4153 1444
4154 1444
4155 1444
4156 1444
4157 1444
4158 1764
4159 1444
4160 1444
4161 1156
4162 1156
4163 1444
4164 1444
4165 1764
4166 1764
4167 1764
4168 1764
4169 1764
4170 1764
4171 1764
4172 1444
4173 1156
4174 1764
4175 1156
4176 1764
4177 1444
4178 1444
4179 1764
4180 1764
4181 1444
4182 1764
4183 1444
4184 1764
4185 900
4186 676
4187 1156
4188 1444
4189 1156
4190 900
4191 1156
4192 900
4193 1156
4194 900
4195 1156
4196 1764
4197 1764
4198 1764
4199 1444
4200 1444
4201 1444
4202 1764
4203 1764
4204 1444
4205 1156
4206 1444
4207 1444
4208 1444
4209 1444
4210 1156
4211 1444
4212 1444
4213 1156
4214 1444
4215 1444
4216 1764
4217 1764
4218 1764
4219 1764
4220 1764
4221 1444
4222 1444
4223 1156
4224 1156
4225 1156
4226 1156
4227 1444
4228 1156
4229 1764
4230 2116
4231 2116
4232 1764
4233 1764
4234 1764
4235 2116
4236 2116
4237 2116
4238 1444
4239 1764
4240 1444
4241 1444
4242 484
4243 1444
4244 1156
4245 1156
4246 1156
4247 1156
4248 1156
4249 1156
4250 1444
4251 900
4252 1156
4253 1156
4254 1444
4255 1444
4256 1444
4257 1764
4258 1764
4259 1764
4260 1764
4261 2116
4262 2116
4263 2116
4264 2116
4265 1156
4266 1444
4267 1444
4268 1444
4269 1156
4270 1444
4271 1156
4272 1156
4273 1764
4274 1444
4275 1764
4276 1764
4277 1764
4278 1764
4279 1444
4280 2116
4281 2116
4282 1764
4283 2116
4284 1764
4285 2116
4286 2116
4287 2116
4288 1764
4289 1764
4290 1444
4291 1764
4292 1764
4293 1764
4294 2116
4295 2116
4296 1764
4297 1156
4298 900
4299 1156
4300 1156
4301 1156
4302 1156
4303 1156
4304 1156
4305 1444
4306 1444
4307 1444
4308 1444
4309 1444
4310 1444
4311 1156
4312 1764
4313 1764
4314 1764
4315 1444
4316 1444
4317 1156
4318 1156
4319 1444
4320 1444
4321 1444
4322 1444
4323 1444
4324 1764
4325 1444
4326 1764
4327 1764
4328 1764
4329 2116
4330 2116
4331 2116
4332 2116
4333 2116
4334 2116
4335 2116
4336 2116
4337 1764
4338 1764
4339 1444
4340 900
4341 1764
4342 1764
4343 1764
4344 1764
4345 1764
4346 1444
4347 1764
4348 1764
4349 1444
4350 1444
4351 1444
4352 1444
4353 1444
4354 1444
4355 1444
4356 1156
4357 1764
4358 1444
4359 1764
4360 1444
4361 1764
4362 1444
4363 1764
4364 1764
4365 1764
4366 1764
4367 1764
4368 1764
4369 1764
4370 1764
4371 1444
4372 1764
4373 1764
4374 1764
4375 1764
4376 1764
4377 1156
4378 1444
4379 1444
4380 1444
4381 1444
4382 1764
4383 1764
4384 1764
4385 2116
4386 1764
4387 1444
4388 1444
4389 1444
4390 900
4391 900
4392 676
4393 1156
4394 1156
4395 676
4396 1156
4397 1444
4398 1444
4399 1444
4400 1156
4401 1156
4402 1156
4403 1764
4404 1444
4405 1764
4406 1444
4407 1444
4408 1444
4409 1156
4410 1156
4411 1444
4412 1764
4413 1156
4414 1764
4415 1444
4416 1444
4417 2116
4418 2116
4419 1444
4420 1444
4421 1764
4422 1444
4423 1444
4424 1764
4425 1764
4426 1764
4427 1444
4428 1444
4429 1444
4430 1764
4431 1764
4432 2116
4433 2116
4434 1444
4435 1764
4436 1444
4437 1444
4438 1444
4439 1156
4440 1156
4441 1156
4442 1444
4443 900
4444 1156
4445 900
4446 900
4447 900
4448 676
4449 676
4450 900
4451 1156
4452 1156
4453 1156
4454 1156
4455 1156
4456 1444
4457 1444
4458 1444
4459 1444
4460 1444
4461 1444
4462 1444
4463 1444
4464 1444
4465 1444
4466 1444
4467 1156
4468 2116
4469 2116
4470 1764
4471 1764
4472 2116
4473 2116
4474 1764
4475 1764
4476 1764
4477 1764
4478 1444
4479 1156
4480 1156
4481 1444
4482 1444
4483 1764
4484 1764
4485 1764
4486 1764
4487 1764
4488 2116
4489 2116
4490 1764
4491 1764
4492 1764
4493 1764
4494 1764
4495 1444
4496 2116
4497 2116
4498 1764
4499 1764
4500 1764
4501 1444
4502 1764
4503 1764
4504 1764
4505 1764
4506 1156
4507 900
4508 1156
4509 1156
4510 1156
4511 1764
4512 1764
4513 1764
4514 2116
4515 2116
4516 2116
4517 2116
4518 2116
4519 1764
4520 1764
4521 1444
4522 1156
4523 1444
4524 1444
4525 1764
4526 1764
4527 1764
4528 1764
4529 1444
4530 1156
4531 1156
4532 900
4533 1444
4534 1764
4535 1764
4536 1444
4537 900
4538 1156
4539 1156
4540 1156
4541 900
4542 1156
4543 676
4544 676
4545 1156
4546 1156
4547 1156
4548 1764
4549 1444
4550 1444
4551 1156
4552 1156
4553 1156
4554 1444
4555 1444
4556 1156
4557 1444
4558 1444
4559 1444
4560 1156
4561 1444
4562 1444
4563 1444
4564 1156
4565 1444
4566 1444
4567 1444
4568 1444
4569 1444
4570 1444
4571 1444
4572 900
4573 900
4574 1444
4575 1156
4576 1156
4577 1444
4578 1764
4579 2116
4580 1764
4581 1764
4582 1764
4583 1444
4584 1764
4585 1156
4586 1444
4587 1444
4588 1444
4589 1444
4590 1444
4591 1444
4592 900
4593 1444
4594 1444
4595 1764
4596 1764
4597 1764
4598 1764
4599 1764
4600 1444
4601 1444
4602 1156
4603 900
4604 900
4605 1156
4606 1156
4607 1764
4608 1764
4609 1764
4610 1764
4611 1764
4612 1444
4613 1764
4614 1764
4615 1764
4616 1764
4617 1764
4618 1764
4619 1764
4620 1764
4621 1764
4622 1764
4623 1444
4624 1444
4625 1444
4626 1444
4627 1444
4628 1444
4629 1444
4630 1444
4631 1444
4632 1444
4633 1156
4634 1156
4635 1444
4636 1156
4637 1156
4638 1156
4639 1156
4640 1444
4641 1156
4642 900
4643 1156
4644 900
4645 676
4646 900
4647 676
4648 676
4649 1156
4650 1156
4651 1444
4652 1444
4653 1444
4654 1156
4655 1156
4656 1156
4657 676
4658 1156
4659 1156
4660 1156
4661 1156
4662 900
4663 900
4664 900
4665 676
4666 1444
4667 1444
4668 1444
4669 900
4670 900
4671 1156
4672 1444
4673 1444
4674 1444
4675 1444
4676 1764
4677 1764
4678 1764
4679 1764
4680 1764
4681 1764
4682 1764
4683 1764
4684 1764
4685 1764
4686 1764
4687 1764
4688 1764
4689 1764
4690 1764
4691 1444
4692 1156
4693 1444
4694 1444
4695 1444
4696 1156
4697 1444
4698 1764
4699 1156
4700 1156
4701 900
4702 1444
4703 1444
4704 1444
4705 1444
4706 1156
4707 1156
4708 1444
4709 1764
4710 1444
4711 1764
4712 1764
4713 1444
4714 1764
4715 1764
4716 1444
4717 1764
4718 1156
4719 1444
4720 1156
4721 900
4722 1444
4723 1764
4724 1764
4725 1764
4726 1764
4727 1764
4728 1444
4729 1764
4730 1764
4731 2116
4732 2116
4733 1764
4734 1764
4735 1444
4736 1444
4737 1444
4738 1444
4739 1444
4740 1444
4741 1156
4742 1764
4743 1764
4744 1764
4745 1444
4746 1444
4747 1156
4748 1156
4749 1156
4750 1444
4751 1444
4752 1764
4753 1764
4754 1444
4755 1444
4756 1444
4757 1444
4758 1764
4759 1444
4760 1444
4761 1444
4762 1444
4763 1764
4764 1764
4765 1764
4766 1764
4767 1444
4768 1444
4769 1444
4770 2116
4771 1764
4772 1764
4773 1764
4774 1764
4775 1444
4776 1444
4777 1444
4778 1764
4779 2116
4780 2116
4781 2116
4782 2116
4783 2116
4784 2116
4785 2116
4786 2116
4787 2116
4788 2116
4789 2116
4790 2116
4791 2116
4792 2116
4793 1764
4794 1764
4795 1764
4796 1764
4797 1764
4798 1764
4799 1764
4800 900
4801 1444
4802 1764
4803 1764
4804 1764
4805 1764
4806 1764
4807 2116
4808 2116
4809 1764
4810 1764
4811 1764
4812 1156
4813 900
4814 1156
4815 1444
4816 1444
4817 1444
4818 1444
4819 1444
4820 1444
4821 1444
4822 1444
4823 1444
4824 1444
4825 1444
4826 1444
4827 1444
4828 1444
4829 1156
4830 1156
4831 1444
4832 1444
4833 1156
4834 1764
4835 1764
4836 1764
4837 1764
4838 1444
4839 1444
4840 1444
4841 1444
4842 1444
4843 1444
4844 900
4845 1156
4846 1156
4847 1156
4848 1156
4849 1156
4850 1156
4851 1156
4852 676
4853 676
4854 900
4855 1156
4856 1156
4857 1444
4858 1444
4859 1444
4860 1444
4861 1764
4862 2116
4863 2116
4864 1764
4865 1156
4866 1156
4867 1444
4868 1764
4869 1444
4870 1764
4871 1764
4872 1764
4873 1764
4874 2116
4875 2116
4876 2116
4877 2116
4878 2116
4879 1764
4880 1764
4881 1764
4882 1444
4883 1156
4884 900
4885 900
4886 1444
4887 1156
4888 1156
4889 900
4890 1156
4891 1156
4892 1444
4893 1156
4894 1444
4895 1764
4896 1444
4897 1764
4898 1444
4899 1764
4900 1444
4901 1156
4902 1764
4903 2116
4904 1444
4905 1764
4906 1764
4907 1764
4908 1764
4909 1764
4910 1764
4911 1764
4912 1444
4913 1156
4914 1156
4915 1156
4916 1156
4917 1764
4918 1444
4919 1156
4920 1156
4921 1764
4922 1764
4923 1764
4924 1444
4925 1444
4926 1764
4927 1764
4928 1764
4929 1764
4930 1444
4931 1764
4932 1764
4933 2116
4934 2116
4935 1764
4936 1444
4937 2116
4938 2500
4939 2500
4940 2500
4941 2116
4942 2116
4943 2500
4944 2116
4945 1764
4946 1764
4947 1156
4948 1764
4949 1764
4950 1764
4951 1764
4952 2116
4953 2116
4954 1444
4955 1764
4956 2116
4957 2116
4958 2116
4959 2116
4960 2116
4961 1764
4962 1764
4963 1444
4964 1764
4965 1444
4966 1444
4967 1764
4968 1156
4969 1444
4970 1444
4971 900
4972 1444
4973 1444
4974 1444
4975 1444
4976 1156
4977 1444
4978 1444
4979 1156
4980 1444
4981 1444
4982 1444
4983 900
4984 900
4985 1156
4986 1444
4987 1444
4988 1444
4989 1444
4990 1764
4991 1444
4992 1444
4993 1444
4994 1156
4995 676
4996 900
4997 900
4998 676
4999 1156
5000 1156
