1 -22
2 -22
3 -30
4 -42
5 -42
6 -46
7 -42
8 -38
9 -42
10 -38
11 -42
12 -46
13 -42
14 -42
15 -46
16 -46
17 -42
18 -42
19 -42
20 -42
21 -42
22 -38
23 -38
24 -38
25 -38
26 -30
27 -34
28 -38
29 -38
30 -34
31 -42
32 -34
33 -42
34 -42
35 -42
36 -38
37 -42
38 -46
39 -46
40 -46
41 -46
42 -46
43 -38
44 -42
45 -42
46 -42
47 -42
48 -42
49 -46
50 -46
51 -46
52 -46
53 -46
54 -46
55 -46
56 -46
57 -46
58 -46
59 -46
60 -46
61 -34
62 -42
63 -46
64 -42
65 -38
66 -42
67 -42
68 -38
69 -38
70 -42
71 -34
72 -34
73 -38
74 -38
75 -38
76 -42
77 -38
78 -34
79 -42
80 -34
81 -46
82 -42
83 -38
84 -34
85 -34
86 -38
87 -38
88 -38
89 -34
90 -34
91 -34
92 -30
93 -30
94 -34
95 -38
96 -38
97 -38
98 -34
99 -34
100 -34
101 -30
102 -34
103 -38
104 -38
105 -38
106 -42
107 -42
108 -42
109 -42
110 -42
111 -42
112 -42
113 -42
114 -42
115 -38
116 -38
117 -38
118 -38
119 -38
120 -38
121 -42
122 -42
123 -38
124 -38
125 -38
126 -42
127 -42
128 -38
129 -38
130 -38
131 -42
132 -42
133 -42
134 -42
135 -42
136 -42
137 -42
138 -42
139 -42
140 -38
141 -38
142 -38
143 -38
144 -38
145 -42
146 -38
147 -34
148 -34
149 -42
150 -42
151 -38
152 -38
153 -34
154 -26
155 -34
156 -34
157 -38
158 -38
159 -38
160 -42
161 -42
162 -42
163 -38
164 -46
165 -38
166 -34
167 -34
168 -30
169 -34
170 -34
171 -34
172 -38
173 -42
174 -42
175 -38
176 -34
177 -34
178 -38
179 -38
180 -38
181 -42
182 -38
183 -38
184 -38
185 -42
186 -46
187 -46
188 -46
189 -42
190 -46
191 -46
192 -42
193 -46
194 -46
195 -46
196 -46
197 -46
198 -42
199 -46
200 -46
201 -46
202 -46
203 -46
204 -46
205 -46
206 -46
207 -46
208 -38
209 -42
210 -42
211 -38
212 -42
213 -42
214 -42
215 -42
216 -42
217 -42
218 -42
219 -42
220 -42
221 -42
222 -34
223 -34
224 -42
225 -42
226 -42
227 -38
228 -38
229 -42
230 -34
231 -34
232 -34
233 -34
234 -38
235 -38
236 -38
237 -34
238 -34
239 -38
240 -38
241 -38
242 -42
243 -38
244 -34
245 -34
246 -34
247 -38
248 -38
249 -38
250 -34
251 -38
252 -34
253 -34
254 -38
255 -38
256 -34
257 -38
258 -34
259 -34
260 -34
261 -34
262 -38
263 -38
264 -42
265 -42
266 -38
267 -42
268 -42
269 -46
270 -34
271 -42
272 -42
273 -42
274 -42
275 -42
276 -38
277 -42
278 -42
279 -42
280 -42
281 -42
282 -42
283 -42
284 -38
285 -38
286 -38
287 -38
288 -38
289 -42
290 -42
291 -42
292 -38
293 -34
294 -38
295 -38
296 -38
297 -38
298 -38
299 -42
300 -46
301 -46
302 -38
303 -34
304 -34
305 -38
306 -38
307 -42
308 -42
309 -38
310 -34
311 -34
312 -34
313 -38
314 -42
315 -38
316 -34
317 -38
318 -38
319 -38
320 -42
321 -38
322 -34
323 -42
324 -42
325 -42
326 -42
327 -38
328 -38
329 -42
330 -42
331 -42
332 -42
333 -46
334 -42
335 -42
336 -46
337 -46
338 -46
339 -46
340 -38
341 -42
342 -38
343 -42
344 -42
345 -38
346 -34
347 -42
348 -38
349 -38
350 -42
351 -42
352 -42
353 -42
354 -42
355 -38
356 -38
357 -38
358 -34
359 -38
360 -38
361 -38
362 -38
363 -38
364 -38
365 -38
366 -34
367 -38
368 -38
369 -38
370 -38
371 -38
372 -38
373 -38
374 -38
375 -38
376 -38
377 -42
378 -42
379 -42
380 -38
381 -42
382 -38
383 -38
384 -38
385 -34
386 -38
387 -34
388 -34
389 -38
390 -38
391 -34
392 -38
393 -34
394 -30
395 -34
396 -42
397 -42
398 -38
399 -42
400 -38
401 -38
402 -42
403 -42
404 -42
405 -42
406 -38
407 -38
408 -38
409 -42
410 -42
411 -38
412 -38
413 -42
414 -38
415 -38
416 -38
417 -42
418 -46
419 -42
420 -42
421 -38
422 -38
423 -42
424 -42
425 -38
426 -38
427 -34
428 -34
429 -34
430 -34
431 -34
432 -34
433 -30
434 -34
435 -38
436 -38
437 -38
438 -38
439 -38
440 -38
441 -38
442 -34
443 -30
444 -30
445 -34
446 -38
447 -38
448 -38
449 -34
450 -38
451 -46
452 -42
453 -42
454 -42
455 -42
456 -42
457 -42
458 -42
459 -42
460 -38
461 -30
462 -38
463 -42
464 -42
465 -42
466 -38
467 -30
468 -34
469 -38
470 -38
471 -30
472 -38
473 -34
474 -38
475 -38
476 -38
477 -30
478 -42
479 -42
480 -42
481 -42
482 -34
483 -38
484 -38
485 -38
486 -38
487 -38
488 -42
489 -42
490 -42
491 -38
492 -34
493 -34
494 -34
495 -34
496 -38
497 -42
498 -46
499 -46
500 -46
501 -42
502 -46
503 -46
504 -46
505 -46
506 -42
507 -42
508 -38
509 -38
510 -42
511 -42
512 -42
513 -38
514 -38
515 -46
516 -46
517 -42
518 -46
519 -46
520 -46
521 -46
522 -46
523 -42
524 -34
525 -42
526 -42
527 -46
528 -46
529 -42
530 -42
531 -38
532 -38
533 -38
534 -38
535 -38
536 -34
537 -34
538 -38
539 -42
540 -42
541 -42
542 -38
543 -34
544 -34
545 -38
546 -38
547 -34
548 -42
549 -38
550 -38
551 -42
552 -42
553 -38
554 -38
555 -38
556 -38
557 -42
558 -42
559 -42
560 -38
561 -34
562 -34
563 -34
564 -38
565 -38
566 -34
567 -34
568 -34
569 -34
570 -38
571 -38
572 -42
573 -42
574 -42
575 -42
576 -42
577 -42
578 -38
579 -42
580 -42
581 -42
582 -38
583 -42
584 -42
585 -42
586 -42
587 -42
588 -46
589 -42
590 -42
591 -42
592 -42
593 -42
594 -42
595 -46
596 -46
597 -46
598 -46
599 -46
600 -42
601 -42
602 -42
603 -42
604 -42
605 -38
606 -38
607 -38
608 -38
609 -34
610 -38
611 -38
612 -38
613 -38
614 -34
615 -34
616 -38
617 -42
618 -42
619 -38
620 -30
621 -30
622 -34
623 -38
624 -34
625 -38
626 -42
627 -42
628 -42
629 -42
630 -46
631 -42
632 -42
633 -38
634 -42
635 -42
636 -34
637 -38
638 -38
639 -42
640 -42
641 -38
642 -34
643 -38
644 -30
645 -34
646 -34
647 -34
648 -38
649 -38
650 -26
651 -34
652 -38
653 -38
654 -38
655 -38
656 -34
657 -26
658 -30
659 -38
660 -42
661 -42
662 -42
663 -42
664 -42
665 -42
666 -38
667 -34
668 -42
669 -42
670 -38
671 -38
672 -38
673 -34
674 -34
675 -42
676 -42
677 -42
678 -42
679 -38
680 -38
681 -34
682 -34
683 -42
684 -42
685 -42
686 -42
687 -42
688 -42
689 -42
690 -42
691 -42
692 -42
693 -42
694 -42
695 -42
696 -42
697 -38
698 -34
699 -38
700 -34
701 -34
702 -34
703 -42
704 -42
705 -42
706 -42
707 -42
708 -42
709 -42
710 -42
711 -38
712 -38
713 -34
714 -38
715 -38
716 -34
717 -38
718 -38
719 -38
720 -38
721 -42
722 -38
723 -34
724 -38
725 -30
726 -38
727 -30
728 -38
729 -38
730 -38
731 -34
732 -34
733 -38
734 -30
735 -38
736 -38
737 -38
738 -34
739 -30
740 -26
741 -34
742 -38
743 -42
744 -38
745 -42
746 -38
747 -42
748 -42
749 -42
750 -38
751 -38
752 -38
753 -38
754 -34
755 -34
756 -38
757 -42
758 -38
759 -42
760 -42
761 -42
762 -42
763 -42
764 -38
765 -38
766 -38
767 -38
768 -42
769 -46
770 -46
771 -42
772 -46
773 -42
774 -46
775 -46
776 -46
777 -46
778 -46
779 -46
780 -46
781 -46
782 -42
783 -42
784 -42
785 -42
786 -42
787 -42
788 -38
789 -34
790 -34
791 -42
792 -42
793 -38
794 -34
795 -38
796 -38
797 -42
798 -38
799 -42
800 -42
801 -42
802 -46
803 -46
804 -46
805 -38
806 -38
807 -42
808 -42
809 -42
810 -42
811 -42
812 -42
813 -42
814 -38
815 -46
816 -46
817 -46
818 -46
819 -42
820 -42
821 -42
822 -38
823 -38
824 -38
825 -38
826 -38
827 -38
828 -38
829 -38
830 -42
831 -38
832 -38
833 -42
834 -38
835 -42
836 -46
837 -42
838 -42
839 -42
840 -42
841 -42
842 -42
843 -42
844 -42
845 -42
846 -42
847 -42
848 -34
849 -34
850 -34
851 -38
852 -34
853 -38
854 -42
855 -42
856 -42
857 -42
858 -38
859 -42
860 -30
861 -38
862 -38
863 -38
864 -38
865 -34
866 -34
867 -34
868 -34
869 -30
870 -38
871 -38
872 -42
873 -42
874 -42
875 -46
876 -46
877 -46
878 -42
879 -38
880 -38
881 -38
882 -38
883 -38
884 -38
885 -34
886 -38
887 -38
888 -38
889 -26
890 -26
891 -30
892 -34
893 -34
894 -34
895 -34
896 -30
897 -26
898 -26
899 -30
900 -34
901 -30
902 -34
903 -38
904 -38
905 -38
906 -38
907 -38
908 -42
909 -38
910 -42
911 -38
912 -38
913 -42
914 -42
915 -38
916 -42
917 -46
918 -46
919 -46
920 -42
921 -46
922 -46
923 -42
924 -42
925 -42
926 -42
927 -42
928 -42
929 -46
930 -46
931 -42
932 -42
933 -38
934 -38
935 -34
936 -38
937 -34
938 -38
939 -38
940 -38
941 -38
942 -38
943 -38
944 -38
945 -38
946 -34
947 -38
948 -34
949 -38
950 -38
951 -38
952 -34
953 -38
954 -34
955 -38
956 -38
957 -38
958 -42
959 -42
960 -42
961 -38
962 -42
963 -42
964 -38
965 -38
966 -34
967 -38
968 -38
969 -38
970 -42
971 -42
972 -38
973 -38
974 -42
975 -42
976 -38
977 -38
978 -38
979 -38
980 -38
981 -38
982 -38
983 -42
984 -42
985 -42
986 -38
987 -34
988 -42
989 -42
990 -42
991 -42
992 -42
993 -42
994 -42
995 -38
996 -38
997 -38
998 -38
999 -34
1000 -38
1001 -38
1002 -38
1003 -38
1004 -34
1005 -38
1006 -38
1007 -38
1008 -38
1009 -34
1010 -34
1011 -38
1012 -42
1013 -42
1014 -42
1015 -42
1016 -42
1017 -42
1018 -42
1019 -42
1020 -42
1021 -38
1022 -42
1023 -38
1024 -42
1025 -42
1026 -42
1027 -42
1028 -38
1029 -34
1030 -38
1031 -38
1032 -34
1033 -38
1034 -34
1035 -38
1036 -38
1037 -38
1038 -38
1039 -34
1040 -30
1041 -34
1042 -34
1043 -30
1044 -38
1045 -42
1046 -42
1047 -42
1048 -42
1049 -42
1050 -42
1051 -42
1052 -46
1053 -42
1054 -34
1055 -42
1056 -42
1057 -42
1058 -42
1059 -42
1060 -46
1061 -46
1062 -46
1063 -42
1064 -46
1065 -42
1066 -42
1067 -42
1068 -38
1069 -42
1070 -38
1071 -46
1072 -46
1073 -42
1074 -42
1075 -38
1076 -46
1077 -46
1078 -42
1079 -42
1080 -42
1081 -42
1082 -34
1083 -38
1084 -42
1085 -42
1086 -42
1087 -42
1088 -42
1089 -42
1090 -38
1091 -42
1092 -38
1093 -38
1094 -38
1095 -34
1096 -38
1097 -42
1098 -34
1099 -34
1100 -34
1101 -42
1102 -34
1103 -34
1104 -38
1105 -38
1106 -38
1107 -38
1108 -38
1109 -42
1110 -42
1111 -30
1112 -30
1113 -38
1114 -42
1115 -42
1116 -42
1117 -42
1118 -34
1119 -34
1120 -38
1121 -38
1122 -38
1123 -38
1124 -38
1125 -38
1126 -34
1127 -38
1128 -38
1129 -34
1130 -34
1131 -34
1132 -38
1133 -38
1134 -30
1135 -38
1136 -42
1137 -46
1138 -42
1139 -34
1140 -34
1141 -38
1142 -46
1143 -46
1144 -42
1145 -42
1146 -38
1147 -46
1148 -38
1149 -42
1150 -38
1151 -46
1152 -46
1153 -38
1154 -34
1155 -38
1156 -42
1157 -38
1158 -38
1159 -38
1160 -38
1161 -38
1162 -38
1163 -42
1164 -42
1165 -38
1166 -42
1167 -46
1168 -42
1169 -42
1170 -42
1171 -42
1172 -42
1173 -42
1174 -42
1175 -46
1176 -46
1177 -42
1178 -46
1179 -42
1180 -38
1181 -34
1182 -38
1183 -30
1184 -38
1185 -34
1186 -38
1187 -42
1188 -42
1189 -46
1190 -46
1191 -46
1192 -46
1193 -46
1194 -46
1195 -42
1196 -42
1197 -42
1198 -42
1199 -42
1200 -38
1201 -38
1202 -42
1203 -42
1204 -42
1205 -34
1206 -38
1207 -34
1208 -34
1209 -42
1210 -42
1211 -38
1212 -38
1213 -38
1214 -42
1215 -42
1216 -42
1217 -42
1218 -42
1219 -42
1220 -42
1221 -42
1222 -42
1223 -42
1224 -38
1225 -38
1226 -38
1227 -38
1228 -38
1229 -42
1230 -42
1231 -42
1232 -46
1233 -46
1234 -42
1235 -42
1236 -42
1237 -38
1238 -42
1239 -46
1240 -42
1241 -46
1242 -46
1243 -46
1244 -46
1245 -42
1246 -42
1247 -46
1248 -42
1249 -46
1250 -42
1251 -42
1252 -46
1253 -42
1254 -42
1255 -42
1256 -38
1257 -42
1258 -42
1259 -46
1260 -46
1261 -46
1262 -46
1263 -42
1264 -42
1265 -46
1266 -42
1267 -42
1268 -42
1269 -42
1270 -38
1271 -38
1272 -42
1273 -42
1274 -38
1275 -42
1276 -42
1277 -38
1278 -34
1279 -38
1280 -38
1281 -38
1282 -46
1283 -46
1284 -42
1285 -42
1286 -38
1287 -34
1288 -34
1289 -38
1290 -38
1291 -34
1292 -42
1293 -38
1294 -38
1295 -34
1296 -38
1297 -38
1298 -38
1299 -38
1300 -38
1301 -38
1302 -38
1303 -38
1304 -34
1305 -38
1306 -38
1307 -38
1308 -34
1309 -30
1310 -38
1311 -42
1312 -42
1313 -42
1314 -42
1315 -42
1316 -38
1317 -38
1318 -42
1319 -38
1320 -38
1321 -42
1322 -42
1323 -42
1324 -38
1325 -42
1326 -38
1327 -38
1328 -34
1329 -38
1330 -34
1331 -30
1332 -22
1333 -26
1334 -34
1335 -30
1336 -30
1337 -34
1338 -34
1339 -34
1340 -34
1341 -34
1342 -30
1343 -34
1344 -34
1345 -34
1346 -34
1347 -38
1348 -38
1349 -30
1350 -30
1351 -34
1352 -42
1353 -42
1354 -42
1355 -42
1356 -38
1357 -38
1358 -42
1359 -42
1360 -34
1361 -38
1362 -38
1363 -30
1364 -30
1365 -30
1366 -34
1367 -38
1368 -30
1369 -34
1370 -38
1371 -34
1372 -34
1373 -34
1374 -30
1375 -38
1376 -34
1377 -34
1378 -34
1379 -34
1380 -30
1381 -34
1382 -38
1383 -34
1384 -38
1385 -34
1386 -34
1387 -34
1388 -38
1389 -38
1390 -38
1391 -38
1392 -38
1393 -34
1394 -34
1395 -34
1396 -34
1397 -34
1398 -30
1399 -30
1400 -34
1401 -38
1402 -34
1403 -34
1404 -34
1405 -38
1406 -38
1407 -34
1408 -34
1409 -34
1410 -30
1411 -34
1412 -38
1413 -38
1414 -38
1415 -38
1416 -42
1417 -38
1418 -38
1419 -38
1420 -38
1421 -34
1422 -38
1423 -38
1424 -42
1425 -42
1426 -42
1427 -42
1428 -46
1429 -42
1430 -42
1431 -42
1432 -42
1433 -42
1434 -42
1435 -42
1436 -42
1437 -38
1438 -42
1439 -42
1440 -38
1441 -38
1442 -38
1443 -38
1444 -38
1445 -38
1446 -38
1447 -38
1448 -34
1449 -38
1450 -38
1451 -42
1452 -42
1453 -38
1454 -38
1455 -38
1456 -38
1457 -38
1458 -38
1459 -42
1460 -46
1461 -42
1462 -42
1463 -42
1464 -42
1465 -46
1466 -42
1467 -42
1468 -38
1469 -38
1470 -42
1471 -38
1472 -42
1473 -42
1474 -38
1475 -38
1476 -38
1477 -38
1478 -42
1479 -42
1480 -42
1481 -42
1482 -42
1483 -42
1484 -38
1485 -38
1486 -34
1487 -42
1488 -42
1489 -42
1490 -38
1491 -42
1492 -38
1493 -42
1494 -42
1495 -42
1496 -38
1497 -38
1498 -42
1499 -42
1500 -42
1501 -38
1502 -38
1503 -42
1504 -42
1505 -42
1506 -46
1507 -46
1508 -38
1509 -38
1510 -38
1511 -38
1512 -30
1513 -30
1514 -38
1515 -38
1516 -38
1517 -34
1518 -34
1519 -42
1520 -38
1521 -42
1522 -34
1523 -38
1524 -42
1525 -42
1526 -42
1527 -42
1528 -42
1529 -42
1530 -46
1531 -46
1532 -46
1533 -42
1534 -46
1535 -42
1536 -42
1537 -38
1538 -38
1539 -34
1540 -34
1541 -42
1542 -42
1543 -42
1544 -42
1545 -42
1546 -42
1547 -42
1548 -42
1549 -38
1550 -42
1551 -42
1552 -42
1553 -42
1554 -42
1555 -42
1556 -42
1557 -46
1558 -46
1559 -46
1560 -46
1561 -46
1562 -46
1563 -46
1564 -46
1565 -42
1566 -34
1567 -34
1568 -30
1569 -38
1570 -34
1571 -38
1572 -38
1573 -34
1574 -34
1575 -38
1576 -42
1577 -38
1578 -38
1579 -34
1580 -34
1581 -34
1582 -34
1583 -34
1584 -38
1585 -38
1586 -38
1587 -38
1588 -38
1589 -38
1590 -38
1591 -38
1592 -22
1593 -34
1594 -30
1595 -30
1596 -34
1597 -38
1598 -38
1599 -38
1600 -30
1601 -34
1602 -38
1603 -38
1604 -38
1605 -34
1606 -34
1607 -34
1608 -34
1609 -38
1610 -42
1611 -38
1612 -38
1613 -38
1614 -38
1615 -34
1616 -38
1617 -38
1618 -38
1619 -38
1620 -38
1621 -34
1622 -34
1623 -42
1624 -42
1625 -42
1626 -38
1627 -38
1628 -42
1629 -42
1630 -38
1631 -42
1632 -46
1633 -38
1634 -38
1635 -42
1636 -38
1637 -42
1638 -42
1639 -42
1640 -42
1641 -42
1642 -42
1643 -46
1644 -46
1645 -42
1646 -42
1647 -42
1648 -42
1649 -46
1650 -46
1651 -46
1652 -42
1653 -42
1654 -42
1655 -42
1656 -42
1657 -38
1658 -38
1659 -38
1660 -42
1661 -42
1662 -42
1663 -42
1664 -38
1665 -38
1666 -38
1667 -34
1668 -34
1669 -34
1670 -30
1671 -34
1672 -34
1673 -34
1674 -34
1675 -30
1676 -34
1677 -34
1678 -38
1679 -38
1680 -42
1681 -38
1682 -30
1683 -34
1684 -38
1685 -38
1686 -38
1687 -42
1688 -38
1689 -38
1690 -42
1691 -42
1692 -42
1693 -42
1694 -42
1695 -46
1696 -42
1697 -42
1698 -42
1699 -42
1700 -42
1701 -38
1702 -30
1703 -38
1704 -42
1705 -38
1706 -34
1707 -38
1708 -38
1709 -34
1710 -34
1711 -42
1712 -42
1713 -46
1714 -46
1715 -46
1716 -46
1717 -42
1718 -42
1719 -46
1720 -46
1721 -34
1722 -30
1723 -30
1724 -38
1725 -38
1726 -34
1727 -38
1728 -38
1729 -38
1730 -38
1731 -38
1732 -38
1733 -38
1734 -38
1735 -30
1736 -34
1737 -38
1738 -38
1739 -34
1740 -38
1741 -38
1742 -38
1743 -38
1744 -38
1745 -38
1746 -38
1747 -38
1748 -42
1749 -42
1750 -38
1751 -38
1752 -42
1753 -42
1754 -42
1755 -34
1756 -38
1757 -34
1758 -38
1759 -38
1760 -42
1761 -34
1762 -34
1763 -34
1764 -34
1765 -38
1766 -38
1767 -38
1768 -42
1769 -42
1770 -42
1771 -34
1772 -34
1773 -34
1774 -34
1775 -30
1776 -38
1777 -42
1778 -38
1779 -42
1780 -42
1781 -34
1782 -30
1783 -34
1784 -38
1785 -38
1786 -34
1787 -26
1788 -30
1789 -34
1790 -38
1791 -38
1792 -38
1793 -34
1794 -38
1795 -34
1796 -34
1797 -30
1798 -34
1799 -42
1800 -38
1801 -38
1802 -38
1803 -30
1804 -34
1805 -30
1806 -34
1807 -42
1808 -42
1809 -42
1810 -42
1811 -38
1812 -42
1813 -42
1814 -42
1815 -42
1816 -42
1817 -42
1818 -42
1819 -42
1820 -38
1821 -34
1822 -34
1823 -38
1824 -38
1825 -34
1826 -34
1827 -38
1828 -38
1829 -42
1830 -42
1831 -42
1832 -42
1833 -42
1834 -38
1835 -38
1836 -34
1837 -38
1838 -38
1839 -38
1840 -30
1841 -38
1842 -38
1843 -30
1844 -34
1845 -38
1846 -38
1847 -38
1848 -38
1849 -34
1850 -34
1851 -38
1852 -38
1853 -38
1854 -38
1855 -38
1856 -34
1857 -30
1858 -34
1859 -38
1860 -34
1861 -38
1862 -38
1863 -38
1864 -38
1865 -42
1866 -42
1867 -42
1868 -42
1869 -42
1870 -42
1871 -42
1872 -42
1873 -38
1874 -42
1875 -38
1876 -42
1877 -42
1878 -42
1879 -42
1880 -42
1881 -42
1882 -38
1883 -38
1884 -42
1885 -42
1886 -42
1887 -38
1888 -42
1889 -38
1890 -34
1891 -42
1892 -38
1893 -38
1894 -38
1895 -42
1896 -42
1897 -38
1898 -38
1899 -38
1900 -38
1901 -38
1902 -34
1903 -38
1904 -42
1905 -42
1906 -42
1907 -42
1908 -42
1909 -42
1910 -38
1911 -42
1912 -38
1913 -34
1914 -38
1915 -34
1916 -34
1917 -38
1918 -38
1919 -38
1920 -38
1921 -38
1922 -42
1923 -34
1924 -30
1925 -34
1926 -38
1927 -30
1928 -34
1929 -34
1930 -38
1931 -34
1932 -34
1933 -38
1934 -42
1935 -46
1936 -46
1937 -46
1938 -46
1939 -46
1940 -46
1941 -46
1942 -38
1943 -42
1944 -42
1945 -38
1946 -42
1947 -42
1948 -42
1949 -38
1950 -34
1951 -30
1952 -34
1953 -30
1954 -30
1955 -38
1956 -38
1957 -38
1958 -30
1959 -38
1960 -38
1961 -30
1962 -38
1963 -38
1964 -38
1965 -42
1966 -42
1967 -42
1968 -42
1969 -42
1970 -46
1971 -42
1972 -42
1973 -42
1974 -42
1975 -42
1976 -42
1977 -38
1978 -38
1979 -38
1980 -46
1981 -46
1982 -46
1983 -46
1984 -46
1985 -46
1986 -42
1987 -38
1988 -30
1989 -30
1990 -30
1991 -34
1992 -30
1993 -30
1994 -38
1995 -34
1996 -38
1997 -42
1998 -42
1999 -38
2000 -46
2001 -46
2002 -46
2003 -42
2004 -42
2005 -42
2006 -42
2007 -42
2008 -42
2009 -42
2010 -34
2011 -38
2012 -38
2013 -34
2014 -34
2015 -38
2016 -42
2017 -42
2018 -38
2019 -38
2020 -42
2021 -38
2022 -42
2023 -34
2024 -46
2025 -46
2026 -42
2027 -42
2028 -46
2029 -46
2030 -46
2031 -46
2032 -42
2033 -38
2034 -46
2035 -46
2036 -46
2037 -46
2038 -46
2039 -42
2040 -46
2041 -46
2042 -34
2043 -34
2044 -42
2045 -38
2046 -34
2047 -34
2048 -30
2049 -38
2050 -38
2051 -42
2052 -42
2053 -42
2054 -42
2055 -42
2056 -42
2057 -42
2058 -42
2059 -38
2060 -42
2061 -42
2062 -38
2063 -34
2064 -30
2065 -38
2066 -38
2067 -38
2068 -38
2069 -42
2070 -42
2071 -34
2072 -42
2073 -38
2074 -38
2075 -38
2076 -38
2077 -38
2078 -38
2079 -38
2080 -34
2081 -34
2082 -38
2083 -34
2084 -38
2085 -38
2086 -34
2087 -38
2088 -38
2089 -38
2090 -38
2091 -38
2092 -42
2093 -38
2094 -42
2095 -42
2096 -42
2097 -42
2098 -38
2099 -38
2100 -42
2101 -46
2102 -42
2103 -38
2104 -38
2105 -42
2106 -38
2107 -42
2108 -42
2109 -42
2110 -38
2111 -42
2112 -42
2113 -46
2114 -46
2115 -42
2116 -46
2117 -42
2118 -42
2119 -46
2120 -46
2121 -42
2122 -42
2123 -46
2124 -46
2125 -46
2126 -42
2127 -46
2128 -46
2129 -46
2130 -42
2131 -46
2132 -46
2133 -46
2134 -42
2135 -42
2136 -42
2137 -38
2138 -34
2139 -42
2140 -38
2141 -42
2142 -34
2143 -34
2144 -30
2145 -34
2146 -30
2147 -34
2148 -42
2149 -38
2150 -42
2151 -38
2152 -34
2153 -42
2154 -42
2155 -38
2156 -42
2157 -34
2158 -34
2159 -34
2160 -30
2161 -34
2162 -34
2163 -30
2164 -34
2165 -38
2166 -38
2167 -42
2168 -42
2169 -38
2170 -42
2171 -42
2172 -38
2173 -38
2174 -38
2175 -38
2176 -38
2177 -38
2178 -34
2179 -38
2180 -34
2181 -34
2182 -34
2183 -38
2184 -38
2185 -38
2186 -38
2187 -38
2188 -34
2189 -38
2190 -38
2191 -38
2192 -38
2193 -34
2194 -34
2195 -34
2196 -34
2197 -34
2198 -34
2199 -38
2200 -38
2201 -38
2202 -34
2203 -38
2204 -38
2205 -38
2206 -38
2207 -38
2208 -38
2209 -42
2210 -42
2211 -42
2212 -42
2213 -38
2214 -34
2215 -34
2216 -34
2217 -30
2218 -34
2219 -34
2220 -34
2221 -34
2222 -38
2223 -42
2224 -42
2225 -42
2226 -42
2227 -38
2228 -42
2229 -34
2230 -38
2231 -42
2232 -34
2233 -34
2234 -34
2235 -34
2236 -38
2237 -38
2238 -38
2239 -38
2240 -38
2241 -38
2242 -38
2243 -38
2244 -34
2245 -38
2246 -38
2247 -38
2248 -38
2249 -42
2250 -46
2251 -46
2252 -46
2253 -42
2254 -42
2255 -38
2256 -42
2257 -46
2258 -46
2259 -46
2260 -46
2261 -46
2262 -46
2263 -46
2264 -46
2265 -46
2266 -46
2267 -46
2268 -34
2269 -34
2270 -34
2271 -38
2272 -42
2273 -42
2274 -42
2275 -38
2276 -38
2277 -34
2278 -34
2279 -34
2280 -34
2281 -42
2282 -30
2283 -38
2284 -38
2285 -38
2286 -34
2287 -38
2288 -38
2289 -38
2290 -38
2291 -38
2292 -38
2293 -38
2294 -38
2295 -38
2296 -34
2297 -34
2298 -34
2299 -30
2300 -38
2301 -38
2302 -42
2303 -42
2304 -38
2305 -42
2306 -42
2307 -42
2308 -42
2309 -38
2310 -34
2311 -34
2312 -34
2313 -30
2314 -30
2315 -30
2316 -34
2317 -34
2318 -42
2319 -38
2320 -38
2321 -38
2322 -38
2323 -34
2324 -34
2325 -34
2326 -38
2327 -38
2328 -38
2329 -46
2330 -46
2331 -46
2332 -46
2333 -42
2334 -46
2335 -46
2336 -42
2337 -42
2338 -42
2339 -42
2340 -42
2341 -38
2342 -42
2343 -42
2344 -46
2345 -46
2346 -46
2347 -46
2348 -46
2349 -46
2350 -42
2351 -38
2352 -34
2353 -38
2354 -34
2355 -38
2356 -38
2357 -34
2358 -34
2359 -34
2360 -34
2361 -38
2362 -34
2363 -34
2364 -34
2365 -38
2366 -38
2367 -42
2368 -38
2369 -42
2370 -42
2371 -42
2372 -42
2373 -42
2374 -42
2375 -42
2376 -34
2377 -34
2378 -34
2379 -38
2380 -38
2381 -38
2382 -38
2383 -34
2384 -34
2385 -34
2386 -34
2387 -34
2388 -38
2389 -38
2390 -42
2391 -42
2392 -42
2393 -42
2394 -42
2395 -38
2396 -38
2397 -34
2398 -34
2399 -34
2400 -38
2401 -46
2402 -46
2403 -42
2404 -34
2405 -38
2406 -38
2407 -42
2408 -42
2409 -42
2410 -42
2411 -46
2412 -50
2413 -46
2414 -42
2415 -38
2416 -34
2417 -42
2418 -38
2419 -34
2420 -42
2421 -46
2422 -42
2423 -42
2424 -38
2425 -42
2426 -38
2427 -42
2428 -42
2429 -34
2430 -38
2431 -38
2432 -34
2433 -38
2434 -38
2435 -38
2436 -42
2437 -42
2438 -42
2439 -42
2440 -42
2441 -38
2442 -42
2443 -42
2444 -42
2445 -38
2446 -38
2447 -38
2448 -42
2449 -34
2450 -38
2451 -42
2452 -38
2453 -34
2454 -38
2455 -38
2456 -34
2457 -34
2458 -34
2459 -38
2460 -30
2461 -42
2462 -38
2463 -42
2464 -38
2465 -34
2466 -30
2467 -34
2468 -30
2469 -34
2470 -34
2471 -34
2472 -30
2473 -26
2474 -30
2475 -38
2476 -38
2477 -34
2478 -38
2479 -38
2480 -38
2481 -34
2482 -38
2483 -34
2484 -38
2485 -46
2486 -46
2487 -46
2488 -42
2489 -42
2490 -42
2491 -46
2492 -42
2493 -42
2494 -42
2495 -42
2496 -42
2497 -42
2498 -38
2499 -34
2500 -34
2501 -34
2502 -30
2503 -34
2504 -30
2505 -34
2506 -38
2507 -34
2508 -34
2509 -38
2510 -38
2511 -46
2512 -42
2513 -38
2514 -46
2515 -46
2516 -46
2517 -46
2518 -46
2519 -50
2520 -46
2521 -46
2522 -46
2523 -46
2524 -42
2525 -34
2526 -38
2527 -34
2528 -34
2529 -34
2530 -34
2531 -38
2532 -42
2533 -42
2534 -42
2535 -38
2536 -38
2537 -34
2538 -34
2539 -38
2540 -42
2541 -42
2542 -42
2543 -38
2544 -38
2545 -38
2546 -42
2547 -38
2548 -42
2549 -34
2550 -34
2551 -34
2552 -34
2553 -34
2554 -34
2555 -38
2556 -30
2557 -30
2558 -30
2559 -38
2560 -34
2561 -38
2562 -38
2563 -34
2564 -38
2565 -42
2566 -42
2567 -42
2568 -42
2569 -42
2570 -34
2571 -34
2572 -34
2573 -38
2574 -30
2575 -38
2576 -38
2577 -42
2578 -38
2579 -42
2580 -38
2581 -38
2582 -42
2583 -42
2584 -42
2585 -38
2586 -34
2587 -38
2588 -38
2589 -38
2590 -38
2591 -38
2592 -38
2593 -34
2594 -38
2595 -38
2596 -38
2597 -38
2598 -38
2599 -38
2600 -38
2601 -38
2602 -34
2603 -30
2604 -34
2605 -34
2606 -34
2607 -34
2608 -34
2609 -38
2610 -38
2611 -38
2612 -42
2613 -42
2614 -38
2615 -34
2616 -42
2617 -38
2618 -46
2619 -46
2620 -46
2621 -46
2622 -42
2623 -42
2624 -46
2625 -42
2626 -42
2627 -50
2628 -46
2629 -50
2630 -50
2631 -50
2632 -50
2633 -50
2634 -50
2635 -50
2636 -50
2637 -42
2638 -42
2639 -38
2640 -38
2641 -34
2642 -38
2643 -34
2644 -34
2645 -38
2646 -34
2647 -38
2648 -38
2649 -38
2650 -38
2651 -38
2652 -38
2653 -38
2654 -42
2655 -42
2656 -42
2657 -42
2658 -42
2659 -42
2660 -42
2661 -42
2662 -46
2663 -34
2664 -42
2665 -46
2666 -46
2667 -46
2668 -34
2669 -38
2670 -38
2671 -42
2672 -42
2673 -34
2674 -46
2675 -42
2676 -46
2677 -46
2678 -42
2679 -42
2680 -42
2681 -38
2682 -42
2683 -38
2684 -42
2685 -38
2686 -42
2687 -46
2688 -46
2689 -46
2690 -46
2691 -46
2692 -42
2693 -42
2694 -38
2695 -34
2696 -38
2697 -42
2698 -42
2699 -42
2700 -46
2701 -46
2702 -42
2703 -34
2704 -34
2705 -34
2706 -34
2707 -42
2708 -46
2709 -46
2710 -42
2711 -46
2712 -46
2713 -46
2714 -46
2715 -46
2716 -38
2717 -38
2718 -38
2719 -42
2720 -42
2721 -34
2722 -34
2723 -42
2724 -42
2725 -38
2726 -42
2727 -42
2728 -42
2729 -46
2730 -42
2731 -38
2732 -42
2733 -46
2734 -46
2735 -42
2736 -42
2737 -38
2738 -38
2739 -42
2740 -46
2741 -42
2742 -38
2743 -38
2744 -34
2745 -38
2746 -38
2747 -42
2748 -38
2749 -34
2750 -34
2751 -34
2752 -30
2753 -34
2754 -30
2755 -26
2756 -30
2757 -38
2758 -30
2759 -38
2760 -42
2761 -42
2762 -42
2763 -42
2764 -42
2765 -42
2766 -42
2767 -42
2768 -42
2769 -38
2770 -34
2771 -42
2772 -42
2773 -42
2774 -42
2775 -34
2776 -38
2777 -34
2778 -42
2779 -42
2780 -42
2781 -42
2782 -42
2783 -42
2784 -38
2785 -42
2786 -30
2787 -34
2788 -34
2789 -26
2790 -26
2791 -30
2792 -34
2793 -38
2794 -38
2795 -38
2796 -38
2797 -38
2798 -30
2799 -34
2800 -38
2801 -38
2802 -38
2803 -38
2804 -38
2805 -38
2806 -38
2807 -42
2808 -42
2809 -42
2810 -38
2811 -42
2812 -42
2813 -42
2814 -38
2815 -42
2816 -38
2817 -38
2818 -34
2819 -30
2820 -34
2821 -42
2822 -42
2823 -42
2824 -42
2825 -38
2826 -42
2827 -46
2828 -46
2829 -46
2830 -42
2831 -46
2832 -42
2833 -46
2834 -46
2835 -46
2836 -46
2837 -46
2838 -42
2839 -42
2840 -42
2841 -46
2842 -46
2843 -46
2844 -46
2845 -46
2846 -42
2847 -42
2848 -42
2849 -38
2850 -38
2851 -38
2852 -38
2853 -46
2854 -42
2855 -42
2856 -42
2857 -38
2858 -34
2859 -38
2860 -30
2861 -42
2862 -42
2863 -42
2864 -42
2865 -42
2866 -38
2867 -34
2868 -38
2869 -38
2870 -34
2871 -34
2872 -38
2873 -42
2874 -42
2875 -42
2876 -30
2877 -34
2878 -38
2879 -42
2880 -42
2881 -42
2882 -34
2883 -42
2884 -42
2885 -42
2886 -42
2887 -34
2888 -38
2889 -38
2890 -34
2891 -34
2892 -30
2893 -34
2894 -38
2895 -38
2896 -34
2897 -34
2898 -34
2899 -34
2900 -34
2901 -34
2902 -38
2903 -42
2904 -38
2905 -38
2906 -38
2907 -38
2908 -38
2909 -38
2910 -42
2911 -38
2912 -38
2913 -38
2914 -38
2915 -34
2916 -38
2917 -38
2918 -42
2919 -42
2920 -42
2921 -42
2922 -42
2923 -42
2924 -42
2925 -42
2926 -38
2927 -38
2928 -42
2929 -42
2930 -42
2931 -38
2932 -42
2933 -42
2934 -42
2935 -42
2936 -42
2937 -38
2938 -42
2939 -42
2940 -42
2941 -42
2942 -42
2943 -42
2944 -42
2945 -42
2946 -42
2947 -42
2948 -42
2949 -42
2950 -42
2951 -42
2952 -42
2953 -42
2954 -42
2955 -38
2956 -42
2957 -42
2958 -38
2959 -38
2960 -42
2961 -42
2962 -38
2963 -42
2964 -42
2965 -42
2966 -42
2967 -42
2968 -42
2969 -38
2970 -38
2971 -38
2972 -42
2973 -42
2974 -42
2975 -42
2976 -34
2977 -38
2978 -42
2979 -42
2980 -42
2981 -42
2982 -38
2983 -42
2984 -42
2985 -38
2986 -42
2987 -34
2988 -38
2989 -38
2990 -38
2991 -38
2992 -46
2993 -46
2994 -46
2995 -46
2996 -46
2997 -42
2998 -46
2999 -42
3000 -38
3001 -34
3002 -34
3003 -38
3004 -42
3005 -42
3006 -42
3007 -42
3008 -38
3009 -34
3010 -30
3011 -26
3012 -26
3013 -34
3014 -34
3015 -34
3016 -30
3017 -34
3018 -38
3019 -38
3020 -42
3021 -38
3022 -38
3023 -42
3024 -42
3025 -38
3026 -42
3027 -46
3028 -46
3029 -46
3030 -46
3031 -42
3032 -42
3033 -38
3034 -34
3035 -38
3036 -42
3037 -42
3038 -38
3039 -38
3040 -34
3041 -38
3042 -38
3043 -34
3044 -38
3045 -38
3046 -42
3047 -34
3048 -34
3049 -42
3050 -38
3051 -38
3052 -38
3053 -34
3054 -38
3055 -38
3056 -38
3057 -38
3058 -38
3059 -38
3060 -38
3061 -34
3062 -34
3063 -38
3064 -42
3065 -42
3066 -38
3067 -38
3068 -34
3069 -34
3070 -34
3071 -42
3072 -42
3073 -42
3074 -38
3075 -46
3076 -42
3077 -46
3078 -46
3079 -42
3080 -42
3081 -42
3082 -42
3083 -42
3084 -42
3085 -42
3086 -38
3087 -38
3088 -38
3089 -30
3090 -38
3091 -42
3092 -46
3093 -42
3094 -42
3095 -42
3096 -38
3097 -38
3098 -42
3099 -42
3100 -42
3101 -42
3102 -42
3103 -34
3104 -34
3105 -34
3106 -34
3107 -30
3108 -38
3109 -38
3110 -38
3111 -34
3112 -38
3113 -34
3114 -34
3115 -34
3116 -38
3117 -38
3118 -30
3119 -30
3120 -34
3121 -34
3122 -30
3123 -30
3124 -30
3125 -30
3126 -34
3127 -34
3128 -34
3129 -30
3130 -34
3131 -38
3132 -38
3133 -34
3134 -34
3135 -34
3136 -34
3137 -30
3138 -30
3139 -34
3140 -38
3141 -38
3142 -38
3143 -38
3144 -38
3145 -30
3146 -38
3147 -34
3148 -34
3149 -34
3150 -38
3151 -38
3152 -42
3153 -42
3154 -34
3155 -34
3156 -38
3157 -42
3158 -46
3159 -46
3160 -46
3161 -46
3162 -42
3163 -42
3164 -42
3165 -38
3166 -46
3167 -42
3168 -42
3169 -42
3170 -46
3171 -46
3172 -46
3173 -38
3174 -42
3175 -42
3176 -34
3177 -38
3178 -38
3179 -46
3180 -46
3181 -50
3182 -50
3183 -46
3184 -46
3185 -46
3186 -46
3187 -46
3188 -50
3189 -50
3190 -50
3191 -50
3192 -50
3193 -50
3194 -50
3195 -42
3196 -42
3197 -42
3198 -38
3199 -42
3200 -50
3201 -50
3202 -50
3203 -50
3204 -42
3205 -42
3206 -46
3207 -42
3208 -42
3209 -38
3210 -38
3211 -38
3212 -38
3213 -42
3214 -38
3215 -38
3216 -42
3217 -42
3218 -42
3219 -50
3220 -50
3221 -50
3222 -50
3223 -50
3224 -46
3225 -50
3226 -46
3227 -46
3228 -42
3229 -46
3230 -50
3231 -50
3232 -50
3233 -50
3234 -50
3235 -42
3236 -46
3237 -42
3238 -42
3239 -42
3240 -42
3241 -42
3242 -42
3243 -42
3244 -42
3245 -42
3246 -42
3247 -42
3248 -38
3249 -38
3250 -46
3251 -42
3252 -42
3253 -42
3254 -38
3255 -38
3256 -38
3257 -38
3258 -38
3259 -46
3260 -46
3261 -42
3262 -46
3263 -50
3264 -50
3265 -50
3266 -50
3267 -50
3268 -50
3269 -46
3270 -50
3271 -46
3272 -42
3273 -46
3274 -46
3275 -46
3276 -42
3277 -42
3278 -42
3279 -42
3280 -46
3281 -42
3282 -42
3283 -38
3284 -42
3285 -42
3286 -38
3287 -38
3288 -38
3289 -38
3290 -42
3291 -42
3292 -34
3293 -34
3294 -38
3295 -38
3296 -38
3297 -34
3298 -38
3299 -34
3300 -38
3301 -38
3302 -38
3303 -34
3304 -30
3305 -30
3306 -30
3307 -26
3308 -38
3309 -38
3310 -42
3311 -42
3312 -42
3313 -42
3314 -38
3315 -26
3316 -34
3317 -38
3318 -38
3319 -34
3320 -34
3321 -38
3322 -38
3323 -42
3324 -42
3325 -34
3326 -38
3327 -42
3328 -42
3329 -38
3330 -38
3331 -38
3332 -42
3333 -46
3334 -46
3335 -46
3336 -46
3337 -42
3338 -34
3339 -30
3340 -42
3341 -42
3342 -42
3343 -42
3344 -42
3345 -42
3346 -46
3347 -46
3348 -42
3349 -46
3350 -46
3351 -42
3352 -42
3353 -46
3354 -46
3355 -42
3356 -46
3357 -46
3358 -42
3359 -42
3360 -42
3361 -42
3362 -42
3363 -42
3364 -42
3365 -42
3366 -38
3367 -46
3368 -42
3369 -46
3370 -46
3371 -42
3372 -42
3373 -42
3374 -42
3375 -38
3376 -38
3377 -42
3378 -38
3379 -38
3380 -38
3381 -42
3382 -42
3383 -42
3384 -42
3385 -42
3386 -42
3387 -42
3388 -42
3389 -38
3390 -42
3391 -38
3392 -42
3393 -42
3394 -46
3395 -46
3396 -42
3397 -46
3398 -42
3399 -38
3400 -34
3401 -34
3402 -38
3403 -42
3404 -42
3405 -42
3406 -42
3407 -46
3408 -46
3409 -46
3410 -42
3411 -38
3412 -38
3413 -34
3414 -38
3415 -38
3416 -38
3417 -42
3418 -42
3419 -34
3420 -42
3421 -42
3422 -42
3423 -42
3424 -42
3425 -38
3426 -38
3427 -42
3428 -42
3429 -38
3430 -38
3431 -34
3432 -34
3433 -34
3434 -30
3435 -38
3436 -38
3437 -38
3438 -38
3439 -38
3440 -42
3441 -34
3442 -38
3443 -38
3444 -38
3445 -38
3446 -38
3447 -38
3448 -34
3449 -34
3450 -38
3451 -42
3452 -42
3453 -38
3454 -38
3455 -42
3456 -42
3457 -42
3458 -42
3459 -42
3460 -42
3461 -42
3462 -42
3463 -42
3464 -38
3465 -38
3466 -42
3467 -42
3468 -42
3469 -42
3470 -42
3471 -38
3472 -38
3473 -38
3474 -42
3475 -46
3476 -46
3477 -46
3478 -42
3479 -38
3480 -34
3481 -34
3482 -38
3483 -38
3484 -38
3485 -38
3486 -42
3487 -38
3488 -42
3489 -42
3490 -42
3491 -42
3492 -42
3493 -38
3494 -38
3495 -38
3496 -42
3497 -42
3498 -42
3499 -46
3500 -46
3501 -34
3502 -38
3503 -34
3504 -34
3505 -42
3506 -42
3507 -42
3508 -42
3509 -42
3510 -38
3511 -42
3512 -38
3513 -34
3514 -42
3515 -42
3516 -42
3517 -38
3518 -30
3519 -34
3520 -34
3521 -30
3522 -42
3523 -42
3524 -38
3525 -42
3526 -42
3527 -42
3528 -30
3529 -34
3530 -38
3531 -30
3532 -38
3533 -38
3534 -38
3535 -38
3536 -38
3537 -34
3538 -42
3539 -42
3540 -38
3541 -38
3542 -42
3543 -42
3544 -34
3545 -38
3546 -34
3547 -34
3548 -34
3549 -38
3550 -46
3551 -46
3552 -46
3553 -46
3554 -42
3555 -46
3556 -46
3557 -42
3558 -42
3559 -42
3560 -42
3561 -42
3562 -42
3563 -42
3564 -46
3565 -46
3566 -46
3567 -46
3568 -46
3569 -46
3570 -42
3571 -42
3572 -46
3573 -46
3574 -42
3575 -34
3576 -34
3577 -38
3578 -42
3579 -38
3580 -42
3581 -38
3582 -38
3583 -38
3584 -30
3585 -38
3586 -38
3587 -38
3588 -42
3589 -42
3590 -38
3591 -38
3592 -42
3593 -46
3594 -46
3595 -42
3596 -46
3597 -46
3598 -46
3599 -46
3600 -38
3601 -42
3602 -34
3603 -38
3604 -38
3605 -42
3606 -42
3607 -42
3608 -34
3609 -42
3610 -42
3611 -42
3612 -42
3613 -46
3614 -46
3615 -46
3616 -46
3617 -38
3618 -38
3619 -38
3620 -38
3621 -38
3622 -34
3623 -34
3624 -34
3625 -38
3626 -38
3627 -38
3628 -46
3629 -42
3630 -46
3631 -42
3632 -38
3633 -42
3634 -38
3635 -42
3636 -38
3637 -46
3638 -46
3639 -46
3640 -42
3641 -42
3642 -42
3643 -42
3644 -42
3645 -34
3646 -38
3647 -38
3648 -42
3649 -42
3650 -46
3651 -46
3652 -42
3653 -42
3654 -46
3655 -46
3656 -42
3657 -42
3658 -42
3659 -42
3660 -38
3661 -38
3662 -42
3663 -42
3664 -42
3665 -38
3666 -38
3667 -38
3668 -38
3669 -38
3670 -38
3671 -38
3672 -42
3673 -38
3674 -42
3675 -42
3676 -42
3677 -42
3678 -38
3679 -42
3680 -42
3681 -42
3682 -38
3683 -38
3684 -30
3685 -38
3686 -38
3687 -38
3688 -38
3689 -38
3690 -38
3691 -38
3692 -42
3693 -42
3694 -34
3695 -30
3696 -38
3697 -34
3698 -34
3699 -34
3700 -38
3701 -38
3702 -38
3703 -38
3704 -38
3705 -22
3706 -30
3707 -34
3708 -34
3709 -34
3710 -34
3711 -34
3712 -38
3713 -34
3714 -42
3715 -46
3716 -46
3717 -42
3718 -42
3719 -42
3720 -38
3721 -42
3722 -38
3723 -42
3724 -38
3725 -38
3726 -42
3727 -42
3728 -38
3729 -34
3730 -38
3731 -38
3732 -34
3733 -34
3734 -30
3735 -38
3736 -38
3737 -38
3738 -38
3739 -42
3740 -38
3741 -38
3742 -42
3743 -38
3744 -42
3745 -42
3746 -38
3747 -38
3748 -42
3749 -42
3750 -42
3751 -34
3752 -38
3753 -42
3754 -46
3755 -46
3756 -42
3757 -46
3758 -46
3759 -42
3760 -38
3761 -42
3762 -42
3763 -34
3764 -42
3765 -42
3766 -42
3767 -38
3768 -34
3769 -34
3770 -34
3771 -34
3772 -38
3773 -38
3774 -38
3775 -42
3776 -42
3777 -42
3778 -38
3779 -46
3780 -46
3781 -46
3782 -42
3783 -46
3784 -38
3785 -38
3786 -38
3787 -34
3788 -34
3789 -38
3790 -38
3791 -38
3792 -34
3793 -34
3794 -30
3795 -34
3796 -38
3797 -38
3798 -38
3799 -38
3800 -38
3801 -42
3802 -42
3803 -46
3804 -46
3805 -46
3806 -42
3807 -42
3808 -38
3809 -42
3810 -38
3811 -34
3812 -38
3813 -42
3814 -42
3815 -46
3816 -46
3817 -46
3818 -42
3819 -46
3820 -42
3821 -46
3822 -46
3823 -46
3824 -46
3825 -46
3826 -42
3827 -42
3828 -46
3829 -46
3830 -46
3831 -42
3832 -42
3833 -46
3834 -46
3835 -46
3836 -38
3837 -38
3838 -34
3839 -34
3840 -34
3841 -42
3842 -38
3843 -46
3844 -46
3845 -46
3846 -46
3847 -46
3848 -46
3849 -42
3850 -46
3851 -42
3852 -38
3853 -30
3854 -38
3855 -38
3856 -34
3857 -30
3858 -34
3859 -34
3860 -34
3861 -34
3862 -38
3863 -38
3864 -42
3865 -42
3866 -42
3867 -42
3868 -46
3869 -46
3870 -46
3871 -38
3872 -42
3873 -42
3874 -38
3875 -42
3876 -38
3877 -38
3878 -42
3879 -42
3880 -42
3881 -42
3882 -38
3883 -34
3884 -38
3885 -34
3886 -38
3887 -38
3888 -38
3889 -34
3890 -30
3891 -34
3892 -34
3893 -38
3894 -42
3895 -42
3896 -42
3897 -30
3898 -34
3899 -34
3900 -34
3901 -38
3902 -38
3903 -34
3904 -34
3905 -46
3906 -38
3907 -38
3908 -42
3909 -42
3910 -42
3911 -42
3912 -42
3913 -42
3914 -42
3915 -42
3916 -42
3917 -34
3918 -38
3919 -42
3920 -42
3921 -38
3922 -46
3923 -46
3924 -42
3925 -38
3926 -42
3927 -38
3928 -38
3929 -42
3930 -42
3931 -42
3932 -46
3933 -38
3934 -42
3935 -42
3936 -42
3937 -42
3938 -42
3939 -42
3940 -42
3941 -46
3942 -46
3943 -46
3944 -46
3945 -46
3946 -42
3947 -42
3948 -46
3949 -46
3950 -42
3951 -42
3952 -46
3953 -46
3954 -42
3955 -46
3956 -46
3957 -42
3958 -38
3959 -38
3960 -38
3961 -38
3962 -38
3963 -38
3964 -42
3965 -42
3966 -42
3967 -38
3968 -38
3969 -38
3970 -46
3971 -46
3972 -46
3973 -46
3974 -46
3975 -46
3976 -46
3977 -46
3978 -42
3979 -42
3980 -42
3981 -42
3982 -42
3983 -38
3984 -38
3985 -34
3986 -42
3987 -42
3988 -38
3989 -38
3990 -38
3991 -38
3992 -38
3993 -38
3994 -30
3995 -34
3996 -38
3997 -38
3998 -38
3999 -38
4000 -38
4001 -38
4002 -38
4003 -38
4004 -42
4005 -42
4006 -38
4007 -38
4008 -38
4009 -38
4010 -42
4011 -38
4012 -38
4013 -38
4014 -38
4015 -38
4016 -38
4017 -38
4018 -34
4019 -34
4020 -34
4021 -34
4022 -38
4023 -42
4024 -34
4025 -42
4026 -42
4027 -30
4028 -42
4029 -42
4030 -42
4031 -42
4032 -38
4033 -38
4034 -38
4035 -38
4036 -42
4037 -42
4038 -42
4039 -42
4040 -42
4041 -38
4042 -42
4043 -42
4044 -42
4045 -38
4046 -34
4047 -38
4048 -34
4049 -38
4050 -42
4051 -42
4052 -42
4053 -42
4054 -38
4055 -42
4056 -42
4057 -42
4058 -38
4059 -42
4060 -42
4061 -38
4062 -38
4063 -38
4064 -38
4065 -38
4066 -38
4067 -38
4068 -38
4069 -34
4070 -34
4071 -38
4072 -38
4073 -38
4074 -38
4075 -46
4076 -46
4077 -46
4078 -46
4079 -42
4080 -46
4081 -42
4082 -42
4083 -42
4084 -42
4085 -38
4086 -38
4087 -38
4088 -42
4089 -42
4090 -42
4091 -42
4092 -42
4093 -42
4094 -34
4095 -30
4096 -34
4097 -34
4098 -38
4099 -38
4100 -34
4101 -34
4102 -34
4103 -34
4104 -34
4105 -34
4106 -30
4107 -34
4108 -38
4109 -38
4110 -38
4111 -34
4112 -42
4113 -38
4114 -34
4115 -38
4116 -38
4117 -38
4118 -38
4119 -38
4120 -38
4121 -38
4122 -38
4123 -42
4124 -34
4125 -38
4126 -34
4127 -34
4128 -38
4129 -38
4130 -38
4131 -34
4132 -38
4133 -38
4134 -30
4135 -26
4136 -34
4137 -34
4138 -34
4139 -30
4140 -30
4141 -34
4142 -34
4143 -34
4144 -34
4145 -30
4146 -30
4147 -30
4148 -34
4149 -38
4150 -42
4151 -42
4152 -38
4153 -38
4154 -38
4155 -38
4156 -38
4157 -38
4158 -42
4159 -38
4160 -38
4161 -34
4162 -34
4163 -38
4164 -38
4165 -42
4166 -42
4167 -42
4168 -42
4169 -42
4170 -42
4171 -42
4172 -38
4173 -34
4174 -42
4175 -34
4176 -42
4177 -38
4178 -38
4179 -42
4180 -42
4181 -38
4182 -42
4183 -38
4184 -42
4185 -30
4186 -26
4187 -34
4188 -38
4189 -34
4190 -30
4191 -34
4192 -30
4193 -34
4194 -30
4195 -34
4196 -42
4197 -42
4198 -42
4199 -38
4200 -38
4201 -38
4202 -42
4203 -42
4204 -38
4205 -34
4206 -38
4207 -38
4208 -38
4209 -38
4210 -34
4211 -38
4212 -38
4213 -34
4214 -38
4215 -38
4216 -42
4217 -42
4218 -42
4219 -42
4220 -42
4221 -38
4222 -38
4223 -34
4224 -34
4225 -34
4226 -34
4227 -38
4228 -34
4229 -42
4230 -46
4231 -46
4232 -42
4233 -42
4234 -42
4235 -46
4236 -46
4237 -46
4238 -38
4239 -42
4240 -38
4241 -38
4242 -22
4243 -38
4244 -34
4245 -34
4246 -34
4247 -34
4248 -34
4249 -34
4250 -38
4251 -30
4252 -34
4253 -34
4254 -38
4255 -38
4256 -38
4257 -42
4258 -42
4259 -42
4260 -42
4261 -46
4262 -46
4263 -46
4264 -46
4265 -34
4266 -38
4267 -38
4268 -38
4269 -34
4270 -38
4271 -34
4272 -34
4273 -42
4274 -38
4275 -42
4276 -42
4277 -42
4278 -42
4279 -38
4280 -46
4281 -46
4282 -42
4283 -46
4284 -42
4285 -46
4286 -46
4287 -46
4288 -42
4289 -42
4290 -38
4291 -42
4292 -42
4293 -42
4294 -46
4295 -46
4296 -42
4297 -34
4298 -30
4299 -34
4300 -34
4301 -34
4302 -34
4303 -34
4304 -34
4305 -38
4306 -38
4307 -38
4308 -38
4309 -38
4310 -38
4311 -34
4312 -42
4313 -42
4314 -42
4315 -38
4316 -38
4317 -34
4318 -34
4319 -38
4320 -38
4321 -38
4322 -38
4323 -38
4324 -42
4325 -38
4326 -42
4327 -42
4328 -42
4329 -46
4330 -46
4331 -46
4332 -46
4333 -46
4334 -46
4335 -46
4336 -46
4337 -42
4338 -42
4339 -38
4340 -30
4341 -42
4342 -42
4343 -42
4344 -42
4345 -42
4346 -38
4347 -42
4348 -42
4349 -38
4350 -38
4351 -38
4352 -38
4353 -38
4354 -38
4355 -38
4356 -34
4357 -42
4358 -38
4359 -42
4360 -38
4361 -42
4362 -38
4363 -42
4364 -42
4365 -42
4366 -42
4367 -42
4368 -42
4369 -42
4370 -42
4371 -38
4372 -42
4373 -42
4374 -42
4375 -42
4376 -42
4377 -34
4378 -38
4379 -38
4380 -38
4381 -38
4382 -42
4383 -42
4384 -42
4385 -46
4386 -42
4387 -38
4388 -38
4389 -38
4390 -30
4391 -30
4392 -26
4393 -34
4394 -34
4395 -26
4396 -34
4397 -38
4398 -38
4399 -38
4400 -34
4401 -34
4402 -34
4403 -42
4404 -38
4405 -42
4406 -38
4407 -38
4408 -38
4409 -34
4410 -34
4411 -38
4412 -42
4413 -34
4414 -42
4415 -38
4416 -38
4417 -46
4418 -46
4419 -38
4420 -38
4421 -42
4422 -38
4423 -38
4424 -42
4425 -42
4426 -42
4427 -38
4428 -38
4429 -38
4430 -42
4431 -42
4432 -46
4433 -46
4434 -38
4435 -42
4436 -38
4437 -38
4438 -38
4439 -34
4440 -34
4441 -34
4442 -38
4443 -30
4444 -34
4445 -30
4446 -30
4447 -30
4448 -26
4449 -26
4450 -30
4451 -34
4452 -34
4453 -34
4454 -34
4455 -34
4456 -38
4457 -38
4458 -38
4459 -38
4460 -38
4461 -38
4462 -38
4463 -38
4464 -38
4465 -38
4466 -38
4467 -34
4468 -46
4469 -46
4470 -42
4471 -42
4472 -46
4473 -46
4474 -42
4475 -42
4476 -42
4477 -42
4478 -38
4479 -34
4480 -34
4481 -38
4482 -38
4483 -42
4484 -42
4485 -42
4486 -42
4487 -42
4488 -46
4489 -46
4490 -42
4491 -42
4492 -42
4493 -42
4494 -42
4495 -38
4496 -46
4497 -46
4498 -42
4499 -42
4500 -42
4501 -38
4502 -42
4503 -42
4504 -42
4505 -42
4506 -34
4507 -30
4508 -34
4509 -34
4510 -34
4511 -42
4512 -42
4513 -42
4514 -46
4515 -46
4516 -46
4517 -46
4518 -46
4519 -42
4520 -42
4521 -38
4522 -34
4523 -38
4524 -38
4525 -42
4526 -42
4527 -42
4528 -42
4529 -38
4530 -34
4531 -34
4532 -30
4533 -38
4534 -42
4535 -42
4536 -38
4537 -30
4538 -34
4539 -34
4540 -34
4541 -30
4542 -34
4543 -26
4544 -26
4545 -34
4546 -34
4547 -34
4548 -42
4549 -38
4550 -38
4551 -34
4552 -34
4553 -34
4554 -38
4555 -38
4556 -34
4557 -38
4558 -38
4559 -38
4560 -34
4561 -38
4562 -38
4563 -38
4564 -34
4565 -38
4566 -38
4567 -38
4568 -38
4569 -38
4570 -38
4571 -38
4572 -30
4573 -30
4574 -38
4575 -34
4576 -34
4577 -38
4578 -42
4579 -46
4580 -42
4581 -42
4582 -42
4583 -38
4584 -42
4585 -34
4586 -38
4587 -38
4588 -38
4589 -38
4590 -38
4591 -38
4592 -30
4593 -38
4594 -38
4595 -42
4596 -42
4597 -42
4598 -42
4599 -42
4600 -38
4601 -38
4602 -34
4603 -30
4604 -30
4605 -34
4606 -34
4607 -42
4608 -42
4609 -42
4610 -42
4611 -42
4612 -38
4613 -42
4614 -42
4615 -42
4616 -42
4617 -42
4618 -42
4619 -42
4620 -42
4621 -42
4622 -42
4623 -38
4624 -38
4625 -38
4626 -38
4627 -38
4628 -38
4629 -38
4630 -38
4631 -38
4632 -38
4633 -34
4634 -34
4635 -38
4636 -34
4637 -34
4638 -34
4639 -34
4640 -38
4641 -34
4642 -30
4643 -34
4644 -30
4645 -26
4646 -30
4647 -26
4648 -26
4649 -34
4650 -34
4651 -38
4652 -38
4653 -38
4654 -34
4655 -34
4656 -34
4657 -26
4658 -34
4659 -34
4660 -34
4661 -34
4662 -30
4663 -30
4664 -30
4665 -26
4666 -38
4667 -38
4668 -38
4669 -30
4670 -30
4671 -34
4672 -38
4673 -38
4674 -38
4675 -38
4676 -42
4677 -42
4678 -42
4679 -42
4680 -42
4681 -42
4682 -42
4683 -42
4684 -42
4685 -42
4686 -42
4687 -42
4688 -42
4689 -42
4690 -42
4691 -38
4692 -34
4693 -38
4694 -38
4695 -38
4696 -34
4697 -38
4698 -42
4699 -34
4700 -34
4701 -30
4702 -38
4703 -38
4704 -38
4705 -38
4706 -34
4707 -34
4708 -38
4709 -42
4710 -38
4711 -42
4712 -42
4713 -38
4714 -42
4715 -42
4716 -38
4717 -42
4718 -34
4719 -38
4720 -34
4721 -30
4722 -38
4723 -42
4724 -42
4725 -42
4726 -42
4727 -42
4728 -38
4729 -42
4730 -42
4731 -46
4732 -46
4733 -42
4734 -42
4735 -38
4736 -38
4737 -38
4738 -38
4739 -38
4740 -38
4741 -34
4742 -42
4743 -42
4744 -42
4745 -38
4746 -38
4747 -34
4748 -34
4749 -34
4750 -38
4751 -38
4752 -42
4753 -42
4754 -38
4755 -38
4756 -38
4757 -38
4758 -42
4759 -38
4760 -38
4761 -38
4762 -38
4763 -42
4764 -42
4765 -42
4766 -42
4767 -38
4768 -38
4769 -38
4770 -46
4771 -42
4772 -42
4773 -42
4774 -42
4775 -38
4776 -38
4777 -38
4778 -42
4779 -46
4780 -46
4781 -46
4782 -46
4783 -46
4784 -46
4785 -46
4786 -46
4787 -46
4788 -46
4789 -46
4790 -46
4791 -46
4792 -46
4793 -42
4794 -42
4795 -42
4796 -42
4797 -42
4798 -42
4799 -42
4800 -30
4801 -38
4802 -42
4803 -42
4804 -42
4805 -42
4806 -42
4807 -46
4808 -46
4809 -42
4810 -42
4811 -42
4812 -34
4813 -30
4814 -34
4815 -38
4816 -38
4817 -38
4818 -38
4819 -38
4820 -38
4821 -38
4822 -38
4823 -38
4824 -38
4825 -38
4826 -38
4827 -38
4828 -38
4829 -34
4830 -34
4831 -38
4832 -38
4833 -34
4834 -42
4835 -42
4836 -42
4837 -42
4838 -38
4839 -38
4840 -38
4841 -38
4842 -38
4843 -38
4844 -30
4845 -34
4846 -34
4847 -34
4848 -34
4849 -34
4850 -34
4851 -34
4852 -26
4853 -26
4854 -30
4855 -34
4856 -34
4857 -38
4858 -38
4859 -38
4860 -38
4861 -42
4862 -46
4863 -46
4864 -42
4865 -34
4866 -34
4867 -38
4868 -42
4869 -38
4870 -42
4871 -42
4872 -42
4873 -42
4874 -46
4875 -46
4876 -46
4877 -46
4878 -46
4879 -42
4880 -42
4881 -42
4882 -38
4883 -34
4884 -30
4885 -30
4886 -38
4887 -34
4888 -34
4889 -30
4890 -34
4891 -34
4892 -38
4893 -34
4894 -38
4895 -42
4896 -38
4897 -42
4898 -38
4899 -42
4900 -38
4901 -34
4902 -42
4903 -46
4904 -38
4905 -42
4906 -42
4907 -42
4908 -42
4909 -42
4910 -42
4911 -42
4912 -38
4913 -34
4914 -34
4915 -34
4916 -34
4917 -42
4918 -38
4919 -34
4920 -34
4921 -42
4922 -42
4923 -42
4924 -38
4925 -38
4926 -42
4927 -42
4928 -42
4929 -42
4930 -38
4931 -42
4932 -42
4933 -46
4934 -46
4935 -42
4936 -38
4937 -46
4938 -50
4939 -50
4940 -50
4941 -46
4942 -46
4943 -50
4944 -46
4945 -42
4946 -42
4947 -34
4948 -42
4949 -42
4950 -42
4951 -42
4952 -46
4953 -46
4954 -38
4955 -42
4956 -46
4957 -46
4958 -46
4959 -46
4960 -46
4961 -42
4962 -42
4963 -38
4964 -42
4965 -38
4966 -38
4967 -42
4968 -34
4969 -38
4970 -38
4971 -30
4972 -38
4973 -38
4974 -38
4975 -38
4976 -34
4977 -38
4978 -38
4979 -34
4980 -38
4981 -38
4982 -38
4983 -30
4984 -30
4985 -34
4986 -38
4987 -38
4988 -38
4989 -38
4990 -42
4991 -38
4992 -38
4993 -38
4994 -34
4995 -26
4996 -30
4997 -30
4998 -26
4999 -34
5000 -34
