1 4
2 100
3 64
4 400
5 576
6 576
7 400
8 196
9 196
10 144
11 256
12 400
13 324
14 400
15 400
16 676
17 324
18 324
19 64
20 64
21 16
22 100
23 36
24 100
25 100
26 4
27 16
28 4
29 64
30 16
31 16
32 4
33 64
34 196
35 144
36 100
37 36
38 0
39 4
40 16
41 36
42 100
43 4
44 36
45 64
46 4
47 4
48 36
49 36
50 16
51 16
52 16
53 16
54 4
55 4
56 16
57 4
58 16
59 16
60 64
61 64
62 16
63 100
64 256
65 400
66 484
67 324
68 324
69 324
70 676
71 576
72 484
73 484
74 576
75 576
76 784
77 900
78 1024
79 1764
80 1296
81 1936
82 1764
83 900
84 900
85 676
86 144
87 144
88 36
89 0
90 4
91 4
92 0
93 4
94 36
95 64
96 36
97 16
98 36
99 64
100 16
101 16
102 64
103 64
104 36
105 100
106 324
107 144
108 196
109 144
110 196
111 256
112 256
113 484
114 484
115 324
116 256
117 144
118 64
119 4
120 36
121 36
122 36
123 100
124 196
125 196
126 100
127 36
128 4
129 36
130 64
131 0
132 4
133 4
134 0
135 100
136 100
137 36
138 36
139 4
140 36
141 4
142 16
143 16
144 4
145 4
146 4
147 36
148 100
149 16
150 36
151 4
152 16
153 36
154 100
155 400
156 484
157 676
158 484
159 784
160 576
161 484
162 576
163 400
164 784
165 400
166 484
167 256
168 576
169 1024
170 784
171 400
172 484
173 784
174 1024
175 576
176 400
177 484
178 576
179 400
180 676
181 1156
182 1600
183 1296
184 1296
185 1764
186 2116
187 1936
188 1600
189 1024
190 484
191 676
192 784
193 1024
194 900
195 1156
196 1156
197 1444
198 1024
199 1156
200 1156
201 1156
202 1296
203 1444
204 1444
205 1600
206 1600
207 1600
208 1156
209 1024
210 900
211 784
212 1024
213 1024
214 1024
215 1156
216 1156
217 900
218 1024
219 1296
220 1156
221 1296
222 1156
223 1296
224 1156
225 900
226 784
227 1156
228 784
229 1296
230 1156
231 576
232 484
233 676
234 484
235 484
236 576
237 400
238 484
239 400
240 256
241 484
242 676
243 784
244 676
245 400
246 676
247 900
248 900
249 676
250 576
251 576
252 256
253 100
254 484
255 484
256 576
257 324
258 256
259 324
260 144
261 16
262 196
263 324
264 484
265 484
266 484
267 400
268 676
269 256
270 256
271 576
272 784
273 1156
274 1156
275 1156
276 1024
277 676
278 784
279 484
280 784
281 400
282 400
283 576
284 676
285 784
286 400
287 400
288 256
289 196
290 400
291 100
292 144
293 196
294 484
295 676
296 400
297 256
298 196
299 36
300 36
301 100
302 100
303 36
304 16
305 36
306 16
307 4
308 0
309 0
310 36
311 0
312 16
313 16
314 4
315 64
316 144
317 144
318 144
319 196
320 576
321 484
322 256
323 484
324 324
325 484
326 484
327 676
328 576
329 484
330 484
331 784
332 900
333 1296
334 900
335 1024
336 1296
337 1156
338 1156
339 1296
340 576
341 484
342 256
343 256
344 196
345 196
346 64
347 64
348 36
349 16
350 36
351 64
352 4
353 16
354 36
355 100
356 36
357 144
358 324
359 64
360 100
361 196
362 196
363 36
364 144
365 196
366 196
367 100
368 324
369 144
370 64
371 4
372 4
373 36
374 196
375 100
376 196
377 400
378 400
379 324
380 144
381 64
382 100
383 400
384 400
385 324
386 16
387 144
388 144
389 36
390 4
391 4
392 4
393 4
394 4
395 16
396 4
397 4
398 0
399 4
400 4
401 4
402 16
403 64
404 36
405 36
406 144
407 100
408 36
409 100
410 16
411 0
412 0
413 4
414 4
415 4
416 4
417 4
418 36
419 144
420 36
421 100
422 4
423 36
424 100
425 144
426 400
427 144
428 196
429 144
430 100
431 256
432 144
433 64
434 4
435 100
436 36
437 144
438 256
439 196
440 196
441 16
442 36
443 64
444 144
445 4
446 100
447 100
448 0
449 4
450 16
451 0
452 36
453 4
454 64
455 100
456 324
457 256
458 196
459 64
460 0
461 64
462 4
463 16
464 64
465 64
466 144
467 196
468 196
469 144
470 64
471 4
472 16
473 4
474 36
475 196
476 196
477 64
478 400
479 484
480 324
481 324
482 144
483 100
484 36
485 36
486 36
487 100
488 4
489 4
490 4
491 36
492 4
493 64
494 36
495 100
496 64
497 256
498 400
499 400
500 400
501 324
502 400
503 256
504 324
505 196
506 100
507 64
508 100
509 64
510 16
511 64
512 144
513 400
514 1024
515 1024
516 1024
517 900
518 900
519 900
520 676
521 576
522 676
523 400
524 256
525 676
526 676
527 676
528 784
529 324
530 400
531 324
532 484
533 400
534 400
535 324
536 196
537 196
538 64
539 0
540 36
541 36
542 16
543 4
544 16
545 4
546 64
547 196
548 16
549 16
550 4
551 36
552 16
553 100
554 100
555 4
556 16
557 4
558 16
559 4
560 4
561 0
562 36
563 36
564 36
565 36
566 16
567 4
568 16
569 144
570 196
571 196
572 256
573 400
574 400
575 484
576 784
577 676
578 484
579 196
580 64
581 16
582 64
583 0
584 4
585 16
586 64
587 36
588 64
589 144
590 144
591 196
592 256
593 400
594 400
595 400
596 324
597 324
598 196
599 256
600 400
601 400
602 576
603 484
604 324
605 100
606 144
607 100
608 4
609 16
610 16
611 36
612 64
613 64
614 100
615 484
616 400
617 576
618 900
619 1024
620 784
621 676
622 1296
623 1024
624 400
625 196
626 676
627 576
628 576
629 900
630 1600
631 1444
632 1156
633 1156
634 900
635 784
636 1024
637 900
638 784
639 1156
640 1156
641 576
642 676
643 324
644 484
645 484
646 676
647 900
648 1156
649 784
650 676
651 576
652 144
653 144
654 64
655 4
656 16
657 100
658 64
659 100
660 196
661 400
662 576
663 400
664 324
665 324
666 676
667 676
668 400
669 900
670 1024
671 484
672 400
673 100
674 4
675 64
676 64
677 144
678 64
679 64
680 100
681 196
682 144
683 484
684 1024
685 784
686 676
687 676
688 484
689 324
690 400
691 324
692 400
693 676
694 676
695 676
696 900
697 1156
698 900
699 900
700 1296
701 1024
702 400
703 400
704 256
705 400
706 324
707 400
708 484
709 784
710 900
711 784
712 676
713 324
714 196
715 144
716 36
717 64
718 100
719 0
720 16
721 4
722 100
723 100
724 400
725 64
726 256
727 324
728 676
729 400
730 256
731 100
732 16
733 16
734 0
735 64
736 196
737 400
738 324
739 256
740 484
741 256
742 144
743 36
744 64
745 144
746 64
747 64
748 144
749 144
750 400
751 576
752 400
753 676
754 676
755 576
756 1156
757 1444
758 1024
759 1444
760 900
761 676
762 900
763 900
764 1024
765 1024
766 676
767 400
768 256
769 196
770 196
771 676
772 1024
773 1156
774 1156
775 1024
776 900
777 900
778 676
779 676
780 900
781 900
782 676
783 784
784 1024
785 1156
786 1156
787 1296
788 784
789 676
790 900
791 1296
792 1024
793 1024
794 576
795 676
796 676
797 900
798 1024
799 1024
800 900
801 484
802 1024
803 1156
804 1296
805 676
806 676
807 900
808 900
809 576
810 324
811 196
812 64
813 64
814 36
815 64
816 0
817 0
818 0
819 4
820 16
821 0
822 64
823 36
824 400
825 324
826 676
827 400
828 484
829 484
830 676
831 900
832 1296
833 1156
834 1156
835 1024
836 1024
837 784
838 900
839 784
840 676
841 676
842 784
843 676
844 400
845 256
846 100
847 144
848 36
849 16
850 36
851 64
852 16
853 36
854 16
855 0
856 4
857 36
858 64
859 144
860 4
861 64
862 144
863 324
864 324
865 324
866 400
867 196
868 144
869 100
870 400
871 576
872 784
873 1024
874 676
875 900
876 784
877 784
878 784
879 400
880 324
881 16
882 100
883 324
884 324
885 400
886 256
887 324
888 36
889 256
890 144
891 196
892 256
893 324
894 400
895 324
896 196
897 64
898 36
899 100
900 100
901 196
902 64
903 324
904 100
905 4
906 0
907 36
908 16
909 16
910 4
911 4
912 0
913 36
914 100
915 100
916 400
917 484
918 484
919 400
920 576
921 484
922 576
923 784
924 676
925 576
926 324
927 484
928 576
929 484
930 576
931 324
932 324
933 256
934 100
935 64
936 4
937 36
938 16
939 16
940 4
941 0
942 16
943 36
944 16
945 0
946 0
947 16
948 0
949 16
950 16
951 36
952 0
953 16
954 36
955 256
956 196
957 144
958 36
959 4
960 64
961 36
962 16
963 0
964 4
965 16
966 0
967 16
968 0
969 0
970 36
971 0
972 100
973 196
974 484
975 256
976 196
977 324
978 256
979 144
980 256
981 144
982 256
983 484
984 400
985 576
986 400
987 324
988 676
989 676
990 484
991 576
992 484
993 900
994 784
995 576
996 784
997 576
998 324
999 196
1000 100
1001 100
1002 144
1003 100
1004 4
1005 64
1006 256
1007 324
1008 144
1009 144
1010 64
1011 4
1012 100
1013 100
1014 64
1015 36
1016 16
1017 4
1018 16
1019 4
1020 4
1021 64
1022 100
1023 64
1024 64
1025 196
1026 196
1027 144
1028 36
1029 100
1030 324
1031 196
1032 64
1033 16
1034 16
1035 4
1036 4
1037 64
1038 144
1039 36
1040 144
1041 144
1042 64
1043 324
1044 324
1045 484
1046 484
1047 484
1048 144
1049 196
1050 256
1051 256
1052 256
1053 400
1054 144
1055 256
1056 196
1057 144
1058 100
1059 36
1060 36
1061 0
1062 16
1063 4
1064 16
1065 64
1066 100
1067 196
1068 400
1069 256
1070 576
1071 484
1072 676
1073 784
1074 676
1075 576
1076 576
1077 676
1078 784
1079 484
1080 900
1081 784
1082 324
1083 484
1084 484
1085 400
1086 400
1087 256
1088 196
1089 196
1090 16
1091 100
1092 144
1093 256
1094 256
1095 144
1096 16
1097 36
1098 100
1099 100
1100 256
1101 196
1102 256
1103 100
1104 196
1105 36
1106 4
1107 4
1108 100
1109 324
1110 144
1111 196
1112 16
1113 100
1114 100
1115 256
1116 256
1117 324
1118 196
1119 196
1120 576
1121 484
1122 324
1123 16
1124 16
1125 64
1126 64
1127 196
1128 16
1129 100
1130 144
1131 100
1132 196
1133 64
1134 36
1135 4
1136 36
1137 16
1138 0
1139 0
1140 36
1141 64
1142 64
1143 64
1144 144
1145 196
1146 256
1147 196
1148 144
1149 36
1150 64
1151 16
1152 16
1153 144
1154 196
1155 400
1156 324
1157 256
1158 100
1159 36
1160 100
1161 4
1162 16
1163 36
1164 64
1165 0
1166 16
1167 36
1168 36
1169 64
1170 36
1171 4
1172 0
1173 0
1174 0
1175 4
1176 16
1177 4
1178 4
1179 64
1180 0
1181 36
1182 4
1183 0
1184 16
1185 16
1186 16
1187 64
1188 64
1189 196
1190 64
1191 100
1192 100
1193 144
1194 256
1195 196
1196 64
1197 64
1198 144
1199 64
1200 144
1201 144
1202 64
1203 400
1204 484
1205 400
1206 144
1207 4
1208 16
1209 36
1210 36
1211 4
1212 16
1213 16
1214 4
1215 4
1216 4
1217 4
1218 16
1219 0
1220 16
1221 100
1222 64
1223 256
1224 64
1225 144
1226 256
1227 484
1228 324
1229 400
1230 484
1231 484
1232 324
1233 400
1234 400
1235 324
1236 400
1237 196
1238 100
1239 64
1240 144
1241 144
1242 256
1243 256
1244 144
1245 144
1246 196
1247 196
1248 196
1249 256
1250 64
1251 36
1252 16
1253 0
1254 0
1255 36
1256 36
1257 16
1258 0
1259 36
1260 64
1261 16
1262 16
1263 36
1264 0
1265 36
1266 100
1267 196
1268 144
1269 100
1270 484
1271 484
1272 784
1273 1156
1274 1296
1275 1444
1276 1444
1277 1024
1278 900
1279 1024
1280 900
1281 784
1282 1296
1283 784
1284 784
1285 784
1286 676
1287 324
1288 400
1289 324
1290 144
1291 144
1292 64
1293 4
1294 4
1295 0
1296 16
1297 100
1298 64
1299 36
1300 4
1301 16
1302 100
1303 4
1304 0
1305 4
1306 144
1307 36
1308 100
1309 100
1310 0
1311 64
1312 144
1313 36
1314 100
1315 36
1316 100
1317 64
1318 144
1319 324
1320 256
1321 484
1322 576
1323 576
1324 484
1325 484
1326 64
1327 100
1328 144
1329 196
1330 324
1331 16
1332 4
1333 16
1334 100
1335 196
1336 324
1337 196
1338 0
1339 64
1340 100
1341 256
1342 100
1343 100
1344 64
1345 16
1346 144
1347 144
1348 256
1349 256
1350 144
1351 100
1352 36
1353 36
1354 36
1355 36
1356 64
1357 36
1358 4
1359 4
1360 0
1361 64
1362 100
1363 144
1364 400
1365 36
1366 4
1367 144
1368 64
1369 4
1370 16
1371 0
1372 0
1373 4
1374 4
1375 4
1376 64
1377 196
1378 100
1379 256
1380 100
1381 64
1382 16
1383 100
1384 256
1385 100
1386 4
1387 16
1388 4
1389 16
1390 0
1391 4
1392 16
1393 144
1394 100
1395 36
1396 64
1397 100
1398 144
1399 400
1400 324
1401 100
1402 100
1403 100
1404 64
1405 196
1406 100
1407 100
1408 100
1409 100
1410 256
1411 324
1412 64
1413 256
1414 36
1415 64
1416 16
1417 4
1418 4
1419 4
1420 16
1421 0
1422 4
1423 16
1424 16
1425 4
1426 100
1427 16
1428 4
1429 16
1430 4
1431 4
1432 4
1433 100
1434 64
1435 144
1436 324
1437 324
1438 484
1439 484
1440 484
1441 324
1442 256
1443 576
1444 324
1445 144
1446 196
1447 324
1448 324
1449 256
1450 256
1451 196
1452 256
1453 144
1454 256
1455 196
1456 324
1457 400
1458 256
1459 196
1460 676
1461 576
1462 676
1463 484
1464 484
1465 784
1466 576
1467 484
1468 196
1469 196
1470 196
1471 196
1472 64
1473 144
1474 100
1475 256
1476 324
1477 400
1478 484
1479 400
1480 256
1481 324
1482 324
1483 196
1484 100
1485 196
1486 256
1487 196
1488 64
1489 16
1490 36
1491 36
1492 4
1493 4
1494 4
1495 16
1496 36
1497 144
1498 324
1499 400
1500 484
1501 576
1502 576
1503 900
1504 784
1505 784
1506 1156
1507 1444
1508 1024
1509 900
1510 900
1511 676
1512 324
1513 576
1514 900
1515 324
1516 196
1517 400
1518 16
1519 4
1520 36
1521 64
1522 16
1523 100
1524 36
1525 4
1526 144
1527 144
1528 256
1529 256
1530 196
1531 324
1532 324
1533 256
1534 196
1535 256
1536 576
1537 784
1538 576
1539 256
1540 100
1541 324
1542 144
1543 196
1544 256
1545 256
1546 484
1547 484
1548 676
1549 484
1550 400
1551 576
1552 400
1553 484
1554 144
1555 36
1556 36
1557 64
1558 100
1559 36
1560 64
1561 100
1562 196
1563 196
1564 144
1565 100
1566 100
1567 36
1568 16
1569 0
1570 0
1571 4
1572 36
1573 16
1574 64
1575 196
1576 324
1577 100
1578 196
1579 256
1580 144
1581 144
1582 64
1583 324
1584 324
1585 196
1586 196
1587 324
1588 100
1589 144
1590 16
1591 36
1592 16
1593 64
1594 324
1595 324
1596 196
1597 324
1598 576
1599 484
1600 144
1601 196
1602 144
1603 196
1604 484
1605 400
1606 324
1607 100
1608 100
1609 324
1610 256
1611 196
1612 64
1613 36
1614 100
1615 100
1616 144
1617 100
1618 16
1619 64
1620 4
1621 16
1622 4
1623 4
1624 36
1625 100
1626 100
1627 144
1628 196
1629 100
1630 36
1631 0
1632 36
1633 64
1634 16
1635 4
1636 16
1637 16
1638 36
1639 100
1640 196
1641 144
1642 400
1643 400
1644 400
1645 196
1646 100
1647 64
1648 36
1649 4
1650 144
1651 196
1652 324
1653 576
1654 676
1655 484
1656 576
1657 196
1658 196
1659 144
1660 256
1661 196
1662 196
1663 196
1664 64
1665 64
1666 144
1667 196
1668 100
1669 16
1670 36
1671 100
1672 100
1673 100
1674 16
1675 36
1676 64
1677 196
1678 900
1679 1156
1680 784
1681 784
1682 676
1683 484
1684 400
1685 576
1686 676
1687 900
1688 576
1689 676
1690 784
1691 784
1692 676
1693 676
1694 784
1695 676
1696 484
1697 324
1698 196
1699 196
1700 324
1701 196
1702 196
1703 196
1704 484
1705 256
1706 144
1707 196
1708 100
1709 64
1710 256
1711 64
1712 400
1713 484
1714 400
1715 324
1716 400
1717 576
1718 576
1719 676
1720 784
1721 784
1722 484
1723 576
1724 484
1725 576
1726 256
1727 196
1728 256
1729 196
1730 256
1731 100
1732 4
1733 0
1734 144
1735 144
1736 144
1737 324
1738 400
1739 324
1740 256
1741 400
1742 576
1743 576
1744 900
1745 900
1746 324
1747 484
1748 256
1749 256
1750 196
1751 144
1752 144
1753 100
1754 256
1755 484
1756 784
1757 1156
1758 1764
1759 1444
1760 1444
1761 1444
1762 1156
1763 1296
1764 784
1765 676
1766 1296
1767 1024
1768 784
1769 784
1770 676
1771 256
1772 100
1773 100
1774 4
1775 16
1776 144
1777 256
1778 100
1779 400
1780 256
1781 196
1782 100
1783 36
1784 4
1785 16
1786 16
1787 4
1788 4
1789 4
1790 144
1791 100
1792 144
1793 144
1794 196
1795 16
1796 4
1797 16
1798 16
1799 0
1800 0
1801 16
1802 4
1803 4
1804 16
1805 16
1806 4
1807 4
1808 4
1809 0
1810 4
1811 144
1812 400
1813 256
1814 256
1815 324
1816 324
1817 196
1818 64
1819 64
1820 0
1821 100
1822 64
1823 324
1824 324
1825 324
1826 324
1827 676
1828 576
1829 784
1830 676
1831 1024
1832 1156
1833 1156
1834 784
1835 324
1836 484
1837 324
1838 256
1839 100
1840 144
1841 144
1842 64
1843 4
1844 16
1845 16
1846 36
1847 144
1848 144
1849 144
1850 100
1851 400
1852 256
1853 400
1854 576
1855 676
1856 676
1857 484
1858 324
1859 400
1860 256
1861 196
1862 100
1863 256
1864 484
1865 196
1866 144
1867 484
1868 484
1869 484
1870 484
1871 484
1872 484
1873 400
1874 576
1875 576
1876 676
1877 784
1878 676
1879 900
1880 1296
1881 1024
1882 784
1883 784
1884 1024
1885 900
1886 1024
1887 900
1888 1024
1889 1156
1890 1296
1891 1296
1892 1296
1893 1296
1894 1600
1895 1600
1896 1296
1897 900
1898 576
1899 900
1900 784
1901 784
1902 400
1903 144
1904 64
1905 64
1906 100
1907 144
1908 256
1909 324
1910 100
1911 144
1912 400
1913 324
1914 16
1915 100
1916 100
1917 100
1918 64
1919 256
1920 324
1921 576
1922 900
1923 784
1924 676
1925 324
1926 484
1927 256
1928 400
1929 484
1930 676
1931 324
1932 1024
1933 1296
1934 1764
1935 1600
1936 1156
1937 1600
1938 1444
1939 1600
1940 1936
1941 1600
1942 1444
1943 1296
1944 1444
1945 1296
1946 676
1947 676
1948 676
1949 576
1950 484
1951 256
1952 196
1953 100
1954 100
1955 196
1956 324
1957 324
1958 576
1959 784
1960 900
1961 400
1962 1024
1963 1296
1964 1156
1965 1156
1966 1444
1967 1600
1968 1444
1969 1296
1970 1444
1971 1156
1972 900
1973 1024
1974 1156
1975 784
1976 484
1977 784
1978 784
1979 1296
1980 1156
1981 1296
1982 1444
1983 1156
1984 1444
1985 1444
1986 1296
1987 900
1988 484
1989 324
1990 144
1991 256
1992 484
1993 576
1994 784
1995 1024
1996 1444
1997 1600
1998 1764
1999 1600
2000 1156
2001 1296
2002 1024
2003 1156
2004 676
2005 676
2006 900
2007 900
2008 900
2009 1024
2010 400
2011 484
2012 676
2013 576
2014 196
2015 36
2016 100
2017 100
2018 0
2019 36
2020 16
2021 16
2022 324
2023 256
2024 900
2025 1024
2026 784
2027 676
2028 676
2029 676
2030 784
2031 676
2032 324
2033 400
2034 256
2035 324
2036 324
2037 100
2038 100
2039 196
2040 144
2041 100
2042 400
2043 256
2044 484
2045 196
2046 256
2047 400
2048 100
2049 16
2050 4
2051 16
2052 36
2053 100
2054 100
2055 36
2056 100
2057 4
2058 4
2059 4
2060 64
2061 64
2062 36
2063 100
2064 144
2065 196
2066 196
2067 196
2068 256
2069 196
2070 196
2071 484
2072 16
2073 100
2074 100
2075 36
2076 36
2077 36
2078 144
2079 196
2080 100
2081 484
2082 676
2083 576
2084 196
2085 196
2086 484
2087 324
2088 400
2089 256
2090 196
2091 256
2092 400
2093 484
2094 576
2095 784
2096 484
2097 484
2098 576
2099 784
2100 1296
2101 900
2102 784
2103 784
2104 484
2105 324
2106 484
2107 576
2108 676
2109 676
2110 784
2111 1024
2112 900
2113 1600
2114 1156
2115 1296
2116 1024
2117 1024
2118 1024
2119 1024
2120 900
2121 784
2122 196
2123 256
2124 256
2125 144
2126 64
2127 100
2128 100
2129 64
2130 16
2131 36
2132 100
2133 64
2134 4
2135 4
2136 0
2137 16
2138 100
2139 196
2140 256
2141 676
2142 676
2143 576
2144 484
2145 484
2146 400
2147 256
2148 196
2149 64
2150 16
2151 0
2152 16
2153 4
2154 4
2155 36
2156 64
2157 4
2158 4
2159 16
2160 4
2161 16
2162 16
2163 4
2164 64
2165 196
2166 4
2167 36
2168 16
2169 0
2170 4
2171 64
2172 36
2173 4
2174 16
2175 4
2176 4
2177 0
2178 4
2179 0
2180 0
2181 16
2182 36
2183 16
2184 4
2185 16
2186 4
2187 16
2188 4
2189 100
2190 196
2191 100
2192 36
2193 36
2194 100
2195 64
2196 0
2197 4
2198 4
2199 0
2200 4
2201 36
2202 0
2203 64
2204 324
2205 256
2206 324
2207 196
2208 36
2209 64
2210 36
2211 64
2212 16
2213 0
2214 100
2215 100
2216 196
2217 324
2218 484
2219 576
2220 676
2221 676
2222 900
2223 900
2224 900
2225 676
2226 576
2227 784
2228 484
2229 256
2230 676
2231 900
2232 1156
2233 1156
2234 784
2235 400
2236 400
2237 400
2238 784
2239 900
2240 1024
2241 784
2242 676
2243 784
2244 900
2245 1156
2246 1024
2247 1024
2248 1024
2249 1600
2250 1444
2251 1600
2252 1444
2253 1296
2254 1024
2255 576
2256 784
2257 1296
2258 1444
2259 1296
2260 1156
2261 1156
2262 1444
2263 1024
2264 900
2265 676
2266 576
2267 400
2268 100
2269 256
2270 144
2271 196
2272 144
2273 196
2274 400
2275 324
2276 256
2277 144
2278 4
2279 36
2280 36
2281 64
2282 4
2283 36
2284 16
2285 4
2286 0
2287 4
2288 16
2289 4
2290 36
2291 4
2292 64
2293 64
2294 4
2295 0
2296 16
2297 4
2298 4
2299 4
2300 0
2301 4
2302 100
2303 36
2304 16
2305 4
2306 4
2307 0
2308 4
2309 4
2310 64
2311 196
2312 400
2313 324
2314 256
2315 64
2316 144
2317 196
2318 144
2319 16
2320 4
2321 4
2322 4
2323 64
2324 144
2325 400
2326 400
2327 196
2328 196
2329 676
2330 784
2331 676
2332 484
2333 400
2334 676
2335 576
2336 576
2337 324
2338 324
2339 324
2340 196
2341 324
2342 400
2343 484
2344 256
2345 400
2346 400
2347 400
2348 256
2349 400
2350 324
2351 256
2352 100
2353 100
2354 144
2355 144
2356 256
2357 64
2358 36
2359 16
2360 4
2361 100
2362 324
2363 196
2364 36
2365 36
2366 4
2367 4
2368 4
2369 4
2370 4
2371 4
2372 16
2373 4
2374 36
2375 144
2376 100
2377 36
2378 4
2379 4
2380 16
2381 100
2382 36
2383 64
2384 64
2385 196
2386 256
2387 400
2388 784
2389 576
2390 484
2391 400
2392 324
2393 36
2394 16
2395 4
2396 0
2397 16
2398 64
2399 196
2400 400
2401 784
2402 784
2403 676
2404 676
2405 900
2406 784
2407 784
2408 1024
2409 1156
2410 1600
2411 2304
2412 2500
2413 1936
2414 1600
2415 1764
2416 1444
2417 1600
2418 1600
2419 1156
2420 1600
2421 1764
2422 1444
2423 1764
2424 1764
2425 2116
2426 1600
2427 1444
2428 1296
2429 1024
2430 1444
2431 1936
2432 1296
2433 1600
2434 676
2435 784
2436 324
2437 900
2438 676
2439 784
2440 900
2441 576
2442 676
2443 576
2444 400
2445 400
2446 400
2447 784
2448 576
2449 576
2450 400
2451 576
2452 576
2453 324
2454 484
2455 324
2456 324
2457 400
2458 256
2459 256
2460 100
2461 256
2462 144
2463 196
2464 100
2465 196
2466 324
2467 576
2468 484
2469 484
2470 256
2471 196
2472 196
2473 324
2474 324
2475 400
2476 484
2477 196
2478 144
2479 64
2480 16
2481 4
2482 16
2483 256
2484 484
2485 484
2486 576
2487 400
2488 256
2489 256
2490 256
2491 196
2492 144
2493 196
2494 256
2495 400
2496 144
2497 64
2498 256
2499 324
2500 64
2501 64
2502 256
2503 484
2504 784
2505 1296
2506 484
2507 400
2508 576
2509 676
2510 1024
2511 1444
2512 1296
2513 1296
2514 1600
2515 2116
2516 2304
2517 2304
2518 2116
2519 2500
2520 2304
2521 1936
2522 1600
2523 1764
2524 1764
2525 1024
2526 576
2527 576
2528 484
2529 576
2530 676
2531 1156
2532 1156
2533 1024
2534 1024
2535 784
2536 784
2537 484
2538 576
2539 484
2540 676
2541 576
2542 900
2543 784
2544 576
2545 676
2546 900
2547 784
2548 784
2549 484
2550 676
2551 256
2552 256
2553 36
2554 16
2555 196
2556 100
2557 324
2558 256
2559 100
2560 100
2561 4
2562 0
2563 100
2564 64
2565 64
2566 144
2567 144
2568 100
2569 196
2570 64
2571 64
2572 64
2573 36
2574 36
2575 64
2576 144
2577 576
2578 484
2579 784
2580 1024
2581 1156
2582 900
2583 900
2584 784
2585 1156
2586 784
2587 900
2588 784
2589 1156
2590 1156
2591 784
2592 676
2593 784
2594 1156
2595 900
2596 484
2597 676
2598 784
2599 1024
2600 676
2601 784
2602 484
2603 324
2604 676
2605 324
2606 576
2607 900
2608 784
2609 1156
2610 1024
2611 1296
2612 1024
2613 784
2614 784
2615 784
2616 1444
2617 1296
2618 1764
2619 1936
2620 2116
2621 2304
2622 1764
2623 1936
2624 2116
2625 2116
2626 2116
2627 2500
2628 2304
2629 2500
2630 2500
2631 2500
2632 2500
2633 2500
2634 2500
2635 2500
2636 2500
2637 1156
2638 1156
2639 1024
2640 1156
2641 900
2642 784
2643 484
2644 484
2645 256
2646 324
2647 256
2648 576
2649 900
2650 1156
2651 1296
2652 900
2653 1156
2654 1296
2655 1296
2656 1156
2657 1156
2658 1600
2659 1600
2660 1764
2661 1764
2662 1936
2663 1444
2664 1444
2665 1444
2666 1024
2667 1024
2668 576
2669 676
2670 900
2671 1156
2672 1444
2673 1764
2674 2304
2675 1764
2676 2116
2677 2304
2678 1936
2679 1600
2680 1156
2681 784
2682 676
2683 576
2684 576
2685 784
2686 1024
2687 784
2688 676
2689 576
2690 484
2691 484
2692 576
2693 400
2694 900
2695 256
2696 144
2697 36
2698 4
2699 100
2700 144
2701 64
2702 36
2703 100
2704 0
2705 16
2706 36
2707 36
2708 144
2709 144
2710 100
2711 100
2712 144
2713 196
2714 256
2715 256
2716 196
2717 196
2718 400
2719 676
2720 676
2721 324
2722 256
2723 324
2724 256
2725 256
2726 196
2727 144
2728 324
2729 484
2730 576
2731 900
2732 484
2733 256
2734 196
2735 256
2736 576
2737 784
2738 900
2739 784
2740 900
2741 784
2742 324
2743 484
2744 256
2745 324
2746 4
2747 64
2748 64
2749 144
2750 144
2751 16
2752 0
2753 16
2754 144
2755 100
2756 196
2757 144
2758 256
2759 576
2760 484
2761 256
2762 196
2763 100
2764 400
2765 196
2766 144
2767 196
2768 256
2769 196
2770 256
2771 324
2772 256
2773 196
2774 196
2775 36
2776 64
2777 16
2778 196
2779 100
2780 144
2781 196
2782 484
2783 576
2784 484
2785 400
2786 144
2787 196
2788 100
2789 100
2790 64
2791 0
2792 100
2793 144
2794 196
2795 64
2796 64
2797 16
2798 36
2799 36
2800 64
2801 16
2802 36
2803 36
2804 100
2805 144
2806 4
2807 64
2808 100
2809 100
2810 196
2811 100
2812 36
2813 36
2814 0
2815 0
2816 16
2817 4
2818 100
2819 144
2820 484
2821 484
2822 484
2823 576
2824 400
2825 576
2826 400
2827 324
2828 400
2829 484
2830 400
2831 484
2832 400
2833 576
2834 784
2835 1024
2836 1024
2837 1156
2838 1024
2839 1024
2840 1156
2841 1296
2842 1444
2843 1764
2844 1600
2845 1296
2846 1156
2847 1296
2848 1444
2849 1296
2850 1936
2851 1764
2852 1600
2853 1936
2854 1444
2855 1024
2856 784
2857 676
2858 676
2859 1156
2860 484
2861 676
2862 576
2863 784
2864 900
2865 900
2866 676
2867 676
2868 900
2869 1024
2870 1024
2871 900
2872 1296
2873 1600
2874 1764
2875 1936
2876 1296
2877 1024
2878 1600
2879 1936
2880 1600
2881 1296
2882 784
2883 1936
2884 1764
2885 1936
2886 1296
2887 1156
2888 784
2889 324
2890 100
2891 144
2892 64
2893 16
2894 36
2895 16
2896 0
2897 4
2898 16
2899 100
2900 64
2901 36
2902 36
2903 196
2904 100
2905 196
2906 144
2907 484
2908 576
2909 400
2910 576
2911 400
2912 400
2913 256
2914 64
2915 144
2916 484
2917 484
2918 576
2919 676
2920 1024
2921 1024
2922 1296
2923 1444
2924 1024
2925 900
2926 900
2927 676
2928 576
2929 576
2930 676
2931 484
2932 400
2933 576
2934 784
2935 676
2936 784
2937 784
2938 784
2939 676
2940 400
2941 256
2942 784
2943 1024
2944 1024
2945 784
2946 576
2947 784
2948 1024
2949 576
2950 400
2951 400
2952 256
2953 256
2954 484
2955 484
2956 400
2957 676
2958 400
2959 400
2960 576
2961 324
2962 196
2963 400
2964 324
2965 324
2966 324
2967 256
2968 400
2969 576
2970 324
2971 256
2972 196
2973 324
2974 324
2975 576
2976 100
2977 36
2978 144
2979 64
2980 100
2981 64
2982 36
2983 0
2984 0
2985 4
2986 100
2987 36
2988 144
2989 64
2990 100
2991 256
2992 784
2993 900
2994 900
2995 784
2996 400
2997 324
2998 484
2999 784
3000 400
3001 484
3002 324
3003 484
3004 324
3005 484
3006 576
3007 900
3008 784
3009 484
3010 196
3011 4
3012 0
3013 4
3014 16
3015 16
3016 64
3017 36
3018 4
3019 16
3020 16
3021 4
3022 4
3023 36
3024 100
3025 144
3026 400
3027 256
3028 256
3029 144
3030 144
3031 144
3032 144
3033 144
3034 144
3035 400
3036 324
3037 400
3038 196
3039 196
3040 144
3041 64
3042 144
3043 196
3044 144
3045 256
3046 484
3047 144
3048 400
3049 400
3050 400
3051 324
3052 400
3053 576
3054 676
3055 400
3056 576
3057 400
3058 576
3059 676
3060 400
3061 324
3062 324
3063 256
3064 400
3065 484
3066 484
3067 576
3068 256
3069 324
3070 256
3071 484
3072 324
3073 324
3074 400
3075 676
3076 676
3077 784
3078 676
3079 484
3080 676
3081 676
3082 676
3083 576
3084 576
3085 676
3086 576
3087 576
3088 676
3089 484
3090 576
3091 676
3092 1024
3093 784
3094 576
3095 484
3096 784
3097 900
3098 676
3099 484
3100 400
3101 676
3102 676
3103 324
3104 400
3105 400
3106 324
3107 4
3108 64
3109 64
3110 196
3111 196
3112 144
3113 36
3114 36
3115 16
3116 64
3117 64
3118 36
3119 16
3120 4
3121 16
3122 36
3123 100
3124 4
3125 16
3126 4
3127 64
3128 144
3129 36
3130 36
3131 64
3132 64
3133 64
3134 16
3135 36
3136 4
3137 4
3138 16
3139 36
3140 0
3141 36
3142 64
3143 16
3144 4
3145 0
3146 4
3147 100
3148 400
3149 400
3150 676
3151 900
3152 1156
3153 784
3154 400
3155 324
3156 484
3157 784
3158 900
3159 900
3160 576
3161 324
3162 484
3163 324
3164 324
3165 400
3166 784
3167 400
3168 484
3169 400
3170 576
3171 784
3172 900
3173 484
3174 900
3175 784
3176 484
3177 900
3178 900
3179 1936
3180 2116
3181 2500
3182 2500
3183 2304
3184 2116
3185 1936
3186 2304
3187 2304
3188 2500
3189 2500
3190 2500
3191 2500
3192 2500
3193 2500
3194 2500
3195 1936
3196 1936
3197 1936
3198 1764
3199 1936
3200 2500
3201 2500
3202 2500
3203 2500
3204 1936
3205 2116
3206 1936
3207 1600
3208 1444
3209 1156
3210 1024
3211 1024
3212 1024
3213 1444
3214 1156
3215 1024
3216 1600
3217 1936
3218 2116
3219 2500
3220 2500
3221 2500
3222 2500
3223 2500
3224 2304
3225 2500
3226 2304
3227 2116
3228 2116
3229 2304
3230 2500
3231 2500
3232 2500
3233 2500
3234 2500
3235 2116
3236 1764
3237 1444
3238 1296
3239 1296
3240 1156
3241 1156
3242 1444
3243 1600
3244 1156
3245 1444
3246 1024
3247 1156
3248 784
3249 1024
3250 1296
3251 1296
3252 1024
3253 1296
3254 676
3255 676
3256 676
3257 1156
3258 1600
3259 1936
3260 1936
3261 1600
3262 2116
3263 2500
3264 2500
3265 2500
3266 2500
3267 2500
3268 2500
3269 2304
3270 2500
3271 2304
3272 2116
3273 2304
3274 2116
3275 2304
3276 1936
3277 1936
3278 1764
3279 2116
3280 2304
3281 2116
3282 1600
3283 1444
3284 1296
3285 1600
3286 1600
3287 900
3288 1296
3289 900
3290 1024
3291 676
3292 576
3293 484
3294 784
3295 484
3296 256
3297 196
3298 256
3299 196
3300 144
3301 256
3302 484
3303 484
3304 100
3305 100
3306 36
3307 36
3308 144
3309 144
3310 144
3311 100
3312 144
3313 324
3314 484
3315 484
3316 576
3317 900
3318 1156
3319 784
3320 676
3321 676
3322 1156
3323 1024
3324 1024
3325 784
3326 900
3327 1156
3328 1156
3329 900
3330 1024
3331 1024
3332 1296
3333 1600
3334 1444
3335 2116
3336 1936
3337 1600
3338 1156
3339 900
3340 1296
3341 1156
3342 1024
3343 784
3344 676
3345 576
3346 784
3347 784
3348 1156
3349 900
3350 676
3351 576
3352 676
3353 676
3354 484
3355 256
3356 400
3357 400
3358 256
3359 144
3360 256
3361 484
3362 400
3363 400
3364 400
3365 484
3366 400
3367 324
3368 256
3369 324
3370 484
3371 484
3372 324
3373 324
3374 324
3375 144
3376 100
3377 144
3378 196
3379 484
3380 484
3381 324
3382 484
3383 900
3384 1156
3385 1156
3386 1024
3387 784
3388 784
3389 576
3390 784
3391 576
3392 784
3393 1024
3394 900
3395 676
3396 576
3397 676
3398 576
3399 324
3400 196
3401 324
3402 256
3403 324
3404 256
3405 144
3406 144
3407 196
3408 196
3409 196
3410 256
3411 100
3412 16
3413 4
3414 16
3415 0
3416 36
3417 64
3418 100
3419 0
3420 36
3421 36
3422 64
3423 100
3424 144
3425 16
3426 36
3427 144
3428 100
3429 64
3430 16
3431 100
3432 64
3433 100
3434 144
3435 576
3436 484
3437 676
3438 144
3439 256
3440 16
3441 64
3442 36
3443 36
3444 64
3445 100
3446 144
3447 144
3448 144
3449 100
3450 4
3451 36
3452 256
3453 324
3454 484
3455 576
3456 400
3457 256
3458 196
3459 324
3460 576
3461 256
3462 196
3463 100
3464 324
3465 256
3466 256
3467 196
3468 484
3469 324
3470 324
3471 256
3472 196
3473 324
3474 576
3475 1024
3476 1024
3477 1024
3478 1296
3479 1444
3480 1156
3481 900
3482 1156
3483 1156
3484 1296
3485 576
3486 900
3487 676
3488 1156
3489 784
3490 1024
3491 1296
3492 1444
3493 900
3494 676
3495 484
3496 576
3497 400
3498 324
3499 256
3500 256
3501 36
3502 256
3503 100
3504 36
3505 144
3506 256
3507 324
3508 324
3509 324
3510 484
3511 676
3512 676
3513 484
3514 1024
3515 1156
3516 576
3517 484
3518 324
3519 400
3520 144
3521 64
3522 100
3523 64
3524 64
3525 4
3526 4
3527 0
3528 4
3529 4
3530 4
3531 4
3532 16
3533 4
3534 0
3535 36
3536 256
3537 256
3538 400
3539 196
3540 144
3541 100
3542 100
3543 64
3544 4
3545 16
3546 64
3547 64
3548 36
3549 36
3550 4
3551 16
3552 4
3553 0
3554 16
3555 36
3556 36
3557 36
3558 4
3559 4
3560 36
3561 64
3562 36
3563 16
3564 16
3565 16
3566 4
3567 0
3568 16
3569 36
3570 36
3571 64
3572 64
3573 36
3574 64
3575 36
3576 144
3577 256
3578 144
3579 144
3580 144
3581 16
3582 100
3583 400
3584 256
3585 484
3586 1296
3587 1764
3588 1936
3589 1764
3590 1600
3591 1024
3592 1156
3593 1296
3594 1024
3595 1024
3596 1156
3597 1600
3598 1764
3599 1444
3600 1024
3601 1444
3602 1764
3603 1296
3604 1296
3605 1296
3606 1156
3607 1296
3608 900
3609 1296
3610 1764
3611 1764
3612 1764
3613 1936
3614 2116
3615 1764
3616 1936
3617 1024
3618 900
3619 676
3620 576
3621 676
3622 484
3623 484
3624 400
3625 676
3626 324
3627 144
3628 576
3629 484
3630 484
3631 324
3632 196
3633 400
3634 676
3635 484
3636 784
3637 1444
3638 1296
3639 1764
3640 1936
3641 1764
3642 1296
3643 1296
3644 1156
3645 576
3646 484
3647 676
3648 1024
3649 1024
3650 1156
3651 1024
3652 900
3653 1024
3654 1156
3655 1024
3656 676
3657 576
3658 484
3659 400
3660 784
3661 676
3662 900
3663 1024
3664 900
3665 1024
3666 900
3667 784
3668 1444
3669 1296
3670 676
3671 676
3672 324
3673 576
3674 784
3675 676
3676 576
3677 676
3678 484
3679 784
3680 900
3681 1024
3682 784
3683 576
3684 196
3685 196
3686 100
3687 64
3688 4
3689 36
3690 0
3691 4
3692 4
3693 16
3694 4
3695 0
3696 4
3697 16
3698 4
3699 4
3700 36
3701 16
3702 16
3703 16
3704 36
3705 4
3706 36
3707 64
3708 144
3709 36
3710 4
3711 0
3712 16
3713 16
3714 0
3715 16
3716 16
3717 16
3718 64
3719 144
3720 144
3721 324
3722 196
3723 196
3724 324
3725 484
3726 400
3727 484
3728 400
3729 256
3730 100
3731 144
3732 256
3733 100
3734 64
3735 36
3736 100
3737 256
3738 324
3739 324
3740 400
3741 484
3742 900
3743 900
3744 784
3745 900
3746 784
3747 576
3748 576
3749 900
3750 1444
3751 900
3752 1156
3753 900
3754 576
3755 576
3756 400
3757 784
3758 900
3759 1600
3760 1296
3761 1156
3762 1444
3763 900
3764 1156
3765 1156
3766 1296
3767 1444
3768 1156
3769 676
3770 484
3771 576
3772 484
3773 400
3774 576
3775 900
3776 900
3777 1024
3778 1444
3779 1936
3780 1764
3781 1600
3782 1444
3783 1156
3784 576
3785 784
3786 576
3787 324
3788 324
3789 324
3790 100
3791 36
3792 36
3793 0
3794 0
3795 64
3796 256
3797 400
3798 484
3799 400
3800 576
3801 676
3802 784
3803 1444
3804 1764
3805 1936
3806 1764
3807 1764
3808 1600
3809 1156
3810 676
3811 400
3812 1024
3813 1156
3814 1156
3815 676
3816 676
3817 576
3818 576
3819 324
3820 400
3821 400
3822 400
3823 256
3824 64
3825 36
3826 36
3827 144
3828 64
3829 16
3830 16
3831 36
3832 16
3833 144
3834 144
3835 144
3836 64
3837 64
3838 144
3839 144
3840 400
3841 784
3842 676
3843 400
3844 484
3845 784
3846 676
3847 484
3848 400
3849 256
3850 324
3851 324
3852 324
3853 400
3854 256
3855 196
3856 196
3857 0
3858 64
3859 0
3860 16
3861 64
3862 16
3863 36
3864 0
3865 4
3866 100
3867 36
3868 64
3869 100
3870 100
3871 64
3872 16
3873 4
3874 4
3875 36
3876 36
3877 36
3878 256
3879 324
3880 324
3881 676
3882 784
3883 576
3884 196
3885 36
3886 64
3887 36
3888 0
3889 36
3890 16
3891 100
3892 64
3893 36
3894 100
3895 196
3896 64
3897 64
3898 144
3899 256
3900 400
3901 1156
3902 900
3903 784
3904 1156
3905 1444
3906 1296
3907 1296
3908 1024
3909 1024
3910 1156
3911 900
3912 784
3913 676
3914 324
3915 484
3916 256
3917 144
3918 400
3919 576
3920 324
3921 676
3922 576
3923 676
3924 576
3925 484
3926 784
3927 1024
3928 1024
3929 900
3930 1156
3931 1156
3932 1024
3933 484
3934 784
3935 576
3936 484
3937 400
3938 400
3939 196
3940 256
3941 576
3942 676
3943 676
3944 784
3945 676
3946 900
3947 784
3948 1024
3949 1156
3950 1156
3951 1156
3952 1444
3953 1296
3954 1156
3955 1296
3956 1600
3957 1156
3958 1764
3959 1444
3960 1936
3961 1444
3962 1600
3963 1936
3964 2116
3965 2116
3966 1764
3967 1764
3968 1936
3969 1600
3970 1936
3971 1936
3972 1764
3973 1600
3974 1600
3975 1600
3976 1764
3977 1296
3978 1156
3979 900
3980 900
3981 900
3982 576
3983 576
3984 484
3985 484
3986 676
3987 900
3988 256
3989 324
3990 100
3991 64
3992 36
3993 0
3994 144
3995 100
3996 64
3997 16
3998 4
3999 4
4000 4
4001 4
4002 4
4003 0
4004 4
4005 0
4006 4
4007 4
4008 324
4009 400
4010 324
4011 484
4012 484
4013 324
4014 484
4015 784
4016 900
4017 484
4018 196
4019 144
4020 400
4021 576
4022 400
4023 576
4024 576
4025 784
4026 576
4027 484
4028 784
4029 676
4030 400
4031 256
4032 100
4033 16
4034 0
4035 4
4036 4
4037 4
4038 144
4039 100
4040 144
4041 400
4042 576
4043 784
4044 1156
4045 784
4046 484
4047 676
4048 484
4049 324
4050 256
4051 196
4052 144
4053 64
4054 144
4055 400
4056 324
4057 676
4058 484
4059 676
4060 784
4061 676
4062 484
4063 324
4064 324
4065 256
4066 484
4067 324
4068 400
4069 144
4070 324
4071 36
4072 4
4073 4
4074 64
4075 4
4076 36
4077 16
4078 16
4079 16
4080 0
4081 16
4082 64
4083 256
4084 196
4085 64
4086 144
4087 196
4088 196
4089 324
4090 576
4091 576
4092 400
4093 400
4094 576
4095 144
4096 64
4097 16
4098 4
4099 4
4100 16
4101 16
4102 4
4103 0
4104 36
4105 64
4106 64
4107 36
4108 100
4109 64
4110 100
4111 36
4112 16
4113 64
4114 196
4115 64
4116 36
4117 36
4118 256
4119 196
4120 100
4121 196
4122 256
4123 64
4124 4
4125 16
4126 100
4127 256
4128 324
4129 256
4130 100
4131 0
4132 4
4133 36
4134 4
4135 4
4136 0
4137 100
4138 196
4139 64
4140 144
4141 256
4142 196
4143 676
4144 784
4145 324
4146 196
4147 400
4148 576
4149 324
4150 400
4151 324
4152 400
4153 676
4154 900
4155 1024
4156 1024
4157 676
4158 576
4159 576
4160 400
4161 64
4162 16
4163 4
4164 16
4165 100
4166 16
4167 196
4168 144
4169 64
4170 144
4171 64
4172 0
4173 16
4174 4
4175 16
4176 100
4177 196
4178 196
4179 256
4180 256
4181 484
4182 400
4183 324
4184 576
4185 100
4186 196
4187 196
4188 36
4189 16
4190 16
4191 4
4192 144
4193 0
4194 100
4195 196
4196 484
4197 324
4198 144
4199 196
4200 100
4201 196
4202 100
4203 100
4204 256
4205 64
4206 100
4207 100
4208 144
4209 100
4210 4
4211 36
4212 144
4213 256
4214 100
4215 4
4216 36
4217 4
4218 16
4219 16
4220 64
4221 36
4222 64
4223 256
4224 324
4225 676
4226 484
4227 484
4228 324
4229 196
4230 324
4231 484
4232 400
4233 324
4234 484
4235 576
4236 576
4237 676
4238 676
4239 1024
4240 900
4241 784
4242 400
4243 576
4244 196
4245 196
4246 256
4247 100
4248 100
4249 36
4250 100
4251 36
4252 16
4253 4
4254 0
4255 4
4256 0
4257 16
4258 16
4259 36
4260 196
4261 144
4262 256
4263 100
4264 100
4265 64
4266 144
4267 144
4268 64
4269 400
4270 576
4271 324
4272 324
4273 484
4274 1024
4275 1296
4276 1024
4277 1296
4278 1444
4279 1024
4280 1296
4281 1156
4282 784
4283 784
4284 676
4285 900
4286 900
4287 484
4288 324
4289 196
4290 64
4291 4
4292 4
4293 4
4294 16
4295 64
4296 196
4297 144
4298 36
4299 144
4300 64
4301 4
4302 16
4303 36
4304 4
4305 100
4306 196
4307 324
4308 256
4309 100
4310 4
4311 4
4312 4
4313 4
4314 0
4315 16
4316 4
4317 36
4318 100
4319 0
4320 4
4321 0
4322 16
4323 16
4324 144
4325 100
4326 144
4327 196
4328 144
4329 256
4330 144
4331 144
4332 256
4333 256
4334 256
4335 324
4336 324
4337 324
4338 400
4339 324
4340 324
4341 36
4342 4
4343 36
4344 144
4345 484
4346 324
4347 484
4348 676
4349 324
4350 196
4351 144
4352 256
4353 256
4354 256
4355 784
4356 576
4357 1296
4358 1156
4359 1444
4360 1156
4361 1444
4362 900
4363 784
4364 900
4365 900
4366 576
4367 676
4368 676
4369 400
4370 576
4371 576
4372 576
4373 900
4374 1024
4375 1024
4376 784
4377 784
4378 784
4379 900
4380 784
4381 784
4382 1156
4383 1444
4384 1296
4385 1296
4386 1024
4387 676
4388 324
4389 144
4390 64
4391 100
4392 16
4393 196
4394 100
4395 100
4396 36
4397 16
4398 16
4399 196
4400 64
4401 64
4402 4
4403 0
4404 36
4405 0
4406 0
4407 64
4408 100
4409 36
4410 144
4411 256
4412 400
4413 256
4414 144
4415 144
4416 64
4417 36
4418 144
4419 64
4420 64
4421 144
4422 144
4423 324
4424 144
4425 196
4426 144
4427 100
4428 196
4429 100
4430 324
4431 576
4432 676
4433 400
4434 400
4435 400
4436 484
4437 256
4438 144
4439 36
4440 64
4441 196
4442 324
4443 100
4444 324
4445 256
4446 100
4447 256
4448 64
4449 4
4450 100
4451 4
4452 64
4453 64
4454 36
4455 4
4456 4
4457 16
4458 64
4459 64
4460 16
4461 4
4462 0
4463 36
4464 100
4465 144
4466 100
4467 64
4468 196
4469 144
4470 144
4471 144
4472 196
4473 196
4474 100
4475 36
4476 16
4477 16
4478 64
4479 36
4480 64
4481 36
4482 196
4483 36
4484 0
4485 16
4486 64
4487 100
4488 256
4489 324
4490 256
4491 144
4492 64
4493 64
4494 16
4495 4
4496 16
4497 4
4498 0
4499 36
4500 64
4501 4
4502 64
4503 144
4504 144
4505 100
4506 256
4507 196
4508 400
4509 484
4510 484
4511 256
4512 256
4513 400
4514 576
4515 676
4516 576
4517 400
4518 324
4519 256
4520 256
4521 256
4522 144
4523 64
4524 16
4525 0
4526 0
4527 0
4528 0
4529 4
4530 64
4531 4
4532 4
4533 64
4534 36
4535 16
4536 36
4537 16
4538 16
4539 16
4540 4
4541 36
4542 256
4543 324
4544 324
4545 400
4546 196
4547 100
4548 100
4549 16
4550 16
4551 64
4552 144
4553 196
4554 100
4555 196
4556 36
4557 64
4558 144
4559 36
4560 0
4561 0
4562 4
4563 100
4564 100
4565 100
4566 196
4567 484
4568 256
4569 400
4570 324
4571 256
4572 324
4573 256
4574 256
4575 484
4576 100
4577 64
4578 484
4579 676
4580 784
4581 900
4582 1296
4583 784
4584 400
4585 400
4586 400
4587 324
4588 64
4589 0
4590 4
4591 36
4592 100
4593 4
4594 36
4595 16
4596 16
4597 16
4598 16
4599 0
4600 36
4601 4
4602 16
4603 100
4604 324
4605 784
4606 900
4607 1024
4608 784
4609 484
4610 196
4611 196
4612 144
4613 324
4614 400
4615 324
4616 256
4617 256
4618 324
4619 324
4620 324
4621 400
4622 324
4623 484
4624 196
4625 144
4626 64
4627 16
4628 4
4629 64
4630 0
4631 4
4632 4
4633 36
4634 16
4635 144
4636 100
4637 100
4638 16
4639 36
4640 36
4641 4
4642 16
4643 36
4644 16
4645 4
4646 0
4647 0
4648 64
4649 16
4650 144
4651 400
4652 484
4653 900
4654 484
4655 256
4656 256
4657 100
4658 324
4659 36
4660 256
4661 64
4662 36
4663 100
4664 16
4665 16
4666 100
4667 256
4668 144
4669 196
4670 64
4671 4
4672 36
4673 4
4674 100
4675 100
4676 324
4677 324
4678 100
4679 64
4680 36
4681 64
4682 324
4683 256
4684 196
4685 196
4686 100
4687 100
4688 144
4689 196
4690 196
4691 196
4692 196
4693 144
4694 100
4695 36
4696 64
4697 0
4698 36
4699 16
4700 36
4701 4
4702 4
4703 0
4704 36
4705 16
4706 16
4707 100
4708 144
4709 144
4710 100
4711 100
4712 64
4713 64
4714 100
4715 324
4716 144
4717 36
4718 36
4719 4
4720 64
4721 256
4722 324
4723 144
4724 144
4725 64
4726 64
4727 4
4728 16
4729 16
4730 4
4731 36
4732 64
4733 100
4734 36
4735 36
4736 0
4737 16
4738 16
4739 64
4740 100
4741 36
4742 4
4743 4
4744 16
4745 16
4746 16
4747 64
4748 4
4749 16
4750 36
4751 256
4752 196
4753 100
4754 36
4755 36
4756 16
4757 16
4758 0
4759 64
4760 36
4761 36
4762 36
4763 36
4764 16
4765 0
4766 0
4767 16
4768 36
4769 4
4770 0
4771 0
4772 0
4773 36
4774 64
4775 144
4776 36
4777 36
4778 0
4779 16
4780 16
4781 16
4782 16
4783 4
4784 4
4785 4
4786 4
4787 4
4788 4
4789 16
4790 64
4791 36
4792 4
4793 16
4794 4
4795 16
4796 64
4797 64
4798 64
4799 100
4800 100
4801 100
4802 16
4803 4
4804 16
4805 64
4806 0
4807 36
4808 16
4809 64
4810 36
4811 16
4812 196
4813 144
4814 256
4815 100
4816 64
4817 64
4818 16
4819 36
4820 0
4821 4
4822 4
4823 4
4824 100
4825 196
4826 324
4827 256
4828 196
4829 144
4830 16
4831 16
4832 4
4833 64
4834 64
4835 0
4836 64
4837 36
4838 36
4839 0
4840 100
4841 100
4842 196
4843 256
4844 196
4845 196
4846 144
4847 100
4848 100
4849 196
4850 100
4851 64
4852 16
4853 4
4854 36
4855 36
4856 64
4857 36
4858 100
4859 484
4860 676
4861 676
4862 784
4863 576
4864 400
4865 400
4866 576
4867 676
4868 400
4869 196
4870 64
4871 64
4872 36
4873 0
4874 4
4875 4
4876 4
4877 64
4878 16
4879 0
4880 16
4881 16
4882 4
4883 16
4884 64
4885 36
4886 16
4887 64
4888 36
4889 256
4890 576
4891 576
4892 900
4893 784
4894 1764
4895 1936
4896 1764
4897 1936
4898 1764
4899 1764
4900 1156
4901 1444
4902 2116
4903 2116
4904 1600
4905 1600
4906 1296
4907 1024
4908 784
4909 784
4910 676
4911 784
4912 676
4913 576
4914 676
4915 484
4916 1024
4917 1156
4918 1024
4919 900
4920 1156
4921 1444
4922 1296
4923 900
4924 1024
4925 1024
4926 1024
4927 1156
4928 1156
4929 1296
4930 900
4931 1024
4932 1156
4933 1600
4934 1764
4935 1936
4936 1764
4937 2304
4938 2500
4939 2500
4940 2500
4941 2304
4942 2116
4943 2500
4944 1936
4945 2116
4946 1764
4947 1296
4948 1764
4949 1600
4950 1600
4951 1600
4952 1156
4953 1024
4954 676
4955 576
4956 484
4957 484
4958 400
4959 784
4960 484
4961 676
4962 676
4963 784
4964 784
4965 196
4966 36
4967 100
4968 144
4969 256
4970 100
4971 100
4972 4
4973 4
4974 36
4975 36
4976 36
4977 4
4978 16
4979 100
4980 64
4981 16
4982 144
4983 144
4984 400
4985 256
4986 196
4987 196
4988 144
4989 196
4990 676
4991 484
4992 400
4993 400
4994 484
4995 400
4996 576
4997 400
4998 100
4999 4
5000 64
