1 2
2 10
3 8
4 20
5 24
6 24
7 20
8 14
9 14
10 12
11 16
12 20
13 18
14 20
15 20
16 26
17 18
18 18
19 8
20 8
21 4
22 10
23 6
24 10
25 10
26 2
27 4
28 2
29 8
30 4
31 4
32 2
33 8
34 14
35 12
36 10
37 6
38 0
39 2
40 4
41 6
42 10
43 2
44 6
45 8
46 2
47 -2
48 -6
49 -6
50 -4
51 -4
52 -4
53 -4
54 -2
55 2
56 4
57 2
58 4
59 4
60 8
61 8
62 4
63 10
64 16
65 20
66 22
67 18
68 18
69 18
70 26
71 24
72 22
73 22
74 24
75 24
76 28
77 30
78 32
79 42
80 36
81 44
82 42
83 30
84 30
85 26
86 12
87 12
88 6
89 0
90 2
91 2
92 0
93 -2
94 -6
95 -8
96 -6
97 -4
98 -6
99 -8
100 -4
101 -4
102 8
103 8
104 6
105 10
106 18
107 12
108 14
109 12
110 14
111 16
112 16
113 22
114 22
115 18
116 16
117 12
118 8
119 2
120 -6
121 -6
122 6
123 10
124 14
125 14
126 10
127 6
128 2
129 6
130 8
131 0
132 2
133 2
134 0
135 -10
136 -10
137 -6
138 -6
139 2
140 6
141 2
142 4
143 4
144 -2
145 2
146 -2
147 -6
148 -10
149 -4
150 -6
151 -2
152 -4
153 -6
154 -10
155 -20
156 -22
157 -26
158 -22
159 -28
160 -24
161 -22
162 -24
163 -20
164 -28
165 -20
166 -22
167 -16
168 -24
169 -32
170 -28
171 -20
172 -22
173 -28
174 -32
175 -24
176 -20
177 -22
178 -24
179 -20
180 -26
181 -34
182 -40
183 -36
184 -36
185 -42
186 -46
187 -44
188 -40
189 -32
190 -22
191 -26
192 -28
193 -32
194 -30
195 -34
196 -34
197 -38
198 -32
199 -34
200 -34
201 -34
202 -36
203 -38
204 -38
205 -40
206 -40
207 -40
208 -34
209 -32
210 -30
211 -28
212 -32
213 -32
214 -32
215 -34
216 -34
217 -30
218 -32
219 -36
220 -34
221 -36
222 -34
223 -36
224 -34
225 -30
226 -28
227 -34
228 -28
229 -36
230 -34
231 -24
232 -22
233 -26
234 -22
235 -22
236 -24
237 -20
238 -22
239 -20
240 -16
241 -22
242 -26
243 -28
244 -26
245 -20
246 -26
247 -30
248 -30
249 -26
250 -24
251 -24
252 -16
253 -10
254 -22
255 -22
256 -24
257 -18
258 -16
259 -18
260 -12
261 -4
262 -14
263 -18
264 -22
265 -22
266 -22
267 -20
268 -26
269 -16
270 -16
271 -24
272 -28
273 -34
274 -34
275 -34
276 -32
277 -26
278 -28
279 -22
280 -28
281 -20
282 -20
283 -24
284 -26
285 -28
286 -20
287 -20
288 -16
289 -14
290 -20
291 -10
292 -12
293 -14
294 -22
295 -26
296 -20
297 -16
298 -14
299 -6
300 -6
301 -10
302 -10
303 -6
304 -4
305 -6
306 -4
307 -2
308 0
309 0
310 6
311 0
312 -4
313 4
314 2
315 8
316 12
317 12
318 12
319 14
320 24
321 22
322 16
323 22
324 18
325 22
326 22
327 26
328 24
329 22
330 22
331 28
332 30
333 36
334 30
335 32
336 36
337 34
338 34
339 36
340 24
341 22
342 16
343 16
344 14
345 14
346 8
347 8
348 6
349 4
350 6
351 8
352 2
353 4
354 6
355 10
356 6
357 12
358 18
359 8
360 10
361 14
362 14
363 6
364 12
365 14
366 14
367 10
368 18
369 12
370 8
371 2
372 -2
373 -6
374 -14
375 -10
376 -14
377 -20
378 -20
379 -18
380 -12
381 -8
382 -10
383 -20
384 -20
385 -18
386 -4
387 -12
388 -12
389 -6
390 -2
391 -2
392 -2
393 -2
394 2
395 4
396 2
397 -2
398 0
399 -2
400 2
401 2
402 4
403 8
404 6
405 6
406 12
407 10
408 6
409 10
410 4
411 0
412 0
413 -2
414 -2
415 -2
416 2
417 -2
418 -6
419 -12
420 -6
421 -10
422 -2
423 -6
424 -10
425 -12
426 -20
427 -12
428 -14
429 -12
430 -10
431 -16
432 -12
433 -8
434 -2
435 -10
436 -6
437 -12
438 -16
439 -14
440 -14
441 -4
442 6
443 8
444 12
445 2
446 10
447 10
448 0
449 -2
450 -4
451 0
452 6
453 2
454 8
455 10
456 18
457 16
458 14
459 8
460 0
461 -8
462 2
463 4
464 8
465 8
466 12
467 14
468 14
469 12
470 8
471 2
472 -4
473 -2
474 -6
475 -14
476 -14
477 -8
478 -20
479 -22
480 -18
481 -18
482 -12
483 -10
484 -6
485 -6
486 -6
487 -10
488 -2
489 -2
490 2
491 -6
492 2
493 8
494 6
495 -10
496 -8
497 -16
498 -20
499 -20
500 -20
501 -18
502 -20
503 -16
504 -18
505 -14
506 -10
507 -8
508 -10
509 -8
510 -4
511 -8
512 -12
513 -20
514 -32
515 -32
516 -32
517 -30
518 -30
519 -30
520 -26
521 -24
522 -26
523 -20
524 -16
525 -26
526 -26
527 -26
528 -28
529 -18
530 -20
531 -18
532 -22
533 -20
534 -20
535 -18
536 -14
537 -14
538 -8
539 0
540 6
541 6
542 4
543 2
544 -4
545 2
546 8
547 14
548 4
549 -4
550 -2
551 -6
552 -4
553 -10
554 -10
555 -2
556 4
557 2
558 4
559 2
560 -2
561 0
562 6
563 6
564 6
565 6
566 4
567 -2
568 -4
569 -12
570 -14
571 -14
572 -16
573 -20
574 -20
575 -22
576 -28
577 -26
578 -22
579 -14
580 -8
581 -4
582 -8
583 0
584 2
585 -4
586 -8
587 -6
588 -8
589 -12
590 -12
591 -14
592 -16
593 -20
594 -20
595 -20
596 -18
597 -18
598 -14
599 -16
600 -20
601 -20
602 -24
603 -22
604 -18
605 -10
606 -12
607 -10
608 -2
609 4
610 -4
611 -6
612 -8
613 -8
614 -10
615 -22
616 -20
617 -24
618 -30
619 -32
620 -28
621 -26
622 -36
623 -32
624 -20
625 -14
626 -26
627 -24
628 -24
629 -30
630 -40
631 -38
632 -34
633 -34
634 -30
635 -28
636 -32
637 -30
638 -28
639 -34
640 -34
641 -24
642 -26
643 -18
644 -22
645 -22
646 -26
647 -30
648 -34
649 -28
650 -26
651 -24
652 -12
653 -12
654 -8
655 -2
656 4
657 10
658 8
659 10
660 14
661 20
662 24
663 20
664 18
665 18
666 26
667 26
668 20
669 30
670 32
671 22
672 20
673 10
674 2
675 8
676 8
677 12
678 8
679 8
680 10
681 14
682 12
683 22
684 32
685 28
686 26
687 26
688 22
689 18
690 20
691 18
692 20
693 26
694 26
695 26
696 30
697 34
698 30
699 30
700 36
701 32
702 20
703 20
704 16
705 20
706 18
707 20
708 22
709 28
710 30
711 28
712 26
713 18
714 14
715 12
716 6
717 8
718 10
719 0
720 4
721 2
722 10
723 10
724 20
725 8
726 16
727 18
728 26
729 20
730 16
731 10
732 4
733 4
734 0
735 8
736 14
737 20
738 18
739 16
740 22
741 16
742 12
743 6
744 8
745 12
746 8
747 8
748 12
749 12
750 20
751 24
752 20
753 26
754 26
755 24
756 34
757 38
758 32
759 38
760 30
761 26
762 30
763 30
764 32
765 32
766 26
767 20
768 16
769 14
770 14
771 26
772 32
773 34
774 34
775 32
776 30
777 30
778 26
779 26
780 30
781 30
782 26
783 28
784 32
785 34
786 34
787 36
788 28
789 26
790 30
791 36
792 32
793 32
794 24
795 26
796 26
797 30
798 32
799 32
800 30
801 22
802 32
803 34
804 36
805 26
806 26
807 30
808 30
809 24
810 18
811 14
812 8
813 8
814 6
815 8
816 0
817 0
818 0
819 2
820 -4
821 0
822 -8
823 -6
824 -20
825 -18
826 -26
827 -20
828 -22
829 -22
830 -26
831 -30
832 -36
833 -34
834 -34
835 -32
836 -32
837 -28
838 -30
839 -28
840 -26
841 -26
842 -28
843 -26
844 -20
845 -16
846 -10
847 -12
848 -6
849 4
850 6
851 8
852 4
853 6
854 4
855 0
856 -2
857 -6
858 -8
859 -12
860 -2
861 8
862 12
863 18
864 18
865 18
866 20
867 14
868 12
869 10
870 20
871 24
872 28
873 32
874 26
875 30
876 28
877 28
878 28
879 20
880 18
881 4
882 10
883 18
884 18
885 20
886 16
887 18
888 6
889 16
890 12
891 14
892 16
893 18
894 20
895 18
896 14
897 8
898 6
899 10
900 10
901 14
902 8
903 18
904 10
905 2
906 0
907 -6
908 -4
909 -4
910 2
911 2
912 0
913 -6
914 -10
915 -10
916 -20
917 -22
918 -22
919 -20
920 -24
921 -22
922 -24
923 -28
924 -26
925 -24
926 -18
927 -22
928 -24
929 -22
930 -24
931 -18
932 -18
933 -16
934 -10
935 -8
936 -2
937 -6
938 -4
939 -4
940 2
941 0
942 -4
943 -6
944 -4
945 0
946 0
947 -4
948 0
949 -4
950 -4
951 -6
952 0
953 4
954 6
955 16
956 14
957 12
958 6
959 -2
960 -8
961 -6
962 -4
963 0
964 2
965 -4
966 0
967 4
968 0
969 0
970 6
971 0
972 -10
973 -14
974 -22
975 -16
976 -14
977 -18
978 -16
979 -12
980 -16
981 -12
982 -16
983 -22
984 -20
985 -24
986 -20
987 -18
988 -26
989 -26
990 -22
991 -24
992 -22
993 -30
994 -28
995 -24
996 -28
997 -24
998 -18
999 -14
1000 -10
1001 -10
1002 -12
1003 -10
1004 -2
1005 -8
1006 -16
1007 -18
1008 -12
1009 -12
1010 -8
1011 -2
1012 10
1013 10
1014 8
1015 6
1016 4
1017 2
1018 -4
1019 -2
1020 -2
1021 -8
1022 -10
1023 -8
1024 -8
1025 -14
1026 -14
1027 -12
1028 -6
1029 -10
1030 -18
1031 -14
1032 -8
1033 -4
1034 -4
1035 -2
1036 -2
1037 -8
1038 -12
1039 -6
1040 -12
1041 -12
1042 -8
1043 -18
1044 -18
1045 -22
1046 -22
1047 -22
1048 -12
1049 -14
1050 -16
1051 -16
1052 -16
1053 -20
1054 -12
1055 -16
1056 -14
1057 -12
1058 -10
1059 -6
1060 -6
1061 0
1062 -4
1063 -2
1064 -4
1065 -8
1066 -10
1067 -14
1068 -20
1069 -16
1070 -24
1071 -22
1072 -26
1073 -28
1074 -26
1075 -24
1076 -24
1077 -26
1078 -28
1079 -22
1080 -30
1081 -28
1082 -18
1083 -22
1084 -22
1085 -20
1086 -20
1087 -16
1088 -14
1089 -14
1090 -4
1091 -10
1092 -12
1093 -16
1094 -16
1095 -12
1096 -4
1097 -6
1098 -10
1099 -10
1100 -16
1101 -14
1102 -16
1103 -10
1104 -14
1105 -6
1106 -2
1107 2
1108 10
1109 18
1110 12
1111 14
1112 4
1113 10
1114 10
1115 16
1116 16
1117 18
1118 14
1119 14
1120 24
1121 22
1122 18
1123 4
1124 4
1125 8
1126 8
1127 14
1128 4
1129 10
1130 12
1131 10
1132 14
1133 8
1134 6
1135 -2
1136 -6
1137 -4
1138 0
1139 0
1140 6
1141 8
1142 -8
1143 -8
1144 -12
1145 -14
1146 -16
1147 -14
1148 -12
1149 -6
1150 -8
1151 -4
1152 -4
1153 -12
1154 -14
1155 -20
1156 -18
1157 -16
1158 -10
1159 -6
1160 -10
1161 -2
1162 -4
1163 -6
1164 -8
1165 0
1166 -4
1167 -6
1168 -6
1169 -8
1170 -6
1171 -2
1172 0
1173 0
1174 0
1175 -2
1176 -4
1177 -2
1178 -2
1179 -8
1180 0
1181 6
1182 2
1183 0
1184 -4
1185 -4
1186 4
1187 8
1188 8
1189 14
1190 8
1191 10
1192 10
1193 12
1194 16
1195 14
1196 8
1197 8
1198 12
1199 8
1200 12
1201 12
1202 8
1203 20
1204 22
1205 20
1206 12
1207 2
1208 4
1209 6
1210 6
1211 2
1212 4
1213 4
1214 -2
1215 -2
1216 -2
1217 2
1218 4
1219 0
1220 -4
1221 -10
1222 -8
1223 -16
1224 -8
1225 -12
1226 -16
1227 -22
1228 -18
1229 -20
1230 -22
1231 -22
1232 -18
1233 -20
1234 -20
1235 -18
1236 -20
1237 -14
1238 -10
1239 -8
1240 -12
1241 -12
1242 -16
1243 -16
1244 -12
1245 -12
1246 -14
1247 -14
1248 -14
1249 -16
1250 -8
1251 -6
1252 -4
1253 0
1254 0
1255 6
1256 6
1257 4
1258 0
1259 6
1260 8
1261 4
1262 4
1263 6
1264 0
1265 -6
1266 -10
1267 -14
1268 -12
1269 -10
1270 -22
1271 -22
1272 -28
1273 -34
1274 -36
1275 -38
1276 -38
1277 -32
1278 -30
1279 -32
1280 -30
1281 -28
1282 -36
1283 -28
1284 -28
1285 -28
1286 -26
1287 -18
1288 -20
1289 -18
1290 -12
1291 -12
1292 -8
1293 2
1294 2
1295 0
1296 -4
1297 -10
1298 -8
1299 -6
1300 -2
1301 4
1302 10
1303 2
1304 0
1305 2
1306 12
1307 6
1308 10
1309 10
1310 0
1311 -8
1312 -12
1313 -6
1314 -10
1315 -6
1316 -10
1317 -8
1318 -12
1319 -18
1320 -16
1321 -22
1322 -24
1323 -24
1324 -22
1325 -22
1326 -8
1327 -10
1328 -12
1329 -14
1330 -18
1331 -4
1332 -2
1333 4
1334 10
1335 14
1336 18
1337 14
1338 0
1339 -8
1340 -10
1341 -16
1342 -10
1343 -10
1344 -8
1345 -4
1346 -12
1347 -12
1348 -16
1349 -16
1350 -12
1351 -10
1352 -6
1353 -6
1354 6
1355 6
1356 8
1357 6
1358 2
1359 2
1360 0
1361 -8
1362 -10
1363 -12
1364 -20
1365 -6
1366 -2
1367 -12
1368 -8
1369 -2
1370 4
1371 0
1372 0
1373 2
1374 2
1375 2
1376 -8
1377 -14
1378 -10
1379 -16
1380 -10
1381 -8
1382 -4
1383 -10
1384 -16
1385 -10
1386 -2
1387 4
1388 2
1389 -4
1390 0
1391 2
1392 4
1393 12
1394 10
1395 6
1396 8
1397 10
1398 12
1399 20
1400 18
1401 10
1402 10
1403 10
1404 8
1405 14
1406 10
1407 10
1408 10
1409 10
1410 16
1411 18
1412 8
1413 16
1414 6
1415 8
1416 4
1417 -2
1418 -2
1419 -2
1420 4
1421 0
1422 2
1423 4
1424 -4
1425 -2
1426 -10
1427 -4
1428 -2
1429 -4
1430 -2
1431 -2
1432 -2
1433 -10
1434 -8
1435 -12
1436 -18
1437 -18
1438 -22
1439 -22
1440 -22
1441 -18
1442 -16
1443 -24
1444 -18
1445 -12
1446 -14
1447 -18
1448 -18
1449 -16
1450 -16
1451 -14
1452 -16
1453 -12
1454 -16
1455 -14
1456 -18
1457 -20
1458 -16
1459 -14
1460 -26
1461 -24
1462 -26
1463 -22
1464 -22
1465 -28
1466 -24
1467 -22
1468 -14
1469 -14
1470 -14
1471 -14
1472 -8
1473 -12
1474 -10
1475 -16
1476 -18
1477 -20
1478 -22
1479 -20
1480 -16
1481 -18
1482 -18
1483 -14
1484 -10
1485 -14
1486 -16
1487 -14
1488 -8
1489 -4
1490 6
1491 6
1492 2
1493 2
1494 2
1495 -4
1496 -6
1497 -12
1498 -18
1499 -20
1500 -22
1501 -24
1502 -24
1503 -30
1504 -28
1505 -28
1506 -34
1507 -38
1508 -32
1509 -30
1510 -30
1511 -26
1512 -18
1513 -24
1514 -30
1515 -18
1516 -14
1517 -20
1518 -4
1519 -2
1520 -6
1521 -8
1522 -4
1523 -10
1524 -6
1525 -2
1526 -12
1527 -12
1528 -16
1529 -16
1530 -14
1531 -18
1532 -18
1533 -16
1534 -14
1535 -16
1536 -24
1537 -28
1538 -24
1539 -16
1540 -10
1541 -18
1542 -12
1543 -14
1544 -16
1545 -16
1546 -22
1547 -22
1548 -26
1549 -22
1550 -20
1551 -24
1552 -20
1553 -22
1554 -12
1555 -6
1556 -6
1557 -8
1558 -10
1559 -6
1560 -8
1561 -10
1562 -14
1563 -14
1564 -12
1565 -10
1566 -10
1567 -6
1568 -4
1569 0
1570 0
1571 2
1572 6
1573 4
1574 8
1575 14
1576 18
1577 10
1578 14
1579 16
1580 12
1581 12
1582 8
1583 18
1584 18
1585 14
1586 14
1587 18
1588 10
1589 12
1590 4
1591 6
1592 4
1593 8
1594 18
1595 18
1596 14
1597 18
1598 24
1599 22
1600 12
1601 14
1602 12
1603 14
1604 22
1605 20
1606 18
1607 10
1608 10
1609 18
1610 16
1611 14
1612 8
1613 6
1614 10
1615 10
1616 12
1617 10
1618 4
1619 8
1620 2
1621 -4
1622 2
1623 -2
1624 -6
1625 -10
1626 -10
1627 -12
1628 -14
1629 -10
1630 -6
1631 0
1632 6
1633 8
1634 4
1635 2
1636 -4
1637 4
1638 6
1639 10
1640 14
1641 12
1642 20
1643 20
1644 20
1645 14
1646 10
1647 8
1648 6
1649 2
1650 12
1651 14
1652 18
1653 24
1654 26
1655 22
1656 24
1657 14
1658 14
1659 12
1660 16
1661 14
1662 14
1663 14
1664 8
1665 8
1666 12
1667 14
1668 10
1669 4
1670 -6
1671 -10
1672 -10
1673 -10
1674 -4
1675 -6
1676 -8
1677 -14
1678 -30
1679 -34
1680 -28
1681 -28
1682 -26
1683 -22
1684 -20
1685 -24
1686 -26
1687 -30
1688 -24
1689 -26
1690 -28
1691 -28
1692 -26
1693 -26
1694 -28
1695 -26
1696 -22
1697 -18
1698 -14
1699 -14
1700 -18
1701 -14
1702 -14
1703 -14
1704 -22
1705 -16
1706 -12
1707 -14
1708 -10
1709 -8
1710 -16
1711 -8
1712 -20
1713 -22
1714 -20
1715 -18
1716 -20
1717 -24
1718 -24
1719 -26
1720 -28
1721 -28
1722 -22
1723 -24
1724 -22
1725 -24
1726 -16
1727 -14
1728 -16
1729 -14
1730 -16
1731 -10
1732 -2
1733 0
1734 -12
1735 -12
1736 -12
1737 -18
1738 -20
1739 -18
1740 -16
1741 -20
1742 -24
1743 -24
1744 -30
1745 -30
1746 -18
1747 -22
1748 -16
1749 -16
1750 -14
1751 -12
1752 -12
1753 -10
1754 -16
1755 -22
1756 -28
1757 -34
1758 -42
1759 -38
1760 -38
1761 -38
1762 -34
1763 -36
1764 -28
1765 -26
1766 -36
1767 -32
1768 -28
1769 -28
1770 -26
1771 -16
1772 -10
1773 -10
1774 -2
1775 -4
1776 -12
1777 -16
1778 -10
1779 -20
1780 -16
1781 -14
1782 -10
1783 -6
1784 2
1785 4
1786 4
1787 -2
1788 -2
1789 2
1790 12
1791 10
1792 12
1793 12
1794 14
1795 4
1796 2
1797 4
1798 4
1799 0
1800 0
1801 4
1802 2
1803 -2
1804 -4
1805 4
1806 -2
1807 2
1808 2
1809 0
1810 -2
1811 -12
1812 -20
1813 -16
1814 -16
1815 -18
1816 -18
1817 -14
1818 -8
1819 -8
1820 0
1821 10
1822 8
1823 18
1824 18
1825 18
1826 18
1827 26
1828 24
1829 28
1830 26
1831 32
1832 34
1833 34
1834 28
1835 18
1836 22
1837 18
1838 16
1839 10
1840 12
1841 12
1842 8
1843 2
1844 -4
1845 4
1846 6
1847 12
1848 12
1849 12
1850 10
1851 20
1852 16
1853 20
1854 24
1855 26
1856 26
1857 22
1858 18
1859 20
1860 16
1861 14
1862 10
1863 16
1864 22
1865 14
1866 12
1867 22
1868 22
1869 22
1870 22
1871 22
1872 22
1873 20
1874 24
1875 24
1876 26
1877 28
1878 26
1879 30
1880 36
1881 32
1882 28
1883 28
1884 32
1885 30
1886 32
1887 30
1888 32
1889 34
1890 36
1891 36
1892 36
1893 36
1894 40
1895 40
1896 36
1897 30
1898 24
1899 30
1900 28
1901 28
1902 20
1903 12
1904 8
1905 8
1906 10
1907 12
1908 16
1909 18
1910 10
1911 12
1912 20
1913 18
1914 4
1915 10
1916 10
1917 10
1918 8
1919 16
1920 18
1921 24
1922 30
1923 28
1924 26
1925 18
1926 22
1927 16
1928 20
1929 22
1930 26
1931 18
1932 32
1933 36
1934 42
1935 40
1936 34
1937 40
1938 38
1939 40
1940 44
1941 40
1942 38
1943 36
1944 38
1945 36
1946 26
1947 26
1948 26
1949 24
1950 22
1951 16
1952 14
1953 10
1954 10
1955 14
1956 18
1957 18
1958 24
1959 28
1960 30
1961 20
1962 32
1963 36
1964 34
1965 34
1966 38
1967 40
1968 38
1969 36
1970 38
1971 34
1972 30
1973 32
1974 34
1975 28
1976 22
1977 28
1978 28
1979 36
1980 34
1981 36
1982 38
1983 34
1984 38
1985 38
1986 36
1987 30
1988 22
1989 18
1990 12
1991 16
1992 22
1993 24
1994 28
1995 32
1996 38
1997 40
1998 42
1999 40
2000 34
2001 36
2002 32
2003 34
2004 26
2005 26
2006 30
2007 30
2008 30
2009 32
2010 20
2011 22
2012 26
2013 24
2014 14
2015 6
2016 10
2017 10
2018 0
2019 6
2020 4
2021 4
2022 18
2023 16
2024 30
2025 32
2026 28
2027 26
2028 26
2029 26
2030 28
2031 26
2032 18
2033 20
2034 16
2035 18
2036 18
2037 10
2038 10
2039 14
2040 12
2041 10
2042 20
2043 16
2044 22
2045 14
2046 16
2047 20
2048 10
2049 4
2050 2
2051 -4
2052 -6
2053 -10
2054 -10
2055 -6
2056 -10
2057 -2
2058 2
2059 -2
2060 -8
2061 -8
2062 -6
2063 -10
2064 -12
2065 -14
2066 -14
2067 -14
2068 -16
2069 -14
2070 -14
2071 -22
2072 -4
2073 -10
2074 -10
2075 -6
2076 -6
2077 -6
2078 -12
2079 -14
2080 -10
2081 -22
2082 -26
2083 -24
2084 -14
2085 -14
2086 -22
2087 -18
2088 -20
2089 -16
2090 -14
2091 -16
2092 -20
2093 -22
2094 -24
2095 -28
2096 -22
2097 -22
2098 -24
2099 -28
2100 -36
2101 -30
2102 -28
2103 -28
2104 -22
2105 -18
2106 -22
2107 -24
2108 -26
2109 -26
2110 -28
2111 -32
2112 -30
2113 -40
2114 -34
2115 -36
2116 -32
2117 -32
2118 -32
2119 -32
2120 -30
2121 -28
2122 -14
2123 -16
2124 -16
2125 -12
2126 -8
2127 -10
2128 -10
2129 -8
2130 -4
2131 -6
2132 -10
2133 -8
2134 -2
2135 -2
2136 0
2137 -4
2138 -10
2139 -14
2140 -16
2141 -26
2142 -26
2143 -24
2144 -22
2145 -22
2146 -20
2147 -16
2148 -14
2149 -8
2150 -4
2151 0
2152 4
2153 -2
2154 2
2155 6
2156 8
2157 2
2158 -2
2159 -4
2160 -2
2161 -4
2162 4
2163 2
2164 8
2165 14
2166 2
2167 6
2168 4
2169 0
2170 -2
2171 -8
2172 -6
2173 -2
2174 4
2175 2
2176 2
2177 0
2178 2
2179 0
2180 0
2181 4
2182 -6
2183 -4
2184 2
2185 4
2186 -2
2187 4
2188 2
2189 -10
2190 -14
2191 -10
2192 -6
2193 -6
2194 -10
2195 -8
2196 0
2197 2
2198 2
2199 0
2200 2
2201 6
2202 0
2203 8
2204 18
2205 16
2206 18
2207 14
2208 6
2209 8
2210 6
2211 8
2212 4
2213 0
2214 10
2215 10
2216 14
2217 18
2218 22
2219 24
2220 26
2221 26
2222 30
2223 30
2224 30
2225 26
2226 24
2227 28
2228 22
2229 16
2230 26
2231 30
2232 34
2233 34
2234 28
2235 20
2236 20
2237 20
2238 28
2239 30
2240 32
2241 28
2242 26
2243 28
2244 30
2245 34
2246 32
2247 32
2248 32
2249 40
2250 38
2251 40
2252 38
2253 36
2254 32
2255 24
2256 28
2257 36
2258 38
2259 36
2260 34
2261 34
2262 38
2263 32
2264 30
2265 26
2266 24
2267 20
2268 10
2269 16
2270 12
2271 14
2272 12
2273 14
2274 20
2275 18
2276 16
2277 12
2278 2
2279 -6
2280 -6
2281 -8
2282 -2
2283 -6
2284 4
2285 2
2286 0
2287 -2
2288 -4
2289 -2
2290 6
2291 2
2292 -8
2293 -8
2294 -2
2295 0
2296 4
2297 2
2298 -2
2299 -2
2300 0
2301 2
2302 10
2303 6
2304 4
2305 -2
2306 2
2307 0
2308 2
2309 -2
2310 -8
2311 -14
2312 -20
2313 -18
2314 -16
2315 -8
2316 -12
2317 -14
2318 -12
2319 -4
2320 -2
2321 2
2322 2
2323 8
2324 12
2325 20
2326 20
2327 14
2328 14
2329 26
2330 28
2331 26
2332 22
2333 20
2334 26
2335 24
2336 24
2337 18
2338 18
2339 18
2340 14
2341 18
2342 20
2343 22
2344 16
2345 20
2346 20
2347 20
2348 16
2349 20
2350 18
2351 16
2352 10
2353 10
2354 12
2355 12
2356 16
2357 8
2358 6
2359 4
2360 2
2361 -10
2362 -18
2363 -14
2364 -6
2365 -6
2366 -2
2367 -2
2368 2
2369 2
2370 -2
2371 2
2372 4
2373 2
2374 -6
2375 -12
2376 -10
2377 -6
2378 -2
2379 -2
2380 -4
2381 -10
2382 -6
2383 -8
2384 -8
2385 -14
2386 -16
2387 -20
2388 -28
2389 -24
2390 -22
2391 -20
2392 -18
2393 -6
2394 -4
2395 2
2396 0
2397 -4
2398 -8
2399 -14
2400 -20
2401 -28
2402 -28
2403 -26
2404 -26
2405 -30
2406 -28
2407 -28
2408 -32
2409 -34
2410 -40
2411 -48
2412 -50
2413 -44
2414 -40
2415 -42
2416 -38
2417 -40
2418 -40
2419 -34
2420 -40
2421 -42
2422 -38
2423 -42
2424 -42
2425 -46
2426 -40
2427 -38
2428 -36
2429 -32
2430 -38
2431 -44
2432 -36
2433 -40
2434 -26
2435 -28
2436 -18
2437 -30
2438 -26
2439 -28
2440 -30
2441 -24
2442 -26
2443 -24
2444 -20
2445 -20
2446 -20
2447 -28
2448 -24
2449 -24
2450 -20
2451 -24
2452 -24
2453 -18
2454 -22
2455 -18
2456 -18
2457 -20
2458 -16
2459 -16
2460 -10
2461 -16
2462 -12
2463 -14
2464 -10
2465 -14
2466 -18
2467 -24
2468 -22
2469 -22
2470 -16
2471 -14
2472 -14
2473 -18
2474 -18
2475 -20
2476 -22
2477 -14
2478 -12
2479 -8
2480 -4
2481 2
2482 4
2483 16
2484 22
2485 22
2486 24
2487 20
2488 16
2489 16
2490 16
2491 14
2492 12
2493 14
2494 16
2495 20
2496 12
2497 8
2498 16
2499 18
2500 8
2501 8
2502 16
2503 22
2504 28
2505 36
2506 22
2507 20
2508 24
2509 26
2510 32
2511 38
2512 36
2513 36
2514 40
2515 46
2516 48
2517 48
2518 46
2519 50
2520 48
2521 44
2522 40
2523 42
2524 42
2525 32
2526 24
2527 24
2528 22
2529 24
2530 26
2531 34
2532 34
2533 32
2534 32
2535 28
2536 28
2537 22
2538 24
2539 22
2540 26
2541 24
2542 30
2543 28
2544 24
2545 26
2546 30
2547 28
2548 28
2549 22
2550 26
2551 16
2552 16
2553 6
2554 4
2555 14
2556 10
2557 18
2558 16
2559 10
2560 10
2561 2
2562 0
2563 -10
2564 -8
2565 -8
2566 -12
2567 -12
2568 -10
2569 -14
2570 -8
2571 -8
2572 -8
2573 -6
2574 6
2575 8
2576 12
2577 24
2578 22
2579 28
2580 32
2581 34
2582 30
2583 30
2584 28
2585 34
2586 28
2587 30
2588 28
2589 34
2590 34
2591 28
2592 26
2593 28
2594 34
2595 30
2596 22
2597 26
2598 28
2599 32
2600 26
2601 28
2602 22
2603 18
2604 26
2605 18
2606 24
2607 30
2608 28
2609 34
2610 32
2611 36
2612 32
2613 28
2614 28
2615 28
2616 38
2617 36
2618 42
2619 44
2620 46
2621 48
2622 42
2623 44
2624 46
2625 46
2626 46
2627 50
2628 48
2629 50
2630 50
2631 50
2632 50
2633 50
2634 50
2635 50
2636 50
2637 34
2638 34
2639 32
2640 34
2641 30
2642 28
2643 22
2644 22
2645 16
2646 18
2647 16
2648 24
2649 30
2650 34
2651 36
2652 30
2653 34
2654 36
2655 36
2656 34
2657 34
2658 40
2659 40
2660 42
2661 42
2662 44
2663 38
2664 38
2665 38
2666 32
2667 32
2668 24
2669 26
2670 30
2671 34
2672 38
2673 42
2674 48
2675 42
2676 46
2677 48
2678 44
2679 40
2680 34
2681 28
2682 26
2683 24
2684 24
2685 28
2686 32
2687 28
2688 26
2689 24
2690 22
2691 22
2692 24
2693 20
2694 30
2695 16
2696 12
2697 6
2698 -2
2699 -10
2700 -12
2701 -8
2702 -6
2703 -10
2704 0
2705 -4
2706 -6
2707 -6
2708 -12
2709 -12
2710 -10
2711 -10
2712 -12
2713 -14
2714 -16
2715 -16
2716 -14
2717 -14
2718 -20
2719 -26
2720 -26
2721 -18
2722 -16
2723 -18
2724 -16
2725 -16
2726 -14
2727 -12
2728 -18
2729 -22
2730 -24
2731 -30
2732 -22
2733 -16
2734 -14
2735 -16
2736 -24
2737 -28
2738 -30
2739 -28
2740 -30
2741 -28
2742 -18
2743 -22
2744 -16
2745 -18
2746 -2
2747 8
2748 8
2749 12
2750 12
2751 4
2752 0
2753 4
2754 12
2755 10
2756 14
2757 12
2758 16
2759 24
2760 22
2761 16
2762 14
2763 10
2764 20
2765 14
2766 12
2767 14
2768 16
2769 14
2770 16
2771 18
2772 16
2773 14
2774 14
2775 6
2776 8
2777 4
2778 14
2779 10
2780 12
2781 14
2782 22
2783 24
2784 22
2785 20
2786 12
2787 14
2788 10
2789 10
2790 8
2791 0
2792 -10
2793 -12
2794 -14
2795 -8
2796 -8
2797 -4
2798 -6
2799 6
2800 8
2801 4
2802 6
2803 6
2804 10
2805 12
2806 2
2807 8
2808 10
2809 10
2810 14
2811 10
2812 6
2813 6
2814 0
2815 0
2816 4
2817 2
2818 -10
2819 -12
2820 -22
2821 -22
2822 -22
2823 -24
2824 -20
2825 -24
2826 -20
2827 -18
2828 -20
2829 -22
2830 -20
2831 -22
2832 -20
2833 -24
2834 -28
2835 -32
2836 -32
2837 -34
2838 -32
2839 -32
2840 -34
2841 -36
2842 -38
2843 -42
2844 -40
2845 -36
2846 -34
2847 -36
2848 -38
2849 -36
2850 -44
2851 -42
2852 -40
2853 -44
2854 -38
2855 -32
2856 -28
2857 -26
2858 -26
2859 -34
2860 -22
2861 -26
2862 -24
2863 -28
2864 -30
2865 -30
2866 -26
2867 -26
2868 -30
2869 -32
2870 -32
2871 -30
2872 -36
2873 -40
2874 -42
2875 -44
2876 -36
2877 -32
2878 -40
2879 -44
2880 -40
2881 -36
2882 -28
2883 -44
2884 -42
2885 -44
2886 -36
2887 -34
2888 -28
2889 -18
2890 -10
2891 -12
2892 -8
2893 -4
2894 -6
2895 -4
2896 0
2897 -2
2898 -4
2899 -10
2900 -8
2901 -6
2902 -6
2903 -14
2904 -10
2905 -14
2906 -12
2907 -22
2908 -24
2909 -20
2910 -24
2911 -20
2912 -20
2913 -16
2914 -8
2915 -12
2916 -22
2917 -22
2918 -24
2919 -26
2920 -32
2921 -32
2922 -36
2923 -38
2924 -32
2925 -30
2926 -30
2927 -26
2928 -24
2929 -24
2930 -26
2931 -22
2932 -20
2933 -24
2934 -28
2935 -26
2936 -28
2937 -28
2938 -28
2939 -26
2940 -20
2941 -16
2942 -28
2943 -32
2944 -32
2945 -28
2946 -24
2947 -28
2948 -32
2949 -24
2950 -20
2951 -20
2952 -16
2953 -16
2954 -22
2955 -22
2956 -20
2957 -26
2958 -20
2959 -20
2960 -24
2961 -18
2962 -14
2963 -20
2964 -18
2965 -18
2966 -18
2967 -16
2968 -20
2969 -24
2970 -18
2971 -16
2972 -14
2973 -18
2974 -18
2975 -24
2976 -10
2977 -6
2978 -12
2979 -8
2980 -10
2981 -8
2982 -6
2983 0
2984 0
2985 2
2986 10
2987 6
2988 12
2989 8
2990 10
2991 16
2992 28
2993 30
2994 30
2995 28
2996 20
2997 18
2998 22
2999 28
3000 20
3001 22
3002 18
3003 22
3004 18
3005 22
3006 24
3007 30
3008 28
3009 22
3010 14
3011 2
3012 0
3013 -2
3014 -4
3015 -4
3016 8
3017 6
3018 2
3019 -4
3020 -4
3021 -2
3022 -2
3023 6
3024 10
3025 12
3026 20
3027 16
3028 16
3029 12
3030 12
3031 12
3032 12
3033 12
3034 12
3035 20
3036 18
3037 20
3038 14
3039 14
3040 12
3041 8
3042 12
3043 14
3044 12
3045 16
3046 22
3047 12
3048 20
3049 20
3050 20
3051 18
3052 20
3053 24
3054 26
3055 20
3056 24
3057 20
3058 24
3059 26
3060 20
3061 18
3062 18
3063 16
3064 20
3065 22
3066 22
3067 24
3068 16
3069 18
3070 16
3071 22
3072 18
3073 18
3074 20
3075 26
3076 26
3077 28
3078 26
3079 22
3080 26
3081 26
3082 26
3083 24
3084 24
3085 26
3086 24
3087 24
3088 26
3089 22
3090 24
3091 26
3092 32
3093 28
3094 24
3095 22
3096 28
3097 30
3098 26
3099 22
3100 20
3101 26
3102 26
3103 18
3104 20
3105 20
3106 18
3107 2
3108 8
3109 8
3110 14
3111 14
3112 12
3113 6
3114 6
3115 4
3116 8
3117 8
3118 6
3119 -4
3120 2
3121 -4
3122 -6
3123 -10
3124 2
3125 4
3126 -2
3127 8
3128 12
3129 6
3130 6
3131 8
3132 8
3133 8
3134 4
3135 6
3136 2
3137 2
3138 4
3139 6
3140 0
3141 -6
3142 -8
3143 -4
3144 -2
3145 0
3146 -2
3147 -10
3148 -20
3149 -20
3150 -26
3151 -30
3152 -34
3153 -28
3154 -20
3155 -18
3156 -22
3157 -28
3158 -30
3159 -30
3160 -24
3161 -18
3162 -22
3163 -18
3164 -18
3165 -20
3166 -28
3167 -20
3168 -22
3169 -20
3170 -24
3171 -28
3172 -30
3173 -22
3174 -30
3175 -28
3176 -22
3177 -30
3178 -30
3179 -44
3180 -46
3181 -50
3182 -50
3183 -48
3184 -46
3185 -44
3186 -48
3187 -48
3188 -50
3189 -50
3190 -50
3191 -50
3192 -50
3193 -50
3194 -50
3195 -44
3196 -44
3197 -44
3198 -42
3199 -44
3200 -50
3201 -50
3202 -50
3203 -50
3204 -44
3205 -46
3206 -44
3207 -40
3208 -38
3209 -34
3210 -32
3211 -32
3212 -32
3213 -38
3214 -34
3215 -32
3216 -40
3217 -44
3218 -46
3219 -50
3220 -50
3221 -50
3222 -50
3223 -50
3224 -48
3225 -50
3226 -48
3227 -46
3228 -46
3229 -48
3230 -50
3231 -50
3232 -50
3233 -50
3234 -50
3235 -46
3236 -42
3237 -38
3238 -36
3239 -36
3240 -34
3241 -34
3242 -38
3243 -40
3244 -34
3245 -38
3246 -32
3247 -34
3248 -28
3249 -32
3250 -36
3251 -36
3252 -32
3253 -36
3254 -26
3255 -26
3256 -26
3257 -34
3258 -40
3259 -44
3260 -44
3261 -40
3262 -46
3263 -50
3264 -50
3265 -50
3266 -50
3267 -50
3268 -50
3269 -48
3270 -50
3271 -48
3272 -46
3273 -48
3274 -46
3275 -48
3276 -44
3277 -44
3278 -42
3279 -46
3280 -48
3281 -46
3282 -40
3283 -38
3284 -36
3285 -40
3286 -40
3287 -30
3288 -36
3289 -30
3290 -32
3291 -26
3292 -24
3293 -22
3294 -28
3295 -22
3296 -16
3297 -14
3298 -16
3299 -14
3300 -12
3301 -16
3302 -22
3303 -22
3304 -10
3305 -10
3306 -6
3307 -6
3308 -12
3309 -12
3310 -12
3311 -10
3312 -12
3313 -18
3314 -22
3315 -22
3316 -24
3317 -30
3318 -34
3319 -28
3320 -26
3321 -26
3322 -34
3323 -32
3324 -32
3325 -28
3326 -30
3327 -34
3328 -34
3329 -30
3330 -32
3331 -32
3332 -36
3333 -40
3334 -38
3335 -46
3336 -44
3337 -40
3338 -34
3339 -30
3340 -36
3341 -34
3342 -32
3343 -28
3344 -26
3345 -24
3346 -28
3347 -28
3348 -34
3349 -30
3350 -26
3351 -24
3352 -26
3353 -26
3354 -22
3355 -16
3356 -20
3357 -20
3358 -16
3359 -12
3360 -16
3361 -22
3362 -20
3363 -20
3364 -20
3365 -22
3366 -20
3367 -18
3368 -16
3369 -18
3370 -22
3371 -22
3372 -18
3373 -18
3374 -18
3375 -12
3376 -10
3377 -12
3378 -14
3379 -22
3380 -22
3381 -18
3382 -22
3383 -30
3384 -34
3385 -34
3386 -32
3387 -28
3388 -28
3389 -24
3390 -28
3391 -24
3392 -28
3393 -32
3394 -30
3395 -26
3396 -24
3397 -26
3398 -24
3399 -18
3400 -14
3401 -18
3402 -16
3403 -18
3404 -16
3405 -12
3406 -12
3407 -14
3408 -14
3409 -14
3410 -16
3411 -10
3412 -4
3413 2
3414 -4
3415 0
3416 6
3417 8
3418 10
3419 0
3420 6
3421 6
3422 8
3423 10
3424 12
3425 4
3426 6
3427 12
3428 10
3429 8
3430 4
3431 10
3432 8
3433 10
3434 12
3435 24
3436 22
3437 26
3438 12
3439 16
3440 4
3441 8
3442 6
3443 6
3444 8
3445 10
3446 12
3447 12
3448 12
3449 10
3450 2
3451 6
3452 16
3453 18
3454 22
3455 24
3456 20
3457 16
3458 14
3459 18
3460 24
3461 16
3462 14
3463 10
3464 18
3465 16
3466 16
3467 14
3468 22
3469 18
3470 18
3471 16
3472 14
3473 18
3474 24
3475 32
3476 32
3477 32
3478 36
3479 38
3480 34
3481 30
3482 34
3483 34
3484 36
3485 24
3486 30
3487 26
3488 34
3489 28
3490 32
3491 36
3492 38
3493 30
3494 26
3495 22
3496 24
3497 20
3498 18
3499 16
3500 16
3501 6
3502 16
3503 10
3504 6
3505 12
3506 16
3507 18
3508 18
3509 18
3510 22
3511 26
3512 26
3513 22
3514 32
3515 34
3516 24
3517 22
3518 18
3519 20
3520 12
3521 8
3522 10
3523 8
3524 8
3525 2
3526 -2
3527 0
3528 -2
3529 -2
3530 -2
3531 -2
3532 4
3533 2
3534 0
3535 6
3536 16
3537 16
3538 20
3539 14
3540 12
3541 10
3542 10
3543 8
3544 2
3545 4
3546 8
3547 8
3548 6
3549 6
3550 -2
3551 -4
3552 -2
3553 0
3554 -4
3555 -6
3556 -6
3557 -6
3558 -2
3559 -2
3560 6
3561 8
3562 6
3563 4
3564 4
3565 4
3566 2
3567 0
3568 -4
3569 -6
3570 -6
3571 -8
3572 -8
3573 -6
3574 -8
3575 -6
3576 -12
3577 -16
3578 -12
3579 -12
3580 -12
3581 -4
3582 -10
3583 -20
3584 -16
3585 -22
3586 -36
3587 -42
3588 -44
3589 -42
3590 -40
3591 -32
3592 -34
3593 -36
3594 -32
3595 -32
3596 -34
3597 -40
3598 -42
3599 -38
3600 -32
3601 -38
3602 -42
3603 -36
3604 -36
3605 -36
3606 -34
3607 -36
3608 -30
3609 -36
3610 -42
3611 -42
3612 -42
3613 -44
3614 -46
3615 -42
3616 -44
3617 -32
3618 -30
3619 -26
3620 -24
3621 -26
3622 -22
3623 -22
3624 -20
3625 -26
3626 -18
3627 -12
3628 -24
3629 -22
3630 -22
3631 -18
3632 -14
3633 -20
3634 -26
3635 -22
3636 -28
3637 -38
3638 -36
3639 -42
3640 -44
3641 -42
3642 -36
3643 -36
3644 -34
3645 -24
3646 -22
3647 -26
3648 -32
3649 -32
3650 -34
3651 -32
3652 -30
3653 -32
3654 -34
3655 -32
3656 -26
3657 -24
3658 -22
3659 -20
3660 -28
3661 -26
3662 -30
3663 -32
3664 -30
3665 -32
3666 -30
3667 -28
3668 -38
3669 -36
3670 -26
3671 -26
3672 -18
3673 -24
3674 -28
3675 -26
3676 -24
3677 -26
3678 -22
3679 -28
3680 -30
3681 -32
3682 -28
3683 -24
3684 -14
3685 -14
3686 -10
3687 -8
3688 -2
3689 -6
3690 0
3691 2
3692 2
3693 4
3694 2
3695 0
3696 -2
3697 4
3698 2
3699 -2
3700 6
3701 4
3702 4
3703 4
3704 -6
3705 2
3706 6
3707 8
3708 12
3709 6
3710 2
3711 0
3712 4
3713 4
3714 0
3715 4
3716 4
3717 4
3718 8
3719 12
3720 12
3721 18
3722 14
3723 14
3724 18
3725 22
3726 20
3727 22
3728 20
3729 16
3730 10
3731 12
3732 16
3733 10
3734 8
3735 6
3736 10
3737 16
3738 18
3739 18
3740 20
3741 22
3742 30
3743 30
3744 28
3745 30
3746 28
3747 24
3748 24
3749 30
3750 38
3751 30
3752 34
3753 30
3754 24
3755 24
3756 20
3757 28
3758 30
3759 40
3760 36
3761 34
3762 38
3763 30
3764 34
3765 34
3766 36
3767 38
3768 34
3769 26
3770 22
3771 24
3772 22
3773 20
3774 24
3775 30
3776 30
3777 32
3778 38
3779 44
3780 42
3781 40
3782 38
3783 34
3784 24
3785 28
3786 24
3787 18
3788 18
3789 18
3790 10
3791 6
3792 6
3793 0
3794 0
3795 8
3796 16
3797 20
3798 22
3799 20
3800 24
3801 26
3802 28
3803 38
3804 42
3805 44
3806 42
3807 42
3808 40
3809 34
3810 26
3811 20
3812 32
3813 34
3814 34
3815 26
3816 26
3817 24
3818 24
3819 18
3820 20
3821 20
3822 20
3823 16
3824 8
3825 6
3826 6
3827 12
3828 8
3829 4
3830 4
3831 6
3832 4
3833 12
3834 12
3835 12
3836 8
3837 8
3838 12
3839 12
3840 20
3841 28
3842 26
3843 20
3844 22
3845 28
3846 26
3847 22
3848 20
3849 16
3850 18
3851 18
3852 18
3853 20
3854 16
3855 14
3856 14
3857 0
3858 8
3859 0
3860 4
3861 8
3862 4
3863 6
3864 0
3865 -2
3866 -10
3867 -6
3868 -8
3869 -10
3870 -10
3871 -8
3872 -4
3873 2
3874 2
3875 6
3876 6
3877 6
3878 16
3879 18
3880 18
3881 26
3882 28
3883 24
3884 14
3885 6
3886 8
3887 6
3888 0
3889 -6
3890 -4
3891 -10
3892 -8
3893 -6
3894 -10
3895 -14
3896 -8
3897 -8
3898 -12
3899 -16
3900 -20
3901 -34
3902 -30
3903 -28
3904 -34
3905 -38
3906 -36
3907 -36
3908 -32
3909 -32
3910 -34
3911 -30
3912 -28
3913 -26
3914 -18
3915 -22
3916 -16
3917 -12
3918 -20
3919 -24
3920 -18
3921 -26
3922 -24
3923 -26
3924 -24
3925 -22
3926 -28
3927 -32
3928 -32
3929 -30
3930 -34
3931 -34
3932 -32
3933 -22
3934 -28
3935 -24
3936 -22
3937 -20
3938 -20
3939 -14
3940 -16
3941 -24
3942 -26
3943 -26
3944 -28
3945 -26
3946 -30
3947 -28
3948 -32
3949 -34
3950 -34
3951 -34
3952 -38
3953 -36
3954 -34
3955 -36
3956 -40
3957 -34
3958 -42
3959 -38
3960 -44
3961 -38
3962 -40
3963 -44
3964 -46
3965 -46
3966 -42
3967 -42
3968 -44
3969 -40
3970 -44
3971 -44
3972 -42
3973 -40
3974 -40
3975 -40
3976 -42
3977 -36
3978 -34
3979 -30
3980 -30
3981 -30
3982 -24
3983 -24
3984 -22
3985 -22
3986 -26
3987 -30
3988 -16
3989 -18
3990 -10
3991 -8
3992 -6
3993 0
3994 12
3995 10
3996 8
3997 4
3998 -2
3999 2
4000 -2
4001 2
4002 -2
4003 0
4004 2
4005 0
4006 2
4007 2
4008 18
4009 20
4010 18
4011 22
4012 22
4013 18
4014 22
4015 28
4016 30
4017 22
4018 14
4019 12
4020 20
4021 24
4022 20
4023 24
4024 24
4025 28
4026 24
4027 22
4028 28
4029 26
4030 20
4031 16
4032 10
4033 4
4034 0
4035 2
4036 2
4037 2
4038 12
4039 10
4040 12
4041 20
4042 24
4043 28
4044 34
4045 28
4046 22
4047 26
4048 22
4049 18
4050 16
4051 14
4052 12
4053 8
4054 12
4055 20
4056 18
4057 26
4058 22
4059 26
4060 28
4061 26
4062 22
4063 18
4064 18
4065 16
4066 22
4067 18
4068 20
4069 12
4070 18
4071 6
4072 2
4073 2
4074 -8
4075 -2
4076 -6
4077 -4
4078 -4
4079 -4
4080 0
4081 -4
4082 -8
4083 -16
4084 -14
4085 -8
4086 -12
4087 -14
4088 -14
4089 -18
4090 -24
4091 -24
4092 -20
4093 -20
4094 -24
4095 -12
4096 -8
4097 4
4098 2
4099 2
4100 4
4101 4
4102 2
4103 0
4104 6
4105 8
4106 8
4107 6
4108 10
4109 8
4110 10
4111 6
4112 4
4113 8
4114 14
4115 8
4116 6
4117 6
4118 16
4119 14
4120 10
4121 14
4122 16
4123 8
4124 2
4125 -4
4126 -10
4127 -16
4128 -18
4129 -16
4130 -10
4131 0
4132 -2
4133 6
4134 2
4135 -2
4136 0
4137 -10
4138 -14
4139 -8
4140 -12
4141 -16
4142 -14
4143 -26
4144 -28
4145 -18
4146 -14
4147 -20
4148 -24
4149 -18
4150 -20
4151 -18
4152 -20
4153 -26
4154 -30
4155 -32
4156 -32
4157 -26
4158 -24
4159 -24
4160 -20
4161 -8
4162 -4
4163 2
4164 -4
4165 -10
4166 -4
4167 -14
4168 -12
4169 -8
4170 -12
4171 -8
4172 0
4173 -4
4174 2
4175 -4
4176 -10
4177 -14
4178 -14
4179 -16
4180 -16
4181 -22
4182 -20
4183 -18
4184 -24
4185 -10
4186 -14
4187 -14
4188 -6
4189 4
4190 4
4191 -2
4192 -12
4193 0
4194 10
4195 14
4196 22
4197 18
4198 12
4199 14
4200 10
4201 14
4202 10
4203 10
4204 16
4205 8
4206 10
4207 10
4208 12
4209 10
4210 2
4211 6
4212 12
4213 16
4214 10
4215 2
4216 -6
4217 -2
4218 -4
4219 -4
4220 -8
4221 -6
4222 -8
4223 -16
4224 -18
4225 -26
4226 -22
4227 -22
4228 -18
4229 -14
4230 -18
4231 -22
4232 -20
4233 -18
4234 -22
4235 -24
4236 -24
4237 -26
4238 -26
4239 -32
4240 -30
4241 -28
4242 -20
4243 -24
4244 -14
4245 -14
4246 -16
4247 -10
4248 -10
4249 -6
4250 -10
4251 -6
4252 -4
4253 2
4254 0
4255 -2
4256 0
4257 4
4258 4
4259 6
4260 14
4261 12
4262 16
4263 10
4264 10
4265 8
4266 12
4267 12
4268 8
4269 20
4270 24
4271 18
4272 18
4273 22
4274 32
4275 36
4276 32
4277 36
4278 38
4279 32
4280 36
4281 34
4282 28
4283 28
4284 26
4285 30
4286 30
4287 22
4288 18
4289 14
4290 8
4291 2
4292 -2
4293 2
4294 4
4295 8
4296 14
4297 12
4298 6
4299 12
4300 8
4301 2
4302 4
4303 6
4304 -2
4305 -10
4306 -14
4307 -18
4308 -16
4309 -10
4310 -2
4311 -2
4312 2
4313 2
4314 0
4315 4
4316 2
4317 -6
4318 -10
4319 0
4320 2
4321 0
4322 -4
4323 -4
4324 -12
4325 -10
4326 -12
4327 -14
4328 -12
4329 -16
4330 -12
4331 -12
4332 -16
4333 -16
4334 -16
4335 -18
4336 -18
4337 -18
4338 -20
4339 -18
4340 -18
4341 -6
4342 -2
4343 6
4344 12
4345 22
4346 18
4347 22
4348 26
4349 18
4350 14
4351 12
4352 16
4353 16
4354 16
4355 28
4356 24
4357 36
4358 34
4359 38
4360 34
4361 38
4362 30
4363 28
4364 30
4365 30
4366 24
4367 26
4368 26
4369 20
4370 24
4371 24
4372 24
4373 30
4374 32
4375 32
4376 28
4377 28
4378 28
4379 30
4380 28
4381 28
4382 34
4383 38
4384 36
4385 36
4386 32
4387 26
4388 18
4389 12
4390 8
4391 10
4392 4
4393 14
4394 10
4395 10
4396 6
4397 -4
4398 -4
4399 -14
4400 -8
4401 -8
4402 2
4403 0
4404 6
4405 0
4406 0
4407 8
4408 10
4409 6
4410 12
4411 16
4412 20
4413 16
4414 12
4415 12
4416 8
4417 6
4418 12
4419 8
4420 8
4421 12
4422 12
4423 18
4424 12
4425 14
4426 12
4427 10
4428 14
4429 10
4430 18
4431 24
4432 26
4433 20
4434 20
4435 20
4436 22
4437 16
4438 12
4439 6
4440 8
4441 14
4442 18
4443 10
4444 18
4445 16
4446 10
4447 16
4448 8
4449 -2
4450 -10
4451 -2
4452 8
4453 8
4454 6
4455 -2
4456 -2
4457 -4
4458 8
4459 8
4460 4
4461 -2
4462 0
4463 -6
4464 -10
4465 -12
4466 -10
4467 -8
4468 -14
4469 -12
4470 -12
4471 -12
4472 -14
4473 -14
4474 -10
4475 -6
4476 -4
4477 -4
4478 -8
4479 -6
4480 -8
4481 -6
4482 -14
4483 -6
4484 0
4485 4
4486 8
4487 10
4488 16
4489 18
4490 16
4491 12
4492 8
4493 8
4494 4
4495 -2
4496 4
4497 2
4498 0
4499 -6
4500 -8
4501 2
4502 8
4503 12
4504 12
4505 10
4506 16
4507 14
4508 20
4509 22
4510 22
4511 16
4512 16
4513 20
4514 24
4515 26
4516 24
4517 20
4518 18
4519 16
4520 16
4521 16
4522 12
4523 8
4524 4
4525 0
4526 0
4527 0
4528 0
4529 2
4530 8
4531 2
4532 -2
4533 -8
4534 -6
4535 -4
4536 -6
4537 -4
4538 4
4539 -4
4540 2
4541 -6
4542 -16
4543 -18
4544 -18
4545 -20
4546 -14
4547 -10
4548 -10
4549 -4
4550 -4
4551 -8
4552 -12
4553 -14
4554 -10
4555 -14
4556 6
4557 8
4558 12
4559 6
4560 0
4561 0
4562 2
4563 10
4564 10
4565 10
4566 14
4567 22
4568 16
4569 20
4570 18
4571 16
4572 18
4573 16
4574 16
4575 22
4576 10
4577 8
4578 22
4579 26
4580 28
4581 30
4582 36
4583 28
4584 20
4585 20
4586 20
4587 18
4588 8
4589 0
4590 2
4591 6
4592 10
4593 2
4594 6
4595 4
4596 4
4597 4
4598 4
4599 0
4600 -6
4601 2
4602 -4
4603 -10
4604 -18
4605 -28
4606 -30
4607 -32
4608 -28
4609 -22
4610 -14
4611 -14
4612 -12
4613 -18
4614 -20
4615 -18
4616 -16
4617 -16
4618 -18
4619 -18
4620 -18
4621 -20
4622 -18
4623 -22
4624 -14
4625 -12
4626 -8
4627 -4
4628 2
4629 8
4630 0
4631 -2
4632 -2
4633 6
4634 4
4635 12
4636 10
4637 10
4638 4
4639 -6
4640 -6
4641 -2
4642 -4
4643 6
4644 4
4645 -2
4646 0
4647 0
4648 8
4649 4
4650 12
4651 20
4652 22
4653 30
4654 22
4655 16
4656 16
4657 10
4658 18
4659 6
4660 16
4661 8
4662 6
4663 10
4664 4
4665 4
4666 10
4667 16
4668 12
4669 14
4670 8
4671 -2
4672 6
4673 2
4674 10
4675 10
4676 18
4677 18
4678 10
4679 8
4680 6
4681 8
4682 18
4683 16
4684 14
4685 14
4686 10
4687 10
4688 12
4689 14
4690 14
4691 14
4692 14
4693 12
4694 10
4695 6
4696 8
4697 0
4698 -6
4699 4
4700 6
4701 2
4702 -2
4703 0
4704 -6
4705 -4
4706 -4
4707 -10
4708 -12
4709 -12
4710 -10
4711 -10
4712 -8
4713 -8
4714 -10
4715 -18
4716 -12
4717 -6
4718 -6
4719 2
4720 -8
4721 -16
4722 -18
4723 -12
4724 -12
4725 -8
4726 -8
4727 -2
4728 4
4729 4
4730 2
4731 6
4732 8
4733 10
4734 6
4735 6
4736 0
4737 -4
4738 -4
4739 -8
4740 -10
4741 -6
4742 -2
4743 -2
4744 4
4745 4
4746 4
4747 8
4748 -2
4749 -4
4750 -6
4751 -16
4752 -14
4753 -10
4754 -6
4755 6
4756 4
4757 4
4758 0
4759 8
4760 6
4761 6
4762 6
4763 6
4764 4
4765 0
4766 0
4767 4
4768 6
4769 2
4770 0
4771 0
4772 0
4773 6
4774 8
4775 12
4776 6
4777 6
4778 0
4779 -4
4780 -4
4781 -4
4782 -4
4783 2
4784 2
4785 2
4786 -2
4787 -2
4788 -2
4789 -4
4790 -8
4791 -6
4792 -2
4793 -4
4794 -2
4795 4
4796 8
4797 8
4798 8
4799 10
4800 10
4801 10
4802 4
4803 -2
4804 -4
4805 8
4806 0
4807 -6
4808 -4
4809 -8
4810 -6
4811 4
4812 14
4813 12
4814 16
4815 10
4816 8
4817 8
4818 4
4819 6
4820 0
4821 -2
4822 2
4823 2
4824 -10
4825 -14
4826 -18
4827 -16
4828 -14
4829 -12
4830 4
4831 4
4832 2
4833 8
4834 8
4835 0
4836 -8
4837 -6
4838 -6
4839 0
4840 -10
4841 -10
4842 -14
4843 -16
4844 -14
4845 -14
4846 -12
4847 -10
4848 -10
4849 -14
4850 -10
4851 -8
4852 -4
4853 -2
4854 6
4855 6
4856 8
4857 6
4858 10
4859 22
4860 26
4861 26
4862 28
4863 24
4864 20
4865 20
4866 24
4867 26
4868 20
4869 14
4870 8
4871 8
4872 6
4873 0
4874 -2
4875 -2
4876 -2
4877 -8
4878 -4
4879 0
4880 4
4881 4
4882 -2
4883 -4
4884 -8
4885 -6
4886 -4
4887 -8
4888 -6
4889 -16
4890 -24
4891 -24
4892 -30
4893 -28
4894 -42
4895 -44
4896 -42
4897 -44
4898 -42
4899 -42
4900 -34
4901 -38
4902 -46
4903 -46
4904 -40
4905 -40
4906 -36
4907 -32
4908 -28
4909 -28
4910 -26
4911 -28
4912 -26
4913 -24
4914 -26
4915 -22
4916 -32
4917 -34
4918 -32
4919 -30
4920 -34
4921 -38
4922 -36
4923 -30
4924 -32
4925 -32
4926 -32
4927 -34
4928 -34
4929 -36
4930 -30
4931 -32
4932 -34
4933 -40
4934 -42
4935 -44
4936 -42
4937 -48
4938 -50
4939 -50
4940 -50
4941 -48
4942 -46
4943 -50
4944 -44
4945 -46
4946 -42
4947 -36
4948 -42
4949 -40
4950 -40
4951 -40
4952 -34
4953 -32
4954 -26
4955 -24
4956 -22
4957 -22
4958 -20
4959 -28
4960 -22
4961 -26
4962 -26
4963 -28
4964 -28
4965 -14
4966 -6
4967 -10
4968 -12
4969 -16
4970 -10
4971 -10
4972 -2
4973 -2
4974 -6
4975 -6
4976 -6
4977 2
4978 4
4979 10
4980 -8
4981 -4
4982 -12
4983 -12
4984 -20
4985 -16
4986 -14
4987 -14
4988 -12
4989 -14
4990 -26
4991 -22
4992 -20
4993 -20
4994 -22
4995 -20
4996 -24
4997 -20
4998 -10
4999 -2
5000 -8
