-5.08321
-5.02832
-4.92068
-4.76791
-4.5825
-4.38539
-4.20163
-4.05523
-3.95847
-3.92137
-3.94811
-4.02669
-4.13056
-4.22966
-4.29529
-4.31464
-4.28382
-4.2167
-4.12929
-4.04548
-3.98276
-3.95201
-3.94591
-3.95265
-3.95861
-3.95369
-3.93602
-3.91812
-3.91061
-3.9254
-3.96186
-3.9989
-4.02567
-4.03697
-4.04369
-4.05602
-4.07755
-4.10387
-4.12373
-4.13099
-4.12399
-4.09892
-4.05497
-3.99744
-3.93501
-3.88142
-3.84942
-3.84477
-3.86674
-3.90765
-3.95994
-4.01154
-4.04583
-4.05577
-4.05107
-4.04534
-4.05203
-4.06966
-4.0863
-4.09687
-4.09968
-4.09869
-4.09838
-4.09899
-4.09567
-4.08145
-4.05572
-4.02816
-4.01886
-4.04002
-4.08539
-4.13079
-4.16099
-4.16726
-4.15382
-4.12119
-4.07159
-4.00778
-3.94522
-3.91178
-3.93029
-4.00203
-4.10479
-4.21244
-4.30961
-4.38386
-4.42813
-4.43356
-4.39525
-4.31735
-4.22395
-4.14253
-4.09469
-4.07798
-4.07655
-4.07898
-4.08365
-4.09031
-4.09285
-4.09456
