-0.606683
-0.606987
-0.607438
-0.608036
-0.607725
-0.60771
-0.607093
-0.606482
-0.604664
-0.603152
-0.602704
-0.602267
-0.601681
-0.602451
-0.601855
-0.601855
-0.600337
-0.60093
-0.600615
-0.600906
-0.600449
-0.601661
-0.601669
-0.601074
-0.600325
-0.59942
-0.597753
-0.598649
-0.597585
-0.596379
-0.598657
-0.598213
-0.598367
-0.597756
-0.598353
-0.598199
-0.597598
-0.598662
-0.599119
-0.598819
-0.599425
-0.599879
-0.599877
-0.600023
-0.599261
-0.598801
-0.598797
-0.597742
-0.597294
-0.597146
-0.597303
-0.598219
-0.599126
-0.599422
-0.600165
-0.599099
-0.599098
-0.599858
-0.598807
-0.599109
-0.600162
-0.601066
-0.601519
-0.601976
-0.602887
-0.603493
-0.603789
-0.603324
-0.603013
-0.601811
-0.601976
-0.601684
-0.602746
-0.60214
-0.602895
-0.603047
-0.603501
-0.603041
-0.60242
-0.602706
-0.602705
-0.60257
-0.601982
-0.600782
-0.600937
-0.600035
-0.599586
-0.599439
-0.599741
-0.598975
-0.599864
-0.599399
-0.599252
-0.599716
-0.599873
-0.599117
-0.598662
-0.599721
-0.599419
-0.600624
