2.98435
2.94756
2.87549
2.77325
2.64985
2.51845
2.39636
2.29916
2.23587
2.21214
2.23027
2.28295
2.35258
2.41814
2.46229
2.47519
2.45565
2.41051
2.35245
2.29638
2.25488
2.23356
2.2295
2.23438
2.23885
2.23618
2.22551
2.21298
2.20869
2.21935
2.24213
2.26712
2.28487
2.29281
2.29689
2.30522
2.31997
2.33681
2.34974
2.35478
2.34971
2.33269
2.30339
2.26494
2.22383
2.18841
2.16708
2.16469
2.17963
2.207
2.24176
2.27555
2.2978
2.30423
2.3006
2.2975
2.30196
2.3132
2.325
2.33184
2.33301
2.33175
2.33124
2.33134
2.32852
2.31864
2.30129
2.28322
2.27723
2.29214
2.32227
2.35273
2.37217
2.37675
2.36728
2.34543
2.31206
2.26982
2.22853
2.20605
2.21839
2.26631
2.3352
2.40777
2.47245
2.52255
2.55236
2.55608
2.53034
2.47892
2.41606
2.36209
2.33029
2.31884
2.31779
2.31991
2.32332
2.32706
2.32895
2.32929
