3.31857
3.51484
3.89341
4.4267
5.06899
5.75165
6.39116
6.91005
7.26436
7.42338
7.37615
7.15973
6.85739
6.56636
6.37451
6.32745
6.43664
6.66632
6.96293
7.25451
7.48365
7.61816
7.67315
7.68302
7.68826
7.7188
7.77937
7.83766
7.85678
7.80561
7.69252
7.57293
7.48455
7.44134
7.414
7.36978
7.29869
7.21735
7.15728
7.13792
7.16784
7.25719
7.40716
7.60122
7.80963
7.99027
8.10303
8.12723
8.06663
7.94436
7.78519
7.62797
7.52232
7.48909
7.50148
7.51628
7.4973
7.44801
7.39956
7.37113
7.36719
7.37534
7.38224
7.3876
7.40598
7.45589
7.53771
7.62096
7.6473
7.58006
7.44144
7.3012
7.20858
7.18722
7.22972
7.33132
7.48437
7.67505
7.8542
7.93754
7.85447
7.60174
7.24694
6.87209
6.53181
6.26607
6.10249
6.06925
6.18048
6.41903
6.71353
6.97503
7.13883
7.20997
7.23315
7.24228
7.24538
7.24557
7.25651
7.27182
