118.34
97.96
98.52
77.62
106.42
93.26
96.8
113.86
98.06
100.76
105.24
69.2
76.52
84.38
101.04
110.3
87.86
85.2
93.92
87.76
91.86
100.02
76.86
107.6
77.5
106.92
125.9
117.38
103.8
113.84
112.8
76.74
91.3
120.8
86.62
92.7
83.24
101.94
108.96
103.66
83.74
74.58
123.32
87.58
96.06
89.06
115.52
94.1
95.82
103.76
95.76
101.02
114.5
93.82
101.42
96.22
77.24
79.38
97.16
97.72
96.28
115.16
105.98
97.44
120.86
129.36
134.76
97.52
99.32
120.22
75.8
78.16
79.92
87.38
106.7
114.28
105.44
136.72
95.3
86.54
103.28
110.64
77.22
135.66
113.5
137.98
90.54
83.92
86.84
107.08
112.46
78.58
106.98
108.3
111.04
85.08
139.78
87.22
98.9
86.9
