1 -18
2 -14
3 -18
4 -26
5 -22
6 -26
7 -18
8 -14
9 -18
10 -18
11 -22
12 -22
13 -14
14 -6
15 -34
16 -34
17 -22
18 -30
19 -26
20 -18
21 -22
22 -26
23 -30
24 -22
25 -22
26 -14
27 -26
28 -22
29 -26
30 -18
31 -18
32 -30
33 -34
34 -30
35 -26
36 -18
37 -18
38 -30
39 -22
40 -22
41 -18
42 -22
43 -14
44 -14
45 -18
46 -26
47 -22
48 -14
49 -26
50 -22
51 -22
52 -22
53 -26
54 -34
55 -30
56 -30
57 -18
58 -22
59 -14
60 -22
61 -18
62 -14
63 -18
64 -18
65 -18
66 -14
67 -22
68 -30
69 -26
70 -34
71 -26
72 -14
73 -22
74 -22
75 -18
76 -22
77 -30
78 -18
79 -10
80 -10
81 -2
82 -10
83 -26
84 -26
85 -26
86 -26
87 -22
88 -10
89 -18
90 -26
91 -30
92 -22
93 -10
94 -22
95 -26
96 -34
97 -30
98 -26
99 -18
100 -14
101 -10
102 -26
103 -34
104 -34
105 -26
106 -30
107 -18
108 -18
109 -22
110 -22
111 -26
112 -34
113 -30
114 -26
115 -22
116 -26
117 -18
118 -18
119 -18
120 -22
121 -30
122 -26
123 -14
124 -26
125 -22
126 -26
127 -30
128 -22
129 -18
130 -22
131 -26
132 -22
133 -30
134 -18
135 -34
136 -26
137 -26
138 -26
139 -14
140 -6
141 -14
142 -18
143 -26
144 -30
145 -26
146 -18
147 -22
148 -18
149 -26
150 -30
151 -34
152 -34
153 -30
154 -26
155 -22
156 -18
157 -18
158 -26
159 -30
160 -22
161 -26
162 -30
163 -18
164 -18
165 -22
166 -18
167 -22
168 -18
169 -30
170 -22
171 -18
172 -26
173 -30
174 -22
175 -22
176 -22
177 -22
178 -22
179 -30
180 -22
181 -22
182 -18
183 -18
184 -30
185 -26
186 -22
187 -26
188 -26
189 -22
190 -18
191 -18
192 -14
193 -18
194 -26
195 -34
196 -18
197 -18
198 -6
199 -18
200 -26
201 -26
202 -22
203 -26
204 -30
205 -30
206 -10
207 -14
208 -18
209 -14
210 -26
211 -30
212 -18
213 -14
214 -18
215 -38
216 -14
217 -26
218 -26
219 -22
220 -10
221 -18
222 -22
223 -26
224 -18
225 -22
226 -26
227 -22
228 -26
229 -22
230 -30
231 -22
232 -34
233 -10
234 -18
235 -22
236 -22
237 -26
238 -30
239 -30
240 -30
241 -18
242 -30
243 -34
244 -14
245 -26
246 -14
247 -22
248 -26
249 -26
250 -22
251 -30
252 -18
253 -22
254 -26
255 -34
256 -26
257 -22
258 -18
259 -14
260 -18
261 -22
262 -26
263 -22
264 -26
265 -18
266 -26
267 -34
268 -26
269 -26
270 -26
271 -18
272 -14
273 -26
274 -26
275 -26
276 -26
277 -34
278 -30
279 -22
280 -22
281 -30
282 -30
283 -30
284 -18
285 -22
286 -18
287 2
288 -14
289 -26
290 -34
291 -26
292 -26
293 -6
294 -18
295 -22
296 -18
297 -18
298 -18
299 -10
300 -22
301 -22
302 -18
303 -14
304 -30
305 -30
306 -34
307 -42
308 -26
309 -26
310 -22
311 -26
312 -22
313 -22
314 -18
315 -26
316 -22
317 -26
318 -26
319 -26
320 -26
321 -26
322 -22
323 -26
324 -30
325 -30
326 -26
327 -34
328 -26
329 -30
330 -34
331 -30
332 -34
333 -30
334 -30
335 -26
336 -26
337 -22
338 -26
339 -26
340 -30
341 -22
342 -22
343 -14
344 -18
345 -18
346 -18
347 -22
348 -22
349 -26
350 -22
351 -22
352 -34
353 -18
354 -26
355 -22
356 -26
357 -26
358 -22
359 -26
360 -26
361 -30
362 -30
363 -38
364 -30
365 -34
366 -26
367 -22
368 -18
369 -14
370 -14
371 -18
372 -14
373 -18
374 -14
375 -22
376 -26
377 -34
378 -34
379 -22
380 -30
381 -22
382 -26
383 -18
384 -14
385 -26
386 -18
387 -22
388 -22
389 -26
390 -30
391 -22
392 -30
393 -22
394 -18
395 -30
396 -30
397 -34
398 -18
399 -26
400 -22
401 -26
402 -26
403 -22
404 -18
405 -22
406 -18
407 -26
408 -22
409 -26
410 -18
411 -22
412 -18
413 -26
414 -26
415 -26
416 -18
417 -14
418 -30
419 -22
420 -18
421 -26
422 -26
423 -22
424 -26
425 -14
426 -30
427 -22
428 -26
429 -26
430 -26
431 -22
432 -26
433 -14
434 -30
435 -38
436 -30
437 -34
438 -22
439 -18
440 -30
441 -30
442 -30
443 -26
444 -18
445 -18
446 -18
447 -34
448 -22
449 -10
450 -22
451 -14
452 -10
453 -22
454 -26
455 -30
456 -30
457 -22
458 -18
459 -18
460 -22
461 -22
462 -22
463 -26
464 -18
465 -10
466 -14
467 -18
468 -18
469 -14
470 -18
471 -22
472 -18
473 -10
474 -18
475 -18
476 -26
477 -14
478 -22
479 -30
480 -26
481 -22
482 -14
483 -18
484 -18
485 -22
486 -26
487 -14
488 -34
489 -22
490 -26
491 -18
492 -30
493 -14
494 -26
495 -22
496 -22
497 -34
498 -18
499 -22
500 -14
501 -14
502 -22
503 -22
504 -22
505 -18
506 -26
507 -26
508 -18
509 -18
510 -18
511 -14
512 -10
513 -14
514 -18
515 -22
516 -18
517 -14
518 -14
519 -30
520 -26
521 -22
522 -26
523 -26
524 -22
525 -26
526 -30
527 -26
528 -26
529 -38
530 -30
531 -14
532 -18
533 -26
534 -22
535 -26
536 -10
537 -14
538 -18
539 -26
540 -26
541 -22
542 -22
543 -22
544 -26
545 -30
546 -30
547 -14
548 -22
549 -18
550 -22
551 -18
552 -34
553 -38
554 -30
555 -34
556 -18
557 -18
558 -14
559 -22
560 -22
561 -18
562 -26
563 -26
564 -22
565 -22
566 -18
567 -18
568 -22
569 -22
570 -26
571 -14
572 -18
573 -10
574 -10
575 -26
576 -26
577 -22
578 -34
579 -34
580 -30
581 -34
582 -14
583 -30
584 -38
585 -26
586 -14
587 -18
588 -30
589 -26
590 -18
591 -34
592 -26
593 -22
594 -26
595 -14
596 -14
597 -18
598 -26
599 -18
600 -14
601 -22
602 -22
603 -10
604 -22
605 -30
606 -26
607 -14
608 -22
609 -18
610 -22
611 -30
612 -34
613 -38
614 -30
615 -30
616 -22
617 -18
618 -18
619 -22
620 -18
621 -22
622 -14
623 -22
624 -26
625 -22
626 -30
627 -22
628 -30
629 -30
630 -30
631 -18
632 -22
633 -22
634 -30
635 -18
636 -26
637 -22
638 -26
639 -30
640 -30
641 -30
642 -34
643 -22
644 -10
645 -22
646 -14
647 -22
648 -30
649 -26
650 -18
651 -22
652 -18
653 -26
654 -26
655 -26
656 -22
657 -26
658 -26
659 -34
660 -26
661 -22
662 -30
663 -30
664 -22
665 -34
666 -10
667 -14
668 -18
669 -18
670 -26
671 -14
672 -14
673 -26
674 -30
675 -34
676 -22
677 -14
678 -14
679 -26
680 -34
681 -26
682 -30
683 -26
684 -22
685 -30
686 -26
687 -18
688 -18
689 -18
690 -18
691 -26
692 -30
693 -26
694 -22
695 -22
696 -26
697 -26
698 -10
699 -34
700 -26
701 -26
702 -22
703 -34
704 -38
705 -30
706 -34
707 -30
708 -22
709 -30
710 -14
711 -34
712 -30
713 -18
714 -22
715 -22
716 -30
717 -26
718 -26
719 -22
720 -22
721 -22
722 -30
723 -34
724 -30
725 -10
726 -22
727 -18
728 -14
729 -22
730 -26
731 -26
732 -26
733 -22
734 -14
735 -22
736 -18
737 -22
738 -18
739 -18
740 -22
741 -26
742 -26
743 -26
744 -22
745 -26
746 -26
747 -34
748 -38
749 -26
750 -18
751 -22
752 -22
753 -14
754 -18
755 -26
756 -30
757 -46
758 -38
759 -46
760 -42
761 -30
762 -22
763 -30
764 -14
765 -22
766 -22
767 -22
768 -34
769 -30
770 -22
771 -34
772 -26
773 -18
774 -22
775 -22
776 -26
777 -22
778 -26
779 -26
780 -34
781 -22
782 -22
783 -26
784 -30
785 -18
786 -18
787 -26
788 -22
789 -10
790 -18
791 -26
792 -22
793 -26
794 -22
795 -22
796 -18
797 -22
798 -26
799 -22
800 -22
801 -26
802 -30
803 -18
804 -22
805 -18
806 -26
807 -26
808 -26
809 -26
810 -26
811 -30
812 -26
813 -22
814 -26
815 -26
816 -18
817 -14
818 -22
819 -22
820 -30
821 -22
822 -34
823 -14
824 -26
825 -26
826 -26
827 -22
828 -26
829 -18
830 -14
831 -18
832 -18
833 -14
834 -22
835 -22
836 -30
837 -30
838 -22
839 -22
840 -6
841 -22
842 -30
843 -30
844 -22
845 -22
846 -30
847 -34
848 -18
849 -30
850 -22
851 -22
852 -18
853 -26
854 -34
855 -22
856 -22
857 -22
858 -26
859 -42
860 -18
861 -22
862 -26
863 -22
864 -22
865 -34
866 -22
867 -14
868 -10
869 -22
870 -22
871 -10
872 -18
873 -10
874 -14
875 -18
876 -14
877 -10
878 -18
879 -30
880 -18
881 -26
882 -18
883 -18
884 -14
885 -18
886 -22
887 -18
888 -30
889 -14
890 -18
891 -18
892 -34
893 -30
894 -26
895 -10
896 -26
897 -26
898 -26
899 -22
900 -18
901 -22
902 -30
903 -30
904 -26
905 -30
906 -26
907 -26
908 -38
909 -22
910 -30
911 -30
912 -22
913 -22
914 -22
915 -14
916 -22
917 -26
918 -30
919 -26
920 -14
921 -22
922 -18
923 -14
924 -22
925 -26
926 -18
927 -14
928 -14
929 -22
930 -22
931 -14
932 -14
933 -22
934 -22
935 -22
936 -18
937 -18
938 -22
939 -26
940 -26
941 -18
942 -14
943 -22
944 -30
945 -26
946 -22
947 -26
948 -30
949 -26
950 -26
951 -26
952 -22
953 -14
954 -22
955 -14
956 -18
957 -30
958 -34
959 -26
960 -34
961 -18
962 -22
963 -22
964 -26
965 -18
966 -26
967 -26
968 -30
969 -22
970 -26
971 -26
972 -30
973 -22
974 -10
975 -22
976 -14
977 -26
978 -18
979 -26
980 -18
981 -30
982 -26
983 -22
984 -26
985 -22
986 -26
987 -18
988 -26
989 -30
990 -34
991 -30
992 -30
993 -22
994 -26
995 -18
996 -22
997 -18
998 -22
999 -22
1000 -22
1001 -6
1002 -22
1003 -22
1004 -18
1005 -26
1006 -26
1007 -26
1008 -22
1009 -18
1010 -10
1011 -26
1012 -22
1013 -22
1014 -18
1015 -22
1016 -26
1017 -22
1018 -30
1019 -34
1020 -22
1021 -26
1022 -22
1023 -6
1024 -22
1025 -18
1026 -22
1027 -26
1028 -22
1029 -14
1030 -10
1031 -22
1032 -22
1033 -26
1034 -26
1035 -22
1036 -26
1037 -30
1038 -22
1039 -26
1040 -22
1041 -30
1042 -34
1043 -18
1044 -26
1045 -18
1046 -26
1047 -30
1048 -22
1049 -18
1050 -26
1051 -26
1052 -30
1053 -30
1054 -26
1055 -34
1056 -26
1057 -26
1058 -38
1059 -30
1060 -22
1061 -30
1062 -26
1063 -26
1064 -26
1065 -30
1066 -26
1067 -18
1068 -30
1069 -26
1070 -26
1071 -30
1072 -34
1073 -26
1074 -38
1075 -22
1076 -30
1077 -30
1078 -26
1079 -22
1080 -22
1081 -26
1082 -22
1083 -18
1084 -30
1085 -26
1086 -22
1087 -18
1088 -14
1089 -18
1090 -14
1091 -22
1092 -30
1093 -26
1094 -10
1095 -22
1096 -18
1097 -26
1098 -18
1099 -18
1100 -22
1101 -26
1102 -30
1103 -14
1104 -18
1105 -30
1106 -18
1107 -22
1108 -26
1109 -30
1110 -26
1111 -18
1112 -26
1113 -14
1114 -10
1115 -18
1116 -18
1117 -22
1118 -18
1119 -22
1120 -26
1121 -18
1122 -18
1123 -26
1124 -18
1125 -26
1126 -22
1127 -22
1128 -18
1129 -22
1130 -14
1131 -10
1132 -18
1133 -10
1134 -14
1135 -22
1136 -14
1137 -26
1138 -6
1139 -18
1140 -22
1141 -26
1142 -30
1143 -26
1144 -38
1145 -30
1146 -10
1147 -18
1148 -22
1149 -18
1150 -14
1151 -18
1152 -18
1153 -10
1154 -6
1155 -22
1156 -26
1157 -22
1158 -26
1159 -30
1160 -18
1161 -22
1162 -10
1163 -14
1164 -26
1165 -26
1166 -26
1167 -30
1168 -26
1169 -10
1170 -22
1171 -22
1172 -26
1173 -30
1174 -30
1175 -18
1176 -22
1177 -14
1178 -26
1179 -22
1180 -14
1181 -30
1182 -18
1183 -34
1184 -30
1185 -30
1186 -34
1187 -22
1188 -30
1189 -22
1190 -22
1191 -22
1192 -22
1193 -30
1194 -34
1195 -22
1196 -14
1197 -10
1198 -14
1199 -14
1200 -26
1201 -26
1202 -22
1203 -22
1204 -18
1205 -10
1206 -18
1207 -22
1208 -18
1209 -30
1210 -18
1211 -22
1212 -26
1213 -22
1214 -26
1215 -18
1216 -22
1217 -22
1218 -26
1219 -30
1220 -22
1221 -18
1222 -22
1223 -18
1224 -26
1225 -26
1226 -26
1227 -14
1228 -26
1229 -18
1230 -14
1231 -14
1232 -26
1233 -26
1234 -14
1235 -14
1236 -18
1237 -14
1238 -22
1239 -22
1240 -22
1241 -26
1242 -34
1243 -14
1244 -26
1245 -18
1246 -30
1247 -22
1248 -22
1249 -18
1250 -18
1251 -14
1252 -18
1253 -22
1254 -6
1255 -14
1256 -22
1257 -22
1258 -22
1259 -30
1260 -18
1261 -22
1262 -26
1263 -18
1264 -34
1265 -34
1266 -26
1267 -38
1268 -38
1269 -26
1270 -38
1271 -34
1272 -26
1273 -30
1274 -26
1275 -34
1276 -30
1277 -18
1278 -18
1279 -34
1280 -30
1281 -22
1282 -34
1283 -26
1284 -22
1285 -22
1286 -22
1287 -14
1288 -22
1289 -14
1290 -10
1291 -18
1292 -18
1293 -26
1294 -26
1295 -22
1296 -26
1297 -26
1298 -14
1299 -22
1300 -18
1301 -30
1302 -30
1303 -22
1304 -18
1305 -26
1306 -22
1307 -22
1308 -18
1309 -18
1310 -30
1311 -30
1312 -26
1313 -18
1314 -14
1315 -14
1316 -18
1317 -14
1318 -18
1319 -26
1320 -22
1321 -22
1322 -26
1323 -26
1324 -26
1325 -34
1326 -26
1327 -26
1328 -18
1329 -22
1330 -10
1331 -2
1332 -26
1333 -22
1334 -30
1335 -18
1336 -26
1337 -30
1338 -26
1339 -22
1340 -18
1341 -30
1342 -18
1343 -22
1344 -18
1345 -18
1346 -22
1347 -14
1348 -22
1349 -22
1350 -26
1351 -18
1352 -30
1353 -22
1354 -30
1355 -26
1356 -26
1357 -30
1358 -38
1359 -26
1360 -26
1361 -30
1362 -34
1363 -26
1364 -18
1365 -18
1366 -18
1367 -30
1368 -22
1369 -14
1370 -26
1371 -26
1372 -18
1373 -26
1374 -22
1375 -18
1376 -30
1377 -18
1378 -18
1379 -18
1380 -10
1381 -30
1382 -26
1383 -34
1384 -26
1385 -30
1386 -22
1387 -10
1388 -18
1389 -38
1390 -38
1391 -30
1392 -30
1393 -22
1394 -26
1395 -22
1396 -18
1397 -26
1398 -30
1399 -18
1400 -26
1401 -38
1402 -30
1403 -30
1404 -18
1405 -26
1406 -22
1407 -14
1408 -22
1409 -18
1410 -18
1411 -10
1412 -26
1413 -30
1414 -34
1415 -26
1416 -18
1417 -22
1418 -22
1419 -18
1420 -18
1421 -10
1422 -18
1423 -22
1424 -30
1425 -26
1426 -22
1427 -22
1428 -26
1429 -22
1430 -22
1431 -22
1432 -34
1433 -26
1434 -18
1435 -14
1436 -30
1437 -14
1438 -22
1439 -30
1440 -18
1441 -26
1442 -26
1443 -22
1444 -22
1445 -26
1446 -26
1447 -22
1448 -22
1449 -22
1450 -22
1451 -22
1452 -26
1453 -22
1454 -26
1455 -22
1456 -30
1457 -26
1458 -26
1459 -14
1460 -26
1461 -18
1462 -22
1463 -30
1464 -30
1465 -30
1466 -26
1467 -34
1468 -30
1469 -34
1470 -26
1471 -22
1472 -30
1473 -26
1474 -30
1475 -34
1476 -18
1477 -18
1478 -30
1479 -26
1480 -14
1481 -22
1482 -18
1483 -14
1484 -10
1485 -26
1486 -22
1487 -26
1488 -26
1489 -22
1490 -10
1491 -22
1492 -18
1493 -30
1494 -34
1495 -18
1496 -30
1497 -30
1498 -30
1499 -26
1500 -18
1501 -22
1502 -26
1503 -22
1504 -26
1505 -26
1506 -22
1507 -18
1508 -30
1509 -30
1510 -22
1511 -22
1512 -14
1513 -30
1514 -26
1515 -30
1516 -22
1517 -22
1518 -18
1519 -30
1520 -22
1521 -22
1522 -14
1523 -18
1524 -14
1525 -22
1526 -26
1527 -18
1528 -22
1529 -26
1530 -22
1531 -30
1532 -30
1533 -30
1534 -22
1535 -34
1536 -22
1537 -18
1538 -14
1539 -26
1540 -18
1541 -14
1542 -18
1543 -18
1544 -22
1545 -18
1546 -18
1547 -26
1548 -22
1549 -6
1550 -22
1551 -30
1552 -26
1553 -30
1554 -22
1555 -26
1556 -30
1557 -30
1558 -34
1559 -34
1560 -30
1561 -30
1562 -26
1563 -22
1564 -22
1565 -30
1566 -14
1567 -18
1568 -14
1569 -26
1570 -22
1571 -26
1572 -22
1573 -26
1574 -30
1575 -26
1576 -30
1577 -22
1578 -26
1579 -18
1580 -26
1581 -26
1582 -22
1583 -22
1584 -34
1585 -26
1586 -26
1587 -22
1588 -18
1589 -22
1590 -14
1591 -26
1592 -10
1593 -18
1594 -22
1595 -26
1596 -30
1597 -26
1598 -30
1599 -26
1600 -18
1601 -22
1602 -22
1603 -30
1604 -26
1605 -22
1606 -22
1607 -26
1608 -22
1609 -22
1610 -26
1611 -30
1612 -26
1613 -22
1614 -26
1615 -22
1616 -22
1617 -22
1618 -30
1619 -26
1620 -22
1621 -14
1622 -18
1623 -30
1624 -30
1625 -26
1626 -14
1627 -34
1628 -30
1629 -22
1630 -26
1631 -30
1632 -34
1633 -26
1634 -18
1635 -22
1636 -14
1637 -22
1638 -26
1639 -26
1640 -22
1641 -30
1642 -30
1643 -30
1644 -26
1645 -34
1646 -22
1647 -22
1648 -26
1649 -30
1650 -22
1651 -26
1652 -26
1653 -22
1654 -18
1655 -26
1656 -10
1657 -14
1658 -18
1659 -34
1660 -22
1661 -6
1662 -22
1663 -26
1664 -10
1665 -22
1666 -26
1667 -38
1668 -30
1669 -30
1670 -26
1671 -26
1672 -26
1673 -6
1674 -26
1675 -18
1676 -18
1677 -34
1678 -34
1679 -22
1680 -34
1681 -30
1682 -18
1683 -14
1684 -22
1685 -30
1686 -30
1687 -18
1688 -22
1689 -14
1690 -22
1691 -14
1692 -22
1693 -26
1694 -14
1695 -30
1696 -26
1697 -22
1698 -30
1699 -30
1700 -30
1701 -30
1702 -18
1703 -18
1704 -18
1705 -18
1706 -26
1707 -22
1708 -18
1709 -10
1710 -18
1711 -22
1712 -26
1713 -26
1714 -26
1715 -30
1716 -26
1717 -26
1718 -30
1719 -30
1720 -26
1721 -26
1722 -22
1723 -14
1724 -22
1725 -22
1726 -18
1727 -26
1728 -30
1729 -30
1730 -38
1731 -34
1732 -34
1733 -34
1734 -34
1735 -18
1736 -26
1737 -22
1738 -26
1739 -14
1740 -22
1741 -22
1742 -22
1743 -18
1744 -22
1745 -30
1746 -26
1747 -26
1748 -26
1749 -26
1750 -22
1751 -30
1752 -26
1753 -30
1754 -22
1755 -18
1756 -18
1757 -26
1758 -22
1759 -22
1760 -34
1761 -26
1762 -14
1763 -22
1764 -18
1765 -26
1766 -30
1767 -30
1768 -22
1769 -22
1770 -22
1771 -22
1772 -18
1773 -26
1774 -22
1775 -14
1776 -10
1777 -22
1778 -26
1779 -26
1780 -26
1781 -18
1782 -14
1783 -22
1784 -14
1785 -14
1786 -14
1787 -14
1788 -6
1789 -14
1790 -30
1791 -30
1792 -22
1793 -34
1794 -34
1795 -26
1796 -22
1797 -22
1798 -34
1799 -34
1800 -22
1801 -14
1802 -22
1803 -22
1804 -22
1805 -10
1806 -26
1807 -22
1808 -34
1809 -14
1810 -14
1811 -14
1812 -22
1813 -18
1814 -26
1815 -22
1816 -26
1817 -26
1818 -22
1819 -26
1820 -34
1821 -26
1822 -26
1823 -26
1824 -26
1825 -22
1826 -18
1827 -30
1828 -34
1829 -22
1830 -22
1831 -18
1832 -26
1833 -30
1834 -34
1835 -26
1836 -26
1837 -26
1838 -30
1839 -38
1840 -34
1841 -34
1842 -26
1843 -30
1844 -26
1845 -22
1846 -18
1847 -14
1848 -22
1849 -22
1850 -26
1851 -22
1852 -26
1853 -34
1854 -34
1855 -26
1856 -22
1857 -26
1858 -30
1859 -26
1860 -22
1861 -30
1862 -22
1863 -22
1864 -30
1865 -22
1866 -26
1867 -38
1868 -22
1869 -22
1870 -14
1871 -18
1872 -30
1873 -30
1874 -34
1875 -34
1876 -34
1877 -30
1878 -22
1879 -30
1880 -26
1881 -34
1882 -26
1883 -30
1884 -30
1885 -30
1886 -18
1887 -22
1888 -26
1889 -18
1890 -22
1891 -26
1892 -26
1893 -26
1894 -22
1895 -30
1896 -18
1897 -26
1898 -26
1899 -38
1900 -30
1901 -10
1902 -18
1903 -30
1904 -34
1905 -26
1906 -30
1907 -30
1908 -38
1909 -38
1910 -30
1911 -22
1912 -30
1913 -30
1914 -26
1915 -26
1916 -22
1917 -14
1918 -14
1919 -22
1920 -22
1921 -18
1922 -18
1923 -14
1924 -18
1925 -18
1926 -26
1927 -22
1928 -18
1929 -30
1930 -26
1931 -10
1932 -22
1933 -26
1934 -30
1935 -22
1936 -22
1937 -18
1938 -18
1939 -30
1940 -22
1941 -18
1942 -30
1943 -26
1944 -22
1945 -34
1946 -30
1947 -26
1948 -22
1949 -38
1950 -30
1951 -34
1952 -34
1953 -30
1954 -30
1955 -22
1956 -18
1957 -22
1958 -18
1959 -22
1960 -22
1961 -14
1962 -26
1963 -18
1964 -18
1965 -26
1966 -22
1967 -30
1968 -34
1969 -26
1970 -34
1971 -34
1972 -30
1973 -30
1974 -30
1975 -26
1976 -30
1977 -6
1978 -18
1979 -18
1980 -18
1981 -14
1982 -26
1983 -22
1984 -30
1985 -34
1986 -30
1987 -30
1988 -18
1989 -18
1990 -22
1991 -30
1992 -14
1993 -30
1994 -26
1995 -14
1996 -22
1997 -26
1998 -30
1999 -26
2000 -26
2001 -26
2002 -30
2003 -18
2004 -30
2005 -22
2006 -22
2007 -18
2008 -30
2009 -34
2010 -26
2011 -26
2012 -34
2013 -22
2014 -34
2015 -26
2016 -30
2017 -26
2018 -26
2019 -22
2020 -14
2021 -26
2022 -10
2023 -14
2024 -30
2025 -18
2026 -14
2027 -22
2028 -18
2029 -22
2030 -14
2031 -18
2032 -22
2033 -18
2034 -34
2035 -22
2036 -26
2037 -30
2038 -30
2039 -26
2040 -30
2041 -26
2042 -10
2043 -22
2044 -22
2045 -18
2046 -22
2047 -18
2048 -14
2049 -30
2050 -30
2051 -30
2052 -30
2053 -30
2054 -34
2055 -30
2056 -26
2057 -14
2058 -22
2059 -18
2060 -26
2061 -30
2062 -26
2063 -22
2064 -26
2065 -18
2066 -26
2067 -30
2068 -26
2069 -26
2070 -30
2071 -30
2072 -26
2073 -22
2074 -26
2075 -30
2076 -26
2077 -26
2078 -6
2079 -22
2080 -30
2081 -22
2082 -18
2083 -14
2084 -2
2085 -14
2086 -10
2087 -14
2088 -18
2089 -18
2090 -34
2091 -26
2092 -34
2093 -34
2094 -22
2095 -22
2096 -30
2097 -34
2098 -34
2099 -22
2100 -26
2101 -34
2102 -22
2103 -22
2104 -26
2105 -34
2106 -18
2107 -18
2108 -30
2109 -30
2110 -22
2111 -22
2112 -10
2113 -22
2114 -14
2115 -14
2116 -18
2117 -22
2118 -26
2119 -30
2120 -30
2121 -34
2122 -30
2123 -26
2124 -18
2125 -22
2126 -30
2127 -34
2128 -34
2129 -26
2130 -26
2131 -30
2132 -26
2133 -34
2134 -22
2135 -30
2136 -30
2137 -26
2138 -18
2139 -26
2140 -14
2141 -22
2142 -22
2143 -26
2144 -22
2145 -18
2146 -18
2147 -10
2148 -18
2149 -18
2150 -26
2151 -22
2152 -18
2153 -14
2154 -22
2155 -22
2156 -30
2157 -14
2158 -22
2159 -18
2160 -22
2161 -18
2162 -26
2163 -22
2164 -22
2165 -22
2166 -26
2167 -22
2168 -22
2169 -26
2170 -22
2171 -26
2172 -30
2173 -14
2174 -30
2175 -38
2176 -22
2177 -18
2178 -26
2179 -26
2180 -22
2181 -18
2182 -10
2183 -26
2184 -26
2185 -18
2186 -18
2187 -22
2188 -22
2189 -18
2190 -22
2191 -14
2192 -18
2193 -18
2194 -22
2195 -30
2196 -30
2197 -14
2198 -18
2199 -30
2200 -26
2201 -22
2202 -18
2203 -26
2204 -30
2205 -30
2206 -26
2207 -26
2208 -26
2209 -22
2210 -30
2211 -22
2212 -30
2213 -26
2214 -30
2215 -22
2216 -22
2217 -6
2218 -18
2219 -14
2220 -18
2221 -14
2222 -22
2223 -26
2224 -26
2225 -26
2226 -18
2227 -18
2228 -22
2229 -26
2230 -26
2231 -22
2232 -18
2233 -18
2234 -14
2235 -22
2236 -22
2237 -26
2238 -22
2239 -26
2240 -22
2241 -22
2242 -22
2243 -22
2244 -30
2245 -30
2246 -30
2247 -26
2248 -30
2249 -26
2250 -30
2251 -18
2252 -30
2253 -34
2254 -22
2255 -30
2256 -22
2257 -10
2258 -18
2259 -22
2260 -18
2261 -18
2262 -14
2263 -26
2264 -30
2265 -26
2266 -34
2267 -26
2268 -18
2269 -26
2270 -34
2271 -22
2272 -22
2273 -18
2274 -30
2275 -34
2276 -30
2277 -22
2278 -22
2279 -22
2280 -22
2281 -22
2282 -14
2283 -10
2284 -26
2285 -22
2286 -18
2287 -18
2288 -22
2289 -26
2290 -18
2291 -30
2292 -26
2293 -34
2294 -30
2295 -34
2296 -26
2297 -26
2298 -10
2299 -14
2300 -22
2301 -14
2302 -22
2303 -22
2304 -22
2305 -22
2306 -34
2307 -26
2308 -26
2309 -22
2310 -18
2311 -30
2312 -14
2313 -18
2314 -26
2315 -26
2316 -26
2317 -26
2318 -30
2319 -30
2320 -18
2321 -22
2322 -30
2323 -26
2324 -22
2325 -14
2326 -14
2327 -10
2328 -14
2329 -18
2330 -30
2331 -26
2332 -22
2333 -10
2334 -18
2335 -22
2336 -22
2337 -22
2338 -30
2339 -18
2340 -22
2341 -14
2342 -18
2343 -18
2344 -14
2345 -30
2346 -30
2347 -34
2348 -26
2349 -30
2350 -22
2351 -18
2352 -14
2353 -26
2354 -26
2355 -18
2356 -26
2357 -26
2358 -22
2359 -22
2360 -22
2361 -30
2362 -18
2363 -18
2364 -22
2365 -34
2366 -22
2367 -26
2368 -26
2369 -30
2370 -26
2371 -26
2372 -22
2373 -26
2374 -22
2375 -26
2376 -18
2377 -22
2378 -26
2379 -26
2380 -14
2381 -14
2382 -14
2383 -22
2384 -22
2385 -18
2386 -18
2387 -18
2388 -22
2389 -22
2390 -26
2391 -26
2392 -26
2393 -30
2394 -26
2395 -18
2396 -22
2397 -22
2398 -22
2399 -26
2400 -26
2401 -26
2402 -14
2403 -18
2404 -22
2405 -18
2406 -18
2407 -22
2408 -22
2409 -10
2410 -14
2411 -30
2412 -22
2413 -22
2414 -26
2415 -22
2416 -10
2417 -22
2418 -22
2419 -18
2420 -22
2421 -18
2422 -18
2423 -22
2424 -18
2425 -26
2426 -18
2427 -14
2428 -14
2429 -10
2430 -18
2431 -22
2432 -26
2433 -14
2434 -22
2435 -30
2436 -22
2437 -30
2438 -30
2439 -22
2440 -26
2441 -22
2442 -26
2443 -30
2444 -30
2445 -22
2446 -30
2447 -14
2448 -18
2449 -6
2450 -14
2451 -22
2452 -18
2453 -18
2454 -10
2455 -18
2456 -18
2457 -18
2458 -22
2459 -30
2460 -18
2461 -22
2462 -26
2463 -30
2464 -18
2465 -18
2466 -26
2467 -18
2468 -14
2469 -22
2470 -22
2471 -22
2472 -26
2473 -18
2474 -18
2475 -18
2476 -18
2477 -10
2478 -18
2479 -26
2480 -26
2481 -30
2482 -34
2483 -26
2484 -26
2485 -30
2486 -30
2487 -26
2488 -30
2489 -30
2490 -30
2491 -30
2492 -26
2493 -26
2494 -26
2495 -30
2496 -22
2497 -26
2498 -30
2499 -26
2500 -26
2501 -18
2502 -10
2503 -26
2504 -26
2505 -22
2506 -26
2507 -26
2508 -18
2509 -14
2510 -26
2511 -22
2512 -30
2513 -22
2514 -22
2515 -22
2516 -14
2517 -18
2518 -18
2519 -22
2520 -30
2521 -26
2522 -18
2523 -18
2524 -30
2525 -14
2526 -26
2527 -26
2528 -22
2529 -30
2530 -26
2531 -18
2532 -22
2533 -22
2534 -26
2535 -22
2536 -14
2537 -26
2538 -22
2539 -18
2540 -22
2541 -22
2542 -14
2543 -14
2544 -22
2545 -30
2546 -26
2547 -18
2548 -34
2549 -30
2550 -18
2551 -26
2552 -22
2553 -22
2554 -22
2555 -26
2556 -18
2557 -10
2558 -18
2559 -26
2560 -14
2561 -18
2562 -6
2563 -30
2564 -22
2565 -26
2566 -18
2567 -22
2568 -30
2569 -18
2570 -14
2571 -22
2572 -18
2573 -26
2574 -18
2575 -22
2576 -26
2577 -26
2578 -26
2579 -14
2580 -22
2581 -18
2582 -18
2583 -22
2584 -26
2585 -26
2586 -34
2587 -30
2588 -22
2589 -26
2590 -30
2591 -30
2592 -18
2593 -22
2594 -26
2595 -22
2596 -26
2597 -22
2598 -26
2599 -26
2600 -22
2601 -26
2602 -22
2603 -34
2604 -26
2605 -30
2606 -26
2607 -26
2608 -26
2609 -26
2610 -18
2611 -22
2612 -30
2613 -22
2614 -30
2615 -18
2616 -18
2617 -22
2618 -6
2619 -18
2620 -22
2621 -14
2622 -10
2623 -18
2624 -14
2625 -14
2626 -22
2627 -26
2628 -26
2629 -26
2630 -26
2631 -26
2632 -26
2633 -26
2634 -26
2635 -26
2636 -30
2637 -26
2638 -22
2639 -14
2640 -26
2641 -30
2642 -26
2643 -30
2644 -22
2645 -30
2646 -26
2647 -26
2648 -22
2649 -30
2650 -26
2651 -34
2652 -14
2653 -14
2654 -26
2655 -22
2656 -26
2657 -18
2658 -22
2659 -18
2660 -10
2661 -22
2662 -38
2663 -22
2664 -34
2665 -34
2666 -38
2667 -34
2668 -22
2669 -18
2670 -18
2671 -14
2672 -10
2673 -10
2674 -22
2675 -18
2676 -18
2677 -22
2678 -14
2679 -18
2680 -30
2681 -22
2682 -26
2683 -14
2684 -22
2685 -18
2686 -30
2687 -34
2688 -34
2689 -22
2690 -26
2691 -26
2692 -30
2693 -30
2694 -26
2695 -34
2696 -26
2697 -22
2698 -30
2699 -26
2700 -22
2701 -18
2702 -14
2703 -10
2704 -18
2705 -18
2706 -18
2707 -14
2708 -26
2709 -22
2710 -14
2711 -18
2712 -26
2713 -30
2714 -34
2715 -18
2716 -14
2717 -26
2718 -22
2719 -30
2720 -22
2721 -6
2722 -26
2723 -18
2724 -22
2725 -22
2726 -30
2727 -18
2728 -22
2729 -26
2730 -30
2731 -26
2732 -22
2733 -26
2734 -22
2735 -30
2736 -26
2737 -30
2738 -34
2739 -18
2740 -18
2741 -22
2742 -14
2743 -26
2744 -18
2745 -14
2746 -30
2747 -30
2748 -26
2749 -34
2750 -30
2751 -34
2752 -30
2753 -30
2754 -22
2755 -26
2756 -22
2757 -14
2758 -18
2759 -14
2760 -34
2761 -30
2762 -22
2763 -22
2764 -26
2765 -26
2766 -34
2767 -34
2768 -22
2769 -22
2770 -14
2771 -10
2772 -18
2773 -26
2774 -22
2775 -22
2776 -26
2777 -26
2778 -22
2779 -30
2780 -34
2781 -26
2782 -22
2783 -22
2784 -14
2785 -26
2786 -18
2787 -22
2788 -26
2789 -22
2790 -14
2791 -30
2792 -30
2793 -30
2794 -22
2795 -26
2796 -34
2797 -42
2798 -30
2799 -26
2800 -18
2801 -10
2802 -18
2803 -30
2804 -26
2805 -18
2806 -10
2807 -22
2808 -22
2809 -18
2810 -26
2811 -26
2812 -22
2813 -30
2814 -34
2815 -42
2816 -26
2817 -26
2818 -34
2819 -26
2820 -18
2821 -26
2822 -22
2823 -22
2824 -18
2825 -18
2826 -26
2827 -30
2828 -38
2829 -22
2830 -30
2831 -22
2832 -22
2833 -30
2834 -26
2835 -22
2836 -22
2837 -34
2838 -22
2839 -18
2840 -10
2841 -26
2842 -18
2843 -14
2844 -26
2845 -22
2846 -26
2847 -30
2848 -22
2849 -22
2850 -26
2851 -30
2852 -34
2853 -18
2854 -34
2855 -22
2856 -22
2857 -18
2858 -18
2859 -18
2860 -22
2861 -30
2862 -26
2863 -18
2864 -30
2865 -34
2866 -26
2867 -30
2868 -26
2869 -26
2870 -18
2871 -18
2872 -14
2873 -18
2874 -30
2875 -22
2876 -18
2877 -22
2878 -26
2879 -18
2880 -22
2881 -22
2882 -22
2883 -22
2884 -22
2885 -26
2886 -30
2887 -22
2888 -30
2889 -30
2890 -26
2891 -30
2892 -22
2893 -10
2894 -6
2895 -26
2896 -22
2897 -30
2898 -34
2899 -22
2900 -30
2901 -26
2902 -34
2903 -30
2904 -26
2905 -30
2906 -30
2907 -26
2908 -22
2909 -26
2910 -26
2911 -22
2912 -22
2913 -26
2914 -26
2915 -30
2916 -30
2917 -18
2918 -14
2919 -18
2920 -14
2921 -22
2922 -18
2923 -22
2924 -14
2925 -26
2926 -14
2927 -6
2928 -26
2929 -14
2930 -22
2931 -22
2932 -26
2933 -18
2934 -14
2935 -22
2936 -34
2937 -26
2938 -34
2939 -30
2940 -22
2941 -26
2942 -26
2943 -22
2944 -22
2945 -30
2946 -22
2947 -22
2948 -26
2949 -26
2950 -22
2951 -22
2952 -34
2953 -30
2954 -30
2955 -26
2956 -26
2957 -30
2958 -26
2959 -26
2960 -30
2961 -22
2962 -14
2963 -26
2964 -18
2965 -22
2966 -22
2967 -18
2968 -22
2969 -18
2970 -14
2971 -14
2972 -14
2973 -14
2974 -18
2975 -18
2976 -22
2977 -26
2978 -26
2979 -26
2980 -30
2981 -14
2982 -22
2983 -18
2984 -18
2985 -6
2986 -30
2987 -10
2988 -18
2989 -22
2990 -26
2991 -26
2992 -38
2993 -42
2994 -30
2995 -26
2996 -30
2997 -34
2998 -26
2999 -22
3000 -22
3001 -14
3002 -10
3003 -10
3004 -22
3005 -22
3006 -30
3007 -26
3008 -22
3009 -22
3010 -18
3011 -18
3012 -14
3013 -26
3014 -22
3015 -26
3016 -22
3017 -10
3018 -26
3019 -30
3020 -30
3021 -30
3022 -26
3023 -18
3024 -18
3025 -22
3026 -26
3027 -26
3028 -26
3029 -22
3030 -26
3031 -30
3032 -26
3033 -22
3034 -26
3035 -30
3036 -18
3037 -26
3038 -26
3039 -14
3040 -26
3041 -14
3042 -18
3043 -18
3044 -18
3045 -18
3046 -26
3047 -14
3048 -22
3049 -34
3050 -34
3051 -26
3052 -26
3053 -18
3054 -30
3055 -22
3056 -22
3057 -26
3058 -26
3059 -30
3060 -30
3061 -26
3062 -22
3063 -34
3064 -34
3065 -22
3066 -22
3067 -22
3068 -26
3069 -30
3070 -6
3071 -30
3072 -26
3073 -30
3074 -26
3075 -14
3076 -18
3077 -22
3078 -22
3079 -18
3080 -18
3081 -18
3082 -26
3083 -30
3084 -26
3085 -22
3086 -22
3087 -18
3088 -18
3089 -14
3090 -30
3091 -30
3092 -30
3093 -22
3094 -22
3095 -26
3096 -18
3097 -10
3098 -38
3099 -22
3100 -18
3101 -30
3102 -30
3103 -30
3104 -30
3105 -18
3106 -18
3107 -14
3108 -22
3109 -26
3110 -26
3111 -18
3112 -10
3113 -18
3114 -22
3115 -26
3116 -26
3117 -18
3118 -18
3119 -18
3120 -22
3121 -30
3122 -26
3123 -26
3124 -26
3125 -22
3126 -22
3127 -26
3128 -22
3129 -22
3130 -30
3131 -18
3132 -26
3133 -18
3134 -22
3135 -22
3136 -22
3137 -26
3138 -14
3139 -26
3140 -34
3141 -34
3142 -22
3143 -26
3144 -22
3145 -22
3146 -18
3147 -22
3148 -22
3149 -22
3150 -26
3151 -22
3152 -26
3153 -22
3154 -26
3155 -22
3156 -18
3157 -14
3158 -30
3159 -14
3160 -26
3161 -22
3162 -22
3163 -2
3164 -22
3165 -26
3166 -30
3167 -34
3168 -30
3169 -26
3170 -26
3171 -26
3172 -26
3173 -18
3174 -22
3175 -10
3176 -22
3177 -14
3178 -26
3179 -30
3180 -26
3181 -30
3182 -34
3183 -26
3184 -26
3185 -22
3186 -30
3187 -18
3188 -26
3189 -30
3190 -26
3191 -22
3192 -14
3193 -26
3194 -22
3195 -30
3196 -38
3197 -30
3198 -30
3199 -14
3200 -30
3201 -38
3202 -22
3203 -18
3204 -22
3205 -18
3206 -22
3207 -18
3208 -22
3209 -26
3210 -22
3211 -18
3212 -26
3213 -14
3214 -14
3215 -22
3216 -14
3217 -14
3218 -22
3219 -26
3220 -26
3221 -30
3222 -22
3223 -26
3224 -30
3225 -26
3226 -22
3227 -22
3228 -18
3229 -14
3230 -22
3231 -18
3232 -30
3233 -10
3234 -14
3235 -22
3236 -26
3237 -30
3238 -22
3239 -30
3240 -30
3241 -18
3242 -26
3243 -34
3244 -42
3245 -26
3246 -30
3247 -34
3248 -22
3249 -22
3250 -26
3251 -26
3252 -34
3253 -30
3254 -34
3255 -22
3256 -14
3257 -18
3258 -14
3259 -26
3260 -30
3261 -18
3262 -14
3263 -10
3264 -14
3265 -22
3266 -26
3267 -22
3268 -26
3269 -18
3270 -22
3271 -14
3272 -26
3273 -30
3274 -26
3275 -18
3276 -10
3277 -18
3278 -26
3279 -26
3280 -18
3281 -10
3282 -22
3283 -22
3284 -22
3285 -26
3286 -14
3287 -26
3288 -26
3289 -26
3290 -26
3291 -26
3292 -18
3293 -18
3294 -22
3295 -30
3296 -34
3297 -26
3298 -22
3299 -18
3300 -18
3301 -10
3302 -18
3303 -22
3304 -30
3305 -14
3306 -18
3307 -14
3308 -30
3309 -22
3310 -30
3311 -30
3312 -30
3313 -30
3314 -18
3315 -30
3316 -26
3317 -34
3318 -38
3319 -34
3320 -22
3321 -10
3322 -30
3323 -34
3324 -18
3325 -2
3326 -34
3327 -26
3328 -18
3329 -22
3330 -18
3331 -22
3332 -22
3333 -26
3334 -30
3335 -22
3336 -26
3337 -26
3338 -14
3339 -22
3340 -18
3341 -22
3342 -22
3343 -30
3344 -22
3345 -26
3346 -6
3347 -30
3348 -34
3349 -26
3350 -26
3351 -26
3352 -22
3353 -18
3354 -26
3355 -26
3356 -18
3357 -26
3358 -14
3359 -26
3360 -22
3361 -26
3362 -26
3363 -30
3364 -30
3365 -30
3366 -18
3367 -10
3368 -14
3369 -26
3370 -18
3371 -6
3372 -26
3373 -22
3374 -22
3375 -22
3376 -22
3377 -18
3378 -26
3379 -22
3380 -30
3381 -26
3382 -18
3383 -18
3384 -22
3385 -22
3386 -22
3387 -22
3388 -26
3389 -30
3390 -22
3391 -30
3392 -34
3393 -30
3394 -18
3395 -18
3396 -26
3397 -18
3398 -30
3399 -30
3400 -22
3401 -30
3402 -30
3403 -10
3404 -18
3405 -22
3406 -30
3407 -22
3408 -22
3409 -26
3410 -30
3411 -30
3412 -30
3413 -34
3414 -22
3415 -22
3416 -34
3417 -26
3418 -30
3419 -26
3420 -18
3421 -30
3422 -30
3423 -34
3424 -26
3425 -22
3426 -26
3427 -30
3428 -18
3429 -22
3430 -22
3431 -18
3432 -26
3433 -30
3434 -22
3435 -18
3436 -22
3437 -18
3438 -30
3439 -30
3440 -26
3441 -22
3442 -22
3443 -26
3444 -26
3445 -22
3446 -14
3447 -18
3448 -2
3449 -22
3450 -30
3451 -34
3452 -30
3453 -22
3454 -30
3455 -26
3456 -26
3457 -22
3458 -26
3459 -30
3460 -18
3461 -18
3462 -22
3463 -26
3464 -18
3465 -18
3466 -14
3467 -22
3468 -18
3469 -10
3470 -22
3471 -22
3472 -14
3473 -26
3474 -34
3475 -30
3476 -30
3477 -22
3478 -18
3479 -26
3480 -18
3481 -26
3482 -18
3483 -14
3484 -18
3485 -30
3486 -26
3487 -18
3488 -26
3489 -34
3490 -26
3491 -30
3492 -22
3493 -30
3494 -26
3495 -14
3496 -26
3497 -22
3498 -30
3499 -42
3500 -34
3501 -18
3502 -18
3503 -18
3504 -22
3505 -26
3506 -30
3507 -34
3508 -22
3509 -22
3510 -14
3511 -18
3512 -18
3513 -18
3514 -22
3515 -18
3516 -26
3517 -30
3518 -26
3519 -14
3520 -30
3521 -22
3522 -26
3523 -34
3524 -30
3525 -22
3526 -26
3527 -26
3528 -14
3529 -34
3530 -22
3531 -26
3532 -30
3533 -14
3534 -18
3535 -34
3536 -30
3537 -14
3538 -22
3539 -26
3540 -14
3541 -22
3542 -26
3543 -18
3544 -18
3545 -6
3546 -10
3547 -30
3548 -14
3549 -22
3550 -26
3551 -26
3552 -22
3553 -34
3554 -34
3555 -42
3556 -30
3557 -38
3558 -26
3559 -34
3560 -26
3561 -26
3562 -38
3563 -38
3564 -30
3565 -22
3566 -26
3567 -30
3568 -22
3569 -22
3570 -14
3571 -10
3572 -18
3573 -34
3574 -30
3575 -22
3576 -22
3577 -26
3578 -22
3579 -26
3580 -30
3581 -22
3582 -14
3583 -18
3584 -22
3585 -30
3586 -26
3587 -26
3588 -18
3589 -18
3590 -26
3591 -26
3592 -26
3593 -22
3594 -22
3595 -14
3596 -18
3597 -18
3598 -18
3599 -22
3600 -22
3601 -18
3602 -10
3603 -18
3604 -30
3605 -22
3606 -26
3607 -30
3608 -26
3609 -22
3610 -18
3611 -26
3612 -22
3613 -30
3614 -30
3615 -30
3616 -26
3617 -22
3618 -14
3619 -22
3620 -22
3621 -26
3622 -18
3623 -10
3624 -18
3625 -22
3626 -26
3627 -18
3628 -14
3629 -26
3630 -26
3631 -26
3632 -14
3633 -14
3634 -18
3635 -26
3636 -26
3637 -30
3638 -30
3639 -26
3640 -34
3641 -22
3642 -26
3643 -22
3644 -18
3645 -22
3646 -18
3647 -18
3648 -26
3649 -30
3650 -30
3651 -34
3652 -34
3653 -18
3654 -26
3655 -22
3656 -26
3657 -14
3658 -26
3659 -30
3660 -22
3661 -14
3662 -22
3663 -18
3664 -26
3665 -34
3666 -22
3667 -26
3668 -30
3669 -22
3670 -26
3671 -30
3672 -30
3673 -18
3674 -18
3675 -14
3676 -22
3677 -18
3678 -26
3679 -26
3680 -22
3681 -18
3682 -22
3683 -30
3684 -14
3685 -26
3686 -30
3687 -26
3688 -22
3689 -14
3690 -18
3691 -10
3692 -22
3693 -18
3694 -18
3695 -30
3696 -26
3697 -26
3698 -14
3699 -22
3700 -22
3701 -26
3702 -34
3703 -34
3704 -26
3705 -6
3706 -18
3707 -26
3708 -30
3709 -18
3710 -30
3711 -22
3712 -26
3713 -10
3714 -34
3715 -30
3716 -30
3717 -30
3718 -30
3719 -22
3720 -26
3721 -26
3722 -18
3723 -26
3724 -14
3725 -26
3726 -22
3727 -34
3728 -22
3729 -18
3730 -26
3731 -22
3732 -14
3733 -26
3734 -14
3735 -22
3736 -22
3737 -26
3738 -10
3739 -22
3740 -18
3741 -22
3742 -30
3743 -14
3744 -26
3745 -34
3746 -30
3747 -26
3748 -22
3749 -22
3750 -14
3751 -18
3752 -22
3753 -26
3754 -30
3755 -30
3756 -30
3757 -38
3758 -30
3759 -22
3760 -26
3761 -30
3762 -22
3763 -26
3764 -30
3765 -18
3766 -10
3767 -10
3768 -14
3769 -14
3770 -18
3771 -18
3772 -22
3773 -30
3774 -18
3775 -26
3776 -22
3777 -22
3778 -30
3779 -30
3780 -30
3781 -26
3782 -22
3783 -34
3784 -30
3785 -34
3786 -22
3787 -14
3788 -18
3789 -18
3790 -26
3791 -18
3792 -22
3793 -26
3794 -18
3795 -22
3796 -26
3797 -18
3798 -14
3799 -14
3800 -26
3801 -26
3802 -18
3803 -26
3804 -22
3805 -14
3806 -26
3807 -26
3808 -26
3809 -22
3810 -18
3811 -14
3812 -22
3813 -22
3814 -22
3815 -26
3816 -22
3817 -34
3818 -22
3819 -22
3820 -14
3821 -22
3822 -6
3823 -26
3824 -14
3825 -18
3826 -14
3827 -22
3828 -22
3829 -26
3830 -22
3831 -26
3832 -26
3833 -22
3834 -22
3835 -26
3836 -22
3837 -22
3838 -26
3839 -30
3840 -38
3841 -30
3842 -18
3843 -22
3844 -34
3845 -26
3846 -14
3847 -26
3848 -22
3849 -18
3850 -14
3851 -18
3852 -22
3853 -26
3854 -18
3855 -14
3856 -10
3857 -26
3858 -18
3859 -22
3860 -30
3861 -22
3862 -22
3863 -26
3864 -18
3865 -26
3866 -18
3867 -18
3868 -26
3869 -34
3870 -26
3871 -22
3872 -22
3873 -18
3874 -18
3875 -26
3876 -26
3877 -22
3878 -18
3879 -18
3880 -26
3881 -22
3882 -14
3883 -18
3884 -26
3885 -26
3886 -22
3887 -30
3888 -30
3889 -30
3890 -18
3891 -18
3892 -6
3893 -18
3894 -22
3895 -18
3896 -26
3897 -18
3898 -30
3899 -22
3900 -26
3901 -26
3902 -26
3903 -18
3904 -22
3905 -30
3906 -26
3907 -26
3908 -18
3909 -18
3910 -26
3911 -26
3912 -22
3913 -22
3914 -18
3915 -26
3916 -18
3917 -18
3918 -18
3919 -6
3920 -22
3921 -26
3922 -18
3923 -22
3924 -26
3925 -26
3926 -22
3927 -22
3928 -18
3929 -18
3930 -26
3931 -30
3932 -22
3933 -22
3934 -22
3935 -18
3936 -18
3937 -22
3938 -14
3939 -14
3940 -22
3941 -26
3942 -34
3943 -26
3944 -26
3945 -14
3946 -26
3947 -22
3948 -30
3949 -22
3950 -34
3951 -34
3952 -26
3953 -26
3954 -18
3955 -26
3956 -22
3957 -22
3958 -14
3959 -14
3960 -26
3961 -22
3962 -22
3963 -22
3964 -26
3965 -34
3966 -30
3967 -22
3968 -18
3969 -26
3970 -22
3971 -30
3972 -26
3973 -26
3974 -18
3975 -22
3976 -14
3977 -10
3978 -10
3979 -14
3980 -18
3981 -22
3982 -18
3983 -14
3984 -14
3985 -10
3986 -22
3987 -18
3988 -26
3989 -22
3990 -26
3991 -22
3992 -10
3993 -22
3994 -14
3995 -22
3996 -30
3997 -22
3998 -26
3999 -14
4000 -14
4001 -10
4002 -18
4003 -22
4004 -26
4005 -38
4006 -30
4007 -18
4008 -26
4009 -18
4010 -18
4011 -22
4012 -30
4013 -26
4014 -18
4015 -26
4016 -18
4017 -18
4018 -18
4019 -14
4020 -22
4021 -22
4022 -14
4023 -10
4024 -6
4025 -18
4026 -14
4027 -10
4028 -22
4029 -22
4030 -18
4031 -14
4032 -2
4033 -14
4034 -18
4035 -14
4036 -26
4037 -26
4038 -30
4039 -26
4040 -22
4041 -14
4042 -14
4043 -18
4044 -14
4045 -22
4046 -14
4047 -18
4048 -22
4049 -22
4050 -18
4051 -14
4052 -10
4053 -14
4054 -26
4055 -22
4056 -18
4057 -22
4058 -22
4059 -30
4060 -18
4061 -14
4062 -14
4063 -18
4064 -22
4065 -26
4066 -18
4067 -10
4068 -10
4069 -34
4070 -38
4071 -34
4072 -34
4073 -26
4074 -30
4075 -30
4076 -26
4077 -30
4078 -18
4079 -22
4080 -18
4081 -26
4082 -30
4083 -30
4084 -26
4085 -22
4086 -30
4087 -26
4088 -22
4089 -30
4090 -30
4091 -38
4092 -26
4093 -14
4094 -26
4095 -22
4096 -22
4097 -26
4098 -22
4099 -26
4100 -22
4101 -18
4102 -22
4103 -18
4104 -18
4105 -26
4106 -18
4107 -22
4108 -30
4109 -22
4110 -26
4111 -18
4112 -30
4113 -18
4114 -14
4115 -22
4116 -26
4117 -30
4118 -18
4119 -10
4120 -26
4121 -6
4122 -22
4123 -14
4124 -22
4125 -22
4126 -30
4127 -30
4128 -22
4129 -26
4130 -34
4131 -26
4132 -26
4133 -14
4134 -30
4135 -30
4136 -26
4137 -18
4138 -14
4139 -18
4140 -18
4141 -18
4142 -22
4143 -26
4144 -26
4145 -22
4146 -22
4147 -26
4148 -30
4149 -34
4150 -26
4151 -30
4152 -26
4153 -26
4154 -26
4155 -22
4156 -22
4157 -22
4158 -22
4159 -22
4160 -30
4161 -26
4162 -26
4163 -30
4164 -22
4165 -30
4166 -22
4167 -14
4168 -2
4169 -18
4170 -22
4171 -22
4172 -14
4173 -22
4174 -22
4175 -22
4176 -38
4177 -26
4178 -18
4179 -22
4180 -22
4181 -18
4182 -22
4183 -26
4184 -22
4185 -26
4186 -26
4187 -30
4188 -30
4189 -22
4190 -26
4191 -30
4192 -30
4193 -26
4194 -18
4195 -18
4196 -22
4197 -14
4198 -18
4199 -10
4200 -6
4201 -22
4202 -26
4203 -30
4204 -22
4205 -18
4206 -30
4207 -26
4208 -30
4209 -30
4210 -30
4211 -30
4212 -26
4213 -6
4214 -18
4215 -18
4216 -26
4217 -26
4218 -22
4219 -34
4220 -30
4221 -30
4222 -22
4223 -18
4224 -22
4225 -22
4226 -22
4227 -26
4228 -30
4229 -34
4230 -34
4231 -22
4232 -22
4233 -30
4234 -22
4235 -30
4236 -30
4237 -30
4238 -26
4239 -30
4240 -30
4241 -26
4242 -10
4243 -26
4244 -30
4245 -18
4246 -14
4247 -6
4248 -14
4249 -18
4250 -10
4251 -14
4252 -14
4253 -26
4254 -22
4255 -14
4256 -6
4257 -30
4258 -30
4259 -18
4260 -22
4261 -30
4262 -34
4263 -34
4264 -30
4265 -18
4266 -22
4267 -18
4268 -10
4269 -18
4270 -22
4271 -18
4272 -26
4273 -26
4274 -22
4275 -22
4276 -26
4277 -26
4278 -30
4279 -30
4280 -26
4281 -30
4282 -18
4283 -22
4284 -26
4285 -38
4286 -26
4287 -22
4288 -26
4289 -38
4290 -30
4291 -38
4292 -30
4293 -26
4294 -30
4295 -26
4296 -18
4297 -18
4298 -18
4299 -18
4300 -18
4301 -34
4302 -26
4303 -34
4304 -26
4305 -22
4306 -6
4307 -14
4308 -10
4309 -18
4310 -14
4311 -2
4312 -22
4313 -26
4314 -26
4315 -14
4316 -14
4317 -30
4318 -14
4319 -26
4320 -18
4321 -22
4322 -30
4323 -22
4324 -18
4325 -18
4326 -30
4327 -22
4328 -26
4329 -38
4330 -26
4331 -26
4332 -26
4333 -30
4334 -26
4335 -14
4336 -26
4337 -14
4338 -22
4339 -14
4340 -10
4341 -14
4342 -26
4343 -18
4344 -30
4345 -10
4346 -10
4347 -18
4348 -18
4349 -14
4350 -10
4351 -18
4352 -26
4353 -26
4354 -34
4355 -26
4356 -22
4357 -26
4358 -26
4359 -30
4360 -22
4361 -22
4362 -14
4363 -26
4364 -34
4365 -22
4366 -22
4367 -30
4368 -22
4369 -22
4370 -26
4371 -18
4372 -22
4373 -30
4374 -30
4375 -26
4376 -18
4377 -6
4378 -18
4379 -26
4380 -18
4381 -30
4382 -34
4383 -26
4384 -18
4385 -26
4386 -2
4387 -22
4388 -30
4389 -22
4390 -26
4391 -22
4392 -10
4393 -18
4394 -30
4395 -18
4396 -18
4397 -22
4398 -30
4399 -18
4400 -22
4401 -30
4402 -26
4403 -30
4404 -26
4405 -22
4406 -30
4407 -30
4408 -26
4409 -26
4410 -14
4411 -14
4412 -18
4413 -22
4414 -14
4415 -26
4416 -22
4417 -22
4418 -26
4419 -30
4420 -18
4421 -26
4422 -22
4423 -22
4424 -26
4425 -22
4426 -26
4427 -18
4428 -26
4429 -22
4430 -34
4431 -30
4432 -30
4433 -26
4434 -6
4435 -6
4436 -14
4437 -30
4438 -30
4439 -30
4440 -30
4441 -22
4442 -30
4443 -22
4444 -18
4445 -22
4446 -30
4447 -18
4448 -30
4449 -30
4450 -30
4451 -18
4452 -18
4453 -30
4454 -18
4455 -22
4456 -26
4457 -18
4458 -22
4459 -26
4460 -34
4461 -18
4462 -26
4463 -26
4464 -22
4465 -18
4466 -22
4467 -22
4468 -22
4469 -22
4470 -26
4471 -26
4472 -30
4473 -34
4474 -26
4475 -34
4476 -34
4477 -18
4478 -10
4479 -22
4480 -26
4481 -22
4482 -18
4483 -22
4484 -14
4485 -22
4486 -26
4487 -10
4488 -30
4489 -30
4490 -26
4491 -22
4492 -26
4493 -26
4494 -22
4495 -22
4496 -34
4497 -30
4498 -22
4499 -18
4500 -34
4501 -34
4502 -26
4503 -18
4504 -26
4505 -18
4506 -18
4507 -18
4508 -6
4509 -14
4510 -18
4511 -26
4512 -22
4513 -30
4514 -22
4515 -26
4516 -22
4517 -34
4518 -30
4519 -26
4520 -22
4521 -18
4522 -18
4523 -26
4524 -14
4525 -18
4526 -22
4527 -18
4528 -26
4529 -18
4530 -34
4531 -26
4532 -14
4533 -30
4534 -34
4535 -26
4536 -22
4537 -30
4538 -30
4539 -22
4540 -22
4541 -22
4542 -26
4543 -38
4544 -26
4545 -34
4546 -34
4547 -26
4548 -34
4549 -26
4550 -26
4551 -26
4552 -26
4553 -30
4554 -22
4555 -34
4556 -30
4557 -18
4558 -30
4559 -26
4560 -26
4561 -30
4562 -26
4563 -18
4564 -30
4565 -30
4566 -30
4567 -22
4568 -22
4569 -22
4570 -22
4571 -26
4572 -30
4573 -22
4574 -14
4575 -22
4576 -18
4577 -22
4578 -22
4579 -26
4580 -18
4581 -18
4582 -26
4583 -10
4584 -10
4585 -10
4586 -22
4587 -26
4588 -30
4589 -22
4590 -22
4591 -18
4592 -26
4593 -14
4594 -18
4595 -14
4596 -22
4597 -18
4598 -10
4599 -14
4600 -10
4601 -22
4602 -18
4603 -18
4604 -22
4605 -22
4606 -34
4607 -34
4608 -30
4609 -26
4610 -30
4611 -34
4612 -26
4613 -26
4614 -18
4615 -14
4616 -30
4617 -38
4618 -30
4619 -26
4620 -30
4621 -26
4622 -26
4623 -34
4624 -18
4625 -26
4626 -30
4627 -30
4628 -22
4629 -22
4630 -26
4631 -30
4632 -30
4633 -26
4634 -34
4635 -26
4636 -26
4637 -18
4638 -34
4639 -34
4640 -30
4641 -22
4642 -22
4643 -26
4644 -18
4645 -14
4646 -18
4647 -18
4648 -14
4649 -22
4650 -6
4651 -22
4652 -22
4653 -26
4654 -30
4655 -26
4656 -34
4657 -14
4658 -22
4659 -26
4660 -26
4661 -22
4662 -6
4663 -22
4664 -30
4665 -22
4666 -34
4667 -26
4668 -26
4669 -14
4670 -18
4671 -22
4672 -18
4673 -26
4674 -18
4675 -14
4676 -18
4677 -26
4678 -30
4679 -30
4680 -30
4681 -22
4682 -22
4683 -22
4684 -30
4685 -30
4686 -30
4687 -18
4688 -14
4689 -18
4690 -26
4691 -22
4692 -14
4693 -30
4694 -26
4695 -38
4696 -30
4697 -22
4698 -34
4699 -18
4700 -22
4701 -22
4702 -30
4703 -22
4704 -30
4705 -30
4706 -26
4707 -22
4708 -30
4709 -18
4710 -22
4711 -26
4712 -26
4713 -22
4714 -34
4715 -34
4716 -26
4717 -26
4718 -18
4719 -22
4720 -14
4721 -22
4722 -22
4723 -18
4724 -14
4725 -26
4726 -26
4727 -30
4728 -10
4729 -22
4730 -18
4731 -26
4732 -22
4733 -22
4734 -22
4735 -26
4736 -26
4737 -34
4738 -30
4739 -18
4740 -30
4741 -22
4742 -26
4743 -34
4744 -26
4745 -22
4746 -14
4747 -6
4748 -26
4749 -34
4750 -42
4751 -42
4752 -38
4753 -26
4754 -18
4755 -30
4756 -18
4757 -10
4758 -18
4759 -30
4760 -18
4761 -26
4762 -26
4763 -22
4764 -18
4765 -22
4766 -22
4767 -22
4768 -14
4769 -22
4770 -22
4771 -18
4772 -26
4773 -22
4774 -22
4775 -18
4776 -26
4777 -30
4778 -34
4779 -26
4780 -26
4781 -14
4782 -22
4783 -22
4784 -18
4785 -22
4786 -22
4787 -22
4788 -26
4789 -34
4790 -30
4791 -22
4792 -14
4793 -22
4794 -26
4795 -22
4796 -18
4797 -14
4798 -30
4799 -22
4800 -26
4801 -26
4802 -30
4803 -22
4804 -18
4805 -38
4806 -34
4807 -34
4808 -26
4809 -26
4810 -10
4811 -26
4812 -14
4813 -18
4814 -22
4815 -26
4816 -26
4817 -30
4818 -26
4819 -26
4820 -6
4821 -26
4822 -22
4823 -26
4824 -26
4825 -26
4826 -18
4827 -14
4828 -18
4829 -10
4830 -30
4831 -22
4832 -30
4833 -22
4834 -34
4835 -22
4836 -22
4837 -22
4838 -22
4839 -26
4840 -18
4841 -18
4842 -22
4843 -22
4844 -14
4845 -22
4846 -18
4847 -26
4848 -30
4849 -18
4850 -18
4851 -18
4852 -22
4853 -14
4854 -22
4855 -10
4856 -18
4857 -26
4858 -18
4859 -26
4860 -22
4861 -18
4862 -30
4863 -26
4864 -22
4865 -18
4866 -18
4867 -22
4868 -26
4869 -10
4870 -22
4871 -22
4872 -26
4873 -30
4874 -26
4875 -22
4876 -22
4877 -22
4878 -22
4879 -26
4880 -30
4881 -30
4882 -30
4883 -30
4884 -26
4885 -18
4886 -30
4887 -22
4888 -26
4889 -18
4890 -22
4891 -26
4892 -34
4893 -22
4894 -14
4895 -22
4896 -22
4897 -22
4898 -18
4899 -14
4900 -14
4901 -26
4902 -34
4903 -26
4904 -22
4905 -10
4906 -26
4907 -30
4908 -22
4909 -22
4910 -34
4911 -30
4912 -30
4913 -10
4914 -14
4915 -14
4916 -26
4917 -30
4918 -18
4919 -18
4920 -22
4921 -18
4922 -14
4923 -14
4924 -22
4925 -30
4926 -26
4927 -26
4928 -14
4929 -22
4930 -26
4931 -30
4932 -26
4933 -14
4934 -18
4935 -22
4936 -18
4937 -22
4938 -26
4939 -26
4940 -30
4941 -22
4942 -22
4943 -14
4944 -10
4945 -22
4946 -22
4947 -26
4948 -14
4949 -18
4950 6
4951 -18
4952 -14
4953 -22
4954 -14
4955 -22
4956 -18
4957 -22
4958 -22
4959 -18
4960 -26
4961 -14
4962 -26
4963 -22
4964 -26
4965 -30
4966 -18
4967 -18
4968 -10
4969 -14
4970 -14
4971 -18
4972 -22
4973 -26
4974 -18
4975 -30
4976 -22
4977 -26
4978 -22
4979 -22
4980 -26
4981 -18
4982 -22
4983 -14
4984 -22
4985 -26
4986 -22
4987 -22
4988 -30
4989 -14
4990 -14
4991 -22
4992 -26
4993 -26
4994 -30
4995 -26
4996 -22
4997 -22
4998 -26
4999 -22
5000 -14
