1 324
2 196
3 324
4 676
5 484
6 676
7 324
8 196
9 324
10 324
11 484
12 484
13 196
14 36
15 1156
16 1156
17 484
18 900
19 676
20 324
21 484
22 676
23 900
24 484
25 484
26 196
27 676
28 484
29 676
30 324
31 324
32 900
33 1156
34 900
35 676
36 324
37 324
38 900
39 484
40 484
41 324
42 484
43 196
44 196
45 324
46 676
47 484
48 196
49 676
50 484
51 484
52 484
53 676
54 1156
55 900
56 900
57 324
58 484
59 196
60 484
61 324
62 196
63 324
64 324
65 324
66 196
67 484
68 900
69 676
70 1156
71 676
72 196
73 484
74 484
75 324
76 484
77 900
78 324
79 100
80 100
81 4
82 100
83 676
84 676
85 676
86 676
87 484
88 100
89 324
90 676
91 900
92 484
93 100
94 484
95 676
96 1156
97 900
98 676
99 324
100 196
101 100
102 676
103 1156
104 1156
105 676
106 900
107 324
108 324
109 484
110 484
111 676
112 1156
113 900
114 676
115 484
116 676
117 324
118 324
119 324
120 484
121 900
122 676
123 196
124 676
125 484
126 676
127 900
128 484
129 324
130 484
131 676
132 484
133 900
134 324
135 1156
136 676
137 676
138 676
139 196
140 36
141 196
142 324
143 676
144 900
145 676
146 324
147 484
148 324
149 676
150 900
151 1156
152 1156
153 900
154 676
155 484
156 324
157 324
158 676
159 900
160 484
161 676
162 900
163 324
164 324
165 484
166 324
167 484
168 324
169 900
170 484
171 324
172 676
173 900
174 484
175 484
176 484
177 484
178 484
179 900
180 484
181 484
182 324
183 324
184 900
185 676
186 484
187 676
188 676
189 484
190 324
191 324
192 196
193 324
194 676
195 1156
196 324
197 324
198 36
199 324
200 676
201 676
202 484
203 676
204 900
205 900
206 100
207 196
208 324
209 196
210 676
211 900
212 324
213 196
214 324
215 1444
216 196
217 676
218 676
219 484
220 100
221 324
222 484
223 676
224 324
225 484
226 676
227 484
228 676
229 484
230 900
231 484
232 1156
233 100
234 324
235 484
236 484
237 676
238 900
239 900
240 900
241 324
242 900
243 1156
244 196
245 676
246 196
247 484
248 676
249 676
250 484
251 900
252 324
253 484
254 676
255 1156
256 676
257 484
258 324
259 196
260 324
261 484
262 676
263 484
264 676
265 324
266 676
267 1156
268 676
269 676
270 676
271 324
272 196
273 676
274 676
275 676
276 676
277 1156
278 900
279 484
280 484
281 900
282 900
283 900
284 324
285 484
286 324
287 4
288 196
289 676
290 1156
291 676
292 676
293 36
294 324
295 484
296 324
297 324
298 324
299 100
300 484
301 484
302 324
303 196
304 900
305 900
306 1156
307 1764
308 676
309 676
310 484
311 676
312 484
313 484
314 324
315 676
316 484
317 676
318 676
319 676
320 676
321 676
322 484
323 676
324 900
325 900
326 676
327 1156
328 676
329 900
330 1156
331 900
332 1156
333 900
334 900
335 676
336 676
337 484
338 676
339 676
340 900
341 484
342 484
343 196
344 324
345 324
346 324
347 484
348 484
349 676
350 484
351 484
352 1156
353 324
354 676
355 484
356 676
357 676
358 484
359 676
360 676
361 900
362 900
363 1444
364 900
365 1156
366 676
367 484
368 324
369 196
370 196
371 324
372 196
373 324
374 196
375 484
376 676
377 1156
378 1156
379 484
380 900
381 484
382 676
383 324
384 196
385 676
386 324
387 484
388 484
389 676
390 900
391 484
392 900
393 484
394 324
395 900
396 900
397 1156
398 324
399 676
400 484
401 676
402 676
403 484
404 324
405 484
406 324
407 676
408 484
409 676
410 324
411 484
412 324
413 676
414 676
415 676
416 324
417 196
418 900
419 484
420 324
421 676
422 676
423 484
424 676
425 196
426 900
427 484
428 676
429 676
430 676
431 484
432 676
433 196
434 900
435 1444
436 900
437 1156
438 484
439 324
440 900
441 900
442 900
443 676
444 324
445 324
446 324
447 1156
448 484
449 100
450 484
451 196
452 100
453 484
454 676
455 900
456 900
457 484
458 324
459 324
460 484
461 484
462 484
463 676
464 324
465 100
466 196
467 324
468 324
469 196
470 324
471 484
472 324
473 100
474 324
475 324
476 676
477 196
478 484
479 900
480 676
481 484
482 196
483 324
484 324
485 484
486 676
487 196
488 1156
489 484
490 676
491 324
492 900
493 196
494 676
495 484
496 484
497 1156
498 324
499 484
500 196
501 196
502 484
503 484
504 484
505 324
506 676
507 676
508 324
509 324
510 324
511 196
512 100
513 196
514 324
515 484
516 324
517 196
518 196
519 900
520 676
521 484
522 676
523 676
524 484
525 676
526 900
527 676
528 676
529 1444
530 900
531 196
532 324
533 676
534 484
535 676
536 100
537 196
538 324
539 676
540 676
541 484
542 484
543 484
544 676
545 900
546 900
547 196
548 484
549 324
550 484
551 324
552 1156
553 1444
554 900
555 1156
556 324
557 324
558 196
559 484
560 484
561 324
562 676
563 676
564 484
565 484
566 324
567 324
568 484
569 484
570 676
571 196
572 324
573 100
574 100
575 676
576 676
577 484
578 1156
579 1156
580 900
581 1156
582 196
583 900
584 1444
585 676
586 196
587 324
588 900
589 676
590 324
591 1156
592 676
593 484
594 676
595 196
596 196
597 324
598 676
599 324
600 196
601 484
602 484
603 100
604 484
605 900
606 676
607 196
608 484
609 324
610 484
611 900
612 1156
613 1444
614 900
615 900
616 484
617 324
618 324
619 484
620 324
621 484
622 196
623 484
624 676
625 484
626 900
627 484
628 900
629 900
630 900
631 324
632 484
633 484
634 900
635 324
636 676
637 484
638 676
639 900
640 900
641 900
642 1156
643 484
644 100
645 484
646 196
647 484
648 900
649 676
650 324
651 484
652 324
653 676
654 676
655 676
656 484
657 676
658 676
659 1156
660 676
661 484
662 900
663 900
664 484
665 1156
666 100
667 196
668 324
669 324
670 676
671 196
672 196
673 676
674 900
675 1156
676 484
677 196
678 196
679 676
680 1156
681 676
682 900
683 676
684 484
685 900
686 676
687 324
688 324
689 324
690 324
691 676
692 900
693 676
694 484
695 484
696 676
697 676
698 100
699 1156
700 676
701 676
702 484
703 1156
704 1444
705 900
706 1156
707 900
708 484
709 900
710 196
711 1156
712 900
713 324
714 484
715 484
716 900
717 676
718 676
719 484
720 484
721 484
722 900
723 1156
724 900
725 100
726 484
727 324
728 196
729 484
730 676
731 676
732 676
733 484
734 196
735 484
736 324
737 484
738 324
739 324
740 484
741 676
742 676
743 676
744 484
745 676
746 676
747 1156
748 1444
749 676
750 324
751 484
752 484
753 196
754 324
755 676
756 900
757 2116
758 1444
759 2116
760 1764
761 900
762 484
763 900
764 196
765 484
766 484
767 484
768 1156
769 900
770 484
771 1156
772 676
773 324
774 484
775 484
776 676
777 484
778 676
779 676
780 1156
781 484
782 484
783 676
784 900
785 324
786 324
787 676
788 484
789 100
790 324
791 676
792 484
793 676
794 484
795 484
796 324
797 484
798 676
799 484
800 484
801 676
802 900
803 324
804 484
805 324
806 676
807 676
808 676
809 676
810 676
811 900
812 676
813 484
814 676
815 676
816 324
817 196
818 484
819 484
820 900
821 484
822 1156
823 196
824 676
825 676
826 676
827 484
828 676
829 324
830 196
831 324
832 324
833 196
834 484
835 484
836 900
837 900
838 484
839 484
840 36
841 484
842 900
843 900
844 484
845 484
846 900
847 1156
848 324
849 900
850 484
851 484
852 324
853 676
854 1156
855 484
856 484
857 484
858 676
859 1764
860 324
861 484
862 676
863 484
864 484
865 1156
866 484
867 196
868 100
869 484
870 484
871 100
872 324
873 100
874 196
875 324
876 196
877 100
878 324
879 900
880 324
881 676
882 324
883 324
884 196
885 324
886 484
887 324
888 900
889 196
890 324
891 324
892 1156
893 900
894 676
895 100
896 676
897 676
898 676
899 484
900 324
901 484
902 900
903 900
904 676
905 900
906 676
907 676
908 1444
909 484
910 900
911 900
912 484
913 484
914 484
915 196
916 484
917 676
918 900
919 676
920 196
921 484
922 324
923 196
924 484
925 676
926 324
927 196
928 196
929 484
930 484
931 196
932 196
933 484
934 484
935 484
936 324
937 324
938 484
939 676
940 676
941 324
942 196
943 484
944 900
945 676
946 484
947 676
948 900
949 676
950 676
951 676
952 484
953 196
954 484
955 196
956 324
957 900
958 1156
959 676
960 1156
961 324
962 484
963 484
964 676
965 324
966 676
967 676
968 900
969 484
970 676
971 676
972 900
973 484
974 100
975 484
976 196
977 676
978 324
979 676
980 324
981 900
982 676
983 484
984 676
985 484
986 676
987 324
988 676
989 900
990 1156
991 900
992 900
993 484
994 676
995 324
996 484
997 324
998 484
999 484
1000 484
1001 36
1002 484
1003 484
1004 324
1005 676
1006 676
1007 676
1008 484
1009 324
1010 100
1011 676
1012 484
1013 484
1014 324
1015 484
1016 676
1017 484
1018 900
1019 1156
1020 484
1021 676
1022 484
1023 36
1024 484
1025 324
1026 484
1027 676
1028 484
1029 196
1030 100
1031 484
1032 484
1033 676
1034 676
1035 484
1036 676
1037 900
1038 484
1039 676
1040 484
1041 900
1042 1156
1043 324
1044 676
1045 324
1046 676
1047 900
1048 484
1049 324
1050 676
1051 676
1052 900
1053 900
1054 676
1055 1156
1056 676
1057 676
1058 1444
1059 900
1060 484
1061 900
1062 676
1063 676
1064 676
1065 900
1066 676
1067 324
1068 900
1069 676
1070 676
1071 900
1072 1156
1073 676
1074 1444
1075 484
1076 900
1077 900
1078 676
1079 484
1080 484
1081 676
1082 484
1083 324
1084 900
1085 676
1086 484
1087 324
1088 196
1089 324
1090 196
1091 484
1092 900
1093 676
1094 100
1095 484
1096 324
1097 676
1098 324
1099 324
1100 484
1101 676
1102 900
1103 196
1104 324
1105 900
1106 324
1107 484
1108 676
1109 900
1110 676
1111 324
1112 676
1113 196
1114 100
1115 324
1116 324
1117 484
1118 324
1119 484
1120 676
1121 324
1122 324
1123 676
1124 324
1125 676
1126 484
1127 484
1128 324
1129 484
1130 196
1131 100
1132 324
1133 100
1134 196
1135 484
1136 196
1137 676
1138 36
1139 324
1140 484
1141 676
1142 900
1143 676
1144 1444
1145 900
1146 100
1147 324
1148 484
1149 324
1150 196
1151 324
1152 324
1153 100
1154 36
1155 484
1156 676
1157 484
1158 676
1159 900
1160 324
1161 484
1162 100
1163 196
1164 676
1165 676
1166 676
1167 900
1168 676
1169 100
1170 484
1171 484
1172 676
1173 900
1174 900
1175 324
1176 484
1177 196
1178 676
1179 484
1180 196
1181 900
1182 324
1183 1156
1184 900
1185 900
1186 1156
1187 484
1188 900
1189 484
1190 484
1191 484
1192 484
1193 900
1194 1156
1195 484
1196 196
1197 100
1198 196
1199 196
1200 676
1201 676
1202 484
1203 484
1204 324
1205 100
1206 324
1207 484
1208 324
1209 900
1210 324
1211 484
1212 676
1213 484
1214 676
1215 324
1216 484
1217 484
1218 676
1219 900
1220 484
1221 324
1222 484
1223 324
1224 676
1225 676
1226 676
1227 196
1228 676
1229 324
1230 196
1231 196
1232 676
1233 676
1234 196
1235 196
1236 324
1237 196
1238 484
1239 484
1240 484
1241 676
1242 1156
1243 196
1244 676
1245 324
1246 900
1247 484
1248 484
1249 324
1250 324
1251 196
1252 324
1253 484
1254 36
1255 196
1256 484
1257 484
1258 484
1259 900
1260 324
1261 484
1262 676
1263 324
1264 1156
1265 1156
1266 676
1267 1444
1268 1444
1269 676
1270 1444
1271 1156
1272 676
1273 900
1274 676
1275 1156
1276 900
1277 324
1278 324
1279 1156
1280 900
1281 484
1282 1156
1283 676
1284 484
1285 484
1286 484
1287 196
1288 484
1289 196
1290 100
1291 324
1292 324
1293 676
1294 676
1295 484
1296 676
1297 676
1298 196
1299 484
1300 324
1301 900
1302 900
1303 484
1304 324
1305 676
1306 484
1307 484
1308 324
1309 324
1310 900
1311 900
1312 676
1313 324
1314 196
1315 196
1316 324
1317 196
1318 324
1319 676
1320 484
1321 484
1322 676
1323 676
1324 676
1325 1156
1326 676
1327 676
1328 324
1329 484
1330 100
1331 4
1332 676
1333 484
1334 900
1335 324
1336 676
1337 900
1338 676
1339 484
1340 324
1341 900
1342 324
1343 484
1344 324
1345 324
1346 484
1347 196
1348 484
1349 484
1350 676
1351 324
1352 900
1353 484
1354 900
1355 676
1356 676
1357 900
1358 1444
1359 676
1360 676
1361 900
1362 1156
1363 676
1364 324
1365 324
1366 324
1367 900
1368 484
1369 196
1370 676
1371 676
1372 324
1373 676
1374 484
1375 324
1376 900
1377 324
1378 324
1379 324
1380 100
1381 900
1382 676
1383 1156
1384 676
1385 900
1386 484
1387 100
1388 324
1389 1444
1390 1444
1391 900
1392 900
1393 484
1394 676
1395 484
1396 324
1397 676
1398 900
1399 324
1400 676
1401 1444
1402 900
1403 900
1404 324
1405 676
1406 484
1407 196
1408 484
1409 324
1410 324
1411 100
1412 676
1413 900
1414 1156
1415 676
1416 324
1417 484
1418 484
1419 324
1420 324
1421 100
1422 324
1423 484
1424 900
1425 676
1426 484
1427 484
1428 676
1429 484
1430 484
1431 484
1432 1156
1433 676
1434 324
1435 196
1436 900
1437 196
1438 484
1439 900
1440 324
1441 676
1442 676
1443 484
1444 484
1445 676
1446 676
1447 484
1448 484
1449 484
1450 484
1451 484
1452 676
1453 484
1454 676
1455 484
1456 900
1457 676
1458 676
1459 196
1460 676
1461 324
1462 484
1463 900
1464 900
1465 900
1466 676
1467 1156
1468 900
1469 1156
1470 676
1471 484
1472 900
1473 676
1474 900
1475 1156
1476 324
1477 324
1478 900
1479 676
1480 196
1481 484
1482 324
1483 196
1484 100
1485 676
1486 484
1487 676
1488 676
1489 484
1490 100
1491 484
1492 324
1493 900
1494 1156
1495 324
1496 900
1497 900
1498 900
1499 676
1500 324
1501 484
1502 676
1503 484
1504 676
1505 676
1506 484
1507 324
1508 900
1509 900
1510 484
1511 484
1512 196
1513 900
1514 676
1515 900
1516 484
1517 484
1518 324
1519 900
1520 484
1521 484
1522 196
1523 324
1524 196
1525 484
1526 676
1527 324
1528 484
1529 676
1530 484
1531 900
1532 900
1533 900
1534 484
1535 1156
1536 484
1537 324
1538 196
1539 676
1540 324
1541 196
1542 324
1543 324
1544 484
1545 324
1546 324
1547 676
1548 484
1549 36
1550 484
1551 900
1552 676
1553 900
1554 484
1555 676
1556 900
1557 900
1558 1156
1559 1156
1560 900
1561 900
1562 676
1563 484
1564 484
1565 900
1566 196
1567 324
1568 196
1569 676
1570 484
1571 676
1572 484
1573 676
1574 900
1575 676
1576 900
1577 484
1578 676
1579 324
1580 676
1581 676
1582 484
1583 484
1584 1156
1585 676
1586 676
1587 484
1588 324
1589 484
1590 196
1591 676
1592 100
1593 324
1594 484
1595 676
1596 900
1597 676
1598 900
1599 676
1600 324
1601 484
1602 484
1603 900
1604 676
1605 484
1606 484
1607 676
1608 484
1609 484
1610 676
1611 900
1612 676
1613 484
1614 676
1615 484
1616 484
1617 484
1618 900
1619 676
1620 484
1621 196
1622 324
1623 900
1624 900
1625 676
1626 196
1627 1156
1628 900
1629 484
1630 676
1631 900
1632 1156
1633 676
1634 324
1635 484
1636 196
1637 484
1638 676
1639 676
1640 484
1641 900
1642 900
1643 900
1644 676
1645 1156
1646 484
1647 484
1648 676
1649 900
1650 484
1651 676
1652 676
1653 484
1654 324
1655 676
1656 100
1657 196
1658 324
1659 1156
1660 484
1661 36
1662 484
1663 676
1664 100
1665 484
1666 676
1667 1444
1668 900
1669 900
1670 676
1671 676
1672 676
1673 36
1674 676
1675 324
1676 324
1677 1156
1678 1156
1679 484
1680 1156
1681 900
1682 324
1683 196
1684 484
1685 900
1686 900
1687 324
1688 484
1689 196
1690 484
1691 196
1692 484
1693 676
1694 196
1695 900
1696 676
1697 484
1698 900
1699 900
1700 900
1701 900
1702 324
1703 324
1704 324
1705 324
1706 676
1707 484
1708 324
1709 100
1710 324
1711 484
1712 676
1713 676
1714 676
1715 900
1716 676
1717 676
1718 900
1719 900
1720 676
1721 676
1722 484
1723 196
1724 484
1725 484
1726 324
1727 676
1728 900
1729 900
1730 1444
1731 1156
1732 1156
1733 1156
1734 1156
1735 324
1736 676
1737 484
1738 676
1739 196
1740 484
1741 484
1742 484
1743 324
1744 484
1745 900
1746 676
1747 676
1748 676
1749 676
1750 484
1751 900
1752 676
1753 900
1754 484
1755 324
1756 324
1757 676
1758 484
1759 484
1760 1156
1761 676
1762 196
1763 484
1764 324
1765 676
1766 900
1767 900
1768 484
1769 484
1770 484
1771 484
1772 324
1773 676
1774 484
1775 196
1776 100
1777 484
1778 676
1779 676
1780 676
1781 324
1782 196
1783 484
1784 196
1785 196
1786 196
1787 196
1788 36
1789 196
1790 900
1791 900
1792 484
1793 1156
1794 1156
1795 676
1796 484
1797 484
1798 1156
1799 1156
1800 484
1801 196
1802 484
1803 484
1804 484
1805 100
1806 676
1807 484
1808 1156
1809 196
1810 196
1811 196
1812 484
1813 324
1814 676
1815 484
1816 676
1817 676
1818 484
1819 676
1820 1156
1821 676
1822 676
1823 676
1824 676
1825 484
1826 324
1827 900
1828 1156
1829 484
1830 484
1831 324
1832 676
1833 900
1834 1156
1835 676
1836 676
1837 676
1838 900
1839 1444
1840 1156
1841 1156
1842 676
1843 900
1844 676
1845 484
1846 324
1847 196
1848 484
1849 484
1850 676
1851 484
1852 676
1853 1156
1854 1156
1855 676
1856 484
1857 676
1858 900
1859 676
1860 484
1861 900
1862 484
1863 484
1864 900
1865 484
1866 676
1867 1444
1868 484
1869 484
1870 196
1871 324
1872 900
1873 900
1874 1156
1875 1156
1876 1156
1877 900
1878 484
1879 900
1880 676
1881 1156
1882 676
1883 900
1884 900
1885 900
1886 324
1887 484
1888 676
1889 324
1890 484
1891 676
1892 676
1893 676
1894 484
1895 900
1896 324
1897 676
1898 676
1899 1444
1900 900
1901 100
1902 324
1903 900
1904 1156
1905 676
1906 900
1907 900
1908 1444
1909 1444
1910 900
1911 484
1912 900
1913 900
1914 676
1915 676
1916 484
1917 196
1918 196
1919 484
1920 484
1921 324
1922 324
1923 196
1924 324
1925 324
1926 676
1927 484
1928 324
1929 900
1930 676
1931 100
1932 484
1933 676
1934 900
1935 484
1936 484
1937 324
1938 324
1939 900
1940 484
1941 324
1942 900
1943 676
1944 484
1945 1156
1946 900
1947 676
1948 484
1949 1444
1950 900
1951 1156
1952 1156
1953 900
1954 900
1955 484
1956 324
1957 484
1958 324
1959 484
1960 484
1961 196
1962 676
1963 324
1964 324
1965 676
1966 484
1967 900
1968 1156
1969 676
1970 1156
1971 1156
1972 900
1973 900
1974 900
1975 676
1976 900
1977 36
1978 324
1979 324
1980 324
1981 196
1982 676
1983 484
1984 900
1985 1156
1986 900
1987 900
1988 324
1989 324
1990 484
1991 900
1992 196
1993 900
1994 676
1995 196
1996 484
1997 676
1998 900
1999 676
2000 676
2001 676
2002 900
2003 324
2004 900
2005 484
2006 484
2007 324
2008 900
2009 1156
2010 676
2011 676
2012 1156
2013 484
2014 1156
2015 676
2016 900
2017 676
2018 676
2019 484
2020 196
2021 676
2022 100
2023 196
2024 900
2025 324
2026 196
2027 484
2028 324
2029 484
2030 196
2031 324
2032 484
2033 324
2034 1156
2035 484
2036 676
2037 900
2038 900
2039 676
2040 900
2041 676
2042 100
2043 484
2044 484
2045 324
2046 484
2047 324
2048 196
2049 900
2050 900
2051 900
2052 900
2053 900
2054 1156
2055 900
2056 676
2057 196
2058 484
2059 324
2060 676
2061 900
2062 676
2063 484
2064 676
2065 324
2066 676
2067 900
2068 676
2069 676
2070 900
2071 900
2072 676
2073 484
2074 676
2075 900
2076 676
2077 676
2078 36
2079 484
2080 900
2081 484
2082 324
2083 196
2084 4
2085 196
2086 100
2087 196
2088 324
2089 324
2090 1156
2091 676
2092 1156
2093 1156
2094 484
2095 484
2096 900
2097 1156
2098 1156
2099 484
2100 676
2101 1156
2102 484
2103 484
2104 676
2105 1156
2106 324
2107 324
2108 900
2109 900
2110 484
2111 484
2112 100
2113 484
2114 196
2115 196
2116 324
2117 484
2118 676
2119 900
2120 900
2121 1156
2122 900
2123 676
2124 324
2125 484
2126 900
2127 1156
2128 1156
2129 676
2130 676
2131 900
2132 676
2133 1156
2134 484
2135 900
2136 900
2137 676
2138 324
2139 676
2140 196
2141 484
2142 484
2143 676
2144 484
2145 324
2146 324
2147 100
2148 324
2149 324
2150 676
2151 484
2152 324
2153 196
2154 484
2155 484
2156 900
2157 196
2158 484
2159 324
2160 484
2161 324
2162 676
2163 484
2164 484
2165 484
2166 676
2167 484
2168 484
2169 676
2170 484
2171 676
2172 900
2173 196
2174 900
2175 1444
2176 484
2177 324
2178 676
2179 676
2180 484
2181 324
2182 100
2183 676
2184 676
2185 324
2186 324
2187 484
2188 484
2189 324
2190 484
2191 196
2192 324
2193 324
2194 484
2195 900
2196 900
2197 196
2198 324
2199 900
2200 676
2201 484
2202 324
2203 676
2204 900
2205 900
2206 676
2207 676
2208 676
2209 484
2210 900
2211 484
2212 900
2213 676
2214 900
2215 484
2216 484
2217 36
2218 324
2219 196
2220 324
2221 196
2222 484
2223 676
2224 676
2225 676
2226 324
2227 324
2228 484
2229 676
2230 676
2231 484
2232 324
2233 324
2234 196
2235 484
2236 484
2237 676
2238 484
2239 676
2240 484
2241 484
2242 484
2243 484
2244 900
2245 900
2246 900
2247 676
2248 900
2249 676
2250 900
2251 324
2252 900
2253 1156
2254 484
2255 900
2256 484
2257 100
2258 324
2259 484
2260 324
2261 324
2262 196
2263 676
2264 900
2265 676
2266 1156
2267 676
2268 324
2269 676
2270 1156
2271 484
2272 484
2273 324
2274 900
2275 1156
2276 900
2277 484
2278 484
2279 484
2280 484
2281 484
2282 196
2283 100
2284 676
2285 484
2286 324
2287 324
2288 484
2289 676
2290 324
2291 900
2292 676
2293 1156
2294 900
2295 1156
2296 676
2297 676
2298 100
2299 196
2300 484
2301 196
2302 484
2303 484
2304 484
2305 484
2306 1156
2307 676
2308 676
2309 484
2310 324
2311 900
2312 196
2313 324
2314 676
2315 676
2316 676
2317 676
2318 900
2319 900
2320 324
2321 484
2322 900
2323 676
2324 484
2325 196
2326 196
2327 100
2328 196
2329 324
2330 900
2331 676
2332 484
2333 100
2334 324
2335 484
2336 484
2337 484
2338 900
2339 324
2340 484
2341 196
2342 324
2343 324
2344 196
2345 900
2346 900
2347 1156
2348 676
2349 900
2350 484
2351 324
2352 196
2353 676
2354 676
2355 324
2356 676
2357 676
2358 484
2359 484
2360 484
2361 900
2362 324
2363 324
2364 484
2365 1156
2366 484
2367 676
2368 676
2369 900
2370 676
2371 676
2372 484
2373 676
2374 484
2375 676
2376 324
2377 484
2378 676
2379 676
2380 196
2381 196
2382 196
2383 484
2384 484
2385 324
2386 324
2387 324
2388 484
2389 484
2390 676
2391 676
2392 676
2393 900
2394 676
2395 324
2396 484
2397 484
2398 484
2399 676
2400 676
2401 676
2402 196
2403 324
2404 484
2405 324
2406 324
2407 484
2408 484
2409 100
2410 196
2411 900
2412 484
2413 484
2414 676
2415 484
2416 100
2417 484
2418 484
2419 324
2420 484
2421 324
2422 324
2423 484
2424 324
2425 676
2426 324
2427 196
2428 196
2429 100
2430 324
2431 484
2432 676
2433 196
2434 484
2435 900
2436 484
2437 900
2438 900
2439 484
2440 676
2441 484
2442 676
2443 900
2444 900
2445 484
2446 900
2447 196
2448 324
2449 36
2450 196
2451 484
2452 324
2453 324
2454 100
2455 324
2456 324
2457 324
2458 484
2459 900
2460 324
2461 484
2462 676
2463 900
2464 324
2465 324
2466 676
2467 324
2468 196
2469 484
2470 484
2471 484
2472 676
2473 324
2474 324
2475 324
2476 324
2477 100
2478 324
2479 676
2480 676
2481 900
2482 1156
2483 676
2484 676
2485 900
2486 900
2487 676
2488 900
2489 900
2490 900
2491 900
2492 676
2493 676
2494 676
2495 900
2496 484
2497 676
2498 900
2499 676
2500 676
2501 324
2502 100
2503 676
2504 676
2505 484
2506 676
2507 676
2508 324
2509 196
2510 676
2511 484
2512 900
2513 484
2514 484
2515 484
2516 196
2517 324
2518 324
2519 484
2520 900
2521 676
2522 324
2523 324
2524 900
2525 196
2526 676
2527 676
2528 484
2529 900
2530 676
2531 324
2532 484
2533 484
2534 676
2535 484
2536 196
2537 676
2538 484
2539 324
2540 484
2541 484
2542 196
2543 196
2544 484
2545 900
2546 676
2547 324
2548 1156
2549 900
2550 324
2551 676
2552 484
2553 484
2554 484
2555 676
2556 324
2557 100
2558 324
2559 676
2560 196
2561 324
2562 36
2563 900
2564 484
2565 676
2566 324
2567 484
2568 900
2569 324
2570 196
2571 484
2572 324
2573 676
2574 324
2575 484
2576 676
2577 676
2578 676
2579 196
2580 484
2581 324
2582 324
2583 484
2584 676
2585 676
2586 1156
2587 900
2588 484
2589 676
2590 900
2591 900
2592 324
2593 484
2594 676
2595 484
2596 676
2597 484
2598 676
2599 676
2600 484
2601 676
2602 484
2603 1156
2604 676
2605 900
2606 676
2607 676
2608 676
2609 676
2610 324
2611 484
2612 900
2613 484
2614 900
2615 324
2616 324
2617 484
2618 36
2619 324
2620 484
2621 196
2622 100
2623 324
2624 196
2625 196
2626 484
2627 676
2628 676
2629 676
2630 676
2631 676
2632 676
2633 676
2634 676
2635 676
2636 900
2637 676
2638 484
2639 196
2640 676
2641 900
2642 676
2643 900
2644 484
2645 900
2646 676
2647 676
2648 484
2649 900
2650 676
2651 1156
2652 196
2653 196
2654 676
2655 484
2656 676
2657 324
2658 484
2659 324
2660 100
2661 484
2662 1444
2663 484
2664 1156
2665 1156
2666 1444
2667 1156
2668 484
2669 324
2670 324
2671 196
2672 100
2673 100
2674 484
2675 324
2676 324
2677 484
2678 196
2679 324
2680 900
2681 484
2682 676
2683 196
2684 484
2685 324
2686 900
2687 1156
2688 1156
2689 484
2690 676
2691 676
2692 900
2693 900
2694 676
2695 1156
2696 676
2697 484
2698 900
2699 676
2700 484
2701 324
2702 196
2703 100
2704 324
2705 324
2706 324
2707 196
2708 676
2709 484
2710 196
2711 324
2712 676
2713 900
2714 1156
2715 324
2716 196
2717 676
2718 484
2719 900
2720 484
2721 36
2722 676
2723 324
2724 484
2725 484
2726 900
2727 324
2728 484
2729 676
2730 900
2731 676
2732 484
2733 676
2734 484
2735 900
2736 676
2737 900
2738 1156
2739 324
2740 324
2741 484
2742 196
2743 676
2744 324
2745 196
2746 900
2747 900
2748 676
2749 1156
2750 900
2751 1156
2752 900
2753 900
2754 484
2755 676
2756 484
2757 196
2758 324
2759 196
2760 1156
2761 900
2762 484
2763 484
2764 676
2765 676
2766 1156
2767 1156
2768 484
2769 484
2770 196
2771 100
2772 324
2773 676
2774 484
2775 484
2776 676
2777 676
2778 484
2779 900
2780 1156
2781 676
2782 484
2783 484
2784 196
2785 676
2786 324
2787 484
2788 676
2789 484
2790 196
2791 900
2792 900
2793 900
2794 484
2795 676
2796 1156
2797 1764
2798 900
2799 676
2800 324
2801 100
2802 324
2803 900
2804 676
2805 324
2806 100
2807 484
2808 484
2809 324
2810 676
2811 676
2812 484
2813 900
2814 1156
2815 1764
2816 676
2817 676
2818 1156
2819 676
2820 324
2821 676
2822 484
2823 484
2824 324
2825 324
2826 676
2827 900
2828 1444
2829 484
2830 900
2831 484
2832 484
2833 900
2834 676
2835 484
2836 484
2837 1156
2838 484
2839 324
2840 100
2841 676
2842 324
2843 196
2844 676
2845 484
2846 676
2847 900
2848 484
2849 484
2850 676
2851 900
2852 1156
2853 324
2854 1156
2855 484
2856 484
2857 324
2858 324
2859 324
2860 484
2861 900
2862 676
2863 324
2864 900
2865 1156
2866 676
2867 900
2868 676
2869 676
2870 324
2871 324
2872 196
2873 324
2874 900
2875 484
2876 324
2877 484
2878 676
2879 324
2880 484
2881 484
2882 484
2883 484
2884 484
2885 676
2886 900
2887 484
2888 900
2889 900
2890 676
2891 900
2892 484
2893 100
2894 36
2895 676
2896 484
2897 900
2898 1156
2899 484
2900 900
2901 676
2902 1156
2903 900
2904 676
2905 900
2906 900
2907 676
2908 484
2909 676
2910 676
2911 484
2912 484
2913 676
2914 676
2915 900
2916 900
2917 324
2918 196
2919 324
2920 196
2921 484
2922 324
2923 484
2924 196
2925 676
2926 196
2927 36
2928 676
2929 196
2930 484
2931 484
2932 676
2933 324
2934 196
2935 484
2936 1156
2937 676
2938 1156
2939 900
2940 484
2941 676
2942 676
2943 484
2944 484
2945 900
2946 484
2947 484
2948 676
2949 676
2950 484
2951 484
2952 1156
2953 900
2954 900
2955 676
2956 676
2957 900
2958 676
2959 676
2960 900
2961 484
2962 196
2963 676
2964 324
2965 484
2966 484
2967 324
2968 484
2969 324
2970 196
2971 196
2972 196
2973 196
2974 324
2975 324
2976 484
2977 676
2978 676
2979 676
2980 900
2981 196
2982 484
2983 324
2984 324
2985 36
2986 900
2987 100
2988 324
2989 484
2990 676
2991 676
2992 1444
2993 1764
2994 900
2995 676
2996 900
2997 1156
2998 676
2999 484
3000 484
3001 196
3002 100
3003 100
3004 484
3005 484
3006 900
3007 676
3008 484
3009 484
3010 324
3011 324
3012 196
3013 676
3014 484
3015 676
3016 484
3017 100
3018 676
3019 900
3020 900
3021 900
3022 676
3023 324
3024 324
3025 484
3026 676
3027 676
3028 676
3029 484
3030 676
3031 900
3032 676
3033 484
3034 676
3035 900
3036 324
3037 676
3038 676
3039 196
3040 676
3041 196
3042 324
3043 324
3044 324
3045 324
3046 676
3047 196
3048 484
3049 1156
3050 1156
3051 676
3052 676
3053 324
3054 900
3055 484
3056 484
3057 676
3058 676
3059 900
3060 900
3061 676
3062 484
3063 1156
3064 1156
3065 484
3066 484
3067 484
3068 676
3069 900
3070 36
3071 900
3072 676
3073 900
3074 676
3075 196
3076 324
3077 484
3078 484
3079 324
3080 324
3081 324
3082 676
3083 900
3084 676
3085 484
3086 484
3087 324
3088 324
3089 196
3090 900
3091 900
3092 900
3093 484
3094 484
3095 676
3096 324
3097 100
3098 1444
3099 484
3100 324
3101 900
3102 900
3103 900
3104 900
3105 324
3106 324
3107 196
3108 484
3109 676
3110 676
3111 324
3112 100
3113 324
3114 484
3115 676
3116 676
3117 324
3118 324
3119 324
3120 484
3121 900
3122 676
3123 676
3124 676
3125 484
3126 484
3127 676
3128 484
3129 484
3130 900
3131 324
3132 676
3133 324
3134 484
3135 484
3136 484
3137 676
3138 196
3139 676
3140 1156
3141 1156
3142 484
3143 676
3144 484
3145 484
3146 324
3147 484
3148 484
3149 484
3150 676
3151 484
3152 676
3153 484
3154 676
3155 484
3156 324
3157 196
3158 900
3159 196
3160 676
3161 484
3162 484
3163 4
3164 484
3165 676
3166 900
3167 1156
3168 900
3169 676
3170 676
3171 676
3172 676
3173 324
3174 484
3175 100
3176 484
3177 196
3178 676
3179 900
3180 676
3181 900
3182 1156
3183 676
3184 676
3185 484
3186 900
3187 324
3188 676
3189 900
3190 676
3191 484
3192 196
3193 676
3194 484
3195 900
3196 1444
3197 900
3198 900
3199 196
3200 900
3201 1444
3202 484
3203 324
3204 484
3205 324
3206 484
3207 324
3208 484
3209 676
3210 484
3211 324
3212 676
3213 196
3214 196
3215 484
3216 196
3217 196
3218 484
3219 676
3220 676
3221 900
3222 484
3223 676
3224 900
3225 676
3226 484
3227 484
3228 324
3229 196
3230 484
3231 324
3232 900
3233 100
3234 196
3235 484
3236 676
3237 900
3238 484
3239 900
3240 900
3241 324
3242 676
3243 1156
3244 1764
3245 676
3246 900
3247 1156
3248 484
3249 484
3250 676
3251 676
3252 1156
3253 900
3254 1156
3255 484
3256 196
3257 324
3258 196
3259 676
3260 900
3261 324
3262 196
3263 100
3264 196
3265 484
3266 676
3267 484
3268 676
3269 324
3270 484
3271 196
3272 676
3273 900
3274 676
3275 324
3276 100
3277 324
3278 676
3279 676
3280 324
3281 100
3282 484
3283 484
3284 484
3285 676
3286 196
3287 676
3288 676
3289 676
3290 676
3291 676
3292 324
3293 324
3294 484
3295 900
3296 1156
3297 676
3298 484
3299 324
3300 324
3301 100
3302 324
3303 484
3304 900
3305 196
3306 324
3307 196
3308 900
3309 484
3310 900
3311 900
3312 900
3313 900
3314 324
3315 900
3316 676
3317 1156
3318 1444
3319 1156
3320 484
3321 100
3322 900
3323 1156
3324 324
3325 4
3326 1156
3327 676
3328 324
3329 484
3330 324
3331 484
3332 484
3333 676
3334 900
3335 484
3336 676
3337 676
3338 196
3339 484
3340 324
3341 484
3342 484
3343 900
3344 484
3345 676
3346 36
3347 900
3348 1156
3349 676
3350 676
3351 676
3352 484
3353 324
3354 676
3355 676
3356 324
3357 676
3358 196
3359 676
3360 484
3361 676
3362 676
3363 900
3364 900
3365 900
3366 324
3367 100
3368 196
3369 676
3370 324
3371 36
3372 676
3373 484
3374 484
3375 484
3376 484
3377 324
3378 676
3379 484
3380 900
3381 676
3382 324
3383 324
3384 484
3385 484
3386 484
3387 484
3388 676
3389 900
3390 484
3391 900
3392 1156
3393 900
3394 324
3395 324
3396 676
3397 324
3398 900
3399 900
3400 484
3401 900
3402 900
3403 100
3404 324
3405 484
3406 900
3407 484
3408 484
3409 676
3410 900
3411 900
3412 900
3413 1156
3414 484
3415 484
3416 1156
3417 676
3418 900
3419 676
3420 324
3421 900
3422 900
3423 1156
3424 676
3425 484
3426 676
3427 900
3428 324
3429 484
3430 484
3431 324
3432 676
3433 900
3434 484
3435 324
3436 484
3437 324
3438 900
3439 900
3440 676
3441 484
3442 484
3443 676
3444 676
3445 484
3446 196
3447 324
3448 4
3449 484
3450 900
3451 1156
3452 900
3453 484
3454 900
3455 676
3456 676
3457 484
3458 676
3459 900
3460 324
3461 324
3462 484
3463 676
3464 324
3465 324
3466 196
3467 484
3468 324
3469 100
3470 484
3471 484
3472 196
3473 676
3474 1156
3475 900
3476 900
3477 484
3478 324
3479 676
3480 324
3481 676
3482 324
3483 196
3484 324
3485 900
3486 676
3487 324
3488 676
3489 1156
3490 676
3491 900
3492 484
3493 900
3494 676
3495 196
3496 676
3497 484
3498 900
3499 1764
3500 1156
3501 324
3502 324
3503 324
3504 484
3505 676
3506 900
3507 1156
3508 484
3509 484
3510 196
3511 324
3512 324
3513 324
3514 484
3515 324
3516 676
3517 900
3518 676
3519 196
3520 900
3521 484
3522 676
3523 1156
3524 900
3525 484
3526 676
3527 676
3528 196
3529 1156
3530 484
3531 676
3532 900
3533 196
3534 324
3535 1156
3536 900
3537 196
3538 484
3539 676
3540 196
3541 484
3542 676
3543 324
3544 324
3545 36
3546 100
3547 900
3548 196
3549 484
3550 676
3551 676
3552 484
3553 1156
3554 1156
3555 1764
3556 900
3557 1444
3558 676
3559 1156
3560 676
3561 676
3562 1444
3563 1444
3564 900
3565 484
3566 676
3567 900
3568 484
3569 484
3570 196
3571 100
3572 324
3573 1156
3574 900
3575 484
3576 484
3577 676
3578 484
3579 676
3580 900
3581 484
3582 196
3583 324
3584 484
3585 900
3586 676
3587 676
3588 324
3589 324
3590 676
3591 676
3592 676
3593 484
3594 484
3595 196
3596 324
3597 324
3598 324
3599 484
3600 484
3601 324
3602 100
3603 324
3604 900
3605 484
3606 676
3607 900
3608 676
3609 484
3610 324
3611 676
3612 484
3613 900
3614 900
3615 900
3616 676
3617 484
3618 196
3619 484
3620 484
3621 676
3622 324
3623 100
3624 324
3625 484
3626 676
3627 324
3628 196
3629 676
3630 676
3631 676
3632 196
3633 196
3634 324
3635 676
3636 676
3637 900
3638 900
3639 676
3640 1156
3641 484
3642 676
3643 484
3644 324
3645 484
3646 324
3647 324
3648 676
3649 900
3650 900
3651 1156
3652 1156
3653 324
3654 676
3655 484
3656 676
3657 196
3658 676
3659 900
3660 484
3661 196
3662 484
3663 324
3664 676
3665 1156
3666 484
3667 676
3668 900
3669 484
3670 676
3671 900
3672 900
3673 324
3674 324
3675 196
3676 484
3677 324
3678 676
3679 676
3680 484
3681 324
3682 484
3683 900
3684 196
3685 676
3686 900
3687 676
3688 484
3689 196
3690 324
3691 100
3692 484
3693 324
3694 324
3695 900
3696 676
3697 676
3698 196
3699 484
3700 484
3701 676
3702 1156
3703 1156
3704 676
3705 36
3706 324
3707 676
3708 900
3709 324
3710 900
3711 484
3712 676
3713 100
3714 1156
3715 900
3716 900
3717 900
3718 900
3719 484
3720 676
3721 676
3722 324
3723 676
3724 196
3725 676
3726 484
3727 1156
3728 484
3729 324
3730 676
3731 484
3732 196
3733 676
3734 196
3735 484
3736 484
3737 676
3738 100
3739 484
3740 324
3741 484
3742 900
3743 196
3744 676
3745 1156
3746 900
3747 676
3748 484
3749 484
3750 196
3751 324
3752 484
3753 676
3754 900
3755 900
3756 900
3757 1444
3758 900
3759 484
3760 676
3761 900
3762 484
3763 676
3764 900
3765 324
3766 100
3767 100
3768 196
3769 196
3770 324
3771 324
3772 484
3773 900
3774 324
3775 676
3776 484
3777 484
3778 900
3779 900
3780 900
3781 676
3782 484
3783 1156
3784 900
3785 1156
3786 484
3787 196
3788 324
3789 324
3790 676
3791 324
3792 484
3793 676
3794 324
3795 484
3796 676
3797 324
3798 196
3799 196
3800 676
3801 676
3802 324
3803 676
3804 484
3805 196
3806 676
3807 676
3808 676
3809 484
3810 324
3811 196
3812 484
3813 484
3814 484
3815 676
3816 484
3817 1156
3818 484
3819 484
3820 196
3821 484
3822 36
3823 676
3824 196
3825 324
3826 196
3827 484
3828 484
3829 676
3830 484
3831 676
3832 676
3833 484
3834 484
3835 676
3836 484
3837 484
3838 676
3839 900
3840 1444
3841 900
3842 324
3843 484
3844 1156
3845 676
3846 196
3847 676
3848 484
3849 324
3850 196
3851 324
3852 484
3853 676
3854 324
3855 196
3856 100
3857 676
3858 324
3859 484
3860 900
3861 484
3862 484
3863 676
3864 324
3865 676
3866 324
3867 324
3868 676
3869 1156
3870 676
3871 484
3872 484
3873 324
3874 324
3875 676
3876 676
3877 484
3878 324
3879 324
3880 676
3881 484
3882 196
3883 324
3884 676
3885 676
3886 484
3887 900
3888 900
3889 900
3890 324
3891 324
3892 36
3893 324
3894 484
3895 324
3896 676
3897 324
3898 900
3899 484
3900 676
3901 676
3902 676
3903 324
3904 484
3905 900
3906 676
3907 676
3908 324
3909 324
3910 676
3911 676
3912 484
3913 484
3914 324
3915 676
3916 324
3917 324
3918 324
3919 36
3920 484
3921 676
3922 324
3923 484
3924 676
3925 676
3926 484
3927 484
3928 324
3929 324
3930 676
3931 900
3932 484
3933 484
3934 484
3935 324
3936 324
3937 484
3938 196
3939 196
3940 484
3941 676
3942 1156
3943 676
3944 676
3945 196
3946 676
3947 484
3948 900
3949 484
3950 1156
3951 1156
3952 676
3953 676
3954 324
3955 676
3956 484
3957 484
3958 196
3959 196
3960 676
3961 484
3962 484
3963 484
3964 676
3965 1156
3966 900
3967 484
3968 324
3969 676
3970 484
3971 900
3972 676
3973 676
3974 324
3975 484
3976 196
3977 100
3978 100
3979 196
3980 324
3981 484
3982 324
3983 196
3984 196
3985 100
3986 484
3987 324
3988 676
3989 484
3990 676
3991 484
3992 100
3993 484
3994 196
3995 484
3996 900
3997 484
3998 676
3999 196
4000 196
4001 100
4002 324
4003 484
4004 676
4005 1444
4006 900
4007 324
4008 676
4009 324
4010 324
4011 484
4012 900
4013 676
4014 324
4015 676
4016 324
4017 324
4018 324
4019 196
4020 484
4021 484
4022 196
4023 100
4024 36
4025 324
4026 196
4027 100
4028 484
4029 484
4030 324
4031 196
4032 4
4033 196
4034 324
4035 196
4036 676
4037 676
4038 900
4039 676
4040 484
4041 196
4042 196
4043 324
4044 196
4045 484
4046 196
4047 324
4048 484
4049 484
4050 324
4051 196
4052 100
4053 196
4054 676
4055 484
4056 324
4057 484
4058 484
4059 900
4060 324
4061 196
4062 196
4063 324
4064 484
4065 676
4066 324
4067 100
4068 100
4069 1156
4070 1444
4071 1156
4072 1156
4073 676
4074 900
4075 900
4076 676
4077 900
4078 324
4079 484
4080 324
4081 676
4082 900
4083 900
4084 676
4085 484
4086 900
4087 676
4088 484
4089 900
4090 900
4091 1444
4092 676
4093 196
4094 676
4095 484
4096 484
4097 676
4098 484
4099 676
4100 484
4101 324
4102 484
4103 324
4104 324
4105 676
4106 324
4107 484
4108 900
4109 484
4110 676
4111 324
4112 900
4113 324
4114 196
4115 484
4116 676
4117 900
4118 324
4119 100
4120 676
4121 36
4122 484
4123 196
4124 484
4125 484
4126 900
4127 900
4128 484
4129 676
4130 1156
4131 676
4132 676
4133 196
4134 900
4135 900
4136 676
4137 324
4138 196
4139 324
4140 324
4141 324
4142 484
4143 676
4144 676
4145 484
4146 484
4147 676
4148 900
4149 1156
4150 676
4151 900
4152 676
4153 676
4154 676
4155 484
4156 484
4157 484
4158 484
4159 484
4160 900
4161 676
4162 676
4163 900
4164 484
4165 900
4166 484
4167 196
4168 4
4169 324
4170 484
4171 484
4172 196
4173 484
4174 484
4175 484
4176 1444
4177 676
4178 324
4179 484
4180 484
4181 324
4182 484
4183 676
4184 484
4185 676
4186 676
4187 900
4188 900
4189 484
4190 676
4191 900
4192 900
4193 676
4194 324
4195 324
4196 484
4197 196
4198 324
4199 100
4200 36
4201 484
4202 676
4203 900
4204 484
4205 324
4206 900
4207 676
4208 900
4209 900
4210 900
4211 900
4212 676
4213 36
4214 324
4215 324
4216 676
4217 676
4218 484
4219 1156
4220 900
4221 900
4222 484
4223 324
4224 484
4225 484
4226 484
4227 676
4228 900
4229 1156
4230 1156
4231 484
4232 484
4233 900
4234 484
4235 900
4236 900
4237 900
4238 676
4239 900
4240 900
4241 676
4242 100
4243 676
4244 900
4245 324
4246 196
4247 36
4248 196
4249 324
4250 100
4251 196
4252 196
4253 676
4254 484
4255 196
4256 36
4257 900
4258 900
4259 324
4260 484
4261 900
4262 1156
4263 1156
4264 900
4265 324
4266 484
4267 324
4268 100
4269 324
4270 484
4271 324
4272 676
4273 676
4274 484
4275 484
4276 676
4277 676
4278 900
4279 900
4280 676
4281 900
4282 324
4283 484
4284 676
4285 1444
4286 676
4287 484
4288 676
4289 1444
4290 900
4291 1444
4292 900
4293 676
4294 900
4295 676
4296 324
4297 324
4298 324
4299 324
4300 324
4301 1156
4302 676
4303 1156
4304 676
4305 484
4306 36
4307 196
4308 100
4309 324
4310 196
4311 4
4312 484
4313 676
4314 676
4315 196
4316 196
4317 900
4318 196
4319 676
4320 324
4321 484
4322 900
4323 484
4324 324
4325 324
4326 900
4327 484
4328 676
4329 1444
4330 676
4331 676
4332 676
4333 900
4334 676
4335 196
4336 676
4337 196
4338 484
4339 196
4340 100
4341 196
4342 676
4343 324
4344 900
4345 100
4346 100
4347 324
4348 324
4349 196
4350 100
4351 324
4352 676
4353 676
4354 1156
4355 676
4356 484
4357 676
4358 676
4359 900
4360 484
4361 484
4362 196
4363 676
4364 1156
4365 484
4366 484
4367 900
4368 484
4369 484
4370 676
4371 324
4372 484
4373 900
4374 900
4375 676
4376 324
4377 36
4378 324
4379 676
4380 324
4381 900
4382 1156
4383 676
4384 324
4385 676
4386 4
4387 484
4388 900
4389 484
4390 676
4391 484
4392 100
4393 324
4394 900
4395 324
4396 324
4397 484
4398 900
4399 324
4400 484
4401 900
4402 676
4403 900
4404 676
4405 484
4406 900
4407 900
4408 676
4409 676
4410 196
4411 196
4412 324
4413 484
4414 196
4415 676
4416 484
4417 484
4418 676
4419 900
4420 324
4421 676
4422 484
4423 484
4424 676
4425 484
4426 676
4427 324
4428 676
4429 484
4430 1156
4431 900
4432 900
4433 676
4434 36
4435 36
4436 196
4437 900
4438 900
4439 900
4440 900
4441 484
4442 900
4443 484
4444 324
4445 484
4446 900
4447 324
4448 900
4449 900
4450 900
4451 324
4452 324
4453 900
4454 324
4455 484
4456 676
4457 324
4458 484
4459 676
4460 1156
4461 324
4462 676
4463 676
4464 484
4465 324
4466 484
4467 484
4468 484
4469 484
4470 676
4471 676
4472 900
4473 1156
4474 676
4475 1156
4476 1156
4477 324
4478 100
4479 484
4480 676
4481 484
4482 324
4483 484
4484 196
4485 484
4486 676
4487 100
4488 900
4489 900
4490 676
4491 484
4492 676
4493 676
4494 484
4495 484
4496 1156
4497 900
4498 484
4499 324
4500 1156
4501 1156
4502 676
4503 324
4504 676
4505 324
4506 324
4507 324
4508 36
4509 196
4510 324
4511 676
4512 484
4513 900
4514 484
4515 676
4516 484
4517 1156
4518 900
4519 676
4520 484
4521 324
4522 324
4523 676
4524 196
4525 324
4526 484
4527 324
4528 676
4529 324
4530 1156
4531 676
4532 196
4533 900
4534 1156
4535 676
4536 484
4537 900
4538 900
4539 484
4540 484
4541 484
4542 676
4543 1444
4544 676
4545 1156
4546 1156
4547 676
4548 1156
4549 676
4550 676
4551 676
4552 676
4553 900
4554 484
4555 1156
4556 900
4557 324
4558 900
4559 676
4560 676
4561 900
4562 676
4563 324
4564 900
4565 900
4566 900
4567 484
4568 484
4569 484
4570 484
4571 676
4572 900
4573 484
4574 196
4575 484
4576 324
4577 484
4578 484
4579 676
4580 324
4581 324
4582 676
4583 100
4584 100
4585 100
4586 484
4587 676
4588 900
4589 484
4590 484
4591 324
4592 676
4593 196
4594 324
4595 196
4596 484
4597 324
4598 100
4599 196
4600 100
4601 484
4602 324
4603 324
4604 484
4605 484
4606 1156
4607 1156
4608 900
4609 676
4610 900
4611 1156
4612 676
4613 676
4614 324
4615 196
4616 900
4617 1444
4618 900
4619 676
4620 900
4621 676
4622 676
4623 1156
4624 324
4625 676
4626 900
4627 900
4628 484
4629 484
4630 676
4631 900
4632 900
4633 676
4634 1156
4635 676
4636 676
4637 324
4638 1156
4639 1156
4640 900
4641 484
4642 484
4643 676
4644 324
4645 196
4646 324
4647 324
4648 196
4649 484
4650 36
4651 484
4652 484
4653 676
4654 900
4655 676
4656 1156
4657 196
4658 484
4659 676
4660 676
4661 484
4662 36
4663 484
4664 900
4665 484
4666 1156
4667 676
4668 676
4669 196
4670 324
4671 484
4672 324
4673 676
4674 324
4675 196
4676 324
4677 676
4678 900
4679 900
4680 900
4681 484
4682 484
4683 484
4684 900
4685 900
4686 900
4687 324
4688 196
4689 324
4690 676
4691 484
4692 196
4693 900
4694 676
4695 1444
4696 900
4697 484
4698 1156
4699 324
4700 484
4701 484
4702 900
4703 484
4704 900
4705 900
4706 676
4707 484
4708 900
4709 324
4710 484
4711 676
4712 676
4713 484
4714 1156
4715 1156
4716 676
4717 676
4718 324
4719 484
4720 196
4721 484
4722 484
4723 324
4724 196
4725 676
4726 676
4727 900
4728 100
4729 484
4730 324
4731 676
4732 484
4733 484
4734 484
4735 676
4736 676
4737 1156
4738 900
4739 324
4740 900
4741 484
4742 676
4743 1156
4744 676
4745 484
4746 196
4747 36
4748 676
4749 1156
4750 1764
4751 1764
4752 1444
4753 676
4754 324
4755 900
4756 324
4757 100
4758 324
4759 900
4760 324
4761 676
4762 676
4763 484
4764 324
4765 484
4766 484
4767 484
4768 196
4769 484
4770 484
4771 324
4772 676
4773 484
4774 484
4775 324
4776 676
4777 900
4778 1156
4779 676
4780 676
4781 196
4782 484
4783 484
4784 324
4785 484
4786 484
4787 484
4788 676
4789 1156
4790 900
4791 484
4792 196
4793 484
4794 676
4795 484
4796 324
4797 196
4798 900
4799 484
4800 676
4801 676
4802 900
4803 484
4804 324
4805 1444
4806 1156
4807 1156
4808 676
4809 676
4810 100
4811 676
4812 196
4813 324
4814 484
4815 676
4816 676
4817 900
4818 676
4819 676
4820 36
4821 676
4822 484
4823 676
4824 676
4825 676
4826 324
4827 196
4828 324
4829 100
4830 900
4831 484
4832 900
4833 484
4834 1156
4835 484
4836 484
4837 484
4838 484
4839 676
4840 324
4841 324
4842 484
4843 484
4844 196
4845 484
4846 324
4847 676
4848 900
4849 324
4850 324
4851 324
4852 484
4853 196
4854 484
4855 100
4856 324
4857 676
4858 324
4859 676
4860 484
4861 324
4862 900
4863 676
4864 484
4865 324
4866 324
4867 484
4868 676
4869 100
4870 484
4871 484
4872 676
4873 900
4874 676
4875 484
4876 484
4877 484
4878 484
4879 676
4880 900
4881 900
4882 900
4883 900
4884 676
4885 324
4886 900
4887 484
4888 676
4889 324
4890 484
4891 676
4892 1156
4893 484
4894 196
4895 484
4896 484
4897 484
4898 324
4899 196
4900 196
4901 676
4902 1156
4903 676
4904 484
4905 100
4906 676
4907 900
4908 484
4909 484
4910 1156
4911 900
4912 900
4913 100
4914 196
4915 196
4916 676
4917 900
4918 324
4919 324
4920 484
4921 324
4922 196
4923 196
4924 484
4925 900
4926 676
4927 676
4928 196
4929 484
4930 676
4931 900
4932 676
4933 196
4934 324
4935 484
4936 324
4937 484
4938 676
4939 676
4940 900
4941 484
4942 484
4943 196
4944 100
4945 484
4946 484
4947 676
4948 196
4949 324
4950 36
4951 324
4952 196
4953 484
4954 196
4955 484
4956 324
4957 484
4958 484
4959 324
4960 676
4961 196
4962 676
4963 484
4964 676
4965 900
4966 324
4967 324
4968 100
4969 196
4970 196
4971 324
4972 484
4973 676
4974 324
4975 900
4976 484
4977 676
4978 484
4979 484
4980 676
4981 324
4982 484
4983 196
4984 484
4985 676
4986 484
4987 484
4988 900
4989 196
4990 196
4991 484
4992 676
4993 676
4994 900
4995 676
4996 484
4997 484
4998 676
4999 484
5000 196
