1 2
2 8
3 10
4 10
5 14
6 28
7 18
8 4
9 2
10 10
11 0
12 6
13 -2
14 2
15 14
16 22
17 4
18 12
19 2
20 -2
21 0
22 8
23 8
24 14
25 16
26 0
27 10
28 8
29 24
30 16
31 22
32 16
33 40
34 30
35 14
36 6
37 8
38 6
39 10
40 6
41 6
42 12
43 4
44 6
45 12
46 -12
47 -18
48 -12
49 -10
50 4
51 6
52 0
53 -2
54 6
55 4
56 4
57 4
58 16
59 10
60 2
61 6
62 2
63 8
64 0
65 4
66 12
67 10
68 10
69 0
70 14
71 10
72 10
73 10
74 8
75 0
76 -4
77 6
78 8
79 4
80 4
81 2
82 0
83 -24
84 -22
85 -22
86 0
87 0
88 -4
89 10
90 4
91 10
92 2
93 -10
94 -18
95 -10
96 -4
97 -4
98 0
99 4
100 2
101 12
102 18
103 6
104 2
105 8
106 14
107 6
108 20
109 20
110 22
111 20
112 36
113 20
114 22
115 14
116 18
117 0
118 4
119 -8
120 -8
121 -4
122 2
123 8
124 10
125 2
126 -2
127 2
128 -4
129 -2
130 -2
131 -4
132 4
133 10
134 6
135 -4
136 -6
137 -8
138 -8
139 0
140 2
141 -8
142 0
143 -2
144 -4
145 -8
146 -6
147 -2
148 0
149 -6
150 -16
151 -10
152 -12
153 -2
154 -10
155 -18
156 -20
157 -20
158 -18
159 -20
160 -14
161 -6
162 -4
163 0
164 -10
165 -2
166 -4
167 6
168 2
169 2
170 8
171 -6
172 -6
173 8
174 14
175 18
176 22
177 12
178 6
179 18
180 4
181 8
182 12
183 22
184 24
185 16
186 2
187 8
188 10
189 6
190 -6
191 -12
192 -14
193 -18
194 -2
195 2
196 -10
197 -8
198 -4
199 -12
200 -22
201 -10
202 -12
203 -12
204 -16
205 -8
206 -8
207 6
208 8
209 -4
210 0
211 -6
212 -8
213 -10
214 -6
215 0
216 -8
217 -8
218 -4
219 -4
220 -6
221 -6
222 -8
223 -12
224 -10
225 10
226 14
227 14
228 4
229 -8
230 -8
231 -8
232 -10
233 -14
234 -12
235 4
236 8
237 12
238 16
239 18
240 14
241 8
242 14
243 30
244 20
245 10
246 6
247 10
248 4
249 -2
250 -2
251 -2
252 -8
253 -12
254 -18
255 -20
256 -18
257 -4
258 -2
259 -2
260 -10
261 -6
262 -10
263 -6
264 -2
265 2
266 0
267 0
268 -4
269 6
270 8
271 -8
272 0
273 -12
274 -6
275 -10
276 -20
277 -14
278 -10
279 0
280 -12
281 0
282 0
283 0
284 -8
285 -10
286 0
287 2
288 6
289 14
290 10
291 12
292 6
293 6
294 -10
295 -4
296 -6
297 6
298 10
299 10
300 6
301 -4
302 -12
303 2
304 8
305 16
306 16
307 18
308 6
309 10
310 18
311 12
312 2
313 4
314 8
315 16
316 10
317 2
318 4
319 8
320 16
321 18
322 8
323 14
324 8
325 8
326 6
327 4
328 10
329 6
330 12
331 6
332 4
333 2
334 8
335 14
336 14
337 2
338 -2
339 -6
340 -10
341 -8
342 6
343 16
344 8
345 2
346 8
347 10
348 12
349 10
350 0
351 -6
352 -8
353 -4
354 -6
355 -10
356 -4
357 -4
358 -2
359 -16
360 -6
361 0
362 -2
363 -2
364 12
365 12
366 0
367 -12
368 -2
369 -6
370 -6
371 2
372 2
373 6
374 -2
375 -2
376 -6
377 -12
378 -16
379 -14
380 -12
381 -6
382 -12
383 -12
384 -4
385 -8
386 4
387 8
388 -8
389 6
390 10
391 -2
392 2
393 10
394 -2
395 -8
396 -12
397 -18
398 -12
399 -14
400 -18
401 -26
402 -12
403 -12
404 -16
405 -14
406 -8
407 -6
408 -6
409 -18
410 -16
411 -12
412 -8
413 -12
414 -6
415 -4
416 -4
417 -2
418 -10
419 -20
420 -18
421 -24
422 -8
423 0
424 -6
425 -8
426 -18
427 -12
428 -14
429 -16
430 -14
431 -18
432 -12
433 -4
434 0
435 -8
436 -6
437 -8
438 -4
439 2
440 -4
441 6
442 16
443 12
444 6
445 -6
446 8
447 -6
448 -10
449 -4
450 2
451 -4
452 4
453 10
454 14
455 18
456 22
457 22
458 22
459 14
460 6
461 -2
462 4
463 4
464 0
465 4
466 20
467 22
468 14
469 12
470 14
471 10
472 2
473 4
474 6
475 2
476 6
477 10
478 -2
479 -20
480 0
481 0
482 4
483 8
484 12
485 6
486 0
487 -8
488 8
489 -4
490 -8
491 -8
492 2
493 -6
494 -10
495 -14
496 -18
497 -24
498 -16
499 -8
500 -2
501 -2
502 -6
503 -4
504 0
505 0
506 12
507 -2
508 -2
509 4
510 12
511 -8
512 -6
513 -10
514 -12
515 0
516 4
517 6
518 2
519 2
520 4
521 10
522 2
523 2
524 6
525 -2
526 -16
527 -18
528 -16
529 -6
530 -8
531 -6
532 -4
533 -10
534 -10
535 -2
536 6
537 2
538 10
539 18
540 14
541 12
542 10
543 8
544 -2
545 0
546 8
547 18
548 0
549 -8
550 2
551 -6
552 -10
553 -12
554 -22
555 -26
556 -14
557 -20
558 -14
559 -2
560 6
561 6
562 2
563 -4
564 -6
565 6
566 12
567 10
568 -8
569 -14
570 -20
571 -18
572 -20
573 -14
574 0
575 -22
576 -20
577 -26
578 -14
579 -20
580 -12
581 -2
582 -8
583 -12
584 -8
585 -10
586 -12
587 -18
588 -10
589 -8
590 -4
591 -10
592 -4
593 6
594 4
595 -14
596 -2
597 -10
598 -4
599 -8
600 -14
601 0
602 6
603 -6
604 -6
605 0
606 4
607 18
608 16
609 14
610 14
611 8
612 16
613 22
614 24
615 22
616 6
617 -2
618 -18
619 -18
620 -16
621 -2
622 -8
623 -8
624 -12
625 -4
626 -22
627 -14
628 -6
629 -20
630 -24
631 -16
632 -2
633 -8
634 -18
635 -8
636 -6
637 8
638 12
639 2
640 8
641 12
642 8
643 4
644 8
645 16
646 12
647 6
648 2
649 12
650 4
651 8
652 14
653 12
654 12
655 14
656 18
657 20
658 12
659 14
660 14
661 6
662 12
663 10
664 2
665 -2
666 -10
667 -2
668 -8
669 4
670 2
671 0
672 4
673 6
674 -6
675 -10
676 0
677 -8
678 -6
679 16
680 18
681 10
682 6
683 12
684 12
685 4
686 -8
687 -2
688 2
689 -6
690 0
691 0
692 6
693 14
694 16
695 12
696 12
697 14
698 6
699 -4
700 -4
701 8
702 2
703 14
704 18
705 18
706 16
707 6
708 4
709 10
710 -2
711 -2
712 -6
713 -10
714 -8
715 -12
716 -2
717 -2
718 -14
719 -14
720 -20
721 -18
722 -20
723 -20
724 -12
725 -14
726 -12
727 -4
728 4
729 6
730 0
731 -4
732 -16
733 -12
734 -10
735 8
736 14
737 6
738 0
739 -10
740 -4
741 -2
742 2
743 -14
744 -14
745 -10
746 -6
747 0
748 8
749 2
750 -2
751 6
752 -6
753 6
754 12
755 24
756 38
757 46
758 40
759 48
760 46
761 40
762 30
763 24
764 20
765 14
766 14
767 22
768 22
769 16
770 12
771 10
772 10
773 12
774 2
775 2
776 -10
777 -2
778 0
779 8
780 20
781 12
782 2
783 14
784 20
785 18
786 18
787 10
788 2
789 -6
790 6
791 12
792 -6
793 -8
794 -14
795 -22
796 -12
797 -18
798 -12
799 -8
800 4
801 4
802 12
803 8
804 10
805 14
806 16
807 18
808 20
809 22
810 8
811 2
812 -4
813 2
814 -14
815 -2
816 -10
817 -12
818 -22
819 -14
820 -14
821 -6
822 -10
823 -10
824 -10
825 -10
826 -16
827 -14
828 -16
829 -4
830 2
831 -18
832 -24
833 -6
834 -2
835 2
836 0
837 -2
838 -4
839 4
840 8
841 0
842 -10
843 -16
844 -10
845 -10
846 0
847 -4
848 -4
849 0
850 6
851 2
852 -8
853 -4
854 -6
855 -2
856 0
857 -4
858 0
859 8
860 2
861 26
862 28
863 18
864 22
865 22
866 18
867 8
868 4
869 -4
870 12
871 -4
872 4
873 6
874 -4
875 0
876 10
877 18
878 6
879 4
880 -10
881 -16
882 -12
883 -8
884 -8
885 0
886 8
887 16
888 10
889 10
890 6
891 -2
892 -2
893 8
894 10
895 4
896 6
897 2
898 4
899 12
900 2
901 4
902 -8
903 10
904 2
905 -6
906 -4
907 -4
908 -8
909 -10
910 -8
911 -2
912 -12
913 -8
914 -4
915 0
916 0
917 -2
918 4
919 16
920 10
921 12
922 18
923 20
924 20
925 14
926 18
927 12
928 2
929 -8
930 -6
931 -10
932 -4
933 4
934 -2
935 -6
936 -10
937 -14
938 -12
939 -14
940 -4
941 -16
942 -20
943 -12
944 -8
945 4
946 0
947 0
948 0
949 2
950 16
951 6
952 10
953 10
954 12
955 8
956 4
957 14
958 10
959 14
960 16
961 0
962 -6
963 4
964 -4
965 4
966 4
967 12
968 18
969 8
970 24
971 22
972 18
973 6
974 4
975 12
976 -2
977 -6
978 -2
979 -10
980 -8
981 -6
982 4
983 2
984 10
985 2
986 8
987 2
988 -2
989 10
990 2
991 0
992 -2
993 2
994 0
995 -2
996 -10
997 -6
998 4
999 14
1000 18
1001 14
1002 -8
1003 -14
1004 -6
1005 -12
1006 -22
1007 -20
1008 -4
1009 0
1010 -14
1011 -12
1012 0
1013 -4
1014 -16
1015 -8
1016 -10
1017 -4
1018 -16
1019 -18
1020 -14
1021 -18
1022 -10
1023 6
1024 0
1025 -6
1026 -10
1027 -12
1028 4
1029 -4
1030 -6
1031 -4
1032 0
1033 -2
1034 8
1035 12
1036 -2
1037 -2
1038 -2
1039 -6
1040 -2
1041 8
1042 10
1043 -2
1044 -4
1045 4
1046 4
1047 4
1048 12
1049 4
1050 -18
1051 -10
1052 -8
1053 -6
1054 -12
1055 -12
1056 -6
1057 -2
1058 10
1059 2
1060 10
1061 14
1062 -4
1063 -16
1064 -20
1065 -24
1066 -14
1067 -14
1068 -22
1069 -4
1070 -4
1071 2
1072 -12
1073 -8
1074 -14
1075 -10
1076 -16
1077 -22
1078 -22
1079 -6
1080 -12
1081 -4
1082 4
1083 -2
1084 -12
1085 -16
1086 -12
1087 -8
1088 -12
1089 -8
1090 8
1091 6
1092 2
1093 -2
1094 -2
1095 -4
1096 -8
1097 -6
1098 4
1099 4
1100 -2
1101 2
1102 6
1103 14
1104 10
1105 12
1106 10
1107 16
1108 26
1109 28
1110 24
1111 8
1112 8
1113 14
1114 14
1115 14
1116 0
1117 6
1118 14
1119 16
1120 14
1121 18
1122 -2
1123 -26
1124 -20
1125 -20
1126 -10
1127 6
1128 -2
1129 -4
1130 8
1131 6
1132 6
1133 2
1134 6
1135 -4
1136 2
1137 4
1138 0
1139 -8
1140 -6
1141 -10
1142 -12
1143 -2
1144 -14
1145 -12
1146 -2
1147 10
1148 2
1149 0
1150 -6
1151 -2
1152 -4
1153 2
1154 -6
1155 -20
1156 -12
1157 -16
1158 -14
1159 -20
1160 -14
1161 8
1162 -2
1163 2
1164 -6
1165 -4
1166 4
1167 4
1168 4
1169 -8
1170 -2
1171 -8
1172 -6
1173 -6
1174 0
1175 0
1176 -14
1177 -14
1178 -16
1179 -16
1180 -8
1181 -4
1182 -4
1183 4
1184 -4
1185 -10
1186 -16
1187 -18
1188 -4
1189 -2
1190 -14
1191 -8
1192 -10
1193 -8
1194 4
1195 6
1196 -12
1197 -2
1198 -10
1199 -6
1200 -8
1201 -12
1202 -6
1203 6
1204 -6
1205 -4
1206 2
1207 -6
1208 -6
1209 -4
1210 -8
1211 -12
1212 -12
1213 -10
1214 -6
1215 -4
1216 -8
1217 -2
1218 -10
1219 -14
1220 -20
1221 -10
1222 -10
1223 -10
1224 -4
1225 -8
1226 -4
1227 -6
1228 0
1229 6
1230 -6
1231 -8
1232 4
1233 12
1234 12
1235 16
1236 14
1237 16
1238 18
1239 18
1240 20
1241 18
1242 10
1243 18
1244 6
1245 0
1246 6
1247 4
1248 8
1249 8
1250 24
1251 18
1252 12
1253 12
1254 10
1255 10
1256 8
1257 6
1258 -16
1259 -6
1260 -2
1261 -2
1262 0
1263 -12
1264 -22
1265 -18
1266 -26
1267 -30
1268 -26
1269 -18
1270 -32
1271 -26
1272 -26
1273 -28
1274 -18
1275 -14
1276 -20
1277 -12
1278 -12
1279 -22
1280 -20
1281 -16
1282 -26
1283 -18
1284 -10
1285 -12
1286 -14
1287 -6
1288 -2
1289 -8
1290 -4
1291 0
1292 -8
1293 -2
1294 -10
1295 -2
1296 -8
1297 -12
1298 -4
1299 6
1300 2
1301 4
1302 6
1303 4
1304 2
1305 4
1306 0
1307 -6
1308 -10
1309 -8
1310 -18
1311 -28
1312 -18
1313 -6
1314 -12
1315 -10
1316 -10
1317 -12
1318 -4
1319 -10
1320 -8
1321 -4
1322 -12
1323 -12
1324 -20
1325 -24
1326 -4
1327 -16
1328 -8
1329 -10
1330 -16
1331 -12
1332 -6
1333 -2
1334 4
1335 2
1336 8
1337 8
1338 6
1339 0
1340 4
1341 8
1342 14
1343 10
1344 12
1345 16
1346 12
1347 8
1348 8
1349 6
1350 10
1351 16
1352 12
1353 8
1354 8
1355 10
1356 4
1357 2
1358 -6
1359 -6
1360 -14
1361 -16
1362 -14
1363 -12
1364 -12
1365 10
1366 10
1367 2
1368 0
1369 6
1370 2
1371 -4
1372 -10
1373 -16
1374 -14
1375 -6
1376 -16
1377 -10
1378 -6
1379 -14
1380 -10
1381 -18
1382 -14
1383 -24
1384 -22
1385 -10
1386 6
1387 6
1388 -8
1389 -8
1390 -8
1391 -6
1392 4
1393 10
1394 12
1395 12
1396 12
1397 22
1398 22
1399 22
1400 24
1401 20
1402 16
1403 22
1404 18
1405 22
1406 10
1407 12
1408 0
1409 8
1410 18
1411 24
1412 4
1413 6
1414 0
1415 6
1416 4
1417 2
1418 14
1419 6
1420 4
1421 0
1422 -10
1423 -8
1424 -10
1425 -6
1426 -10
1427 -4
1428 4
1429 -8
1430 4
1431 -2
1432 -2
1433 2
1434 2
1435 2
1436 -8
1437 0
1438 0
1439 -10
1440 -4
1441 -14
1442 -12
1443 -6
1444 0
1445 -2
1446 2
1447 0
1448 -4
1449 -12
1450 -18
1451 -18
1452 -8
1453 -2
1454 -14
1455 -10
1456 -6
1457 4
1458 -4
1459 -6
1460 -12
1461 -4
1462 -6
1463 -6
1464 0
1465 2
1466 -6
1467 4
1468 10
1469 6
1470 6
1471 2
1472 10
1473 6
1474 14
1475 16
1476 14
1477 4
1478 -4
1479 -4
1480 0
1481 -10
1482 -12
1483 0
1484 -4
1485 -10
1486 -4
1487 8
1488 20
1489 22
1490 14
1491 14
1492 12
1493 12
1494 10
1495 8
1496 16
1497 16
1498 4
1499 6
1500 2
1501 6
1502 2
1503 -6
1504 -10
1505 -16
1506 -8
1507 -6
1508 -10
1509 -10
1510 -10
1511 -2
1512 4
1513 2
1514 8
1515 12
1516 12
1517 -4
1518 14
1519 26
1520 10
1521 12
1522 10
1523 6
1524 10
1525 0
1526 -10
1527 -6
1528 -4
1529 -18
1530 -14
1531 -14
1532 -2
1533 -2
1534 -4
1535 -2
1536 -10
1537 -6
1538 -8
1539 -4
1540 4
1541 10
1542 12
1543 10
1544 -2
1545 2
1546 4
1547 -4
1548 -4
1549 4
1550 0
1551 -12
1552 -4
1553 -2
1554 0
1555 8
1556 16
1557 6
1558 4
1559 2
1560 0
1561 -6
1562 -2
1563 -10
1564 2
1565 -10
1566 -6
1567 4
1568 10
1569 0
1570 2
1571 -10
1572 -2
1573 -6
1574 12
1575 8
1576 16
1577 12
1578 20
1579 14
1580 6
1581 10
1582 8
1583 12
1584 16
1585 18
1586 10
1587 12
1588 10
1589 10
1590 14
1591 14
1592 16
1593 14
1594 18
1595 18
1596 20
1597 20
1598 20
1599 6
1600 2
1601 6
1602 4
1603 8
1604 18
1605 24
1606 14
1607 8
1608 8
1609 14
1610 12
1611 16
1612 10
1613 -2
1614 10
1615 22
1616 10
1617 -8
1618 -28
1619 -22
1620 -20
1621 -20
1622 -16
1623 -18
1624 -16
1625 -18
1626 -8
1627 -12
1628 -14
1629 -4
1630 4
1631 22
1632 20
1633 14
1634 20
1635 16
1636 6
1637 8
1638 0
1639 -6
1640 -2
1641 -6
1642 6
1643 10
1644 6
1645 4
1646 -8
1647 -6
1648 -22
1649 -18
1650 -4
1651 -4
1652 -10
1653 -16
1654 -16
1655 -24
1656 -8
1657 -14
1658 -8
1659 2
1660 2
1661 4
1662 18
1663 6
1664 -2
1665 -8
1666 -8
1667 -12
1668 -4
1669 -4
1670 -8
1671 -14
1672 0
1673 -2
1674 -12
1675 -10
1676 -14
1677 -18
1678 -26
1679 -32
1680 -32
1681 -24
1682 -20
1683 -6
1684 -6
1685 -6
1686 -10
1687 -16
1688 -18
1689 -8
1690 -2
1691 0
1692 -8
1693 -18
1694 -2
1695 -6
1696 8
1697 10
1698 8
1699 6
1700 -8
1701 -26
1702 -20
1703 -12
1704 -16
1705 0
1706 0
1707 -10
1708 -2
1709 -12
1710 -14
1711 -16
1712 -30
1713 -20
1714 -16
1715 -8
1716 -12
1717 -22
1718 -24
1719 -18
1720 -10
1721 -4
1722 6
1723 -4
1724 -4
1725 0
1726 4
1727 -2
1728 -14
1729 -12
1730 -20
1731 -16
1732 -10
1733 -6
1734 -10
1735 -4
1736 -12
1737 -20
1738 -28
1739 -26
1740 -12
1741 0
1742 -12
1743 -18
1744 -22
1745 -12
1746 4
1747 -8
1748 2
1749 14
1750 12
1751 14
1752 2
1753 8
1754 4
1755 2
1756 8
1757 -8
1758 -8
1759 -2
1760 -6
1761 -12
1762 2
1763 -2
1764 2
1765 4
1766 6
1767 10
1768 18
1769 20
1770 12
1771 16
1772 12
1773 8
1774 18
1775 12
1776 2
1777 -14
1778 -4
1779 -12
1780 -10
1781 -10
1782 0
1783 2
1784 4
1785 10
1786 18
1787 20
1788 14
1789 8
1790 8
1791 0
1792 -6
1793 -12
1794 -6
1795 -18
1796 -8
1797 -12
1798 -2
1799 0
1800 2
1801 10
1802 12
1803 0
1804 -2
1805 -4
1806 -16
1807 -4
1808 -16
1809 -4
1810 4
1811 -6
1812 -12
1813 4
1814 -2
1815 -4
1816 2
1817 6
1818 20
1819 28
1820 22
1821 28
1822 32
1823 36
1824 22
1825 10
1826 0
1827 0
1828 0
1829 2
1830 2
1831 -2
1832 18
1833 16
1834 26
1835 14
1836 8
1837 -2
1838 -6
1839 -4
1840 0
1841 -4
1842 -6
1843 -20
1844 -18
1845 -4
1846 -6
1847 2
1848 -2
1849 2
1850 -2
1851 0
1852 -16
1853 -14
1854 -8
1855 -2
1856 -10
1857 -16
1858 -20
1859 -14
1860 -16
1861 0
1862 10
1863 26
1864 30
1865 20
1866 18
1867 20
1868 -4
1869 4
1870 2
1871 4
1872 26
1873 22
1874 26
1875 20
1876 2
1877 0
1878 2
1879 0
1880 4
1881 -12
1882 -6
1883 -10
1884 -4
1885 -6
1886 -12
1887 -14
1888 -2
1889 0
1890 14
1891 2
1892 2
1893 6
1894 12
1895 22
1896 16
1897 8
1898 4
1899 -2
1900 2
1901 0
1902 -10
1903 -10
1904 -10
1905 -6
1906 14
1907 18
1908 22
1909 12
1910 4
1911 16
1912 24
1913 28
1914 20
1915 26
1916 18
1917 26
1918 10
1919 8
1920 6
1921 8
1922 6
1923 8
1924 10
1925 -2
1926 4
1927 -4
1928 -4
1929 -8
1930 2
1931 -10
1932 12
1933 20
1934 20
1935 14
1936 12
1937 16
1938 8
1939 -4
1940 -6
1941 -4
1942 0
1943 -6
1944 -6
1945 -4
1946 -10
1947 -16
1948 -14
1949 -20
1950 -14
1951 -14
1952 -6
1953 -4
1954 -6
1955 6
1956 -2
1957 2
1958 12
1959 6
1960 4
1961 6
1962 18
1963 16
1964 12
1965 8
1966 6
1967 6
1968 4
1969 6
1970 16
1971 18
1972 14
1973 26
1974 24
1975 24
1976 22
1977 16
1978 10
1979 20
1980 12
1981 10
1982 20
1983 18
1984 22
1985 22
1986 14
1987 14
1988 8
1989 4
1990 4
1991 12
1992 14
1993 20
1994 24
1995 20
1996 18
1997 14
1998 12
1999 10
2000 -4
2001 -2
2002 0
2003 6
2004 14
2005 14
2006 18
2007 12
2008 6
2009 12
2010 -2
2011 -8
2012 -2
2013 -6
2014 -8
2015 -28
2016 -16
2017 -20
2018 -24
2019 -4
2020 2
2021 -4
2022 -6
2023 -2
2024 18
2025 8
2026 -2
2027 0
2028 0
2029 8
2030 2
2031 10
2032 8
2033 4
2034 6
2035 2
2036 14
2037 8
2038 10
2039 8
2040 4
2041 -8
2042 -2
2043 -8
2044 -6
2045 -12
2046 -14
2047 -2
2048 -8
2049 -12
2050 -2
2051 -4
2052 -2
2053 -4
2054 -8
2055 -8
2056 -14
2057 -2
2058 2
2059 -6
2060 -14
2061 -6
2062 -10
2063 -10
2064 -14
2065 -12
2066 -12
2067 -12
2068 -6
2069 -4
2070 -12
2071 -10
2072 -2
2073 -10
2074 -12
2075 -12
2076 4
2077 8
2078 4
2079 14
2080 16
2081 22
2082 -2
2083 2
2084 16
2085 4
2086 -8
2087 4
2088 2
2089 -2
2090 -8
2091 -14
2092 -12
2093 -20
2094 -16
2095 -4
2096 0
2097 -8
2098 -12
2099 -12
2100 -18
2101 -20
2102 -2
2103 -10
2104 2
2105 14
2106 14
2107 -8
2108 -4
2109 6
2110 -4
2111 -10
2112 -12
2113 -20
2114 -4
2115 -4
2116 8
2117 -2
2118 6
2119 22
2120 20
2121 28
2122 34
2123 22
2124 10
2125 14
2126 2
2127 2
2128 8
2129 -2
2130 -4
2131 4
2132 2
2133 6
2134 6
2135 4
2136 2
2137 12
2138 16
2139 16
2140 18
2141 10
2142 4
2143 2
2144 0
2145 -2
2146 -6
2147 4
2148 -6
2149 -2
2150 -2
2151 2
2152 0
2153 -10
2154 -4
2155 4
2156 -2
2157 -4
2158 -10
2159 -4
2160 -2
2161 8
2162 14
2163 14
2164 26
2165 24
2166 14
2167 8
2168 16
2169 12
2170 6
2171 -2
2172 0
2173 6
2174 20
2175 18
2176 22
2177 16
2178 6
2179 8
2180 8
2181 12
2182 0
2183 4
2184 6
2185 4
2186 10
2187 18
2188 14
2189 2
2190 -6
2191 -4
2192 -8
2193 2
2194 0
2195 10
2196 2
2197 -2
2198 -6
2199 -4
2200 0
2201 6
2202 14
2203 12
2204 24
2205 28
2206 18
2207 6
2208 -8
2209 -8
2210 -12
2211 -4
2212 -2
2213 -4
2214 10
2215 14
2216 10
2217 4
2218 4
2219 -2
2220 6
2221 -4
2222 -8
2223 -8
2224 -2
2225 -12
2226 4
2227 2
2228 10
2229 14
2230 14
2231 16
2232 12
2233 4
2234 0
2235 2
2236 0
2237 0
2238 4
2239 4
2240 4
2241 8
2242 16
2243 16
2244 16
2245 14
2246 16
2247 18
2248 10
2249 12
2250 8
2251 -6
2252 -10
2253 -12
2254 -16
2255 -20
2256 -10
2257 -2
2258 -6
2259 -6
2260 -4
2261 -2
2262 -6
2263 -4
2264 -4
2265 -10
2266 -12
2267 -22
2268 -18
2269 -26
2270 -34
2271 -24
2272 -26
2273 -22
2274 -16
2275 2
2276 8
2277 -2
2278 -4
2279 -4
2280 -4
2281 -14
2282 -2
2283 -4
2284 -2
2285 -12
2286 -2
2287 0
2288 4
2289 8
2290 8
2291 0
2292 -8
2293 -20
2294 -20
2295 -22
2296 -10
2297 -10
2298 2
2299 6
2300 14
2301 16
2302 22
2303 26
2304 24
2305 10
2306 26
2307 14
2308 18
2309 16
2310 22
2311 14
2312 8
2313 22
2314 28
2315 26
2316 18
2317 22
2318 20
2319 20
2320 8
2321 16
2322 10
2323 4
2324 0
2325 -2
2326 -8
2327 4
2328 8
2329 6
2330 -10
2331 -6
2332 -10
2333 -10
2334 0
2335 2
2336 0
2337 -2
2338 -8
2339 -8
2340 -12
2341 -14
2342 -10
2343 -4
2344 2
2345 6
2346 28
2347 28
2348 18
2349 2
2350 10
2351 6
2352 8
2353 8
2354 12
2355 18
2356 20
2357 12
2358 12
2359 4
2360 12
2361 -2
2362 -4
2363 6
2364 12
2365 14
2366 14
2367 16
2368 12
2369 22
2370 16
2371 18
2372 20
2373 6
2374 6
2375 -4
2376 4
2377 12
2378 8
2379 4
2380 0
2381 -10
2382 -8
2383 -2
2384 2
2385 -6
2386 -10
2387 -12
2388 -14
2389 -14
2390 -12
2391 -10
2392 -14
2393 -2
2394 0
2395 -6
2396 4
2397 8
2398 10
2399 0
2400 -6
2401 -26
2402 -6
2403 -2
2404 -16
2405 -10
2406 -12
2407 -16
2408 -10
2409 -8
2410 -12
2411 -16
2412 -16
2413 -2
2414 -6
2415 -12
2416 0
2417 6
2418 4
2419 8
2420 4
2421 -16
2422 -12
2423 -6
2424 -6
2425 -4
2426 -12
2427 -6
2428 -4
2429 -10
2430 -4
2431 -2
2432 8
2433 -2
2434 16
2435 12
2436 4
2437 -12
2438 -2
2439 4
2440 2
2441 10
2442 8
2443 22
2444 14
2445 10
2446 2
2447 -10
2448 6
2449 -6
2450 -10
2451 -6
2452 -4
2453 4
2454 12
2455 16
2456 16
2457 6
2458 6
2459 14
2460 10
2461 6
2462 8
2463 8
2464 8
2465 2
2466 10
2467 4
2468 2
2469 10
2470 -2
2471 -4
2472 -6
2473 -10
2474 -2
2475 -6
2476 -8
2477 -4
2478 -14
2479 -12
2480 -8
2481 -16
2482 -4
2483 14
2484 10
2485 0
2486 -4
2487 -6
2488 -12
2489 -4
2490 0
2491 -2
2492 4
2493 0
2494 -2
2495 6
2496 -6
2497 -4
2498 -6
2499 4
2500 -4
2501 -2
2502 10
2503 12
2504 12
2505 20
2506 -2
2507 -14
2508 -14
2509 -8
2510 8
2511 10
2512 0
2513 -12
2514 -2
2515 4
2516 4
2517 -6
2518 0
2519 8
2520 12
2521 0
2522 -6
2523 -16
2524 -8
2525 -12
2526 -6
2527 0
2528 -4
2529 2
2530 8
2531 20
2532 26
2533 18
2534 18
2535 0
2536 -6
2537 -16
2538 -10
2539 -12
2540 -8
2541 -2
2542 0
2543 0
2544 4
2545 4
2546 14
2547 16
2548 18
2549 20
2550 20
2551 12
2552 14
2553 4
2554 2
2555 2
2556 -4
2557 12
2558 22
2559 12
2560 10
2561 4
2562 0
2563 -12
2564 -12
2565 -12
2566 -4
2567 -4
2568 -4
2569 -10
2570 -10
2571 0
2572 -6
2573 2
2574 10
2575 24
2576 14
2577 14
2578 12
2579 10
2580 6
2581 4
2582 4
2583 0
2584 -6
2585 -2
2586 -2
2587 6
2588 4
2589 12
2590 14
2591 6
2592 10
2593 14
2594 10
2595 2
2596 -4
2597 -4
2598 0
2599 -8
2600 -4
2601 -22
2602 -10
2603 -12
2604 -16
2605 -22
2606 -22
2607 -18
2608 -12
2609 -16
2610 -2
2611 4
2612 -12
2613 -14
2614 -22
2615 -12
2616 -6
2617 4
2618 2
2619 -2
2620 8
2621 6
2622 -12
2623 2
2624 2
2625 8
2626 22
2627 30
2628 30
2629 30
2630 28
2631 28
2632 22
2633 16
2634 10
2635 2
2636 6
2637 -4
2638 -4
2639 4
2640 4
2641 -6
2642 -6
2643 -8
2644 -8
2645 -2
2646 6
2647 8
2648 8
2649 4
2650 10
2651 -2
2652 10
2653 10
2654 12
2655 10
2656 -4
2657 0
2658 12
2659 20
2660 12
2661 24
2662 40
2663 24
2664 20
2665 14
2666 20
2667 14
2668 10
2669 14
2670 16
2671 18
2672 16
2673 12
2674 8
2675 6
2676 10
2677 2
2678 -14
2679 -20
2680 -22
2681 -12
2682 -20
2683 -14
2684 -2
2685 -10
2686 -12
2687 -28
2688 -30
2689 -26
2690 -22
2691 -30
2692 -18
2693 -20
2694 -4
2695 -2
2696 2
2697 -8
2698 -20
2699 -18
2700 -8
2701 0
2702 2
2703 -10
2704 2
2705 10
2706 4
2707 2
2708 0
2709 -4
2710 0
2711 6
2712 10
2713 12
2714 14
2715 6
2716 10
2717 6
2718 2
2719 -6
2720 -8
2721 0
2722 -14
2723 -2
2724 4
2725 -10
2726 -10
2727 -2
2728 -6
2729 -14
2730 -16
2731 -20
2732 -18
2733 -18
2734 -18
2735 -8
2736 -18
2737 -20
2738 -22
2739 -12
2740 6
2741 -2
2742 12
2743 12
2744 12
2745 12
2746 28
2747 32
2748 28
2749 34
2750 36
2751 34
2752 32
2753 34
2754 28
2755 18
2756 16
2757 12
2758 18
2759 18
2760 28
2761 20
2762 16
2763 10
2764 18
2765 8
2766 6
2767 2
2768 2
2769 12
2770 6
2771 2
2772 -6
2773 -10
2774 -8
2775 -18
2776 -16
2777 -14
2778 -10
2779 -14
2780 -12
2781 -2
2782 4
2783 -6
2784 2
2785 -4
2786 -6
2787 -6
2788 0
2789 4
2790 4
2791 2
2792 -4
2793 -8
2794 -6
2795 18
2796 30
2797 38
2798 28
2799 22
2800 12
2801 16
2802 4
2803 0
2804 4
2805 8
2806 0
2807 4
2808 4
2809 0
2810 0
2811 -2
2812 -4
2813 -10
2814 0
2815 -4
2816 -2
2817 -6
2818 -20
2819 -14
2820 -24
2821 -24
2822 -6
2823 2
2824 20
2825 6
2826 -2
2827 -4
2828 -12
2829 -4
2830 6
2831 8
2832 10
2833 6
2834 8
2835 12
2836 8
2837 -10
2838 -18
2839 -8
2840 -8
2841 -18
2842 -8
2843 -6
2844 -12
2845 -4
2846 -2
2847 -8
2848 -16
2849 -14
2850 -18
2851 -18
2852 -18
2853 -10
2854 -16
2855 -6
2856 -4
2857 0
2858 -14
2859 -16
2860 0
2861 -2
2862 -4
2863 -18
2864 2
2865 0
2866 2
2867 4
2868 -4
2869 -4
2870 -6
2871 -6
2872 -10
2873 -12
2874 -16
2875 -2
2876 -6
2877 8
2878 14
2879 6
2880 8
2881 8
2882 8
2883 8
2884 -2
2885 8
2886 8
2887 18
2888 24
2889 26
2890 18
2891 8
2892 12
2893 8
2894 6
2895 12
2896 12
2897 8
2898 2
2899 10
2900 6
2901 14
2902 18
2903 6
2904 -2
2905 -14
2906 -16
2907 -22
2908 -14
2909 -8
2910 -14
2911 -2
2912 0
2913 8
2914 10
2915 -2
2916 -6
2917 0
2918 -6
2919 -8
2920 -18
2921 -14
2922 -18
2923 -18
2924 -20
2925 -14
2926 -2
2927 2
2928 4
2929 14
2930 12
2931 12
2932 18
2933 10
2934 -2
2935 -10
2936 -18
2937 -20
2938 -20
2939 -10
2940 -4
2941 -12
2942 -20
2943 -24
2944 -16
2945 -14
2946 -6
2947 -10
2948 -14
2949 -6
2950 -10
2951 -18
2952 -22
2953 -12
2954 -10
2955 -10
2956 -8
2957 -16
2958 -26
2959 -16
2960 -18
2961 -12
2962 -12
2963 -12
2964 -14
2965 -8
2966 -12
2967 -8
2968 -2
2969 -8
2970 -14
2971 -10
2972 8
2973 4
2974 4
2975 6
2976 16
2977 22
2978 10
2979 8
2980 16
2981 4
2982 -4
2983 2
2984 6
2985 10
2986 20
2987 -2
2988 10
2989 6
2990 12
2991 28
2992 42
2993 36
2994 24
2995 18
2996 8
2997 4
2998 16
2999 26
3000 -4
3001 0
3002 -4
3003 -2
3004 -4
3005 -4
3006 -8
3007 -6
3008 2
3009 -2
3010 -6
3011 -10
3012 -14
3013 -20
3014 -22
3015 -18
3016 2
3017 4
3018 -20
3019 -28
3020 -16
3021 -18
3022 -16
3023 -10
3024 4
3025 12
3026 16
3027 14
3028 24
3029 20
3030 4
3031 10
3032 26
3033 24
3034 20
3035 26
3036 14
3037 16
3038 18
3039 18
3040 16
3041 8
3042 12
3043 6
3044 8
3045 20
3046 22
3047 10
3048 24
3049 22
3050 24
3051 24
3052 30
3053 26
3054 20
3055 32
3056 16
3057 16
3058 6
3059 12
3060 18
3061 14
3062 14
3063 8
3064 14
3065 6
3066 2
3067 10
3068 12
3069 10
3070 -4
3071 -8
3072 4
3073 0
3074 -12
3075 2
3076 12
3077 -2
3078 4
3079 -2
3080 8
3081 12
3082 6
3083 14
3084 12
3085 10
3086 12
3087 16
3088 14
3089 6
3090 8
3091 14
3092 20
3093 14
3094 -2
3095 2
3096 12
3097 12
3098 30
3099 18
3100 8
3101 18
3102 16
3103 12
3104 12
3105 2
3106 6
3107 -4
3108 2
3109 6
3110 4
3111 2
3112 8
3113 0
3114 4
3115 -2
3116 4
3117 14
3118 12
3119 4
3120 8
3121 2
3122 6
3123 -8
3124 -6
3125 -10
3126 -18
3127 -4
3128 8
3129 0
3130 10
3131 2
3132 -4
3133 4
3134 8
3135 8
3136 0
3137 4
3138 0
3139 -10
3140 -10
3141 -16
3142 -10
3143 4
3144 8
3145 2
3146 6
3147 -6
3148 -18
3149 -14
3150 -20
3151 -16
3152 -22
3153 -8
3154 8
3155 14
3156 6
3157 14
3158 10
3159 2
3160 10
3161 20
3162 14
3163 16
3164 6
3165 16
3166 10
3167 24
3168 16
3169 18
3170 4
3171 -2
3172 -2
3173 12
3174 0
3175 -2
3176 2
3177 -10
3178 0
3179 -14
3180 -4
3181 -2
3182 -8
3183 -8
3184 -4
3185 10
3186 6
3187 2
3188 -8
3189 4
3190 4
3191 6
3192 -2
3193 -10
3194 -2
3195 -6
3196 -16
3197 -6
3198 -4
3199 -4
3200 -6
3201 -4
3202 6
3203 -2
3204 6
3205 8
3206 -2
3207 0
3208 -2
3209 6
3210 14
3211 12
3212 16
3213 2
3214 -4
3215 -6
3216 -6
3217 -4
3218 -2
3219 -10
3220 -10
3221 -18
3222 -8
3223 -12
3224 -8
3225 0
3226 4
3227 22
3228 16
3229 8
3230 -10
3231 -8
3232 0
3233 0
3234 2
3235 16
3236 22
3237 24
3238 20
3239 22
3240 12
3241 6
3242 -2
3243 0
3244 -4
3245 -18
3246 -6
3247 -12
3248 -2
3249 -12
3250 -10
3251 -12
3252 -18
3253 -16
3254 -4
3255 -6
3256 -6
3257 -6
3258 4
3259 4
3260 10
3261 12
3262 12
3263 18
3264 8
3265 2
3266 -4
3267 -4
3268 14
3269 4
3270 -12
3271 8
3272 10
3273 -4
3274 -6
3275 -2
3276 2
3277 4
3278 4
3279 -6
3280 -4
3281 -2
3282 -4
3283 -12
3284 -6
3285 -8
3286 -10
3287 -4
3288 -10
3289 -14
3290 -18
3291 -14
3292 -6
3293 -6
3294 -4
3295 8
3296 12
3297 18
3298 12
3299 24
3300 6
3301 -2
3302 -6
3303 0
3304 4
3305 0
3306 0
3307 -14
3308 -20
3309 -20
3310 -24
3311 -22
3312 -16
3313 -8
3314 -16
3315 -16
3316 -18
3317 -14
3318 -18
3319 -20
3320 -16
3321 -4
3322 -2
3323 4
3324 -6
3325 -14
3326 -12
3327 -8
3328 2
3329 14
3330 12
3331 14
3332 12
3333 -8
3334 -8
3335 2
3336 2
3337 4
3338 4
3339 0
3340 -8
3341 -14
3342 -8
3343 -12
3344 2
3345 6
3346 -4
3347 -14
3348 -16
3349 -14
3350 -8
3351 -6
3352 -14
3353 -8
3354 -6
3355 10
3356 -6
3357 -8
3358 -8
3359 0
3360 8
3361 -10
3362 -10
3363 -4
3364 -4
3365 0
3366 6
3367 -4
3368 -4
3369 -2
3370 -8
3371 12
3372 18
3373 12
3374 10
3375 12
3376 16
3377 6
3378 12
3379 0
3380 2
3381 14
3382 16
3383 6
3384 -6
3385 -8
3386 6
3387 10
3388 6
3389 2
3390 2
3391 4
3392 2
3393 12
3394 10
3395 20
3396 22
3397 16
3398 22
3399 26
3400 18
3401 14
3402 10
3403 4
3404 10
3405 14
3406 22
3407 18
3408 6
3409 0
3410 -4
3411 -4
3412 -2
3413 4
3414 -2
3415 -8
3416 -8
3417 -8
3418 0
3419 -4
3420 0
3421 6
3422 -6
3423 8
3424 -4
3425 -4
3426 2
3427 -8
3428 -8
3429 -10
3430 -14
3431 -4
3432 -12
3433 -8
3434 -10
3435 6
3436 -2
3437 -8
3438 -16
3439 -14
3440 -30
3441 -26
3442 -20
3443 -14
3444 -4
3445 6
3446 12
3447 4
3448 2
3449 6
3450 8
3451 12
3452 16
3453 26
3454 24
3455 20
3456 2
3457 0
3458 8
3459 16
3460 8
3461 6
3462 4
3463 -8
3464 4
3465 10
3466 4
3467 0
3468 4
3469 8
3470 -2
3471 -2
3472 4
3473 -10
3474 -18
3475 -6
3476 6
3477 -4
3478 8
3479 14
3480 8
3481 10
3482 14
3483 12
3484 10
3485 2
3486 4
3487 2
3488 2
3489 -2
3490 8
3491 16
3492 14
3493 18
3494 14
3495 4
3496 -2
3497 -4
3498 -8
3499 -10
3500 -10
3501 -12
3502 -2
3503 -10
3504 -2
3505 6
3506 6
3507 2
3508 -6
3509 -6
3510 -4
3511 -6
3512 -8
3513 -8
3514 2
3515 6
3516 -2
3517 -10
3518 0
3519 0
3520 -6
3521 -4
3522 -4
3523 2
3524 2
3525 0
3526 8
3527 18
3528 12
3529 10
3530 -2
3531 -8
3532 2
3533 10
3534 2
3535 -4
3536 2
3537 -6
3538 0
3539 -12
3540 -10
3541 0
3542 10
3543 6
3544 8
3545 8
3546 8
3547 8
3548 2
3549 2
3550 4
3551 6
3552 -2
3553 -18
3554 -28
3555 -38
3556 -30
3557 -36
3558 -20
3559 -22
3560 -14
3561 -12
3562 -14
3563 -10
3564 -8
3565 0
3566 0
3567 0
3568 -4
3569 -14
3570 0
3571 0
3572 -2
3573 4
3574 6
3575 8
3576 0
3577 -2
3578 -10
3579 -6
3580 -6
3581 -10
3582 -20
3583 -12
3584 -14
3585 -18
3586 -26
3587 -24
3588 -4
3589 4
3590 10
3591 0
3592 -14
3593 0
3594 4
3595 0
3596 2
3597 -6
3598 -6
3599 4
3600 4
3601 -6
3602 -6
3603 -4
3604 8
3605 -4
3606 -4
3607 -18
3608 -10
3609 -14
3610 -6
3611 0
3612 6
3613 0
3614 -10
3615 -2
3616 -6
3617 0
3618 14
3619 20
3620 16
3621 4
3622 10
3623 14
3624 4
3625 2
3626 16
3627 20
3628 4
3629 10
3630 12
3631 10
3632 2
3633 -8
3634 -8
3635 -8
3636 4
3637 2
3638 -8
3639 -2
3640 -8
3641 12
3642 16
3643 18
3644 18
3645 12
3646 4
3647 -4
3648 -18
3649 -16
3650 -22
3651 -16
3652 -10
3653 -4
3654 0
3655 -6
3656 0
3657 10
3658 4
3659 6
3660 8
3661 2
3662 -6
3663 -10
3664 -22
3665 -20
3666 -16
3667 -12
3668 -28
3669 -6
3670 -16
3671 -16
3672 -16
3673 -16
3674 -12
3675 0
3676 16
3677 8
3678 6
3679 -4
3680 -12
3681 -6
3682 0
3683 2
3684 16
3685 10
3686 14
3687 2
3688 6
3689 10
3690 -2
3691 -2
3692 0
3693 -14
3694 -8
3695 -12
3696 -12
3697 -4
3698 6
3699 10
3700 20
3701 18
3702 18
3703 14
3704 2
3705 10
3706 18
3707 16
3708 20
3709 8
3710 -8
3711 -2
3712 12
3713 2
3714 6
3715 8
3716 14
3717 4
3718 16
3719 18
3720 26
3721 24
3722 16
3723 4
3724 8
3725 12
3726 4
3727 4
3728 -10
3729 -14
3730 -12
3731 -6
3732 0
3733 2
3734 6
3735 8
3736 10
3737 10
3738 -2
3739 -2
3740 -2
3741 2
3742 6
3743 -2
3744 2
3745 10
3746 12
3747 2
3748 0
3749 10
3750 8
3751 0
3752 4
3753 0
3754 2
3755 12
3756 28
3757 30
3758 30
3759 24
3760 16
3761 6
3762 -8
3763 -10
3764 -10
3765 -6
3766 -6
3767 2
3768 -8
3769 -18
3770 -18
3771 -12
3772 -20
3773 -24
3774 -12
3775 -10
3776 -8
3777 0
3778 -2
3779 -2
3780 2
3781 2
3782 0
3783 10
3784 4
3785 16
3786 8
3787 -10
3788 -22
3789 -26
3790 -28
3791 -14
3792 -6
3793 -14
3794 -14
3795 -12
3796 -10
3797 0
3798 -4
3799 10
3800 8
3801 -2
3802 0
3803 -2
3804 -18
3805 -4
3806 -10
3807 -16
3808 -22
3809 -24
3810 -20
3811 -12
3812 -8
3813 -2
3814 -2
3815 2
3816 16
3817 6
3818 8
3819 4
3820 -10
3821 -14
3822 -12
3823 -16
3824 -14
3825 -10
3826 8
3827 16
3828 4
3829 -8
3830 -20
3831 -4
3832 0
3833 4
3834 10
3835 14
3836 14
3837 28
3838 26
3839 28
3840 30
3841 22
3842 -2
3843 -12
3844 -8
3845 -4
3846 -2
3847 -8
3848 0
3849 10
3850 8
3851 -4
3852 2
3853 6
3854 -2
3855 8
3856 10
3857 6
3858 4
3859 6
3860 6
3861 6
3862 4
3863 0
3864 -6
3865 -10
3866 -6
3867 -6
3868 -10
3869 -20
3870 -22
3871 -14
3872 -2
3873 10
3874 12
3875 22
3876 12
3877 6
3878 18
3879 2
3880 2
3881 16
3882 20
3883 6
3884 -6
3885 -18
3886 -12
3887 -24
3888 -36
3889 -32
3890 -8
3891 -6
3892 2
3893 -4
3894 -2
3895 4
3896 -2
3897 -4
3898 -4
3899 -6
3900 -18
3901 -26
3902 -24
3903 -14
3904 -26
3905 -22
3906 -30
3907 -32
3908 -28
3909 -16
3910 -12
3911 -12
3912 -10
3913 -10
3914 4
3915 -4
3916 -6
3917 -18
3918 -16
3919 -10
3920 -10
3921 -4
3922 -4
3923 -10
3924 -2
3925 0
3926 4
3927 -8
3928 -14
3929 -18
3930 -24
3931 -24
3932 -14
3933 -10
3934 -14
3935 -20
3936 -12
3937 2
3938 6
3939 -2
3940 -2
3941 -8
3942 -16
3943 -10
3944 -22
3945 -16
3946 -22
3947 -26
3948 -26
3949 -22
3950 -30
3951 -36
3952 -30
3953 -18
3954 -16
3955 -20
3956 -8
3957 6
3958 -6
3959 -8
3960 -18
3961 -12
3962 -18
3963 -16
3964 -16
3965 -32
3966 -20
3967 -18
3968 -24
3969 -22
3970 -18
3971 -14
3972 0
3973 -4
3974 -10
3975 -8
3976 -8
3977 -12
3978 -2
3979 -2
3980 8
3981 10
3982 12
3983 0
3984 0
3985 4
3986 4
3987 2
3988 14
3989 2
3990 0
3991 4
3992 6
3993 -4
3994 12
3995 18
3996 16
3997 10
3998 14
3999 4
4000 4
4001 8
4002 6
4003 0
4004 6
4005 -14
4006 -2
4007 -2
4008 14
4009 10
4010 2
4011 -2
4012 0
4013 -4
4014 6
4015 10
4016 4
4017 -8
4018 -18
4019 -16
4020 2
4021 2
4022 -14
4023 -14
4024 -8
4025 -8
4026 4
4027 -10
4028 8
4029 -2
4030 -22
4031 -10
4032 -6
4033 -6
4034 -14
4035 -12
4036 -16
4037 -14
4038 -12
4039 -10
4040 -4
4041 10
4042 14
4043 18
4044 18
4045 4
4046 -4
4047 14
4048 14
4049 8
4050 -2
4051 -4
4052 8
4053 6
4054 10
4055 8
4056 8
4057 6
4058 6
4059 -2
4060 2
4061 2
4062 4
4063 -4
4064 -6
4065 -8
4066 8
4067 2
4068 2
4069 2
4070 4
4071 0
4072 8
4073 6
4074 4
4075 12
4076 14
4077 20
4078 18
4079 8
4080 10
4081 8
4082 2
4083 -16
4084 6
4085 24
4086 20
4087 18
4088 12
4089 -2
4090 -12
4091 -24
4092 -10
4093 -14
4094 -16
4095 -20
4096 -10
4097 -4
4098 -2
4099 2
4100 6
4101 8
4102 6
4103 10
4104 12
4105 6
4106 10
4107 6
4108 2
4109 6
4110 8
4111 6
4112 -14
4113 -12
4114 -8
4115 -4
4116 -4
4117 0
4118 12
4119 12
4120 -4
4121 -8
4122 -6
4123 -8
4124 -18
4125 -24
4126 -32
4127 -34
4128 -28
4129 -22
4130 -16
4131 -10
4132 -8
4133 0
4134 -10
4135 -4
4136 -6
4137 -8
4138 -14
4139 -6
4140 -8
4141 -8
4142 -4
4143 -6
4144 -14
4145 -4
4146 10
4147 2
4148 0
4149 6
4150 -4
4151 -4
4152 -12
4153 -14
4154 -20
4155 -12
4156 -10
4157 -6
4158 2
4159 -4
4160 -6
4161 -4
4162 -6
4163 -4
4164 2
4165 -10
4166 -2
4167 -4
4168 -2
4169 16
4170 16
4171 10
4172 8
4173 14
4174 10
4175 2
4176 -2
4177 8
4178 -6
4179 -20
4180 -12
4181 -4
4182 8
4183 14
4184 4
4185 20
4186 16
4187 10
4188 12
4189 14
4190 14
4191 10
4192 0
4193 10
4194 10
4195 20
4196 20
4197 2
4198 0
4199 2
4200 -10
4201 -2
4202 -4
4203 -12
4204 -8
4205 -2
4206 2
4207 2
4208 4
4209 8
4210 12
4211 6
4212 -2
4213 6
4214 -2
4215 -2
4216 -8
4217 0
4218 6
4219 10
4220 10
4221 12
4222 6
4223 6
4224 0
4225 -12
4226 2
4227 2
4228 4
4229 -2
4230 -10
4231 -16
4232 -14
4233 -10
4234 0
4235 -6
4236 0
4237 -2
4238 -2
4239 -6
4240 -2
4241 -4
4242 10
4243 -2
4244 8
4245 12
4246 8
4247 -2
4248 0
4249 6
4250 2
4251 4
4252 -8
4253 -2
4254 -2
4255 -4
4256 -8
4257 -14
4258 -8
4259 -4
4260 0
4261 -4
4262 -2
4263 -10
4264 -4
4265 -6
4266 -10
4267 -6
4268 -6
4269 -2
4270 4
4271 -4
4272 0
4273 -8
4274 -2
4275 4
4276 20
4277 26
4278 26
4279 16
4280 20
4281 12
4282 20
4283 24
4284 28
4285 26
4286 14
4287 4
4288 12
4289 14
4290 6
4291 2
4292 -10
4293 -4
4294 -12
4295 12
4296 8
4297 8
4298 10
4299 14
4300 14
4301 10
4302 12
4303 22
4304 8
4305 -2
4306 -2
4307 -8
4308 -8
4309 8
4310 20
4311 6
4312 -6
4313 -12
4314 -10
4315 2
4316 -8
4317 -6
4318 -4
4319 10
4320 8
4321 8
4322 10
4323 10
4324 12
4325 22
4326 22
4327 18
4328 14
4329 12
4330 4
4331 10
4332 10
4333 6
4334 6
4335 -6
4336 -12
4337 -26
4338 -20
4339 -18
4340 -14
4341 -4
4342 -6
4343 10
4344 16
4345 20
4346 8
4347 18
4348 20
4349 4
4350 2
4351 8
4352 6
4353 8
4354 8
4355 6
4356 0
4357 8
4358 18
4359 18
4360 10
4361 10
4362 10
4363 14
4364 20
4365 18
4366 26
4367 30
4368 22
4369 14
4370 18
4371 16
4372 14
4373 18
4374 16
4375 8
4376 8
4377 8
4378 0
4379 6
4380 -8
4381 -14
4382 -12
4383 -6
4384 4
4385 16
4386 10
4387 14
4388 4
4389 -6
4390 -8
4391 4
4392 -4
4393 8
4394 -4
4395 -2
4396 -6
4397 -6
4398 -14
4399 -18
4400 -4
4401 10
4402 14
4403 16
4404 10
4405 10
4406 6
4407 20
4408 8
4409 14
4410 12
4411 8
4412 4
4413 -4
4414 -14
4415 -16
4416 -10
4417 -6
4418 0
4419 -2
4420 4
4421 4
4422 12
4423 14
4424 22
4425 22
4426 14
4427 14
4428 32
4429 18
4430 18
4431 14
4432 6
4433 4
4434 10
4435 -6
4436 -6
4437 -22
4438 -24
4439 -18
4440 -14
4441 -10
4442 -14
4443 -12
4444 4
4445 6
4446 -2
4447 4
4448 -4
4449 -14
4450 -20
4451 0
4452 8
4453 -10
4454 -14
4455 -10
4456 -12
4457 -10
4458 0
4459 6
4460 18
4461 8
4462 14
4463 8
4464 -8
4465 -14
4466 -12
4467 -8
4468 -4
4469 -6
4470 -2
4471 8
4472 -2
4473 4
4474 0
4475 4
4476 -2
4477 -4
4478 -16
4479 -16
4480 -18
4481 -10
4482 -22
4483 -16
4484 -2
4485 -2
4486 2
4487 -4
4488 4
4489 0
4490 8
4491 8
4492 2
4493 16
4494 8
4495 2
4496 14
4497 6
4498 -2
4499 -6
4500 2
4501 -8
4502 4
4503 0
4504 0
4505 0
4506 -6
4507 -12
4508 4
4509 14
4510 8
4511 0
4512 2
4513 -2
4514 0
4515 -6
4516 6
4517 -6
4518 0
4519 -6
4520 -6
4521 -6
4522 -6
4523 -14
4524 -10
4525 -10
4526 -16
4527 -10
4528 -14
4529 -8
4530 6
4531 6
4532 0
4533 10
4534 14
4535 16
4536 16
4537 24
4538 22
4539 -2
4540 -12
4541 -22
4542 -28
4543 -28
4544 -24
4545 -18
4546 -20
4547 -14
4548 -10
4549 -4
4550 4
4551 -4
4552 -6
4553 -12
4554 0
4555 4
4556 8
4557 -4
4558 -8
4559 -10
4560 -20
4561 -22
4562 -22
4563 -12
4564 -24
4565 -22
4566 -22
4567 -14
4568 -8
4569 -6
4570 0
4571 -4
4572 -10
4573 -12
4574 0
4575 10
4576 10
4577 -2
4578 12
4579 10
4580 16
4581 12
4582 10
4583 8
4584 -2
4585 4
4586 12
4587 20
4588 12
4589 8
4590 10
4591 18
4592 20
4593 10
4594 4
4595 -6
4596 -4
4597 -4
4598 4
4599 6
4600 -14
4601 -6
4602 -2
4603 -2
4604 -2
4605 -6
4606 -4
4607 -4
4608 0
4609 10
4610 24
4611 26
4612 26
4613 8
4614 -4
4615 -16
4616 -4
4617 -16
4618 -12
4619 -4
4620 -2
4621 -14
4622 -10
4623 -22
4624 -10
4625 -10
4626 -4
4627 -8
4628 0
4629 12
4630 4
4631 2
4632 -2
4633 2
4634 6
4635 4
4636 -4
4637 -10
4638 -6
4639 -6
4640 -18
4641 -6
4642 -8
4643 6
4644 10
4645 -4
4646 -4
4647 -12
4648 10
4649 8
4650 12
4651 8
4652 18
4653 16
4654 10
4655 -2
4656 6
4657 -6
4658 -10
4659 -14
4660 -6
4661 -18
4662 -2
4663 -12
4664 -20
4665 -14
4666 -6
4667 -4
4668 2
4669 2
4670 -12
4671 -20
4672 -6
4673 -10
4674 4
4675 -6
4676 -12
4677 -12
4678 -8
4679 -8
4680 -14
4681 -12
4682 -16
4683 -14
4684 -14
4685 -20
4686 -28
4687 -26
4688 -22
4689 -20
4690 -8
4691 0
4692 -4
4693 -4
4694 0
4695 0
4696 -4
4697 -4
4698 -4
4699 -2
4700 -2
4701 -8
4702 -10
4703 0
4704 -6
4705 -10
4706 0
4707 0
4708 -2
4709 0
4710 -6
4711 -10
4712 -8
4713 -8
4714 -4
4715 -12
4716 -6
4717 -6
4718 -2
4719 4
4720 -4
4721 -14
4722 -16
4723 -2
4724 2
4725 18
4726 22
4727 12
4728 8
4729 12
4730 14
4731 2
4732 2
4733 -8
4734 -22
4735 -12
4736 -22
4737 -16
4738 -10
4739 -12
4740 -20
4741 -14
4742 -8
4743 -4
4744 2
4745 -2
4746 -6
4747 -16
4748 -34
4749 -32
4750 -38
4751 -34
4752 -32
4753 -30
4754 -18
4755 -10
4756 -8
4757 -2
4758 -8
4759 0
4760 6
4761 -6
4762 2
4763 -10
4764 -18
4765 -16
4766 -16
4767 -12
4768 -8
4769 -12
4770 -12
4771 -10
4772 6
4773 12
4774 14
4775 20
4776 0
4777 -4
4778 12
4779 4
4780 -2
4781 0
4782 2
4783 12
4784 4
4785 4
4786 10
4787 14
4788 12
4789 8
4790 2
4791 -10
4792 -4
4793 2
4794 0
4795 2
4796 6
4797 8
4798 22
4799 16
4800 12
4801 14
4802 -8
4803 -18
4804 -18
4805 -6
4806 -22
4807 -20
4808 -28
4809 -22
4810 -2
4811 -2
4812 0
4813 10
4814 2
4815 -10
4816 -10
4817 -12
4818 -6
4819 -6
4820 2
4821 4
4822 6
4823 4
4824 2
4825 2
4826 2
4827 4
4828 -6
4829 -2
4830 20
4831 18
4832 16
4833 8
4834 8
4835 -6
4836 -10
4837 -2
4838 -14
4839 -2
4840 -4
4841 -2
4842 -12
4843 -10
4844 -14
4845 -14
4846 -8
4847 -4
4848 -12
4849 -12
4850 -2
4851 -6
4852 2
4853 2
4854 -4
4855 -10
4856 -8
4857 0
4858 -2
4859 16
4860 8
4861 26
4862 24
4863 8
4864 -4
4865 -4
4866 -6
4867 6
4868 -4
4869 -8
4870 -24
4871 -16
4872 -18
4873 -4
4874 2
4875 4
4876 12
4877 4
4878 8
4879 10
4880 8
4881 4
4882 -2
4883 -4
4884 -6
4885 -2
4886 6
4887 0
4888 6
4889 -2
4890 -18
4891 -18
4892 -28
4893 -16
4894 -20
4895 -14
4896 -22
4897 -20
4898 -12
4899 -10
4900 -12
4901 -24
4902 -32
4903 -34
4904 -16
4905 -10
4906 -8
4907 -6
4908 2
4909 -8
4910 -12
4911 -20
4912 -24
4913 -18
4914 -12
4915 -6
4916 -2
4917 -10
4918 2
4919 2
4920 -4
4921 2
4922 6
4923 6
4924 4
4925 -2
4926 4
4927 2
4928 18
4929 12
4930 26
4931 26
4932 20
4933 4
4934 4
4935 -8
4936 -2
4937 4
4938 6
4939 2
4940 -4
4941 -4
4942 8
4943 -4
4944 -2
4945 2
4946 2
4947 8
4948 -4
4949 10
4950 -2
4951 2
4952 -2
4953 -2
4954 4
4955 12
4956 4
4957 -2
4958 2
4959 -6
4960 0
4961 -2
4962 8
4963 10
4964 2
4965 16
4966 8
4967 4
4968 -4
4969 -20
4970 -12
4971 -12
4972 -2
4973 10
4974 2
4975 2
4976 -2
4977 10
4978 8
4979 0
4980 -20
4981 -16
4982 -16
4983 -14
4984 -28
4985 -14
4986 -8
4987 -10
4988 -6
4989 2
4990 -18
4991 -20
4992 -14
4993 -22
4994 -20
4995 -8
4996 -6
4997 6
4998 30
4999 30
5000 0
