-3.32019
-3.32034
-3.32034
-3.32004
-3.31958
-3.31913
-3.31868
-3.31973
-3.32003
-3.31988
-3.32109
-3.32109
-3.3217
-3.3211
-3.32079
-3.32125
-3.32034
-3.32034
-3.31914
-3.31959
-3.31929
-3.31974
-3.32049
-3.3214
-3.32019
-3.32079
-3.32079
-3.32094
-3.32019
-3.32019
-3.32019
-3.31929
-3.31883
-3.31959
-3.31959
-3.31929
-3.31883
-3.31762
-3.31762
-3.31868
-3.31823
-3.31838
-3.31853
-3.31823
-3.31808
-3.31777
-3.31853
-3.31808
-3.31793
-3.31899
-3.31899
-3.31838
-3.31883
-3.31913
-3.31837
-3.31913
-3.31943
-3.31928
-3.31823
-3.31928
-3.31913
-3.31913
-3.31883
-3.31823
-3.31944
-3.31883
-3.31883
-3.31853
-3.31672
-3.31732
-3.31807
-3.31762
-3.31717
-3.31762
-3.31716
-3.31762
-3.31793
-3.31702
-3.31778
-3.31657
-3.31627
-3.31627
-3.31611
-3.31535
-3.31414
-3.3155
-3.31596
-3.31596
-3.31641
-3.31672
-3.31687
-3.31778
-3.31823
-3.31808
-3.31808
-3.31778
-3.31793
-3.31763
-3.31747
-3.31868
