-6.67221
-6.65105
-6.63608
-6.62737
-6.62837
-6.63906
-6.65253
-6.66847
-6.67784
-6.68061
-6.67698
-6.66794
-6.6557
-6.64092
-6.63094
-6.62994
-6.63892
-6.64944
-6.66476
-6.68448
-6.70545
-6.72093
-6.73303
-6.73599
-6.72628
-6.70929
-6.68282
-6.65245
-6.6227
-6.59609
-6.58002
-6.57496
-6.58247
-6.59842
-6.62144
-6.64477
-6.66287
-6.67345
-6.67734
-6.6716
-6.661
-6.65006
-6.63971
-6.63096
-6.62461
-6.6214
-6.62021
-6.62007
-6.61577
-6.60808
-6.6015
-6.59286
-6.58052
-6.5687
-6.55883
-6.55055
-6.54442
-6.54182
-6.54149
-6.55189
-6.56839
-6.59676
-6.63281
-6.67232
-6.7052
-6.73308
-6.74958
-6.75622
-6.75237
-6.7394
-6.72244
-6.70026
-6.6752
-6.65387
-6.64165
-6.63937
-6.64771
-6.66849
-6.69321
-6.72018
-6.74721
-6.76448
-6.77545
-6.77629
-6.76778
-6.75054
-6.7216
-6.68437
-6.64337
-6.59856
-6.55695
-6.52558
-6.50539
-6.49917
-6.50875
-6.52934
-6.55493
-6.58766
-6.62403
-6.65974
