-7.08862
-7.00577
-6.88852
-6.74821
-6.59322
-6.43997
-6.30505
-6.19831
-6.13575
-6.12063
-6.15078
-6.21486
-6.29533
-6.37725
-6.44225
-6.49172
-6.51776
-6.52019
-6.50095
-6.46527
-6.4211
-6.37675
-6.33507
-6.30557
-6.29117
-6.29079
-6.3044
-6.32635
-6.35595
-6.39024
-6.42542
-6.46163
-6.49588
-6.51995
-6.53749
-6.54237
-6.53361
-6.51183
-6.48308
-6.45595
-6.43726
-6.43298
-6.43952
-6.45139
-6.46406
-6.46732
-6.45935
-6.44096
-6.41176
-6.37774
-6.34201
-6.31446
-6.29497
-6.28553
-6.28027
-6.28202
-6.28661
-6.29857
-6.31818
-6.34434
-6.38688
-6.44028
-6.50125
-6.56642
-6.62703
-6.67782
-6.71234
-6.72878
-6.72632
-6.70698
-6.67242
-6.62885
-6.58056
-6.53632
-6.49551
-6.46205
-6.4354
-6.41141
-6.39673
-6.39349
-6.40188
-6.41391
-6.42993
-6.44497
-6.45003
-6.44355
-6.42836
-6.39964
-6.36504
-6.33318
-6.30827
-6.29283
-6.29654
-6.31592
-6.34696
-6.38739
-6.43108
-6.46932
-6.50038
-6.52628
