-7.84025
-7.80132
-7.72916
-7.63028
-7.52102
-7.39843
-7.27159
-7.14871
-7.03637
-6.94422
-6.87942
-6.84708
-6.84271
-6.86311
-6.90204
-6.95051
-7.00254
-7.04954
-7.08812
-7.11861
-7.14009
-7.14657
-7.14654
-7.13841
-7.12812
-7.11727
-7.10847
-7.10754
-7.10973
-7.12087
-7.13877
-7.15881
-7.18243
-7.20609
-7.23074
-7.25251
-7.27191
-7.28927
-7.3006
-7.30879
-7.3156
-7.31852
-7.31719
-7.30968
-7.29837
-7.28556
-7.26643
-7.24377
-7.22001
-7.19655
-7.17367
-7.15136
-7.13335
-7.11972
-7.11305
-7.11272
-7.11824
-7.12679
-7.13944
-7.15388
-7.16808
-7.18015
-7.19106
-7.20115
-7.20856
-7.21131
-7.21277
-7.21362
-7.21015
-7.20749
-7.20349
-7.19869
-7.19646
-7.19866
-7.20004
-7.20392
-7.20843
-7.21675
-7.22445
-7.23123
-7.23854
-7.24558
-7.25132
-7.25432
-7.25413
-7.25126
-7.24745
-7.24231
-7.23476
-7.22628
-7.22009
-7.21395
-7.20392
-7.19685
-7.19069
-7.17925
-7.16943
-7.15509
-7.14246
-7.13102
