1 -7.43485
2 -7.42878
3 -7.45407
4 -7.54184
5 -7.44475
6 -7.39585
7 -7.46821
8 -7.4781
9 -7.49123
10 -7.52339
11 -7.55545
12 -7.52466
13 -7.58361
14 -7.65483
15 -7.53839
16 -7.55938
17 -7.47781
18 -7.44303
19 -7.5234
20 -7.46358
21 -7.42666
22 -7.40489
23 -7.40853
24 -7.48127
25 -7.43514
26 -7.49065
27 -7.46031
28 -7.42971
29 -7.46821
30 -7.39436
31 -7.42179
32 -7.48274
33 -7.5396
34 -7.5347
35 -7.54503
36 -7.46912
37 -7.43741
38 -7.4556
39 -7.51427
40 -7.50908
41 -7.5475
42 -7.4532
43 -7.45445
44 -7.50395
45 -7.49595
46 -7.49415
47 -7.5446
48 -7.50435
49 -7.5056
50 -7.59655
51 -7.59082
52 -7.61656
53 -7.52919
54 -7.61647
55 -7.62026
56 -7.61171
57 -7.58225
58 -7.63343
59 -7.66512
60 -7.69963
61 -7.60023
62 -7.5894
63 -7.61018
64 -7.66164
65 -7.64977
66 -7.70424
67 -7.73904
68 -7.73623
69 -7.74699
70 -7.72177
71 -7.74636
72 -7.79283
73 -7.78623
74 -7.81819
75 -7.83593
76 -7.83849
77 -7.73913
78 -7.72924
79 -7.72508
80 -7.69896
81 -7.6179
82 -7.67776
83 -7.64923
84 -7.60531
85 -7.57709
86 -7.5734
87 -7.54052
88 -7.51539
89 -7.56646
90 -7.64271
91 -7.60587
92 -7.58407
93 -7.61249
94 -7.55646
95 -7.48441
96 -7.51581
97 -7.55535
98 -7.5591
99 -7.53581
100 -7.57545
101 -7.5491
102 -7.60151
103 -7.56731
104 -7.71037
105 -7.68809
106 -7.67792
107 -7.63046
108 -7.68264
109 -7.70122
110 -7.68984
111 -7.63019
112 -7.62381
113 -7.59343
114 -7.62923
115 -7.6244
116 -7.62329
117 -7.69162
118 -7.67411
119 -7.72127
120 -7.69689
121 -7.63396
122 -7.57714
123 -7.50475
124 -7.44376
125 -7.479
126 -7.50321
127 -7.50148
128 -7.41867
129 -7.32867
130 -7.37514
131 -7.38056
132 -7.39424
133 -7.5044
134 -7.5124
135 -7.55003
136 -7.53524
137 -7.43127
138 -7.49385
139 -7.59949
140 -7.5862
141 -7.61807
142 -7.64954
143 -7.6596
144 -7.56884
145 -7.49049
146 -7.53248
147 -7.44787
148 -7.43016
149 -7.44364
150 -7.53174
151 -7.56841
152 -7.49593
153 -7.502
154 -7.52262
155 -7.51543
156 -7.51069
157 -7.506
158 -7.42727
159 -7.35539
160 -7.35554
161 -7.42925
162 -7.47734
163 -7.4575
164 -7.46904
165 -7.40773
166 -7.40083
167 -7.31891
168 -7.30539
169 -7.30748
170 -7.32542
171 -7.30969
172 -7.41609
173 -7.41562
174 -7.40644
175 -7.36948
176 -7.28032
177 -7.2629
178 -7.33774
179 -7.38802
180 -7.51359
181 -7.52887
182 -7.46244
183 -7.43527
184 -7.30409
185 -7.41369
186 -7.34048
187 -7.47774
188 -7.40157
189 -7.41236
190 -7.40138
191 -7.45252
192 -7.41516
193 -7.39932
194 -7.41812
195 -7.38592
196 -7.41283
197 -7.37244
198 -7.32963
199 -7.3571
200 -7.36637
201 -7.49305
202 -7.45935
203 -7.47251
204 -7.43416
205 -7.41113
206 -7.46288
207 -7.45337
208 -7.47163
209 -7.58495
210 -7.55378
211 -7.51546
212 -7.61033
213 -7.57125
214 -7.57831
215 -7.61927
216 -7.54979
217 -7.51332
218 -7.53107
219 -7.4977
220 -7.4997
221 -7.53753
222 -7.57079
223 -7.49535
224 -7.50308
225 -7.52627
226 -7.54757
227 -7.60456
228 -7.60714
229 -7.55931
230 -7.62025
231 -7.57984
232 -7.56131
233 -7.45732
234 -7.4212
235 -7.42896
236 -7.4192
237 -7.4475
238 -7.44814
239 -7.35578
240 -7.42496
241 -7.46829
242 -7.43814
243 -7.39508
244 -7.37464
245 -7.38137
246 -7.41748
247 -7.48348
248 -7.47981
249 -7.52983
250 -7.59052
251 -7.54618
252 -7.59222
253 -7.60272
254 -7.59676
255 -7.60013
256 -7.67654
257 -7.63872
258 -7.62895
259 -7.50331
260 -7.54614
261 -7.44809
262 -7.49832
263 -7.45818
264 -7.53801
265 -7.57949
266 -7.58845
267 -7.5084
268 -7.51902
269 -7.57057
270 -7.53076
271 -7.53209
272 -7.50677
273 -7.51105
274 -7.53983
275 -7.59038
276 -7.6222
277 -7.66041
278 -7.71235
279 -7.6806
280 -7.56715
281 -7.58316
282 -7.59613
283 -7.59833
284 -7.66807
285 -7.57985
286 -7.57868
287 -7.57975
288 -7.59587
289 -7.58757
290 -7.5995
291 -7.60952
292 -7.57069
293 -7.5972
294 -7.62373
295 -7.64383
296 -7.66704
297 -7.62486
298 -7.6813
299 -7.76381
300 -7.63741
301 -7.62036
302 -7.5746
303 -7.6457
304 -7.66573
305 -7.64894
306 -7.62612
307 -7.6239
308 -7.56015
309 -7.58957
310 -7.44132
311 -7.47199
312 -7.54183
313 -7.63511
314 -7.6107
315 -7.66684
316 -7.65798
317 -7.61579
318 -7.64822
319 -7.62906
320 -7.51767
321 -7.47876
322 -7.56235
323 -7.5637
324 -7.63984
325 -7.65203
326 -7.60895
327 -7.66992
328 -7.6405
329 -7.64382
330 -7.59204
331 -7.61298
332 -7.50611
333 -7.59601
334 -7.52485
335 -7.56787
336 -7.56109
337 -7.5733
338 -7.58343
339 -7.58999
340 -7.54478
341 -7.53278
342 -7.40025
343 -7.52751
344 -7.48417
345 -7.46679
346 -7.54818
347 -7.49799
348 -7.52738
349 -7.48756
350 -7.47869
351 -7.48197
352 -7.48761
353 -7.55177
354 -7.41456
355 -7.44585
356 -7.49416
357 -7.50521
358 -7.58764
359 -7.67191
360 -7.64436
361 -7.6914
362 -7.69707
363 -7.6181
364 -7.57515
365 -7.57715
366 -7.63457
367 -7.62876
368 -7.59391
369 -7.5406
370 -7.59471
371 -7.56561
372 -7.66097
373 -7.63119
374 -7.64884
375 -7.61602
376 -7.63779
377 -7.57722
378 -7.62765
379 -7.57475
380 -7.6125
381 -7.57015
382 -7.58001
383 -7.67014
384 -7.64623
385 -7.55843
386 -7.56998
387 -7.55078
388 -7.57281
389 -7.51307
390 -7.58662
391 -7.60158
392 -7.58938
393 -7.55772
394 -7.66687
395 -7.69456
396 -7.55506
397 -7.54641
398 -7.45343
399 -7.35789
400 -7.41722
401 -7.39484
402 -7.39797
403 -7.43636
404 -7.44606
405 -7.47564
406 -7.42093
407 -7.40373
408 -7.39928
409 -7.48394
410 -7.48418
411 -7.47502
412 -7.53746
413 -7.51545
414 -7.47689
415 -7.4865
416 -7.44354
417 -7.43059
418 -7.41464
419 -7.47707
420 -7.48694
421 -7.4964
422 -7.53937
423 -7.39617
424 -7.39041
425 -7.3274
426 -7.29614
427 -7.32217
428 -7.36327
429 -7.34895
430 -7.43701
431 -7.47759
432 -7.43722
433 -7.38483
434 -7.42481
435 -7.44109
436 -7.52608
437 -7.54612
438 -7.49729
439 -7.5115
440 -7.57405
441 -7.57606
442 -7.5756
443 -7.57813
444 -7.56778
445 -7.55621
446 -7.53225
447 -7.57643
448 -7.54015
449 -7.49588
450 -7.56875
451 -7.49275
452 -7.4643
453 -7.55089
454 -7.51616
455 -7.52596
456 -7.52301
457 -7.52542
458 -7.54257
459 -7.5583
460 -7.55971
461 -7.58761
462 -7.60605
463 -7.58371
464 -7.57379
465 -7.55659
466 -7.56292
467 -7.6005
468 -7.62098
469 -7.65467
470 -7.62012
471 -7.62513
472 -7.60953
473 -7.52179
474 -7.54021
475 -7.56229
476 -7.60893
477 -7.5455
478 -7.64328
479 -7.60096
480 -7.57582
481 -7.51887
482 -7.5956
483 -7.64335
484 -7.64845
485 -7.50658
486 -7.50733
487 -7.50313
488 -7.45941
489 -7.5435
490 -7.48547
491 -7.50376
492 -7.52748
493 -7.55569
494 -7.60289
495 -7.61706
496 -7.5712
497 -7.57168
498 -7.56295
499 -7.55308
500 -7.66721
501 -7.67552
502 -7.61285
503 -7.6341
504 -7.63568
505 -7.5744
506 -7.59074
507 -7.59306
508 -7.56883
509 -7.61504
510 -7.63101
511 -7.65899
512 -7.71443
513 -7.63723
514 -7.64916
515 -7.6374
516 -7.50663
517 -7.52487
518 -7.54145
519 -7.59848
520 -7.59984
521 -7.55338
522 -7.55753
523 -7.59364
524 -7.61544
525 -7.58102
526 -7.60581
527 -7.59192
528 -7.62662
529 -7.65977
530 -7.61836
531 -7.58639
532 -7.62991
533 -7.61511
534 -7.62408
535 -7.62784
536 -7.73908
537 -7.71462
538 -7.66896
539 -7.63396
540 -7.56034
541 -7.56844
542 -7.58039
543 -7.54807
544 -7.58371
545 -7.55874
546 -7.54689
547 -7.54889
548 -7.47784
549 -7.52982
550 -7.50647
551 -7.54615
552 -7.58769
553 -7.5537
554 -7.57132
555 -7.58638
556 -7.58301
557 -7.58815
558 -7.56283
559 -7.5406
560 -7.56489
561 -7.56085
562 -7.61373
563 -7.57122
564 -7.5509
565 -7.5859
566 -7.61724
567 -7.53385
568 -7.5302
569 -7.45503
570 -7.4332
571 -7.48344
572 -7.49057
573 -7.5215
574 -7.46868
575 -7.4411
576 -7.41042
577 -7.43969
578 -7.50293
579 -7.51469
580 -7.57599
581 -7.62336
582 -7.60698
583 -7.6265
584 -7.60632
585 -7.61349
586 -7.62333
587 -7.52973
588 -7.51892
589 -7.58126
590 -7.57544
591 -7.59488
592 -7.507
593 -7.51391
594 -7.49229
595 -7.49077
596 -7.53764
597 -7.55999
598 -7.56702
599 -7.61121
600 -7.6065
601 -7.52855
602 -7.48179
603 -7.57037
604 -7.58302
605 -7.52393
606 -7.51174
607 -7.51843
608 -7.47768
609 -7.4935
610 -7.5114
611 -7.48428
612 -7.44785
613 -7.40869
614 -7.50182
615 -7.4902
616 -7.47616
617 -7.60295
618 -7.60476
619 -7.49669
620 -7.53985
621 -7.52845
622 -7.48203
623 -7.49426
624 -7.54475
625 -7.52115
626 -7.49741
627 -7.4922
628 -7.42171
629 -7.42262
630 -7.47654
631 -7.51378
632 -7.48177
633 -7.48165
634 -7.46316
635 -7.43664
636 -7.46124
637 -7.52956
638 -7.59923
639 -7.58867
640 -7.58732
641 -7.57693
642 -7.6097
643 -7.56163
644 -7.50038
645 -7.42858
646 -7.39422
647 -7.41066
648 -7.4117
649 -7.3514
650 -7.33143
651 -7.31221
652 -7.37816
653 -7.33954
654 -7.42173
655 -7.37817
656 -7.50883
657 -7.53343
658 -7.55069
659 -7.53186
660 -7.51315
661 -7.50588
662 -7.51234
663 -7.50559
664 -7.46491
665 -7.55031
666 -7.53825
667 -7.59932
668 -7.57606
669 -7.51721
670 -7.50031
671 -7.43401
672 -7.47548
673 -7.47735
674 -7.4116
675 -7.47885
676 -7.47836
677 -7.44273
678 -7.48135
679 -7.4732
680 -7.48586
681 -7.3959
682 -7.4993
683 -7.48414
684 -7.4976
685 -7.58446
686 -7.59421
687 -7.57601
688 -7.59698
689 -7.51469
690 -7.39206
691 -7.27284
692 -7.27301
693 -7.31706
694 -7.3253
695 -7.38397
696 -7.39212
697 -7.38605
698 -7.36229
699 -7.39924
700 -7.43064
701 -7.46183
702 -7.51437
703 -7.52509
704 -7.54822
705 -7.52958
706 -7.53838
707 -7.52282
708 -7.54071
709 -7.59891
710 -7.56602
711 -7.55431
712 -7.60868
713 -7.58334
714 -7.55337
715 -7.5158
716 -7.59132
717 -7.60505
718 -7.56422
719 -7.55774
720 -7.57713
721 -7.63705
722 -7.51496
723 -7.49264
724 -7.58681
725 -7.59608
726 -7.599
727 -7.54469
728 -7.55019
729 -7.57394
730 -7.50264
731 -7.62114
732 -7.65341
733 -7.62805
734 -7.64141
735 -7.59941
736 -7.60672
737 -7.59052
738 -7.62821
739 -7.67521
740 -7.63953
741 -7.64638
742 -7.66586
743 -7.65063
744 -7.66131
745 -7.72875
746 -7.65603
747 -7.60483
748 -7.63025
749 -7.62966
750 -7.62215
751 -7.68278
752 -7.657
753 -7.69995
754 -7.68497
755 -7.62788
756 -7.54757
757 -7.62026
758 -7.6501
759 -7.64605
760 -7.69156
761 -7.65873
762 -7.58056
763 -7.532
764 -7.51189
765 -7.43979
766 -7.4442
767 -7.38676
768 -7.40859
769 -7.41825
770 -7.47466
771 -7.49361
772 -7.44223
773 -7.4391
774 -7.49144
775 -7.55894
776 -7.57749
777 -7.56372
778 -7.5151
779 -7.51308
780 -7.54189
781 -7.56119
782 -7.59702
783 -7.56262
784 -7.51974
785 -7.58723
786 -7.59575
787 -7.5157
788 -7.53389
789 -7.53955
790 -7.58152
791 -7.52159
792 -7.52122
793 -7.50765
794 -7.51208
795 -7.49688
796 -7.54876
797 -7.56162
798 -7.55814
799 -7.48573
800 -7.51804
801 -7.48389
802 -7.48742
803 -7.54138
804 -7.52557
805 -7.6542
806 -7.6757
807 -7.70675
808 -7.67313
809 -7.68226
810 -7.60409
811 -7.65016
812 -7.6618
813 -7.72508
814 -7.68621
815 -7.68466
816 -7.60004
817 -7.49873
818 -7.53849
819 -7.5207
820 -7.52602
821 -7.52346
822 -7.4712
823 -7.51494
824 -7.5391
825 -7.50624
826 -7.58149
827 -7.60737
828 -7.60664
829 -7.69213
830 -7.69512
831 -7.69752
832 -7.60653
833 -7.62862
834 -7.61521
835 -7.61723
836 -7.63287
837 -7.59347
838 -7.55173
839 -7.55864
840 -7.47339
841 -7.48917
842 -7.49486
843 -7.44234
844 -7.55764
845 -7.56764
846 -7.55864
847 -7.61383
848 -7.60267
849 -7.57473
850 -7.57045
851 -7.59953
852 -7.59539
853 -7.57962
854 -7.55819
855 -7.58876
856 -7.53418
857 -7.5632
858 -7.54064
859 -7.53095
860 -7.47227
861 -7.49359
862 -7.54015
863 -7.53417
864 -7.55022
865 -7.53467
866 -7.50934
867 -7.43124
868 -7.51107
869 -7.52263
870 -7.48102
871 -7.49158
872 -7.54022
873 -7.50747
874 -7.52189
875 -7.58661
876 -7.5644
877 -7.53585
878 -7.50264
879 -7.51066
880 -7.56686
881 -7.54236
882 -7.55992
883 -7.55344
884 -7.503
885 -7.48374
886 -7.55258
887 -7.49749
888 -7.51817
889 -7.53197
890 -7.50186
891 -7.40345
892 -7.37136
893 -7.44953
894 -7.47241
895 -7.51563
896 -7.47144
897 -7.38704
898 -7.46186
899 -7.5027
900 -7.45249
901 -7.379
902 -7.35539
903 -7.36004
904 -7.39413
905 -7.50459
906 -7.54562
907 -7.57765
908 -7.55946
909 -7.49011
910 -7.48883
911 -7.53756
912 -7.55287
913 -7.59954
914 -7.5785
915 -7.56903
916 -7.49311
917 -7.63491
918 -7.63648
919 -7.65316
920 -7.64396
921 -7.60773
922 -7.56037
923 -7.49998
924 -7.56782
925 -7.46727
926 -7.42134
927 -7.34433
928 -7.4646
929 -7.39803
930 -7.3073
931 -7.40207
932 -7.48974
933 -7.54034
934 -7.5741
935 -7.5575
936 -7.57618
937 -7.50324
938 -7.5004
939 -7.47429
940 -7.49591
941 -7.53932
942 -7.53768
943 -7.52383
944 -7.51411
945 -7.48195
946 -7.41074
947 -7.35266
948 -7.34167
949 -7.34138
950 -7.37198
951 -7.40765
952 -7.49424
953 -7.46225
954 -7.37351
955 -7.35317
956 -7.39605
957 -7.46531
958 -7.49112
959 -7.49407
960 -7.47056
961 -7.41985
962 -7.42314
963 -7.39413
964 -7.36114
965 -7.32697
966 -7.37411
967 -7.47404
968 -7.50764
969 -7.4875
970 -7.47499
971 -7.45217
972 -7.38018
973 -7.48834
974 -7.6169
975 -7.55358
976 -7.60637
977 -7.6007
978 -7.5714
979 -7.58172
980 -7.49297
981 -7.51062
982 -7.54042
983 -7.60618
984 -7.59618
985 -7.61926
986 -7.52135
987 -7.60333
988 -7.65654
989 -7.63088
990 -7.67786
991 -7.58987
992 -7.63409
993 -7.67484
994 -7.66232
995 -7.64173
996 -7.75432
997 -7.79285
998 -7.73867
999 -7.66887
1000 -7.64299
1001 -7.67998
1002 -7.68879
1003 -7.52875
1004 -7.57678
1005 -7.5331
1006 -7.60321
1007 -7.63464
1008 -7.6367
1009 -7.62669
1010 -7.55196
1011 -7.48664
1012 -7.49484
1013 -7.56375
1014 -7.56148
1015 -7.60296
1016 -7.5945
1017 -7.60909
1018 -7.65918
1019 -7.67011
1020 -7.66671
1021 -7.73115
1022 -7.72335
1023 -7.72587
1024 -7.73436
1025 -7.75323
1026 -7.71952
1027 -7.67678
1028 -7.65208
1029 -7.68641
1030 -7.65971
1031 -7.64202
1032 -7.67022
1033 -7.65571
1034 -7.58564
1035 -7.60865
1036 -7.54848
1037 -7.58588
1038 -7.58591
1039 -7.62029
1040 -7.54567
1041 -7.52915
1042 -7.50532
1043 -7.52612
1044 -7.5301
1045 -7.47592
1046 -7.53604
1047 -7.53149
1048 -7.50376
1049 -7.45939
1050 -7.45438
1051 -7.47274
1052 -7.51379
1053 -7.51317
1054 -7.43216
1055 -7.42477
1056 -7.42495
1057 -7.39498
1058 -7.39667
1059 -7.46215
1060 -7.44263
1061 -7.37802
1062 -7.43199
1063 -7.50445
1064 -7.47213
1065 -7.46026
1066 -7.46735
1067 -7.50956
1068 -7.6202
1069 -7.71721
1070 -7.77459
1071 -7.78901
1072 -7.76737
1073 -7.70204
1074 -7.63973
1075 -7.62422
1076 -7.57149
1077 -7.6073
1078 -7.66778
1079 -7.6356
1080 -7.6057
1081 -7.63866
1082 -7.66249
1083 -7.57253
1084 -7.52252
1085 -7.6093
1086 -7.65047
1087 -7.66444
1088 -7.71233
1089 -7.59091
1090 -7.48259
1091 -7.41844
1092 -7.43923
1093 -7.40618
1094 -7.36345
1095 -7.35875
1096 -7.36677
1097 -7.39569
1098 -7.35822
1099 -7.41795
1100 -7.41434
1101 -7.35268
1102 -7.40266
1103 -7.41122
1104 -7.50743
1105 -7.50513
1106 -7.51875
1107 -7.59273
1108 -7.58456
1109 -7.60689
1110 -7.69215
1111 -7.67803
1112 -7.60131
1113 -7.55705
1114 -7.58188
1115 -7.5125
1116 -7.50662
1117 -7.42729
1118 -7.4764
1119 -7.45287
1120 -7.49643
1121 -7.3841
1122 -7.53549
1123 -7.5106
1124 -7.42627
1125 -7.37619
1126 -7.33763
1127 -7.3221
1128 -7.33933
1129 -7.37381
1130 -7.47473
1131 -7.47747
1132 -7.36678
1133 -7.42402
1134 -7.49107
1135 -7.52795
1136 -7.56468
1137 -7.50589
1138 -7.50834
1139 -7.43726
1140 -7.44654
1141 -7.46396
1142 -7.4371
1143 -7.43661
1144 -7.3998
1145 -7.35062
1146 -7.41966
1147 -7.4572
1148 -7.458
1149 -7.33358
1150 -7.40968
1151 -7.44551
1152 -7.46775
1153 -7.53993
1154 -7.56762
1155 -7.55419
1156 -7.45016
1157 -7.41599
1158 -7.41764
1159 -7.45918
1160 -7.43417
1161 -7.47375
1162 -7.48846
1163 -7.51722
1164 -7.52934
1165 -7.45971
1166 -7.44631
1167 -7.47702
1168 -7.55611
1169 -7.45628
1170 -7.4205
1171 -7.46089
1172 -7.44152
1173 -7.45361
1174 -7.39702
1175 -7.50015
1176 -7.45835
1177 -7.53674
1178 -7.50671
1179 -7.58162
1180 -7.55092
1181 -7.57486
1182 -7.57601
1183 -7.57143
1184 -7.557
1185 -7.5624
1186 -7.59759
1187 -7.61657
1188 -7.5992
1189 -7.57238
1190 -7.53719
1191 -7.58416
1192 -7.57116
1193 -7.5482
1194 -7.57599
1195 -7.49235
1196 -7.54191
1197 -7.44483
1198 -7.43018
1199 -7.44483
1200 -7.45022
1201 -7.50394
1202 -7.51973
1203 -7.47088
1204 -7.4615
1205 -7.47812
1206 -7.41587
1207 -7.54859
1208 -7.5602
1209 -7.55677
1210 -7.59278
1211 -7.53806
1212 -7.58382
1213 -7.58683
1214 -7.58646
1215 -7.61984
1216 -7.66766
1217 -7.6107
1218 -7.64465
1219 -7.5631
1220 -7.5557
1221 -7.58219
1222 -7.51583
1223 -7.52766
1224 -7.5858
1225 -7.5692
1226 -7.59187
1227 -7.57763
1228 -7.64756
1229 -7.59531
1230 -7.5351
1231 -7.56115
1232 -7.57703
1233 -7.56542
1234 -7.56275
1235 -7.57955
1236 -7.54734
1237 -7.5192
1238 -7.50133
1239 -7.46712
1240 -7.48097
1241 -7.52253
1242 -7.43732
1243 -7.43436
1244 -7.32521
1245 -7.30365
1246 -7.3438
1247 -7.45251
1248 -7.54553
1249 -7.53098
1250 -7.55337
1251 -7.56253
1252 -7.48824
1253 -7.45876
1254 -7.53772
1255 -7.51229
1256 -7.43877
1257 -7.46286
1258 -7.4945
1259 -7.4649
1260 -7.47369
1261 -7.55738
1262 -7.55796
1263 -7.53704
1264 -7.54638
1265 -7.47536
1266 -7.5859
1267 -7.58221
1268 -7.55161
1269 -7.55164
1270 -7.49476
1271 -7.51989
1272 -7.48882
1273 -7.51547
1274 -7.48132
1275 -7.47613
1276 -7.43669
1277 -7.45699
1278 -7.37679
1279 -7.36149
1280 -7.39552
1281 -7.47125
1282 -7.39572
1283 -7.39069
1284 -7.36126
1285 -7.33048
1286 -7.37727
1287 -7.41386
1288 -7.42723
1289 -7.47205
1290 -7.46944
1291 -7.44366
1292 -7.4438
1293 -7.47383
1294 -7.45054
1295 -7.38295
1296 -7.38228
1297 -7.45551
1298 -7.40688
1299 -7.42386
1300 -7.50501
1301 -7.5313
1302 -7.47145
1303 -7.44858
1304 -7.41506
1305 -7.42379
1306 -7.46036
1307 -7.37569
1308 -7.31568
1309 -7.2957
1310 -7.26485
1311 -7.29513
1312 -7.2796
1313 -7.34666
1314 -7.34247
1315 -7.37111
1316 -7.39351
1317 -7.41292
1318 -7.49541
1319 -7.44809
1320 -7.40476
1321 -7.39196
1322 -7.42277
1323 -7.46463
1324 -7.46971
1325 -7.45862
1326 -7.46189
1327 -7.53577
1328 -7.59835
1329 -7.53512
1330 -7.47925
1331 -7.49221
1332 -7.55122
1333 -7.48379
1334 -7.45984
1335 -7.50622
1336 -7.49179
1337 -7.50553
1338 -7.5239
1339 -7.54818
1340 -7.66665
1341 -7.74359
1342 -7.70079
1343 -7.6972
1344 -7.63955
1345 -7.70742
1346 -7.71676
1347 -7.70127
1348 -7.63661
1349 -7.67146
1350 -7.65131
1351 -7.56106
1352 -7.54882
1353 -7.44305
1354 -7.48383
1355 -7.51276
1356 -7.51311
1357 -7.49322
1358 -7.4702
1359 -7.47037
1360 -7.49384
1361 -7.48242
1362 -7.45015
1363 -7.48659
1364 -7.4603
1365 -7.50889
1366 -7.51246
1367 -7.45931
1368 -7.52519
1369 -7.47649
1370 -7.48712
1371 -7.48596
1372 -7.53208
1373 -7.53494
1374 -7.56765
1375 -7.61513
1376 -7.63081
1377 -7.52907
1378 -7.54049
1379 -7.5717
1380 -7.60004
1381 -7.65218
1382 -7.55316
1383 -7.59867
1384 -7.57541
1385 -7.556
1386 -7.58965
1387 -7.59582
1388 -7.52659
1389 -7.46965
1390 -7.52561
1391 -7.6152
1392 -7.61836
1393 -7.67872
1394 -7.59705
1395 -7.57384
1396 -7.54301
1397 -7.46797
1398 -7.45204
1399 -7.42151
1400 -7.48583
1401 -7.51827
1402 -7.61507
1403 -7.55862
1404 -7.56177
1405 -7.55314
1406 -7.62178
1407 -7.57126
1408 -7.44708
1409 -7.46531
1410 -7.42058
1411 -7.43691
1412 -7.47201
1413 -7.55947
1414 -7.53129
1415 -7.45649
1416 -7.45751
1417 -7.40832
1418 -7.47572
1419 -7.49074
1420 -7.51649
1421 -7.46095
1422 -7.36828
1423 -7.31115
1424 -7.38733
1425 -7.34145
1426 -7.30395
1427 -7.26098
1428 -7.28564
1429 -7.3094
1430 -7.43618
1431 -7.44357
1432 -7.45858
1433 -7.51653
1434 -7.47104
1435 -7.51187
1436 -7.48787
1437 -7.37812
1438 -7.431
1439 -7.39299
1440 -7.43283
1441 -7.49574
1442 -7.46625
1443 -7.54217
1444 -7.62904
1445 -7.60752
1446 -7.55998
1447 -7.46673
1448 -7.5173
1449 -7.5494
1450 -7.56002
1451 -7.54822
1452 -7.48145
1453 -7.49617
1454 -7.47892
1455 -7.52791
1456 -7.56631
1457 -7.52895
1458 -7.55552
1459 -7.57041
1460 -7.61181
1461 -7.56519
1462 -7.69175
1463 -7.70419
1464 -7.64912
1465 -7.56536
1466 -7.6
1467 -7.57415
1468 -7.57588
1469 -7.64961
1470 -7.72415
1471 -7.74204
1472 -7.73562
1473 -7.70249
1474 -7.61281
1475 -7.6219
1476 -7.63344
1477 -7.62925
1478 -7.65147
1479 -7.65845
1480 -7.61189
1481 -7.59843
1482 -7.5514
1483 -7.51215
1484 -7.58163
1485 -7.60498
1486 -7.59493
1487 -7.51367
1488 -7.48171
1489 -7.483
1490 -7.54571
1491 -7.54952
1492 -7.54247
1493 -7.49928
1494 -7.54273
1495 -7.52838
1496 -7.54526
1497 -7.57595
1498 -7.51191
1499 -7.53558
1500 -7.56741
1501 -7.51771
1502 -7.45731
1503 -7.50857
1504 -7.47926
1505 -7.44123
1506 -7.49843
1507 -7.51248
1508 -7.45415
1509 -7.56537
1510 -7.56981
1511 -7.58242
1512 -7.53748
1513 -7.54252
1514 -7.51278
1515 -7.52442
1516 -7.64488
1517 -7.71888
1518 -7.73572
1519 -7.65348
1520 -7.64566
1521 -7.57801
1522 -7.63147
1523 -7.60973
1524 -7.64813
1525 -7.62788
1526 -7.68088
1527 -7.54188
1528 -7.56546
1529 -7.47484
1530 -7.48974
1531 -7.47695
1532 -7.50502
1533 -7.51663
1534 -7.55544
1535 -7.49007
1536 -7.50516
1537 -7.46904
1538 -7.49044
1539 -7.43273
1540 -7.48329
1541 -7.49299
1542 -7.49382
1543 -7.60758
1544 -7.63826
1545 -7.62241
1546 -7.70598
1547 -7.67575
1548 -7.60056
1549 -7.64979
1550 -7.59495
1551 -7.4776
1552 -7.54882
1553 -7.49264
1554 -7.56459
1555 -7.6433
1556 -7.57427
1557 -7.51067
1558 -7.50914
1559 -7.50036
1560 -7.55179
1561 -7.56675
1562 -7.52644
1563 -7.46829
1564 -7.41799
1565 -7.48416
1566 -7.52844
1567 -7.46299
1568 -7.4062
1569 -7.47288
1570 -7.47073
1571 -7.57524
1572 -7.57029
1573 -7.53255
1574 -7.50458
1575 -7.49213
1576 -7.42514
1577 -7.46663
1578 -7.52563
1579 -7.54041
1580 -7.45435
1581 -7.40904
1582 -7.55443
1583 -7.55604
1584 -7.58322
1585 -7.5771
1586 -7.56134
1587 -7.60053
1588 -7.57112
1589 -7.55384
1590 -7.61236
1591 -7.53874
1592 -7.49103
1593 -7.50992
1594 -7.50152
1595 -7.59019
1596 -7.57236
1597 -7.54999
1598 -7.65201
1599 -7.65582
1600 -7.64463
1601 -7.55485
1602 -7.53445
1603 -7.58866
1604 -7.57678
1605 -7.57342
1606 -7.47356
1607 -7.50089
1608 -7.47935
1609 -7.40587
1610 -7.51879
1611 -7.56545
1612 -7.45701
1613 -7.41825
1614 -7.40246
1615 -7.40573
1616 -7.42044
1617 -7.50064
1618 -7.56766
1619 -7.57995
1620 -7.57969
1621 -7.44698
1622 -7.45061
1623 -7.5236
1624 -7.52185
1625 -7.52116
1626 -7.54188
1627 -7.51454
1628 -7.47443
1629 -7.52568
1630 -7.44612
1631 -7.51916
1632 -7.53309
1633 -7.42905
1634 -7.43905
1635 -7.46775
1636 -7.5504
1637 -7.58826
1638 -7.52031
1639 -7.45163
1640 -7.41643
1641 -7.52065
1642 -7.4844
1643 -7.49842
1644 -7.49163
1645 -7.55141
1646 -7.49737
1647 -7.50683
1648 -7.41035
1649 -7.34467
1650 -7.36909
1651 -7.50587
1652 -7.4452
1653 -7.45002
1654 -7.50981
1655 -7.46443
1656 -7.47692
1657 -7.53107
1658 -7.53724
1659 -7.49413
1660 -7.45043
1661 -7.39574
1662 -7.39966
1663 -7.42858
1664 -7.44944
1665 -7.45435
1666 -7.41331
1667 -7.43012
1668 -7.36987
1669 -7.36985
1670 -7.37838
1671 -7.44738
1672 -7.51052
1673 -7.48298
1674 -7.53916
1675 -7.51357
1676 -7.5741
1677 -7.51886
1678 -7.55751
1679 -7.49879
1680 -7.44377
1681 -7.48617
1682 -7.48728
1683 -7.41062
1684 -7.3806
1685 -7.35535
1686 -7.29268
1687 -7.27641
1688 -7.4021
1689 -7.45387
1690 -7.4524
1691 -7.43145
1692 -7.51955
1693 -7.54238
1694 -7.52735
1695 -7.45569
1696 -7.50355
1697 -7.51544
1698 -7.5763
1699 -7.50365
1700 -7.5854
1701 -7.53871
1702 -7.49993
1703 -7.51817
1704 -7.58412
1705 -7.59764
1706 -7.56379
1707 -7.54917
1708 -7.55065
1709 -7.54304
1710 -7.60005
1711 -7.58831
1712 -7.53242
1713 -7.56411
1714 -7.61573
1715 -7.58106
1716 -7.5719
1717 -7.66045
1718 -7.60012
1719 -7.71248
1720 -7.67116
1721 -7.63792
1722 -7.58387
1723 -7.55265
1724 -7.5478
1725 -7.5213
1726 -7.44442
1727 -7.44394
1728 -7.41835
1729 -7.4501
1730 -7.52238
1731 -7.55251
1732 -7.56458
1733 -7.591
1734 -7.57636
1735 -7.5875
1736 -7.58284
1737 -7.53327
1738 -7.49245
1739 -7.42676
1740 -7.50794
1741 -7.44233
1742 -7.43415
1743 -7.36781
1744 -7.44446
1745 -7.42332
1746 -7.45543
1747 -7.54415
1748 -7.5746
1749 -7.51421
1750 -7.58487
1751 -7.67524
1752 -7.57715
1753 -7.58945
1754 -7.53933
1755 -7.51419
1756 -7.54139
1757 -7.52806
1758 -7.55258
1759 -7.5027
1760 -7.51593
1761 -7.51345
1762 -7.46721
1763 -7.5292
1764 -7.52304
1765 -7.5995
1766 -7.52184
1767 -7.51002
1768 -7.49058
1769 -7.51982
1770 -7.45751
1771 -7.47174
1772 -7.40008
1773 -7.33241
1774 -7.4829
1775 -7.44215
1776 -7.40262
1777 -7.41669
1778 -7.4598
1779 -7.46323
1780 -7.48078
1781 -7.48555
1782 -7.52819
1783 -7.59299
1784 -7.5778
1785 -7.50357
1786 -7.52366
1787 -7.52863
1788 -7.43312
1789 -7.43833
1790 -7.50076
1791 -7.5313
1792 -7.54716
1793 -7.54996
1794 -7.48141
1795 -7.48187
1796 -7.497
1797 -7.54351
1798 -7.55851
1799 -7.5927
1800 -7.56105
1801 -7.63781
1802 -7.64921
1803 -7.58477
1804 -7.55076
1805 -7.57014
1806 -7.62765
1807 -7.59004
1808 -7.59191
1809 -7.61295
1810 -7.59165
1811 -7.55637
1812 -7.62057
1813 -7.58147
1814 -7.52169
1815 -7.58165
1816 -7.56883
1817 -7.56888
1818 -7.69536
1819 -7.67775
1820 -7.71986
1821 -7.74312
1822 -7.68499
1823 -7.64337
1824 -7.55003
1825 -7.52511
1826 -7.57766
1827 -7.60606
1828 -7.64699
1829 -7.65666
1830 -7.66279
1831 -7.65534
1832 -7.60817
1833 -7.68967
1834 -7.68238
1835 -7.74893
1836 -7.73635
1837 -7.70513
1838 -7.69503
1839 -7.76894
1840 -7.79554
1841 -7.7816
1842 -7.77923
1843 -7.73997
1844 -7.76426
1845 -7.7532
1846 -7.72217
1847 -7.66852
1848 -7.65555
1849 -7.66242
1850 -7.6752
1851 -7.6746
1852 -7.67238
1853 -7.63963
1854 -7.65731
1855 -7.66151
1856 -7.66706
1857 -7.67042
1858 -7.58694
1859 -7.60887
1860 -7.58977
1861 -7.62571
1862 -7.50806
1863 -7.60419
1864 -7.61488
1865 -7.59633
1866 -7.55061
1867 -7.61172
1868 -7.6108
1869 -7.58515
1870 -7.60439
1871 -7.64862
1872 -7.64697
1873 -7.66778
1874 -7.67896
1875 -7.74656
1876 -7.74339
1877 -7.70505
1878 -7.66488
1879 -7.6509
1880 -7.71331
1881 -7.69868
1882 -7.69329
1883 -7.64449
1884 -7.57457
1885 -7.6381
1886 -7.65491
1887 -7.62778
1888 -7.57573
1889 -7.57473
1890 -7.58178
1891 -7.59803
1892 -7.58142
1893 -7.50194
1894 -7.46366
1895 -7.48317
1896 -7.51261
1897 -7.5774
1898 -7.58863
1899 -7.62906
1900 -7.59287
1901 -7.51036
1902 -7.53628
1903 -7.57153
1904 -7.48483
1905 -7.49695
1906 -7.54304
1907 -7.45034
1908 -7.51328
1909 -7.51502
1910 -7.45131
1911 -7.39569
1912 -7.36068
1913 -7.4263
1914 -7.43886
1915 -7.47401
1916 -7.44473
1917 -7.44629
1918 -7.42815
1919 -7.52753
1920 -7.56734
1921 -7.57314
1922 -7.58637
1923 -7.50293
1924 -7.54658
1925 -7.57461
1926 -7.61093
1927 -7.5413
1928 -7.5294
1929 -7.58431
1930 -7.5831
1931 -7.59836
1932 -7.54074
1933 -7.59466
1934 -7.58965
1935 -7.69587
1936 -7.56286
1937 -7.60129
1938 -7.63814
1939 -7.71887
1940 -7.70354
1941 -7.70619
1942 -7.7243
1943 -7.707
1944 -7.70899
1945 -7.70439
1946 -7.71045
1947 -7.65682
1948 -7.62233
1949 -7.56525
1950 -7.60369
1951 -7.58877
1952 -7.64289
1953 -7.64373
1954 -7.67392
1955 -7.57994
1956 -7.59179
1957 -7.55604
1958 -7.51509
1959 -7.55014
1960 -7.50697
1961 -7.5026
1962 -7.49012
1963 -7.40843
1964 -7.47226
1965 -7.45066
1966 -7.47565
1967 -7.50377
1968 -7.56546
1969 -7.57896
1970 -7.59276
1971 -7.50815
1972 -7.46687
1973 -7.46738
1974 -7.43097
1975 -7.45619
1976 -7.48494
1977 -7.55647
1978 -7.59799
1979 -7.62825
1980 -7.59797
1981 -7.60104
1982 -7.65171
1983 -7.69058
1984 -7.58043
1985 -7.54238
1986 -7.53932
1987 -7.61294
1988 -7.54485
1989 -7.49908
1990 -7.45994
1991 -7.53332
1992 -7.49098
1993 -7.45372
1994 -7.42118
1995 -7.37168
1996 -7.40585
1997 -7.3637
1998 -7.40887
1999 -7.46743
2000 -7.48594
2001 -7.44594
2002 -7.48786
2003 -7.55688
2004 -7.55951
2005 -7.59345
2006 -7.51497
2007 -7.5351
2008 -7.56807
2009 -7.52982
2010 -7.47375
2011 -7.57426
2012 -7.66986
2013 -7.59906
2014 -7.64029
2015 -7.61775
2016 -7.59724
2017 -7.63197
2018 -7.65647
2019 -7.6916
2020 -7.72114
2021 -7.69768
2022 -7.59963
2023 -7.62522
2024 -7.61443
2025 -7.51737
2026 -7.54483
2027 -7.57206
2028 -7.54495
2029 -7.50265
2030 -7.55156
2031 -7.64778
2032 -7.64418
2033 -7.59086
2034 -7.50477
2035 -7.52134
2036 -7.4938
2037 -7.56784
2038 -7.63987
2039 -7.58451
2040 -7.59384
2041 -7.5299
2042 -7.54251
2043 -7.55182
2044 -7.4803
2045 -7.41528
2046 -7.45383
2047 -7.42673
2048 -7.4782
2049 -7.54375
2050 -7.50325
2051 -7.49155
2052 -7.51819
2053 -7.46262
2054 -7.45018
2055 -7.54619
2056 -7.5384
2057 -7.56401
2058 -7.44518
2059 -7.40228
2060 -7.45179
2061 -7.47897
2062 -7.48965
2063 -7.42044
2064 -7.45346
2065 -7.49103
2066 -7.49319
2067 -7.55854
2068 -7.55797
2069 -7.56797
2070 -7.57844
2071 -7.61164
2072 -7.62025
2073 -7.68883
2074 -7.71992
2075 -7.68944
2076 -7.76153
2077 -7.72125
2078 -7.79401
2079 -7.75252
2080 -7.78698
2081 -7.73572
2082 -7.71575
2083 -7.68072
2084 -7.64363
2085 -7.62221
2086 -7.6368
2087 -7.66585
2088 -7.69155
2089 -7.70321
2090 -7.70281
2091 -7.71403
2092 -7.73092
2093 -7.70952
2094 -7.65124
2095 -7.62918
2096 -7.64789
2097 -7.66109
2098 -7.56999
2099 -7.52992
2100 -7.56823
2101 -7.49991
2102 -7.43748
2103 -7.44128
2104 -7.47039
2105 -7.38361
2106 -7.36008
2107 -7.47097
2108 -7.41772
2109 -7.30495
2110 -7.38515
2111 -7.34935
2112 -7.36922
2113 -7.4992
2114 -7.45274
2115 -7.42168
2116 -7.43098
2117 -7.4785
2118 -7.41376
2119 -7.36027
2120 -7.48108
2121 -7.44714
2122 -7.43866
2123 -7.4963
2124 -7.56826
2125 -7.61628
2126 -7.56699
2127 -7.49208
2128 -7.5103
2129 -7.57399
2130 -7.57032
2131 -7.54899
2132 -7.55784
2133 -7.53093
2134 -7.56151
2135 -7.57399
2136 -7.5578
2137 -7.60281
2138 -7.57715
2139 -7.57602
2140 -7.62052
2141 -7.53899
2142 -7.58383
2143 -7.60016
2144 -7.51988
2145 -7.47617
2146 -7.37773
2147 -7.36231
2148 -7.35793
2149 -7.38802
2150 -7.48815
2151 -7.48715
2152 -7.54102
2153 -7.53103
2154 -7.54735
2155 -7.50465
2156 -7.4452
2157 -7.41442
2158 -7.47883
2159 -7.51987
2160 -7.46131
2161 -7.52941
2162 -7.58668
2163 -7.59856
2164 -7.63535
2165 -7.62109
2166 -7.69856
2167 -7.66545
2168 -7.53967
2169 -7.56876
2170 -7.61706
2171 -7.6043
2172 -7.61325
2173 -7.63521
2174 -7.59178
2175 -7.51073
2176 -7.53899
2177 -7.49935
2178 -7.51941
2179 -7.45906
2180 -7.61575
2181 -7.55736
2182 -7.58424
2183 -7.5347
2184 -7.58433
2185 -7.60277
2186 -7.63608
2187 -7.65245
2188 -7.59088
2189 -7.52036
2190 -7.52964
2191 -7.51889
2192 -7.49582
2193 -7.517
2194 -7.51595
2195 -7.56324
2196 -7.54043
2197 -7.48535
2198 -7.48975
2199 -7.54543
2200 -7.56839
2201 -7.57119
2202 -7.62586
2203 -7.63814
2204 -7.69668
2205 -7.66761
2206 -7.62746
2207 -7.61033
2208 -7.62011
2209 -7.61885
2210 -7.61317
2211 -7.66064
2212 -7.55421
2213 -7.54964
2214 -7.68762
2215 -7.58915
2216 -7.63548
2217 -7.69885
2218 -7.67717
2219 -7.64098
2220 -7.71589
2221 -7.66057
2222 -7.56891
2223 -7.52285
2224 -7.56844
2225 -7.48181
2226 -7.40266
2227 -7.43016
2228 -7.40986
2229 -7.44507
2230 -7.48322
2231 -7.50254
2232 -7.56257
2233 -7.6327
2234 -7.54686
2235 -7.61672
2236 -7.52017
2237 -7.48427
2238 -7.4754
2239 -7.45461
2240 -7.47784
2241 -7.50347
2242 -7.46369
2243 -7.40533
2244 -7.43328
2245 -7.45527
2246 -7.4544
2247 -7.49561
2248 -7.51164
2249 -7.48193
2250 -7.45166
2251 -7.53757
2252 -7.52908
2253 -7.59548
2254 -7.57741
2255 -7.65706
2256 -7.72376
2257 -7.71364
2258 -7.64914
2259 -7.70137
2260 -7.71802
2261 -7.65655
2262 -7.73301
2263 -7.68508
2264 -7.68554
2265 -7.6662
2266 -7.62479
2267 -7.5706
2268 -7.62723
2269 -7.64944
2270 -7.56265
2271 -7.56295
2272 -7.57722
2273 -7.54441
2274 -7.5367
2275 -7.51715
2276 -7.57774
2277 -7.54637
2278 -7.4867
2279 -7.49258
2280 -7.55211
2281 -7.56918
2282 -7.58181
2283 -7.57209
2284 -7.59541
2285 -7.65782
2286 -7.67903
2287 -7.65021
2288 -7.58928
2289 -7.58899
2290 -7.57979
2291 -7.57809
2292 -7.63866
2293 -7.53287
2294 -7.5129
2295 -7.59342
2296 -7.55122
2297 -7.57474
2298 -7.56059
2299 -7.60577
2300 -7.74426
2301 -7.68667
2302 -7.66575
2303 -7.66051
2304 -7.62662
2305 -7.65163
2306 -7.59721
2307 -7.63982
2308 -7.62907
2309 -7.59376
2310 -7.67157
2311 -7.64895
2312 -7.65495
2313 -7.66327
2314 -7.69482
2315 -7.72027
2316 -7.63663
2317 -7.5776
2318 -7.54459
2319 -7.57007
2320 -7.56672
2321 -7.63786
2322 -7.55125
2323 -7.5875
2324 -7.57151
2325 -7.4936
2326 -7.47655
2327 -7.4228
2328 -7.46964
2329 -7.42686
2330 -7.39377
2331 -7.42486
2332 -7.47358
2333 -7.49282
2334 -7.51345
2335 -7.54874
2336 -7.60765
2337 -7.66693
2338 -7.65772
2339 -7.65937
2340 -7.63071
2341 -7.73663
2342 -7.63241
2343 -7.69568
2344 -7.634
2345 -7.64672
2346 -7.56881
2347 -7.59932
2348 -7.62241
2349 -7.54687
2350 -7.56733
2351 -7.49185
2352 -7.38828
2353 -7.45594
2354 -7.45925
2355 -7.51217
2356 -7.59371
2357 -7.57774
2358 -7.64418
2359 -7.62287
2360 -7.55012
2361 -7.60038
2362 -7.70794
2363 -7.67839
2364 -7.63008
2365 -7.65611
2366 -7.65885
2367 -7.66392
2368 -7.60604
2369 -7.67045
2370 -7.68828
2371 -7.70895
2372 -7.7349
2373 -7.76865
2374 -7.76903
2375 -7.6287
2376 -7.59919
2377 -7.60902
2378 -7.68208
2379 -7.60333
2380 -7.64113
2381 -7.68179
2382 -7.6117
2383 -7.57037
2384 -7.52828
2385 -7.57201
2386 -7.51023
2387 -7.5181
2388 -7.51683
2389 -7.45905
2390 -7.43496
2391 -7.4524
2392 -7.45197
2393 -7.44991
2394 -7.44493
2395 -7.43917
2396 -7.40866
2397 -7.34236
2398 -7.4287
2399 -7.49432
2400 -7.54957
2401 -7.54611
2402 -7.5446
2403 -7.53185
2404 -7.49313
2405 -7.4867
2406 -7.51169
2407 -7.50585
2408 -7.41585
2409 -7.35902
2410 -7.40789
2411 -7.42353
2412 -7.41225
2413 -7.46499
2414 -7.34834
2415 -7.40459
2416 -7.32292
2417 -7.37686
2418 -7.39669
2419 -7.36009
2420 -7.24846
2421 -7.28249
2422 -7.24224
2423 -7.33891
2424 -7.31418
2425 -7.43974
2426 -7.41925
2427 -7.41446
2428 -7.42161
2429 -7.49633
2430 -7.49014
2431 -7.5093
2432 -7.47295
2433 -7.4423
2434 -7.40288
2435 -7.41969
2436 -7.39408
2437 -7.37324
2438 -7.38453
2439 -7.39369
2440 -7.41661
2441 -7.50577
2442 -7.49205
2443 -7.45622
2444 -7.38377
2445 -7.3656
2446 -7.42531
2447 -7.44219
2448 -7.52622
2449 -7.56584
2450 -7.59601
2451 -7.61866
2452 -7.58783
2453 -7.48717
2454 -7.49228
2455 -7.50322
2456 -7.55904
2457 -7.54379
2458 -7.40454
2459 -7.4185
2460 -7.39361
2461 -7.42346
2462 -7.45544
2463 -7.50676
2464 -7.56918
2465 -7.63154
2466 -7.54297
2467 -7.52209
2468 -7.5635
2469 -7.58534
2470 -7.61684
2471 -7.59795
2472 -7.61915
2473 -7.59523
2474 -7.57249
2475 -7.53297
2476 -7.57325
2477 -7.58863
2478 -7.60758
2479 -7.63739
2480 -7.62132
2481 -7.62942
2482 -7.59928
2483 -7.62133
2484 -7.60944
2485 -7.63855
2486 -7.55922
2487 -7.58689
2488 -7.56219
2489 -7.61203
2490 -7.59612
2491 -7.56265
2492 -7.53036
2493 -7.45829
2494 -7.45083
2495 -7.46113
2496 -7.49854
2497 -7.53605
2498 -7.59178
2499 -7.60982
2500 -7.57137
2501 -7.58526
2502 -7.59605
2503 -7.50474
2504 -7.54424
2505 -7.54075
2506 -7.53274
2507 -7.59298
2508 -7.5213
2509 -7.46959
2510 -7.57419
2511 -7.54975
2512 -7.48576
2513 -7.5079
2514 -7.53697
2515 -7.63497
2516 -7.62956
2517 -7.51139
2518 -7.56721
2519 -7.51631
2520 -7.55321
2521 -7.50633
2522 -7.56202
2523 -7.5665
2524 -7.56633
2525 -7.52285
2526 -7.53687
2527 -7.47674
2528 -7.38575
2529 -7.41364
2530 -7.31669
2531 -7.33433
2532 -7.36903
2533 -7.36996
2534 -7.47849
2535 -7.48198
2536 -7.49391
2537 -7.4696
2538 -7.4291
2539 -7.38032
2540 -7.47367
2541 -7.45753
2542 -7.5272
2543 -7.63513
2544 -7.52696
2545 -7.50048
2546 -7.48721
2547 -7.52601
2548 -7.56258
2549 -7.58224
2550 -7.54425
2551 -7.60738
2552 -7.63114
2553 -7.58018
2554 -7.633
2555 -7.65511
2556 -7.6333
2557 -7.58631
2558 -7.58133
2559 -7.56458
2560 -7.58358
2561 -7.50752
2562 -7.48769
2563 -7.45633
2564 -7.44259
2565 -7.46449
2566 -7.4989
2567 -7.43734
2568 -7.45779
2569 -7.45429
2570 -7.50538
2571 -7.49756
2572 -7.44936
2573 -7.5274
2574 -7.50788
2575 -7.44195
2576 -7.4073
2577 -7.41097
2578 -7.38507
2579 -7.40206
2580 -7.42121
2581 -7.41888
2582 -7.4015
2583 -7.44347
2584 -7.39802
2585 -7.4464
2586 -7.4724
2587 -7.41957
2588 -7.4582
2589 -7.48672
2590 -7.41756
2591 -7.3371
2592 -7.42994
2593 -7.4671
2594 -7.56872
2595 -7.52022
2596 -7.6209
2597 -7.56332
2598 -7.61956
2599 -7.5134
2600 -7.44149
2601 -7.52537
2602 -7.51943
2603 -7.50906
2604 -7.4672
2605 -7.47025
2606 -7.51602
2607 -7.45712
2608 -7.44575
2609 -7.44633
2610 -7.44588
2611 -7.35346
2612 -7.42947
2613 -7.40873
2614 -7.37663
2615 -7.45455
2616 -7.55463
2617 -7.47351
2618 -7.52691
2619 -7.41735
2620 -7.41603
2621 -7.3695
2622 -7.43535
2623 -7.35798
2624 -7.34741
2625 -7.31356
2626 -7.3834
2627 -7.37344
2628 -7.33585
2629 -7.39504
2630 -7.45413
2631 -7.4881
2632 -7.4986
2633 -7.55596
2634 -7.53905
2635 -7.54129
2636 -7.5302
2637 -7.58298
2638 -7.5959
2639 -7.59556
2640 -7.65511
2641 -7.60676
2642 -7.61175
2643 -7.59249
2644 -7.62047
2645 -7.62823
2646 -7.52356
2647 -7.55741
2648 -7.51488
2649 -7.54725
2650 -7.6067
2651 -7.61759
2652 -7.58625
2653 -7.55164
2654 -7.5319
2655 -7.61591
2656 -7.48982
2657 -7.46189
2658 -7.48693
2659 -7.49088
2660 -7.45157
2661 -7.39585
2662 -7.42895
2663 -7.44963
2664 -7.49151
2665 -7.49435
2666 -7.50021
2667 -7.53779
2668 -7.60373
2669 -7.59075
2670 -7.52801
2671 -7.53822
2672 -7.57429
2673 -7.58023
2674 -7.57641
2675 -7.67455
2676 -7.60759
2677 -7.55871
2678 -7.47422
2679 -7.51714
2680 -7.53784
2681 -7.53547
2682 -7.51695
2683 -7.48301
2684 -7.56448
2685 -7.59354
2686 -7.56211
2687 -7.51987
2688 -7.57613
2689 -7.48183
2690 -7.48103
2691 -7.48931
2692 -7.52451
2693 -7.4608
2694 -7.45425
2695 -7.44586
2696 -7.48394
2697 -7.51007
2698 -7.56144
2699 -7.60716
2700 -7.55242
2701 -7.55476
2702 -7.5234
2703 -7.47766
2704 -7.47377
2705 -7.52457
2706 -7.56171
2707 -7.57043
2708 -7.51886
2709 -7.51735
2710 -7.55274
2711 -7.57999
2712 -7.58309
2713 -7.5165
2714 -7.51585
2715 -7.46738
2716 -7.57546
2717 -7.62373
2718 -7.63
2719 -7.62133
2720 -7.58548
2721 -7.60342
2722 -7.66361
2723 -7.68233
2724 -7.63743
2725 -7.68043
2726 -7.73738
2727 -7.72101
2728 -7.67848
2729 -7.65475
2730 -7.63019
2731 -7.60382
2732 -7.61437
2733 -7.61138
2734 -7.65623
2735 -7.66396
2736 -7.65101
2737 -7.54599
2738 -7.45659
2739 -7.47818
2740 -7.45942
2741 -7.45851
2742 -7.45351
2743 -7.4212
2744 -7.39094
2745 -7.47059
2746 -7.47945
2747 -7.46052
2748 -7.42966
2749 -7.36477
2750 -7.46994
2751 -7.46922
2752 -7.48731
2753 -7.47713
2754 -7.3939
2755 -7.54811
2756 -7.62923
2757 -7.65522
2758 -7.71175
2759 -7.71218
2760 -7.62678
2761 -7.64795
2762 -7.62726
2763 -7.65644
2764 -7.6063
2765 -7.65238
2766 -7.61272
2767 -7.53164
2768 -7.54813
2769 -7.61245
2770 -7.62543
2771 -7.52664
2772 -7.47233
2773 -7.60496
2774 -7.58906
2775 -7.57471
2776 -7.57153
2777 -7.60949
2778 -7.66109
2779 -7.6565
2780 -7.67348
2781 -7.66234
2782 -7.65629
2783 -7.6411
2784 -7.65896
2785 -7.66006
2786 -7.62848
2787 -7.68411
2788 -7.6387
2789 -7.59159
2790 -7.57847
2791 -7.60774
2792 -7.59911
2793 -7.57497
2794 -7.55616
2795 -7.66864
2796 -7.60841
2797 -7.63956
2798 -7.63629
2799 -7.68708
2800 -7.63256
2801 -7.64545
2802 -7.69563
2803 -7.63709
2804 -7.60347
2805 -7.58132
2806 -7.64457
2807 -7.6192
2808 -7.55368
2809 -7.53556
2810 -7.51665
2811 -7.53952
2812 -7.52723
2813 -7.59119
2814 -7.62593
2815 -7.59926
2816 -7.63442
2817 -7.54996
2818 -7.54929
2819 -7.52382
2820 -7.64005
2821 -7.53994
2822 -7.51848
2823 -7.52365
2824 -7.57883
2825 -7.57112
2826 -7.54453
2827 -7.53668
2828 -7.58369
2829 -7.54669
2830 -7.46813
2831 -7.53313
2832 -7.51262
2833 -7.4893
2834 -7.52369
2835 -7.50151
2836 -7.43619
2837 -7.35433
2838 -7.43035
2839 -7.37048
2840 -7.40523
2841 -7.4003
2842 -7.49653
2843 -7.54283
2844 -7.60457
2845 -7.56452
2846 -7.56982
2847 -7.44678
2848 -7.49307
2849 -7.51474
2850 -7.5204
2851 -7.498
2852 -7.5182
2853 -7.486
2854 -7.46638
2855 -7.51063
2856 -7.43922
2857 -7.43079
2858 -7.40958
2859 -7.36529
2860 -7.44993
2861 -7.47521
2862 -7.50918
2863 -7.55249
2864 -7.49238
2865 -7.52664
2866 -7.55054
2867 -7.49011
2868 -7.50271
2869 -7.54426
2870 -7.56274
2871 -7.59716
2872 -7.61577
2873 -7.6326
2874 -7.57079
2875 -7.59445
2876 -7.52606
2877 -7.46802
2878 -7.46699
2879 -7.47866
2880 -7.48657
2881 -7.48807
2882 -7.41906
2883 -7.40487
2884 -7.35982
2885 -7.51371
2886 -7.49036
2887 -7.48992
2888 -7.46067
2889 -7.4714
2890 -7.51611
2891 -7.49261
2892 -7.48649
2893 -7.48554
2894 -7.40653
2895 -7.33178
2896 -7.3089
2897 -7.30368
2898 -7.22991
2899 -7.26598
2900 -7.33898
2901 -7.34474
2902 -7.41867
2903 -7.49175
2904 -7.55284
2905 -7.46591
2906 -7.5663
2907 -7.54878
2908 -7.55976
2909 -7.55108
2910 -7.58157
2911 -7.51958
2912 -7.55273
2913 -7.58968
2914 -7.5274
2915 -7.48336
2916 -7.51022
2917 -7.54549
2918 -7.56483
2919 -7.43866
2920 -7.43416
2921 -7.46409
2922 -7.41495
2923 -7.45047
2924 -7.41203
2925 -7.47614
2926 -7.36363
2927 -7.48909
2928 -7.38634
2929 -7.42423
2930 -7.48323
2931 -7.53293
2932 -7.46448
2933 -7.52684
2934 -7.53984
2935 -7.5277
2936 -7.53258
2937 -7.48493
2938 -7.48336
2939 -7.43233
2940 -7.45013
2941 -7.53155
2942 -7.53628
2943 -7.49701
2944 -7.47886
2945 -7.46349
2946 -7.45043
2947 -7.44669
2948 -7.47052
2949 -7.51933
2950 -7.58289
2951 -7.55252
2952 -7.54004
2953 -7.51798
2954 -7.48846
2955 -7.43534
2956 -7.45804
2957 -7.5235
2958 -7.57361
2959 -7.56709
2960 -7.50574
2961 -7.54907
2962 -7.51518
2963 -7.60339
2964 -7.59084
2965 -7.65517
2966 -7.70438
2967 -7.67581
2968 -7.64348
2969 -7.62005
2970 -7.70384
2971 -7.71289
2972 -7.68471
2973 -7.60859
2974 -7.6156
2975 -7.62547
2976 -7.64531
2977 -7.62198
2978 -7.56448
2979 -7.51783
2980 -7.62676
2981 -7.55735
2982 -7.57404
2983 -7.53144
2984 -7.50509
2985 -7.50216
2986 -7.63902
2987 -7.57115
2988 -7.49523
2989 -7.57293
2990 -7.6247
2991 -7.66675
2992 -7.59032
2993 -7.58347
2994 -7.62554
2995 -7.64852
2996 -7.63487
2997 -7.50293
2998 -7.55016
2999 -7.47728
3000 -7.4983
