1 8.21915
2 8.26535
3 8.11721
4 7.59717
5 8.15291
6 8.40989
7 8.02171
8 7.97418
9 7.92748
10 7.73594
11 7.5713
12 7.76259
13 7.42765
14 7.02134
15 7.65469
16 7.53942
17 7.98604
18 8.18197
19 7.76465
20 8.12008
21 8.2819
22 8.39258
23 8.38112
24 7.9682
25 8.21989
26 7.91331
27 8.06981
28 8.24622
29 8.06299
30 8.48404
31 8.30263
32 7.97054
33 7.66103
34 7.67466
35 7.62015
36 8.01053
37 8.19268
38 8.13052
39 7.80389
40 7.85892
41 7.627
42 8.13721
43 8.08764
44 7.80824
45 7.8526
46 7.86177
47 7.58246
48 7.83964
49 7.8126
50 7.30625
51 7.35883
52 7.18494
53 7.65069
54 7.16605
55 7.16852
56 7.20019
57 7.38098
58 7.09904
59 6.91984
60 6.72965
61 7.30164
62 7.34424
63 7.24176
64 6.94285
65 6.99682
66 6.69443
67 6.50166
68 6.52083
69 6.46012
70 6.63031
71 6.47718
72 6.23558
73 6.30114
74 6.10779
75 5.98694
76 5.99834
77 6.54049
78 6.60683
79 6.61904
80 6.75202
81 7.173
82 6.81738
83 6.99731
84 7.2889
85 7.41182
86 7.48997
87 7.69492
88 7.83534
89 7.51969
90 7.07162
91 7.26526
92 7.3863
93 7.25782
94 7.57173
95 7.92429
96 7.76078
97 7.59686
98 7.56503
99 7.68765
100 7.47458
101 7.62433
102 7.31531
103 7.51005
104 6.73422
105 6.84575
106 6.88733
107 7.13589
108 6.86369
109 6.77289
110 6.82982
111 7.1469
112 7.19557
113 7.36506
114 7.15258
115 7.18708
116 7.15569
117 6.7915
118 6.90404
119 6.63405
120 6.74092
121 7.10254
122 7.41071
123 7.82135
124 8.17289
125 7.99884
126 7.83661
127 7.8575
128 8.28952
129 8.76959
130 8.57205
131 8.56445
132 8.44301
133 7.80919
134 7.78644
135 7.57219
136 7.66993
137 8.26663
138 7.87288
139 7.28141
140 7.37501
141 7.20082
142 7.03842
143 6.99359
144 7.48187
145 7.90507
146 7.65426
147 8.0945
148 8.2369
149 8.13217
150 7.64639
151 7.44948
152 7.83396
153 7.84498
154 7.71277
155 7.719
156 7.77711
157 7.79435
158 8.24923
159 8.64261
160 8.60782
161 8.19791
162 7.97305
163 8.0742
164 7.98533
165 8.3488
166 8.33992
167 8.80941
168 8.86829
169 8.83032
170 8.76597
171 8.86065
172 8.2478
173 8.29267
174 8.35533
175 8.56093
176 9.04156
177 9.13025
178 8.7286
179 8.43069
180 7.75154
181 7.6787
182 8.03555
183 8.22941
184 8.92326
185 8.32316
186 8.7057
187 7.98082
188 8.37725
189 8.30314
190 8.35113
191 8.09639
192 8.32254
193 8.4072
194 8.28206
195 8.42021
196 8.30742
197 8.51821
198 8.78326
199 8.66311
200 8.60595
201 7.88736
202 8.04172
203 7.97575
204 8.19674
205 8.36895
206 8.0824
207 8.12022
208 8.02922
209 7.38482
210 7.54293
211 7.74111
212 7.20786
213 7.44686
214 7.4063
215 7.18478
216 7.55303
217 7.77692
218 7.66903
219 7.82763
220 7.8942
221 7.63797
222 7.47918
223 7.90473
224 7.82263
225 7.68497
226 7.54154
227 7.29039
228 7.25711
229 7.51003
230 7.19352
231 7.42868
232 7.52379
233 8.11935
234 8.31327
235 8.27594
236 8.2997
237 8.13944
238 8.12019
239 8.6774
240 8.269
241 8.06724
242 8.20471
243 8.45035
244 8.54508
245 8.48508
246 8.2875
247 7.93619
248 7.95683
249 7.67158
250 7.32991
251 7.59725
252 7.33569
253 7.29028
254 7.31538
255 7.29535
256 6.90427
257 7.10686
258 7.16583
259 7.89557
260 7.63412
261 8.17549
262 7.8995
263 8.12343
264 7.68815
265 7.45706
266 7.39777
267 7.87512
268 7.80137
269 7.50915
270 7.71343
271 7.69223
272 7.86623
273 7.8366
274 7.65451
275 7.37563
276 7.22375
277 7.04979
278 6.75971
279 6.90725
280 7.52007
281 7.44023
282 7.36605
283 7.37408
284 6.99775
285 7.4821
286 7.48774
287 7.45058
288 7.34759
289 7.40596
290 7.33515
291 7.24897
292 7.4292
293 7.28017
294 7.12911
295 7.04893
296 6.93656
297 7.17687
298 6.85362
299 6.42689
300 7.1391
301 7.2019
302 7.47796
303 7.06975
304 6.93841
305 7.07216
306 7.19237
307 7.19482
308 7.53496
309 7.35571
310 8.18653
311 8.04737
312 7.65671
313 7.14069
314 7.24989
315 6.93979
316 6.99582
317 7.23645
318 7.04789
319 7.15527
320 7.77196
321 8.00568
322 7.56508
323 7.57772
324 7.08287
325 7.03167
326 7.2434
327 6.91686
328 7.07427
329 7.06013
330 7.36418
331 7.25004
332 7.82265
333 7.34244
334 7.72784
335 7.45525
336 7.50926
337 7.41788
338 7.35824
339 7.2935
340 7.56013
341 7.61999
342 8.36603
343 7.69187
344 7.95066
345 8.03502
346 7.55968
347 7.8436
348 7.69371
349 7.9114
350 7.96387
351 7.93312
352 7.90144
353 7.56023
354 8.3673
355 8.18611
356 7.8923
357 7.83213
358 7.32804
359 6.86725
360 7.05664
361 6.77795
362 6.7716
363 7.21423
364 7.45
365 7.43194
366 7.11317
367 7.16575
368 7.31588
369 7.60986
370 7.33696
371 7.53754
372 7.0236
373 7.166
374 7.09031
375 7.25589
376 7.11227
377 7.45637
378 7.17293
379 7.47426
380 7.26279
381 7.47217
382 7.41952
383 6.91651
384 7.07651
385 7.55433
386 7.47276
387 7.54064
388 7.47109
389 7.80547
390 7.41905
391 7.31788
392 7.39712
393 7.51679
394 6.93417
395 6.75196
396 7.52355
397 7.5573
398 8.0909
399 8.66448
400 8.31528
401 8.44959
402 8.44913
403 8.27348
404 8.16989
405 8.01519
406 8.34195
407 8.40307
408 8.41203
409 7.95104
410 7.93335
411 7.97918
412 7.65299
413 7.7731
414 7.96659
415 7.92627
416 8.18163
417 8.25516
418 8.34123
419 7.95845
420 7.92563
421 7.85881
422 7.64197
423 8.44694
424 8.4781
425 8.77438
426 8.96013
427 8.81779
428 8.61895
429 8.66913
430 8.18493
431 7.98469
432 8.18624
433 8.49108
434 8.26443
435 8.15762
436 7.70573
437 7.59458
438 7.88231
439 7.81507
440 7.51813
441 7.47011
442 7.42
443 7.40933
444 7.47068
445 7.54511
446 7.65655
447 7.39971
448 7.61262
449 7.86767
450 7.45127
451 7.86382
452 7.95564
453 7.51277
454 7.70335
455 7.64747
456 7.67471
457 7.62213
458 7.5469
459 7.48648
460 7.4898
461 7.33659
462 7.26044
463 7.37943
464 7.42908
465 7.53416
466 7.50542
467 7.28766
468 7.14815
469 6.94685
470 7.11444
471 7.11835
472 7.21368
473 7.70376
474 7.6058
475 7.46775
476 7.25822
477 7.62336
478 7.0955
479 7.31919
480 7.45623
481 7.76111
482 7.29386
483 7.07955
484 7.078
485 7.8616
486 7.81729
487 7.87217
488 8.10827
489 7.60199
490 7.91963
491 7.79422
492 7.66283
493 7.5597
494 7.3033
495 7.224
496 7.46136
497 7.46223
498 7.50328
499 7.54295
500 6.93026
501 6.90836
502 7.22496
503 7.09123
504 7.08818
505 7.45608
506 7.36193
507 7.3708
508 7.55263
509 7.24531
510 7.193
511 7.03765
512 6.70553
513 7.1101
514 7.07665
515 7.08779
516 7.82714
517 7.72734
518 7.62762
519 7.29297
520 7.2878
521 7.54713
522 7.54236
523 7.35395
524 7.22757
525 7.41047
526 7.30291
527 7.36198
528 7.15554
529 6.96723
530 7.19608
531 7.39141
532 7.1479
533 7.20661
534 7.1579
535 7.15826
536 6.52156
537 6.65418
538 6.88229
539 7.08284
540 7.49032
541 7.4805
542 7.42597
543 7.57953
544 7.39254
545 7.53039
546 7.59306
547 7.56858
548 7.96828
549 7.67623
550 7.83647
551 7.59744
552 7.37104
553 7.55349
554 7.42706
555 7.37114
556 7.39178
557 7.34117
558 7.51045
559 7.63248
560 7.48223
561 7.48409
562 7.21254
563 7.44108
564 7.53793
565 7.32614
566 7.14477
567 7.61321
568 7.66461
569 8.09196
570 8.18988
571 7.91855
572 7.89377
573 7.7322
574 8.00981
575 8.1406
576 8.29354
577 8.14659
578 7.7931
579 7.76168
580 7.45185
581 7.19675
582 7.28535
583 7.11603
584 7.26547
585 7.22204
586 7.17039
587 7.68164
588 7.75383
589 7.40029
590 7.42495
591 7.31663
592 7.83635
593 7.75489
594 7.86836
595 7.90758
596 7.63288
597 7.48049
598 7.45635
599 7.21593
600 7.26403
601 7.69091
602 7.95633
603 7.48543
604 7.39541
605 7.71083
606 7.74521
607 7.70698
608 7.92019
609 7.84219
610 7.74191
611 7.87386
612 8.08141
613 8.29595
614 7.81029
615 7.85086
616 7.95399
617 7.2522
618 7.25645
619 7.88321
620 7.62365
621 7.72335
622 7.96111
623 7.89229
624 7.66329
625 7.75278
626 7.8768
627 7.95236
628 8.30535
629 8.30474
630 8.01291
631 7.78713
632 7.94662
633 7.98093
634 8.10158
635 8.19576
636 8.05335
637 7.68669
638 7.28811
639 7.32377
640 7.32628
641 7.35329
642 7.20132
643 7.47714
644 7.84655
645 8.2525
646 8.43535
647 8.33493
648 8.30656
649 8.62409
650 8.71367
651 8.84658
652 8.50034
653 8.64958
654 8.2427
655 8.47113
656 7.76627
657 7.64035
658 7.55449
659 7.67352
660 7.82301
661 7.8255
662 7.762
663 7.81087
664 8.04061
665 7.55597
666 7.63583
667 7.29938
668 7.40312
669 7.73909
670 7.81867
671 8.20425
672 7.96819
673 7.97973
674 8.37693
675 8.01309
676 8.02088
677 8.25301
678 8.00388
679 7.99572
680 7.95727
681 8.45112
682 7.91763
683 7.99989
684 7.89774
685 7.41125
686 7.34849
687 7.44653
688 7.34363
689 7.7822
690 8.48169
691 9.08748
692 9.08883
693 8.84488
694 8.77634
695 8.46564
696 8.41686
697 8.47359
698 8.5964
699 8.37728
700 8.21642
701 8.00638
702 7.73917
703 7.71722
704 7.55828
705 7.67454
706 7.6495
707 7.76523
708 7.60501
709 7.31246
710 7.50114
711 7.55752
712 7.25228
713 7.41762
714 7.58968
715 7.80616
716 7.37161
717 7.26759
718 7.47841
719 7.52125
720 7.43764
721 7.12288
722 7.81979
723 7.91443
724 7.36272
725 7.30063
726 7.26813
727 7.57931
728 7.5488
729 7.42067
730 7.81009
731 7.20837
732 6.98823
733 7.1147
734 7.02977
735 7.28441
736 7.24043
737 7.38684
738 7.14857
739 6.85798
740 7.08009
741 7.02846
742 6.91594
743 6.99799
744 6.91753
745 6.53751
746 6.96822
747 7.2538
748 7.13537
749 7.11212
750 7.17461
751 6.86442
752 6.98724
753 6.74272
754 6.81814
755 7.10439
756 7.55958
757 7.15617
758 7.035
759 7.06384
760 6.78766
761 6.96773
762 7.44445
763 7.68957
764 7.77157
765 8.1732
766 8.129
767 8.44358
768 8.31813
769 8.25005
770 7.95463
771 7.89001
772 8.15248
773 8.18089
774 7.8444
775 7.47606
776 7.40085
777 7.51341
778 7.75446
779 7.78147
780 7.6293
781 7.50124
782 7.32379
783 7.48881
784 7.7325
785 7.34279
786 7.27838
787 7.75316
788 7.64143
789 7.62261
790 7.39791
791 7.73537
792 7.74011
793 7.7828
794 7.77319
795 7.87791
796 7.607
797 7.52605
798 7.55628
799 7.97767
800 7.80191
801 7.99855
802 7.94138
803 7.6365
804 7.7153
805 7.01824
806 6.90796
807 6.7136
808 6.90011
809 6.84288
810 7.33596
811 7.04395
812 6.98386
813 6.63269
814 6.86539
815 6.90033
816 7.34295
817 7.9181
818 7.70259
819 7.7889
820 7.72355
821 7.67312
822 8.00069
823 7.75197
824 7.65245
825 7.81236
826 7.37943
827 7.25536
828 7.26972
829 6.80054
830 6.77465
831 6.72707
832 7.2208
833 7.12577
834 7.24185
835 7.23379
836 7.15939
837 7.35234
838 7.59126
839 7.51111
840 7.99373
841 7.89387
842 7.86168
843 8.12403
844 7.50665
845 7.44339
846 7.48709
847 7.18061
848 7.26956
849 7.43702
850 7.49171
851 7.3175
852 7.35782
853 7.45193
854 7.54474
855 7.38301
856 7.65746
857 7.50866
858 7.64055
859 7.68033
860 8.01441
861 7.87638
862 7.60798
863 7.64678
864 7.57615
865 7.64883
866 7.80758
867 8.24222
868 7.78935
869 7.72015
870 7.95151
871 7.89162
872 7.61502
873 7.77493
874 7.7115
875 7.38984
876 7.50442
877 7.68659
878 7.9061
879 7.84259
880 7.52538
881 7.5971
882 7.49071
883 7.52341
884 7.82245
885 7.9198
886 7.53883
887 7.87586
888 7.73393
889 7.68118
890 7.8253
891 8.3665
892 8.52567
893 8.10553
894 7.99624
895 7.77834
896 8.03157
897 8.46487
898 8.07542
899 7.82978
900 8.12557
901 8.5571
902 8.63052
903 8.61128
904 8.44343
905 7.81107
906 7.55759
907 7.38436
908 7.46203
909 7.84807
910 7.87835
911 7.57467
912 7.45733
913 7.20654
914 7.34517
915 7.39619
916 7.81987
917 7.07092
918 7.09352
919 6.98319
920 7.08779
921 7.33437
922 7.60203
923 7.89677
924 7.4948
925 8.04394
926 8.26581
927 8.76754
928 8.05829
929 8.42229
930 8.92898
931 8.44046
932 7.95505
933 7.66852
934 7.46334
935 7.54702
936 7.46793
937 7.84754
938 7.88586
939 8.05291
940 7.95694
941 7.69043
942 7.67288
943 7.77953
944 7.84159
945 7.98903
946 8.40622
947 8.74256
948 8.78897
949 8.78185
950 8.59055
951 8.3794
952 7.93252
953 8.13023
954 8.61961
955 8.70235
956 8.44248
957 8.0837
958 7.94026
959 7.94728
960 8.07839
961 8.34533
962 8.34519
963 8.52585
964 8.67047
965 8.83589
966 8.53657
967 7.99882
968 7.85293
969 7.99548
970 8.05831
971 8.22085
972 8.62654
973 7.95862
974 7.21244
975 7.56344
976 7.24848
977 7.28918
978 7.47667
979 7.39794
980 7.89554
981 7.78458
982 7.63557
983 7.26005
984 7.33995
985 7.20886
986 7.74622
987 7.27125
988 6.95586
989 7.13124
990 6.88332
991 7.38171
992 7.09803
993 6.86841
994 6.94334
995 7.08366
996 6.42884
997 6.21701
998 6.50325
999 6.90106
1000 7.04944
1001 6.86618
1002 6.82033
1003 7.6743
1004 7.38115
1005 7.647
1006 7.2752
1007 7.12579
1008 7.11968
1009 7.15978
1010 7.55154
1011 7.90902
1012 7.852
1013 7.45644
1014 7.50696
1015 7.29181
1016 7.35025
1017 7.26246
1018 6.94894
1019 6.89815
1020 6.91438
1021 6.57523
1022 6.61747
1023 6.61748
1024 6.53446
1025 6.4066
1026 6.56426
1027 6.81091
1028 6.97991
1029 6.77985
1030 6.9024
1031 7.04313
1032 6.91694
1033 6.98515
1034 7.37384
1035 7.21497
1036 7.57653
1037 7.34702
1038 7.37911
1039 7.16272
1040 7.57132
1041 7.65776
1042 7.81133
1043 7.72357
1044 7.68433
1045 7.99257
1046 7.67043
1047 7.73163
1048 7.84351
1049 8.1136
1050 8.1427
1051 8.02927
1052 7.79816
1053 7.7975
1054 8.27141
1055 8.31639
1056 8.29566
1057 8.43287
1058 8.49446
1059 8.09228
1060 8.18979
1061 8.51727
1062 8.26364
1063 7.83247
1064 7.97443
1065 8.04339
1066 8.01243
1067 7.80483
1068 7.2107
1069 6.65416
1070 6.36652
1071 6.26682
1072 6.36601
1073 6.72103
1074 7.07891
1075 7.17315
1076 7.48557
1077 7.27327
1078 6.94012
1079 7.09298
1080 7.25932
1081 7.06643
1082 6.9586
1083 7.48188
1084 7.74806
1085 7.19761
1086 7.00676
1087 6.90687
1088 6.64463
1089 7.33053
1090 7.92089
1091 8.27537
1092 8.16333
1093 8.37708
1094 8.58477
1095 8.60013
1096 8.5581
1097 8.39989
1098 8.61072
1099 8.30687
1100 8.34476
1101 8.67546
1102 8.37875
1103 8.34988
1104 7.81314
1105 7.81068
1106 7.71838
1107 7.32688
1108 7.40863
1109 7.27448
1110 6.82817
1111 6.88459
1112 7.33331
1113 7.562
1114 7.41834
1115 7.80529
1116 7.82432
1117 8.27985
1118 8.01403
1119 8.11435
1120 7.91268
1121 8.50865
1122 7.64479
1123 7.79794
1124 8.26043
1125 8.53473
1126 8.75066
1127 8.8289
1128 8.70835
1129 8.54718
1130 7.98683
1131 7.98172
1132 8.62901
1133 8.28987
1134 7.87398
1135 7.68638
1136 7.47523
1137 7.81987
1138 7.83747
1139 8.22199
1140 8.21319
1141 8.14216
1142 8.27687
1143 8.27279
1144 8.4517
1145 8.72652
1146 8.32746
1147 8.08561
1148 8.09429
1149 8.80989
1150 8.41343
1151 8.1811
1152 8.07372
1153 7.63004
1154 7.46787
1155 7.53615
1156 8.09217
1157 8.3073
1158 8.2628
1159 8.06703
1160 8.19108
1161 8.01047
1162 7.95472
1163 7.7866
1164 7.71497
1165 8.08024
1166 8.17624
1167 8.01261
1168 7.5906
1169 8.09833
1170 8.3155
1171 8.07829
1172 8.18686
1173 8.15652
1174 8.45304
1175 7.82843
1176 8.08163
1177 7.62198
1178 7.78554
1179 7.35986
1180 7.5536
1181 7.41088
1182 7.37131
1183 7.42867
1184 7.52119
1185 7.49092
1186 7.28753
1187 7.17939
1188 7.22463
1189 7.38927
1190 7.59563
1191 7.36057
1192 7.45738
1193 7.56389
1194 7.4146
1195 7.86184
1196 7.59873
1197 8.15294
1198 8.23558
1199 8.10769
1200 8.05696
1201 7.75713
1202 7.68311
1203 7.97901
1204 8.04699
1205 7.94012
1206 8.3282
1207 7.5877
1208 7.54139
1209 7.52789
1210 7.34534
1211 7.65753
1212 7.39072
1213 7.39618
1214 7.42499
1215 7.22016
1216 6.91847
1217 7.28309
1218 7.06762
1219 7.53089
1220 7.55783
1221 7.39737
1222 7.72696
1223 7.66331
1224 7.35845
1225 7.45427
1226 7.31729
1227 7.40773
1228 7.03469
1229 7.30606
1230 7.61811
1231 7.50929
1232 7.45069
1233 7.47453
1234 7.49257
1235 7.39934
1236 7.58576
1237 7.7441
1238 7.82252
1239 8.03794
1240 7.95665
1241 7.7095
1242 8.20223
1243 8.21154
1244 8.8428
1245 8.93263
1246 8.71645
1247 8.14083
1248 7.6298
1249 7.74091
1250 7.59495
1251 7.54103
1252 7.93194
1253 8.11142
1254 7.69761
1255 7.84
1256 8.25387
1257 8.12122
1258 7.89433
1259 8.06214
1260 8.02243
1261 7.53251
1262 7.54847
1263 7.65412
1264 7.59801
1265 8.02326
1266 7.36616
1267 7.3968
1268 7.58717
1269 7.54731
1270 7.87976
1271 7.73789
1272 7.92439
1273 7.77912
1274 7.95793
1275 8.04866
1276 8.23008
1277 8.09954
1278 8.54556
1279 8.64749
1280 8.45259
1281 8.0201
1282 8.45367
1283 8.45477
1284 8.63437
1285 8.77383
1286 8.5325
1287 8.32398
1288 8.23816
1289 7.97938
1290 7.98212
1291 8.1578
1292 8.15143
1293 7.95706
1294 8.0605
1295 8.42277
1296 8.44645
1297 8.05538
1298 8.33484
1299 8.23253
1300 7.83145
1301 7.74195
1302 8.07809
1303 8.16968
1304 8.38103
1305 8.29356
1306 8.09917
1307 8.569
1308 8.90474
1309 8.99089
1310 9.14281
1311 8.96126
1312 9.03722
1313 8.66901
1314 8.67143
1315 8.54195
1316 8.4251
1317 8.33736
1318 7.85041
1319 8.12147
1320 8.336
1321 8.42817
1322 8.25993
1323 7.99847
1324 8.01377
1325 8.04597
1326 8.05532
1327 7.65006
1328 7.28043
1329 7.63767
1330 7.97314
1331 7.8897
1332 7.59606
1333 7.97102
1334 8.07481
1335 7.81093
1336 7.90442
1337 7.81873
1338 7.734
1339 7.55149
1340 6.92776
1341 6.48024
1342 6.72775
1343 6.75363
1344 7.09689
1345 6.70943
1346 6.62031
1347 6.71549
1348 7.06913
1349 6.87072
1350 7.00994
1351 7.499
1352 7.5656
1353 8.14611
1354 7.86773
1355 7.71671
1356 7.73612
1357 7.82177
1358 7.96154
1359 7.99009
1360 7.88604
1361 7.9225
1362 8.08307
1363 7.91177
1364 8.06737
1365 7.77248
1366 7.73993
1367 8.0565
1368 7.70222
1369 7.96705
1370 7.91983
1371 7.94657
1372 7.72871
1373 7.721
1374 7.50395
1375 7.24245
1376 7.1358
1377 7.7059
1378 7.6435
1379 7.43571
1380 7.30314
1381 6.99327
1382 7.562
1383 7.31185
1384 7.42847
1385 7.54135
1386 7.34467
1387 7.3163
1388 7.69084
1389 8.00997
1390 7.67676
1391 7.20199
1392 7.22709
1393 6.87505
1394 7.32353
1395 7.4296
1396 7.59804
1397 8.01819
1398 8.11538
1399 8.26346
1400 7.91259
1401 7.762
1402 7.22372
1403 7.52038
1404 7.47336
1405 7.5301
1406 7.15207
1407 7.45254
1408 8.15973
1409 8.03671
1410 8.30331
1411 8.20663
1412 8.02187
1413 7.52581
1414 7.66343
1415 8.08118
1416 8.0661
1417 8.31684
1418 7.99057
1419 7.91614
1420 7.77798
1421 8.03183
1422 8.52256
1423 8.84162
1424 8.42083
1425 8.67562
1426 8.9243
1427 9.17677
1428 9.02787
1429 8.89091
1430 8.17002
1431 8.14334
1432 8.07449
1433 7.74349
1434 8.01177
1435 7.7606
1436 7.86922
1437 8.46986
1438 8.16944
1439 8.36759
1440 8.15149
1441 7.80318
1442 7.9783
1443 7.57386
1444 7.09536
1445 7.22566
1446 7.48997
1447 8.05449
1448 7.77292
1449 7.55814
1450 7.47428
1451 7.55282
1452 7.88876
1453 7.79461
1454 7.92937
1455 7.66223
1456 7.45518
1457 7.66536
1458 7.51918
1459 7.46895
1460 7.22639
1461 7.47393
1462 6.82647
1463 6.70611
1464 7.0205
1465 7.49451
1466 7.29015
1467 7.40993
1468 7.40418
1469 7.02969
1470 6.59196
1471 6.4649
1472 6.48944
1473 6.68561
1474 7.15452
1475 7.10184
1476 7.05962
1477 7.10307
1478 6.997
1479 6.95386
1480 7.23795
1481 7.30369
1482 7.54297
1483 7.7967
1484 7.41311
1485 7.27911
1486 7.30248
1487 7.76594
1488 7.92571
1489 7.92377
1490 7.57508
1491 7.60269
1492 7.61282
1493 7.87422
1494 7.6052
1495 7.66008
1496 7.58042
1497 7.45657
1498 7.81202
1499 7.65502
1500 7.46995
1501 7.75306
1502 8.072
1503 7.80902
1504 7.95768
1505 8.20037
1506 7.89655
1507 7.78291
1508 8.12935
1509 7.48549
1510 7.43441
1511 7.3808
1512 7.65253
1513 7.58891
1514 7.74618
1515 7.67095
1516 7.01043
1517 6.60581
1518 6.53274
1519 7.01371
1520 7.05395
1521 7.43583
1522 7.14431
1523 7.27893
1524 7.05771
1525 7.14253
1526 6.86991
1527 7.62236
1528 7.49399
1529 7.99159
1530 7.88525
1531 7.93533
1532 7.79827
1533 7.73619
1534 7.51509
1535 7.90122
1536 7.79765
1537 7.99312
1538 7.86302
1539 8.19498
1540 7.92193
1541 7.83475
1542 7.91674
1543 7.27059
1544 7.08677
1545 7.16177
1546 6.6924
1547 6.88742
1548 7.29868
1549 6.97756
1550 7.28756
1551 7.96057
1552 7.57584
1553 7.87952
1554 7.4844
1555 7.0823
1556 7.44949
1557 7.81939
1558 7.84203
1559 7.8577
1560 7.56199
1561 7.49048
1562 7.7012
1563 8.02596
1564 8.33202
1565 7.99559
1566 7.70788
1567 8.08538
1568 8.40422
1569 8.03517
1570 7.97045
1571 7.38687
1572 7.4471
1573 7.65038
1574 7.81254
1575 7.88759
1576 8.27378
1577 8.0066
1578 7.6823
1579 7.58349
1580 8.02032
1581 8.28919
1582 7.51534
1583 7.53039
1584 7.36539
1585 7.40595
1586 7.47614
1587 7.23962
1588 7.44809
1589 7.55856
1590 7.26096
1591 7.68071
1592 7.93909
1593 7.85009
1594 7.88603
1595 7.39939
1596 7.5276
1597 7.58952
1598 7.03583
1599 7.00294
1600 7.0626
1601 7.5763
1602 7.69951
1603 7.3959
1604 7.441
1605 7.46897
1606 8.04176
1607 7.85967
1608 8.0046
1609 8.42571
1610 7.77215
1611 7.53242
1612 8.13996
1613 8.33731
1614 8.42028
1615 8.40086
1616 8.29405
1617 7.82561
1618 7.44071
1619 7.40056
1620 7.39244
1621 8.13835
1622 8.08112
1623 7.67576
1624 7.72392
1625 7.77902
1626 7.66967
1627 7.85962
1628 8.08629
1629 7.79112
1630 8.18922
1631 7.75787
1632 7.70318
1633 8.29221
1634 8.21974
1635 8.02111
1636 7.54829
1637 7.32632
1638 7.71932
1639 8.08856
1640 8.27222
1641 7.69242
1642 7.86976
1643 7.79771
1644 7.8731
1645 7.55451
1646 7.84498
1647 7.81474
1648 8.34006
1649 8.70038
1650 8.55845
1651 7.81079
1652 8.16336
1653 8.13664
1654 7.81586
1655 8.05768
1656 8.00623
1657 7.70478
1658 7.62918
1659 7.85631
1660 8.08639
1661 8.36255
1662 8.37344
1663 8.20988
1664 8.09686
1665 8.09872
1666 8.34154
1667 8.25734
1668 8.60414
1669 8.60587
1670 8.51237
1671 8.15329
1672 7.79291
1673 7.9375
1674 7.63004
1675 7.77345
1676 7.48093
1677 7.7832
1678 7.55771
1679 7.87479
1680 8.17285
1681 7.90579
1682 7.89695
1683 8.33223
1684 8.51193
1685 8.64326
1686 8.97783
1687 9.09696
1688 8.36915
1689 8.06136
1690 8.08383
1691 8.23237
1692 7.71419
1693 7.60387
1694 7.69628
1695 8.13181
1696 7.85566
1697 7.7907
1698 7.45839
1699 7.8683
1700 7.4452
1701 7.66697
1702 7.86763
1703 7.7533
1704 7.4002
1705 7.30525
1706 7.47463
1707 7.59307
1708 7.57717
1709 7.61249
1710 7.32639
1711 7.37275
1712 7.69419
1713 7.5358
1714 7.23379
1715 7.43732
1716 7.46984
1717 6.95787
1718 7.29982
1719 6.70789
1720 6.93279
1721 7.09879
1722 7.39945
1723 7.58093
1724 7.60855
1725 7.75601
1726 8.15719
1727 8.14101
1728 8.33753
1729 8.13391
1730 7.71186
1731 7.51894
1732 7.4608
1733 7.32098
1734 7.36328
1735 7.34932
1736 7.37125
1737 7.63874
1738 7.86054
1739 8.18982
1740 7.78806
1741 8.14349
1742 8.18869
1743 8.58576
1744 8.1687
1745 8.24126
1746 8.07718
1747 7.58796
1748 7.41922
1749 7.7457
1750 7.37572
1751 6.8764
1752 7.44025
1753 7.36209
1754 7.66183
1755 7.76457
1756 7.62996
1757 7.71325
1758 7.56185
1759 7.84798
1760 7.76813
1761 7.76964
1762 7.99696
1763 7.67944
1764 7.71314
1765 7.2943
1766 7.71283
1767 7.79811
1768 7.92306
1769 7.78221
1770 8.11912
1771 8.00022
1772 8.4009
1773 8.76829
1774 7.93632
1775 8.16304
1776 8.37481
1777 8.3037
1778 8.07397
1779 8.05532
1780 7.96679
1781 7.88056
1782 7.6795
1783 7.28267
1784 7.37147
1785 7.7989
1786 7.69668
1787 7.66374
1788 8.23594
1789 8.1717
1790 7.82467
1791 7.63488
1792 7.58668
1793 7.54705
1794 7.91792
1795 7.89286
1796 7.80156
1797 7.57504
1798 7.50331
1799 7.32634
1800 7.46987
1801 7.07603
1802 6.96315
1803 7.33935
1804 7.56516
1805 7.4585
1806 7.10821
1807 7.31941
1808 7.33605
1809 7.17272
1810 7.32897
1811 7.53628
1812 7.19059
1813 7.40021
1814 7.71281
1815 7.3678
1816 7.46617
1817 7.46677
1818 6.75195
1819 6.84311
1820 6.63177
1821 6.50993
1822 6.82445
1823 7.04314
1824 7.55444
1825 7.73253
1826 7.44396
1827 7.26616
1828 7.03265
1829 6.99181
1830 6.94223
1831 6.98533
1832 7.26295
1833 6.82531
1834 6.88955
1835 6.51254
1836 6.58654
1837 6.74139
1838 6.7832
1839 6.36412
1840 6.2312
1841 6.38401
1842 6.36598
1843 6.58454
1844 6.42536
1845 6.47942
1846 6.64916
1847 6.95796
1848 7.03708
1849 6.99857
1850 6.91035
1851 6.94521
1852 6.97002
1853 7.14932
1854 7.03355
1855 7.01557
1856 6.96117
1857 6.93562
1858 7.39371
1859 7.25154
1860 7.34278
1861 7.11074
1862 7.75357
1863 7.23654
1864 7.1843
1865 7.31429
1866 7.57346
1867 7.24149
1868 7.2451
1869 7.37341
1870 7.28449
1871 7.01023
1872 7.01162
1873 6.88208
1874 6.85382
1875 6.45717
1876 6.48167
1877 6.73441
1878 6.93288
1879 6.99352
1880 6.63812
1881 6.72768
1882 6.73825
1883 7.02132
1884 7.43377
1885 7.09549
1886 7.03275
1887 7.16487
1888 7.45718
1889 7.47268
1890 7.44321
1891 7.3439
1892 7.46435
1893 7.91013
1894 8.0904
1895 7.97634
1896 7.8011
1897 7.42898
1898 7.37071
1899 7.1301
1900 7.3369
1901 7.81987
1902 7.70072
1903 7.50481
1904 7.99526
1905 7.90257
1906 7.61207
1907 8.12411
1908 7.78789
1909 7.82522
1910 8.17143
1911 8.4263
1912 8.64444
1913 8.23451
1914 8.19393
1915 7.98177
1916 8.13119
1917 8.13458
1918 8.23222
1919 7.68544
1920 7.45545
1921 7.43878
1922 7.35016
1923 7.8234
1924 7.59389
1925 7.462
1926 7.24497
1927 7.64725
1928 7.69692
1929 7.39005
1930 7.41042
1931 7.32052
1932 7.65456
1933 7.31825
1934 7.36223
1935 6.76986
1936 7.50603
1937 7.28645
1938 7.06973
1939 6.59627
1940 6.6901
1941 6.6805
1942 6.62756
1943 6.70076
1944 6.70214
1945 6.72352
1946 6.67543
1947 6.96527
1948 7.16908
1949 7.4907
1950 7.27177
1951 7.40157
1952 7.07701
1953 7.07673
1954 6.90454
1955 7.42657
1956 7.40432
1957 7.56038
1958 7.80437
1959 7.59217
1960 7.82821
1961 7.85872
1962 7.92327
1963 8.34435
1964 8.0181
1965 8.14984
1966 7.9891
1967 7.838
1968 7.48254
1969 7.3948
1970 7.32365
1971 7.81302
1972 8.01107
1973 8.01496
1974 8.18207
1975 8.05678
1976 7.93192
1977 7.5536
1978 7.32512
1979 7.11119
1980 7.26422
1981 7.30989
1982 7.01208
1983 6.77228
1984 7.37675
1985 7.62091
1986 7.64343
1987 7.21441
1988 7.57694
1989 7.83077
1990 8.0282
1991 7.62357
1992 7.87507
1993 8.11813
1994 8.31136
1995 8.53888
1996 8.34057
1997 8.6111
1998 8.3573
1999 8.02711
2000 7.95958
2001 8.21928
2002 7.98573
2003 7.60273
2004 7.57421
2005 7.36408
2006 7.76377
2007 7.68549
2008 7.4398
2009 7.64081
2010 7.96479
2011 7.42503
2012 6.9281
2013 7.29088
2014 7.05769
2015 7.19916
2016 7.32172
2017 7.13345
2018 6.97855
2019 6.75229
2020 6.60091
2021 6.75852
2022 7.32533
2023 7.1513
2024 7.23899
2025 7.77877
2026 7.58359
2027 7.42309
2028 7.59499
2029 7.8383
2030 7.54378
2031 6.99519
2032 7.00477
2033 7.29777
2034 7.77897
2035 7.66512
2036 7.83116
2037 7.45663
2038 7.05171
2039 7.35774
2040 7.31509
2041 7.65555
2042 7.61255
2043 7.55983
2044 7.94849
2045 8.32015
2046 8.09223
2047 8.22635
2048 7.96076
2049 7.60461
2050 7.81968
2051 7.89664
2052 7.74018
2053 8.08823
2054 8.19495
2055 7.64279
2056 7.66883
2057 7.49519
2058 8.15174
2059 8.39197
2060 8.12948
2061 7.95482
2062 7.8858
2063 8.22576
2064 8.03914
2065 7.82192
2066 7.83696
2067 7.49556
2068 7.52728
2069 7.50032
2070 7.43385
2071 7.24473
2072 7.2193
2073 6.83264
2074 6.65267
2075 6.80591
2076 6.41415
2077 6.62722
2078 6.22361
2079 6.46495
2080 6.28657
2081 6.56803
2082 6.67076
2083 6.8602
2084 7.05069
2085 7.12913
2086 7.05346
2087 6.94253
2088 6.80845
2089 6.7201
2090 6.7349
2091 6.6763
2092 6.56823
2093 6.69704
2094 7.00029
2095 7.13104
2096 7.02558
2097 7.00484
2098 7.52442
2099 7.73394
2100 7.51777
2101 7.92649
2102 8.21021
2103 8.21951
2104 8.04384
2105 8.53147
2106 8.6349
2107 8.00236
2108 8.28633
2109 8.95859
2110 8.51421
2111 8.69673
2112 8.56504
2113 7.83527
2114 8.11659
2115 8.27553
2116 8.24376
2117 7.97793
2118 8.31939
2119 8.63709
2120 7.98456
2121 8.14995
2122 8.22789
2123 7.91834
2124 7.52611
2125 7.22205
2126 7.50861
2127 7.93377
2128 7.81806
2129 7.47083
2130 7.42595
2131 7.58475
2132 7.54986
2133 7.66394
2134 7.50635
2135 7.41475
2136 7.50046
2137 7.234
2138 7.3791
2139 7.37469
2140 7.14488
2141 7.59662
2142 7.37945
2143 7.29467
2144 7.73537
2145 7.95197
2146 8.50135
2147 8.59145
2148 8.62425
2149 8.50286
2150 7.91574
2151 7.90481
2152 7.62013
2153 7.66786
2154 7.56076
2155 7.806
2156 8.16336
2157 8.31186
2158 7.943
2159 7.72458
2160 8.0354
2161 7.65783
2162 7.34042
2163 7.28689
2164 7.06559
2165 7.1591
2166 6.73687
2167 6.95177
2168 7.59427
2169 7.4421
2170 7.15411
2171 7.22552
2172 7.19568
2173 7.10631
2174 7.37969
2175 7.80407
2176 7.68136
2177 7.87801
2178 7.7641
2179 8.11564
2180 7.22264
2181 7.5284
2182 7.37835
2183 7.65646
2184 7.38946
2185 7.27922
2186 7.09758
2187 6.99581
2188 7.35827
2189 7.76471
2190 7.72545
2191 7.78041
2192 7.9591
2193 7.85829
2194 7.88024
2195 7.56607
2196 7.70624
2197 8.00377
2198 7.97573
2199 7.64673
2200 7.50944
2201 7.4962
2202 7.23021
2203 7.13744
2204 6.83758
2205 6.98635
2206 7.1967
2207 7.31283
2208 7.20854
2209 7.25337
2210 7.26553
2211 7.00966
2212 7.57391
2213 7.5932
2214 6.81857
2215 7.36991
2216 7.1183
2217 6.75886
2218 6.88411
2219 7.09311
2220 6.64586
2221 6.94824
2222 7.46772
2223 7.73562
2224 7.46942
2225 7.96957
2226 8.41372
2227 8.26887
2228 8.38198
2229 8.18212
2230 7.95336
2231 7.85975
2232 7.50485
2233 7.11518
2234 7.5716
2235 7.22906
2236 7.75619
2237 7.95666
2238 8.01223
2239 8.1673
2240 8.04269
2241 7.87442
2242 8.05989
2243 8.38201
2244 8.19903
2245 8.07051
2246 8.12087
2247 7.89133
2248 7.79543
2249 7.96591
2250 8.12903
2251 7.64514
2252 7.68068
2253 7.28438
2254 7.42481
2255 6.97392
2256 6.56321
2257 6.66637
2258 7.0147
2259 6.72301
2260 6.65513
2261 6.9864
2262 6.5389
2263 6.80353
2264 6.81324
2265 6.9234
2266 7.15274
2267 7.46166
2268 7.11597
2269 6.9941
2270 7.49232
2271 7.50505
2272 7.45739
2273 7.61174
2274 7.64479
2275 7.74708
2276 7.3807
2277 7.52171
2278 7.87979
2279 7.8753
2280 7.54522
2281 7.4456
2282 7.39414
2283 7.46706
2284 7.27728
2285 6.94374
2286 6.82814
2287 6.99145
2288 7.31306
2289 7.32419
2290 7.33972
2291 7.35285
2292 7.02907
2293 7.62403
2294 7.73006
2295 7.29178
2296 7.53485
2297 7.39249
2298 7.47811
2299 7.19665
2300 6.40823
2301 6.75432
2302 6.91932
2303 6.93324
2304 7.11551
2305 6.99701
2306 7.29105
2307 7.05057
2308 7.11447
2309 7.30812
2310 6.85556
2311 7.00812
2312 6.98939
2313 6.95935
2314 6.80722
2315 6.62367
2316 7.11737
2317 7.43326
2318 7.62635
2319 7.46574
2320 7.46902
2321 7.13824
2322 7.63085
2323 7.39898
2324 7.48277
2325 7.9062
2326 7.94514
2327 8.23953
2328 8.01787
2329 8.27692
2330 8.48044
2331 8.26908
2332 8.0412
2333 7.92329
2334 7.827
2335 7.61108
2336 7.30954
2337 6.98303
2338 7.01718
2339 7.01595
2340 7.16996
2341 6.55432
2342 7.12567
2343 6.78516
2344 7.11924
2345 7.0405
2346 7.49427
2347 7.30435
2348 7.15143
2349 7.58572
2350 7.46625
2351 7.9056
2352 8.52672
2353 8.13333
2354 8.12093
2355 7.79299
2356 7.32494
2357 7.43022
2358 7.056
2359 7.16119
2360 7.59176
2361 7.29471
2362 6.72212
2363 6.8674
2364 7.13923
2365 7.00572
2366 6.97423
2367 6.94431
2368 7.26356
2369 6.93012
2370 6.78582
2371 6.66573
2372 6.53131
2373 6.34477
2374 6.36129
2375 7.13239
2376 7.30235
2377 7.26169
2378 6.85804
2379 7.29813
2380 7.09274
2381 6.87398
2382 7.23498
2383 7.45556
2384 7.71548
2385 7.46887
2386 7.77945
2387 7.7275
2388 7.71516
2389 8.01258
2390 8.14538
2391 8.05767
2392 8.10571
2393 8.07448
2394 8.12527
2395 8.15318
2396 8.31122
2397 8.69321
2398 8.20501
2399 7.84318
2400 7.53662
2401 7.57271
2402 7.56856
2403 7.64091
2404 7.85891
2405 7.89098
2406 7.77619
2407 7.80421
2408 8.28196
2409 8.57001
2410 8.28822
2411 8.22106
2412 8.31381
2413 7.97254
2414 8.5955
2415 8.28285
2416 8.75958
2417 8.51054
2418 8.43955
2419 8.61222
2420 9.24857
2421 9.08395
2422 9.32583
2423 8.78066
2424 8.91733
2425 8.20464
2426 8.29414
2427 8.30533
2428 8.29553
2429 7.82734
2430 7.87744
2431 7.74903
2432 7.94881
2433 8.14741
2434 8.41713
2435 8.30661
2436 8.45371
2437 8.53379
2438 8.4716
2439 8.40531
2440 8.26868
2441 7.80958
2442 7.86766
2443 8.08904
2444 8.50228
2445 8.56706
2446 8.25309
2447 8.15887
2448 7.69686
2449 7.52529
2450 7.32054
2451 7.21648
2452 7.37974
2453 7.97476
2454 7.8993
2455 7.84118
2456 7.55793
2457 7.63474
2458 8.41615
2459 8.34922
2460 8.45745
2461 8.30077
2462 8.12229
2463 7.83335
2464 7.4993
2465 7.12627
2466 7.63981
2467 7.76811
2468 7.50306
2469 7.41445
2470 7.23787
2471 7.34587
2472 7.20792
2473 7.36269
2474 7.48215
2475 7.67005
2476 7.50372
2477 7.42683
2478 7.27981
2479 7.11151
2480 7.21412
2481 7.19786
2482 7.35349
2483 7.24119
2484 7.26286
2485 7.08864
2486 7.52035
2487 7.35676
2488 7.44405
2489 7.197
2490 7.28688
2491 7.44314
2492 7.64808
2493 8.06567
2494 8.11214
2495 8.04353
2496 7.84805
2497 7.65946
2498 7.35219
2499 7.26283
2500 7.46647
2501 7.39733
2502 7.34905
2503 7.86222
2504 7.65266
2505 7.6271
2506 7.67152
2507 7.36668
2508 7.75662
2509 8.0404
2510 7.45687
2511 7.56789
2512 7.96598
2513 7.82452
2514 7.64145
2515 7.11216
2516 7.16872
2517 7.83401
2518 7.49151
2519 7.80207
2520 7.58608
2521 7.79805
2522 7.47368
2523 7.43393
2524 7.45581
2525 7.7039
2526 7.58932
2527 7.938
2528 8.45642
2529 8.288
2530 8.84632
2531 8.73837
2532 8.58333
2533 8.55825
2534 7.97875
2535 7.96212
2536 7.8788
2537 7.99416
2538 8.20828
2539 8.49727
2540 7.99651
2541 8.09626
2542 7.70687
2543 7.05514
2544 7.68069
2545 7.81551
2546 7.88886
2547 7.67262
2548 7.46843
2549 7.38043
2550 7.57366
2551 7.23799
2552 7.1246
2553 7.40844
2554 7.1146
2555 6.98895
2556 7.10578
2557 7.3966
2558 7.42886
2559 7.5241
2560 7.40637
2561 7.84338
2562 7.98787
2563 8.16761
2564 8.2197
2565 8.08497
2566 7.90097
2567 8.22984
2568 8.12009
2569 8.13027
2570 7.83589
2571 7.88202
2572 8.18664
2573 7.72876
2574 7.81769
2575 8.19611
2576 8.36993
2577 8.35544
2578 8.53321
2579 8.44428
2580 8.28634
2581 8.31674
2582 8.45287
2583 8.21463
2584 8.50717
2585 8.2298
2586 8.03164
2587 8.30902
2588 8.06161
2589 7.8949
2590 8.27979
2591 8.73962
2592 8.24736
2593 8.02612
2594 7.47171
2595 7.72139
2596 7.15772
2597 7.46363
2598 7.16583
2599 7.75139
2600 8.17142
2601 7.70868
2602 7.73864
2603 7.78035
2604 7.99629
2605 7.97138
2606 7.6944
2607 8.04257
2608 8.11
2609 8.07899
2610 8.12766
2611 8.66625
2612 8.24252
2613 8.37232
2614 8.55382
2615 8.16439
2616 7.56447
2617 8.00849
2618 7.71166
2619 8.32234
2620 8.32126
2621 8.63485
2622 8.28293
2623 8.6915
2624 8.73565
2625 8.90415
2626 8.52739
2627 8.59423
2628 8.75487
2629 8.4082
2630 8.14603
2631 7.94781
2632 7.89396
2633 7.57748
2634 7.67206
2635 7.62967
2636 7.70031
2637 7.42763
2638 7.33896
2639 7.31562
2640 6.97682
2641 7.22982
2642 7.18821
2643 7.25844
2644 7.1113
2645 7.09877
2646 7.66842
2647 7.46103
2648 7.72315
2649 7.55922
2650 7.2369
2651 7.18956
2652 7.37285
2653 7.61896
2654 7.72586
2655 7.22971
2656 7.91639
2657 8.07415
2658 7.91348
2659 7.87237
2660 8.10132
2661 8.43922
2662 8.24875
2663 8.13576
2664 7.87194
2665 7.88244
2666 7.8192
2667 7.61081
2668 7.26644
2669 7.34819
2670 7.71432
2671 7.67059
2672 7.45912
2673 7.45254
2674 7.47786
2675 6.91032
2676 7.24373
2677 7.4958
2678 7.967
2679 7.7485
2680 7.63692
2681 7.69173
2682 7.8074
2683 7.98593
2684 7.53222
2685 7.36883
2686 7.51572
2687 7.72798
2688 7.43066
2689 7.90976
2690 7.90241
2691 7.83691
2692 7.64093
2693 7.99677
2694 8.03293
2695 8.07145
2696 7.86404
2697 7.72862
2698 7.4414
2699 7.17786
2700 7.54068
2701 7.56042
2702 7.72431
2703 7.96175
2704 7.97882
2705 7.70333
2706 7.47403
2707 7.44271
2708 7.71506
2709 7.75377
2710 7.53253
2711 7.42578
2712 7.35324
2713 7.71826
2714 7.76225
2715 8.00543
2716 7.38612
2717 7.13106
2718 7.07957
2719 7.12961
2720 7.34848
2721 7.27021
2722 6.94869
2723 6.84625
2724 7.0623
2725 6.81467
2726 6.50082
2727 6.59771
2728 6.84506
2729 6.98099
2730 7.14045
2731 7.27745
2732 7.19759
2733 7.19222
2734 6.96188
2735 6.94563
2736 7.00225
2737 7.55855
2738 8.08419
2739 7.93625
2740 8.04222
2741 8.06406
2742 8.10983
2743 8.3162
2744 8.50554
2745 8.0655
2746 7.97174
2747 8.07797
2748 8.29573
2749 8.60582
2750 8.00023
2751 8.05544
2752 7.92957
2753 7.95915
2754 8.42303
2755 7.58402
2756 7.12076
2757 6.96322
2758 6.66332
2759 6.63941
2760 7.12316
2761 7.03134
2762 7.10945
2763 6.96895
2764 7.20204
2765 6.94092
2766 7.19314
2767 7.64467
2768 7.57711
2769 7.22259
2770 7.13918
2771 7.70372
2772 7.99765
2773 7.24264
2774 7.32381
2775 7.36546
2776 7.4238
2777 7.22337
2778 6.92291
2779 6.93809
2780 6.84502
2781 6.90867
2782 6.95078
2783 7.02602
2784 6.93751
2785 6.92141
2786 7.11298
2787 6.81382
2788 7.06928
2789 7.35468
2790 7.38417
2791 7.22905
2792 7.2834
2793 7.44097
2794 7.56023
2795 6.94758
2796 7.27718
2797 7.07819
2798 7.09715
2799 6.80184
2800 7.12154
2801 7.04159
2802 6.7693
2803 7.10455
2804 7.28361
2805 7.4525
2806 7.09531
2807 7.23062
2808 7.58272
2809 7.66889
2810 7.77188
2811 7.62907
2812 7.68575
2813 7.35131
2814 7.16125
2815 7.32924
2816 7.12255
2817 7.6162
2818 7.58866
2819 7.76394
2820 7.08729
2821 7.66767
2822 7.76144
2823 7.7553
2824 7.43392
2825 7.47137
2826 7.62733
2827 7.63131
2828 7.37697
2829 7.61679
2830 8.05867
2831 7.69742
2832 7.8273
2833 7.9577
2834 7.72899
2835 7.79171
2836 8.14066
2837 8.58436
2838 8.1428
2839 8.48929
2840 8.33678
2841 8.40788
2842 7.8766
2843 7.63254
2844 7.29607
2845 7.52311
2846 7.47781
2847 8.1391
2848 7.89095
2849 7.76276
2850 7.70562
2851 7.84761
2852 7.74221
2853 7.9286
2854 8.03648
2855 7.78495
2856 8.1597
2857 8.25442
2858 8.36291
2859 8.60302
2860 8.14919
2861 8.00474
2862 7.80404
2863 7.57188
2864 7.91969
2865 7.73705
2866 7.59409
2867 7.90354
2868 7.85775
2869 7.63472
2870 7.52209
2871 7.36197
2872 7.21858
2873 7.10971
2874 7.45321
2875 7.3154
2876 7.70479
2877 8.03319
2878 8.03527
2879 7.95465
2880 7.92408
2881 7.87777
2882 8.25997
2883 8.35456
2884 8.62233
2885 7.74186
2886 7.89238
2887 7.89761
2888 8.04734
2889 7.98368
2890 7.75861
2891 7.86532
2892 7.90168
2893 7.90035
2894 8.3487
2895 8.75477
2896 8.88604
2897 8.93665
2898 9.31183
2899 9.09514
2900 8.70791
2901 8.70448
2902 8.26563
2903 7.87969
2904 7.52174
2905 8.0226
2906 7.472
2907 7.56045
2908 7.48797
2909 7.56448
2910 7.39912
2911 7.73248
2912 7.55315
2913 7.35758
2914 7.70179
2915 7.96497
2916 7.79862
2917 7.63972
2918 7.52958
2919 8.22932
2920 8.23608
2921 8.0805
2922 8.34105
2923 8.13182
2924 8.38
2925 8.02423
2926 8.6281
2927 7.92701
2928 8.48405
2929 8.27509
2930 7.93807
2931 7.68954
2932 8.05276
2933 7.67621
2934 7.62363
2935 7.6929
2936 7.67925
2937 7.96054
2938 7.95711
2939 8.27881
2940 8.18975
2941 7.73635
2942 7.70494
2943 7.91098
2944 7.99784
2945 8.07432
2946 8.10909
2947 8.14524
2948 8.01389
2949 7.76679
2950 7.35645
2951 7.51161
2952 7.59443
2953 7.7426
2954 7.90656
2955 8.22042
2956 8.1306
2957 7.77511
2958 7.46465
2959 7.49161
2960 7.83728
2961 7.618
2962 7.79418
2963 7.25924
2964 7.33946
2965 6.99297
2966 6.72071
2967 6.85941
2968 7.02766
2969 7.12483
2970 6.69108
2971 6.65515
2972 6.79786
2973 7.22532
2974 7.21725
2975 7.16161
2976 7.03034
2977 7.186
2978 7.52821
2979 7.77849
2980 7.20131
2981 7.53778
2982 7.43675
2983 7.70856
2984 7.87851
2985 7.87677
2986 7.1139
2987 7.51372
2988 7.89643
2989 7.46379
2990 7.13783
2991 6.89702
2992 7.33935
2993 7.37459
2994 7.16786
2995 7.02074
2996 7.09736
2997 7.8337
2998 7.56999
2999 7.9869
3000 7.85393
