-0.369239 -0.395917 0.297384
-0.372108 -0.201014 -0.360359
0.393131 -0.241757 -0.244759
-0.294037 -0.477908 -0.279543
-0.209304 -0.431655 0.498599
-0.0129148 -0.48829 0.374922
-0.200583 -0.317631 -0.323021
-0.0999058 0.490984 -0.346263
0.305852 0.477919 -0.367251
-0.436883 0.486081 0.477786
0.0989117 -0.301773 -0.305574
0.462824 -0.474725 -0.24127
0.259853 -0.299315 -0.432362
-0.30395 0.156867 0.491267
0.482856 0.186127 -0.469338
0.3947 -0.150582 -0.418223
-0.173619 -0.178965 -0.497961
0.0422673 0.125666 0.430066
-0.0364316 -0.0269457 -0.444522
-0.0632749 -0.175939 -0.317875
0.00426844 -0.163907 0.349166
0.341672 -0.00930423 0.468552
0.136012 -0.135886 -0.462608
0.289588 -0.00417739 -0.304103
0.417458 0.0734449 0.254642
-0.101118 0.334158 -0.194155
0.41928 0.353346 -0.144437
-0.293927 0.370947 -0.401121
-0.136786 0.16725 -0.399474
-0.09158 0.335248 -0.49126
-0.157259 -0.472219 -0.1286
0.0578764 0.253443 -0.383782
0.230793 0.270072 0.414981
0.479947 0.367436 -0.369642
0.258488 0.29721 -0.283564
0.257343 0.124057 -0.161994
0.478421 -0.468693 -0.052496
-0.411464 -0.300807 -0.193443
-0.402681 -0.315723 0.0556215
-0.200032 -0.283077 -0.0938558
-0.347069 0.411134 -0.114512
-0.0188556 -0.299591 -0.155185
-0.0807877 -0.39699 0.0458548
-0.18809 0.313854 -0.0192736
0.107993 0.441365 -0.301544
0.262826 -0.496094 -0.150354
0.00888767 -0.208166 0.0430285
0.297357 -0.464738 0.129319
0.323945 -0.134701 -0.098068
-0.442457 0.0108639 -0.341606
0.477292 -0.00384377 -0.152717
-0.298556 -0.0430999 -0.00783217
-0.309578 -0.0972434 -0.188775
0.106463 -0.122592 -0.238568
-0.22096 0.00501562 -0.346521
-0.136605 -0.0908014 -0.121893
0.184006 -0.286837 -0.0804508
0.37492 -0.273831 0.0440317
0.161577 -0.0396905 -0.00997563
0.222362 -0.283004 0.183539
0.440099 0.158137 -0.262667
-0.12204 0.359118 0.18035
-0.374445 0.296307 0.0718126
-0.408899 0.269424 -0.220733
0.0841584 0.0644783 -0.301565
0.0679174 0.230165 -0.171276
0.0276228 0.111655 0.206916
-0.00487733 0.0492324 -0.106733
0.252549 0.33794 -0.0434501
-0.488511 0.185 -0.048261
0.0531197 -0.495092 -0.120776
0.339923 0.0929467 0.0333822
-0.283111 0.483042 0.0696104
-0.302289 -0.0747223 0.211605
-0.385851 -0.271161 0.440274
-0.42432 0.310994 0.294834
0.0429387 0.491548 0.168167
0.0268403 -0.323303 0.22591
-0.181113 -0.39532 0.232265
0.131585 0.418694 -0.495893
0.178619 0.35739 0.195475
0.22986 0.491949 0.318926
0.0719089 -0.356339 0.497635
0.36343 -0.424562 0.445424
-0.48259 -0.120489 0.0828495
-0.365618 0.0633886 0.338497
0.432302 -0.256721 0.299152
-0.332335 -0.066342 0.470055
-0.211137 -0.233036 0.103802
-0.109109 -0.0372508 0.106104
-0.142806 0.0709342 0.334535
-0.192005 -0.203254 0.307355
0.104592 -0.0717178 0.179582
0.315306 -0.07573 0.143006
0.196006 -0.0153784 0.337358
0.192556 -0.217531 0.372099
-0.437323 0.0661439 0.109808
-0.192506 0.153034 0.127122
0.496912 0.484539 0.151336
-0.206017 0.249743 0.340794
-0.287229 0.147999 -0.105392
0.0278855 0.351652 0.00640862
-0.261694 0.433706 0.376964
0.0321369 0.307143 0.292406
0.127417 0.176382 0.024844
0.411241 0.284834 0.165489
0.387028 0.389825 0.360602
0.226751 0.16334 0.206005
