0.0456468
0.0456857
0.0457639
0.0458891
0.0460695
0.0463115
0.046624
0.0470124
0.0474816
0.0480357
0.0486747
0.0493964
0.0501982
0.0510793
0.0520438
0.0531008
0.0542687
0.0555706
0.0570298
0.0586593
0.0604517
0.0623666
0.064319
0.0661818
0.0677947
0.0689972
0.0696703
0.0697692
0.0693408
0.068509
0.0674406
0.0663126
0.0652828
0.0644581
0.0638805
0.0635329
0.0633629
0.0633224
0.0633998
0.0636292
0.0640714
0.0647734
0.0657357
0.0668951
0.0681329
0.0693016
0.0702569
0.0708855
0.0711158
0.0709176
0.0702931
0.0692718
0.0679091
0.0662782
0.0644616
0.0625403
0.0605857
0.0586646
0.0568399
0.0551729
0.0537138
0.0525069
0.0515785
0.0509429
0.0505986
0.0505322
0.050719
0.0511246
0.051705
0.0524072
0.0531767
0.0539609
0.0547155
0.0554137
0.0560413
0.0565936
0.057061
0.0574218
0.0576339
0.0576502
0.0574336
0.0569836
0.0563433
0.0555937
0.0548313
0.0541456
0.0536008
0.0532326
0.0530514
0.0530428
0.0531783
0.053422
0.0537297
0.0540564
0.0543555
0.0545848
0.0547102
0.0547064
0.0545615
0.0542793
