1.13803
1.14023
1.14243
1.14459
1.14669
1.14872
1.15064
1.15244
1.1541
1.1556
1.15694
1.15812
1.15915
1.16001
1.16069
1.16114
1.16128
1.16101
1.16023
1.15884
1.15684
1.15431
1.15148
1.14874
1.14661
1.14559
1.14609
1.14824
1.1519
1.15667
1.16201
1.16736
1.17223
1.17631
1.17948
1.18187
1.18366
1.18506
1.18612
1.1867
1.18658
1.18556
1.18361
1.18091
1.17783
1.17481
1.17233
1.17071
1.17018
1.17081
1.17259
1.17544
1.17917
1.18358
1.18844
1.1935
1.1986
1.20356
1.20822
1.21243
1.21605
1.21899
1.22116
1.22256
1.2232
1.22311
1.22238
1.22111
1.21941
1.21746
1.21539
1.21336
1.21148
1.20982
1.20839
1.20718
1.20619
1.20548
1.20519
1.20547
1.20644
1.20814
1.21041
1.21301
1.21562
1.21795
1.21981
1.2211
1.22179
1.22193
1.22162
1.22097
1.22012
1.21921
1.21838
1.21775
1.21743
1.21749
1.21797
1.21886
