-3.32331
-3.32331
-3.32362
-3.32378
-3.32378
-3.32393
-3.32363
-3.32393
-3.32468
-3.32634
-3.32604
-3.32543
-3.32558
-3.32513
-3.32528
-3.32377
-3.32483
-3.32468
-3.32393
-3.32514
-3.32378
-3.32438
-3.32498
-3.32513
-3.32573
-3.32649
-3.32679
-3.32634
-3.32589
-3.32574
-3.32604
-3.32574
-3.32665
-3.32726
-3.32711
-3.32816
-3.32755
-3.32679
-3.3268
-3.3259
-3.3259
-3.32529
-3.32544
-3.32544
-3.32468
-3.32438
-3.32423
-3.32408
-3.32393
-3.32302
-3.32333
-3.32272
-3.32288
-3.32348
-3.32257
-3.32287
-3.32317
-3.32423
-3.32393
-3.32347
-3.32317
-3.32438
-3.32393
-3.32423
-3.32287
-3.32303
-3.32272
-3.32272
-3.32348
-3.32317
-3.32378
-3.32453
-3.32469
-3.3259
-3.32529
-3.32484
-3.32484
-3.32514
-3.32499
-3.32574
-3.32695
-3.3274
-3.32786
-3.32725
-3.3271
-3.32771
-3.32756
-3.32695
-3.32665
-3.32635
-3.32695
-3.3274
-3.32664
-3.32589
-3.32559
-3.32528
-3.32528
-3.32574
-3.32619
-3.32513
