1.71553
1.70554
1.69078
1.67015
1.64431
1.61591
1.58933
1.57014
1.56396
1.57469
1.60255
1.64332
1.68986
1.73511
1.77459
1.80672
1.83138
1.84835
1.85726
1.8583
1.85282
1.84297
1.8309
1.81822
1.80605
1.7956
1.78887
1.78847
1.79563
1.80793
1.81969
1.8252
1.82171
1.80938
1.78939
1.76296
1.73244
1.70326
1.68407
1.68329
1.70378
1.74056
1.78417
1.82594
1.86071
1.88673
1.90441
1.91512
1.92043
1.92155
1.91918
1.91349
1.90428
1.89126
1.87415
1.85301
1.82865
1.80282
1.77792
1.75712
1.74451
1.74416
1.75731
1.78029
1.8062
1.82863
1.84408
1.85222
1.85489
1.85494
1.85533
1.85831
1.8647
1.87328
1.88086
1.8833
1.877
1.86021
1.83374
1.80088
1.76625
1.73427
1.70865
1.69243
1.68703
1.69116
1.70152
1.71532
1.73144
1.74942
1.76785
1.78373
1.79317
1.7931
1.78265
1.76387
1.74115
1.71993
1.70509
1.69991
