-4.89836
-4.88853
-4.87422
-4.85358
-4.82684
-4.79813
-4.77034
-4.7513
-4.7439
-4.75463
-4.78295
-4.82343
-4.87118
-4.91704
-4.95652
-4.9894
-5.01587
-5.0336
-5.0425
-5.04264
-5.03731
-5.02761
-5.01568
-5.00452
-4.99296
-4.9831
-4.97623
-4.97734
-4.98465
-4.9971
-5.00871
-5.01423
-5.01104
-4.99841
-4.97751
-4.95017
-4.91995
-4.89137
-4.87217
-4.87169
-4.89158
-4.92852
-4.97213
-5.01466
-5.04958
-5.07409
-5.09176
-5.10278
-5.10839
-5.1086
-5.10638
-5.10069
-5.09073
-5.07832
-5.06
-5.03961
-5.01601
-4.99047
-4.96558
-4.94372
-4.93065
-4.92924
-4.94133
-4.96357
-4.98858
-5.01116
-5.02646
-5.03489
-5.03832
-5.03837
-5.03951
-5.04309
-5.04949
-5.05806
-5.06625
-5.06779
-5.06209
-5.04575
-5.01808
-4.98461
-4.95058
-4.91755
-4.89132
-4.8757
-4.86985
-4.87458
-4.88389
-4.89844
-4.91411
-4.93239
-4.95173
-4.96882
-4.97841
-4.97864
-4.96835
-4.94956
-4.9276
-4.90531
-4.89063
-4.88514
