1.14369
1.13703
1.12719
1.11343
1.09621
1.07727
1.05955
1.04676
1.04264
1.04979
1.06836
1.09555
1.12657
1.15674
1.18306
1.20448
1.22092
1.23223
1.23817
1.23887
1.23522
1.22865
1.2206
1.21215
1.20404
1.19707
1.19258
1.19232
1.19709
1.20529
1.21312
1.2168
1.21448
1.20625
1.19293
1.17531
1.15496
1.13551
1.12271
1.12219
1.13586
1.16038
1.18945
1.21729
1.24047
1.25782
1.2696
1.27675
1.28029
1.28103
1.27945
1.27566
1.26952
1.26084
1.24944
1.23534
1.2191
1.20188
1.18528
1.17142
1.16301
1.16277
1.17154
1.18686
1.20414
1.21909
1.22939
1.23481
1.23659
1.23663
1.23688
1.23887
1.24314
1.24885
1.25391
1.25554
1.25133
1.24014
1.22249
1.20059
1.1775
1.15618
1.1391
1.12828
1.12469
1.12744
1.13435
1.14355
1.1543
1.16628
1.17857
1.18915
1.19545
1.1954
1.18844
1.17591
1.16077
1.14662
1.13673
1.13328
