-3.18283
-3.18298
-3.18344
-3.18344
-3.18253
-3.18222
-3.18101
-3.18116
-3.17995
-3.17995
-3.1804
-3.18011
-3.18132
-3.18193
-3.18193
-3.18268
-3.18449
-3.18525
-3.18525
-3.18434
-3.18449
-3.18464
-3.18479
-3.1863
-3.1869
-3.1875
-3.18735
-3.18886
-3.18901
-3.18917
-3.18902
-3.18902
-3.18933
-3.18902
-3.18812
-3.18721
-3.18751
-3.18811
-3.1881
-3.1884
-3.1878
-3.18796
-3.18796
-3.18872
-3.18887
-3.18736
-3.18736
-3.18766
-3.18796
-3.18705
-3.1872
-3.1872
-3.18645
-3.18705
-3.18585
-3.1866
-3.18736
-3.18766
-3.18766
-3.1866
-3.18614
-3.18508
-3.18403
-3.18328
-3.18237
-3.18253
-3.18238
-3.18268
-3.18343
-3.18343
-3.18418
-3.18478
-3.18478
-3.18479
-3.18539
-3.18449
-3.1851
-3.18555
-3.18434
-3.18373
-3.18433
-3.18327
-3.18267
-3.18327
-3.18282
-3.18342
-3.18237
-3.18312
-3.18267
-3.18297
-3.18388
-3.18509
-3.18524
-3.18555
-3.1857
-3.18569
-3.18645
-3.18538
-3.18553
-3.18523
