1.09442
1.10443
1.11571
1.12644
1.13558
1.14319
1.15015
1.1575
1.16589
1.17538
1.18542
1.19507
1.20326
1.20914
1.21226
1.21243
1.20951
1.20312
1.1926
1.17719
1.15645
1.13067
1.10126
1.07085
1.04305
1.02153
1.0086
1.00437
1.00707
1.01426
1.0239
1.03453
1.04507
1.05437
1.06123
1.06471
1.06461
1.06162
1.05717
1.053
1.05058
1.05077
1.05372
1.05912
1.06647
1.07501
1.08354
1.09036
1.09358
1.09177
1.08459
1.07342
1.06146
1.05286
1.05067
1.05529
1.06475
1.07662
1.0897
1.10422
1.12106
1.14072
1.16257
1.18488
1.20519
1.22106
1.23066
1.23314
1.22874
1.21868
1.205
1.19021
1.17684
1.16688
1.16119
1.15905
1.15814
1.15506
1.1466
1.13088
1.10796
1.07972
1.0493
1.02019
0.995149
0.975866
0.963605
0.959748
0.964915
0.977748
0.995516
1.01568
1.03659
1.05706
1.07597
1.09238
1.10578
1.11622
1.12405
1.12965
