1.64163
1.65665
1.67357
1.68966
1.70337
1.71479
1.72523
1.73625
1.74884
1.76306
1.77813
1.7926
1.80488
1.81372
1.8184
1.81864
1.81427
1.80468
1.7889
1.76579
1.73467
1.69601
1.65189
1.60628
1.56458
1.5323
1.5129
1.50655
1.5106
1.5214
1.53585
1.5518
1.5676
1.58155
1.59184
1.59706
1.59691
1.59242
1.58576
1.5795
1.57587
1.57615
1.58057
1.58869
1.59971
1.61252
1.62531
1.63554
1.64037
1.63766
1.62689
1.61013
1.5922
1.57929
1.57601
1.58294
1.59713
1.61494
1.63454
1.65633
1.68159
1.71108
1.74386
1.77733
1.80778
1.83159
1.84599
1.84972
1.84311
1.82802
1.80749
1.78531
1.76525
1.75032
1.74179
1.73858
1.73721
1.73259
1.71989
1.69632
1.66194
1.61958
1.57395
1.53028
1.49272
1.4638
1.44541
1.43962
1.44737
1.46662
1.49327
1.52353
1.55489
1.58559
1.61395
1.63857
1.65868
1.67433
1.68607
1.69448
