-4.96181
-4.97699
-4.99391
-5.0097
-5.02295
-5.03392
-5.0439
-5.05598
-5.06887
-5.08295
-5.09922
-5.11369
-5.12658
-5.13481
-5.13919
-5.13989
-5.13461
-5.12502
-5.10804
-5.08537
-5.05396
-5.01575
-4.97239
-4.92767
-4.88477
-4.85308
-4.83369
-4.82749
-4.83079
-4.84159
-4.85604
-4.87109
-4.88643
-4.90114
-4.91143
-4.91635
-4.91575
-4.91005
-4.90338
-4.89818
-4.8941
-4.89453
-4.8991
-4.90691
-4.91779
-4.93029
-4.94384
-4.95362
-4.9583
-4.95665
-4.94588
-4.92852
-4.91103
-4.89842
-4.89438
-4.90207
-4.91656
-4.93422
-4.95277
-4.97561
-5.00072
-5.03021
-5.06269
-5.09555
-5.12722
-5.15043
-5.16483
-5.16825
-5.15983
-5.14534
-5.12557
-5.10293
-5.08242
-5.06794
-5.05895
-5.0562
-5.05513
-5.04961
-5.03767
-5.0129
-4.97821
-4.93584
-4.89006
-4.84564
-4.80687
-4.7793
-4.76136
-4.75558
-4.76378
-4.78334
-4.81014
-4.8413
-4.87312
-4.90367
-4.93203
-4.95634
-4.9766
-4.99195
-5.00354
-5.01316
