2.34172
2.28256
2.21843
2.15796
2.10575
2.06134
2.0208
1.97704
1.93074
1.88139
1.82883
1.78192
1.74304
1.71943
1.71132
1.71927
1.74755
1.79438
1.86592
1.96052
2.08323
2.22921
2.39158
2.55727
2.71227
2.83281
2.91154
2.94637
2.94695
2.92208
2.88314
2.83908
2.7938
2.75214
2.72337
2.7114
2.71706
2.73799
2.76422
2.78777
2.80555
2.80983
2.80045
2.77923
2.74754
2.70939
2.66852
2.6364
2.61902
2.62115
2.64733
2.68994
2.73117
2.75388
2.7456
2.70058
2.63114
2.54878
2.46073
2.36223
2.25575
2.13802
2.01351
1.89117
1.77965
1.69657
1.64696
1.63634
1.6654
1.72162
1.79832
1.88497
1.96697
2.03292
2.08136
2.11257
2.13912
2.17844
2.24086
2.34074
2.47305
2.62959
2.79584
2.95555
3.09449
3.19868
3.26665
3.29067
3.26631
3.20078
3.10696
2.99584
2.8783
2.76146
2.65044
2.55124
2.46578
2.39602
2.33976
2.29351
