1 324
2 676
3 1156
4 1156
5 1156
6 1156
7 1156
8 1444
9 1444
10 1444
11 900
12 900
13 676
14 900
15 900
16 1444
17 1444
18 1156
19 1444
20 1444
21 1764
22 1444
23 900
24 1444
25 1764
26 1444
27 1764
28 1764
29 1764
30 1444
31 1156
32 1444
33 1764
34 1444
35 1444
36 1764
37 1764
38 1764
39 1764
40 1444
41 1764
42 1444
43 1444
44 1764
45 1764
46 1764
47 1764
48 1764
49 1764
50 1764
51 1444
52 1764
53 1764
54 1764
55 1764
56 1764
57 1764
58 1156
59 1764
60 1764
61 1156
62 1764
63 1444
64 1156
65 900
66 676
67 1156
68 1444
69 1444
70 1764
71 2116
72 1156
73 1444
74 1156
75 1156
76 1156
77 1444
78 1764
79 1764
80 1764
81 1764
82 1156
83 1156
84 2116
85 2116
86 2116
87 1764
88 1764
89 1764
90 1764
91 1764
92 1764
93 1444
94 1444
95 1764
96 1764
97 1764
98 1444
99 1764
100 1444
101 2116
102 1764
103 1444
104 1764
105 1764
106 1764
107 1764
108 1444
109 1444
110 1444
111 1444
112 900
113 1156
114 1156
115 900
116 1444
117 1764
118 1444
119 1444
120 1156
121 1156
122 1156
123 900
124 900
125 1156
126 1444
127 1444
128 1444
129 1444
130 1764
131 1764
132 1444
133 1156
134 1156
135 1444
136 1444
137 1444
138 1444
139 1444
140 1444
141 1156
142 1444
143 1156
144 1444
145 1444
146 1444
147 1764
148 1444
149 1764
150 1444
151 1764
152 2116
153 1764
154 1764
155 2116
156 1444
157 1444
158 2116
159 2116
160 2116
161 2116
162 1764
163 1764
164 1764
165 1156
166 1444
167 1444
168 1156
169 1444
170 1156
171 1444
172 1444
173 1764
174 1764
175 1444
176 1444
177 1764
178 1764
179 1764
180 1764
181 1764
182 1444
183 1444
184 1156
185 1156
186 1764
187 1764
188 1444
189 1156
190 1156
191 900
192 1764
193 1764
194 1764
195 1764
196 1764
197 1764
198 1764
199 1764
200 2116
201 2116
202 2116
203 2116
204 2116
205 2116
206 2116
207 2116
208 1444
209 1444
210 1764
211 1444
212 1444
213 1444
214 1444
215 1444
216 1444
217 1444
218 1444
219 1764
220 1156
221 1444
222 1156
223 1156
224 1444
225 1444
226 1444
227 1444
228 1444
229 1444
230 1156
231 1156
232 900
233 1156
234 1156
235 1444
236 1444
237 1764
238 1764
239 1444
240 1764
241 1764
242 1764
243 1444
244 1156
245 1156
246 1764
247 1764
248 1764
249 1764
250 1764
251 1764
252 1444
253 1444
254 1444
255 1156
256 1444
257 1156
258 900
259 900
260 676
261 900
262 900
263 1156
264 1156
265 1156
266 1156
267 1444
268 1764
269 2116
270 1444
271 1156
272 1156
273 2116
274 1764
275 1764
276 1444
277 1764
278 1764
279 1444
280 1764
281 1764
282 1764
283 1764
284 1764
285 1764
286 1764
287 1764
288 1444
289 1444
290 1444
291 1764
292 1764
293 1764
294 1444
295 1764
296 2116
297 1444
298 2116
299 2116
300 2116
301 2116
302 1444
303 1444
304 1444
305 1764
306 1764
307 1764
308 1764
309 1764
310 1444
311 1444
312 1444
313 1444
314 1444
315 1156
316 900
317 1156
318 1444
319 1444
320 1444
321 1444
322 1444
323 1764
324 1444
325 1444
326 1764
327 900
328 1156
329 1156
330 1156
331 1156
332 1156
333 1156
334 1156
335 1156
336 1444
337 1444
338 2116
339 2116
340 2116
341 2116
342 1444
343 1444
344 1444
345 1764
346 1764
347 1764
348 1764
349 1444
350 1444
351 1764
352 1764
353 1764
354 1764
355 1444
356 1444
357 1444
358 1444
359 1156
360 1156
361 900
362 1156
363 1444
364 1444
365 1444
366 1764
367 1764
368 1764
369 1444
370 1444
371 1444
372 1764
373 2116
374 2116
375 1764
376 1764
377 1764
378 1764
379 1764
380 1764
381 1764
382 1444
383 1444
384 900
385 1156
386 1444
387 1156
388 1444
389 1156
390 1156
391 1156
392 1444
393 1444
394 1156
395 1444
396 1444
397 1444
398 1156
399 2116
400 1764
401 1444
402 1156
403 1764
404 1764
405 1764
406 1444
407 1764
408 1764
409 1764
410 1764
411 1764
412 1764
413 1764
414 1444
415 1444
416 1444
417 1764
418 1764
419 1764
420 1764
421 1764
422 2116
423 2116
424 2116
425 1764
426 1764
427 1764
428 1764
429 1764
430 1764
431 1444
432 1444
433 1764
434 1764
435 1764
436 1764
437 1764
438 1764
439 1764
440 1764
441 1764
442 1444
443 1444
444 1764
445 1764
446 1764
447 1764
448 1444
449 1444
450 1444
451 1444
452 900
453 900
454 900
455 1444
456 1444
457 1764
458 1444
459 1764
460 1764
461 1764
462 1156
463 1444
464 1444
465 1444
466 1444
467 1156
468 1156
469 1444
470 1444
471 1444
472 1444
473 1444
474 1444
475 1764
476 1764
477 900
478 1156
479 1444
480 1444
481 1444
482 900
483 1156
484 1156
485 1444
486 1156
487 1444
488 1156
489 1156
490 1444
491 1444
492 1444
493 2116
494 2116
495 2116
496 2116
497 2116
498 2116
499 1764
500 1764
501 1764
502 1764
503 1764
504 1764
505 1764
506 1444
507 1156
508 900
509 1156
510 1156
511 900
512 900
513 1156
514 1156
515 1156
516 1444
517 1764
518 1764
519 1764
520 1764
521 1764
522 1764
523 1444
524 900
525 1156
526 1156
527 1156
528 1156
529 1156
530 1444
531 1156
532 1156
533 1156
534 1156
535 1444
536 900
537 900
538 1444
539 1444
540 1444
541 1444
542 1444
543 1444
544 1444
545 1444
546 1764
547 1444
548 1156
549 1156
550 1156
551 1444
552 1764
553 1764
554 1764
555 1764
556 1764
557 1444
558 1444
559 1764
560 1764
561 1764
562 2116
563 2116
564 2116
565 2116
566 2116
567 2116
568 1764
569 1764
570 1444
571 1764
572 1764
573 1444
574 1764
575 1764
576 1764
577 1764
578 1444
579 1444
580 1764
581 1764
582 2116
583 1764
584 2116
585 2116
586 1764
587 1764
588 1764
589 1764
590 2116
591 2116
592 2116
593 1444
594 1764
595 1764
596 1764
597 1444
598 1764
599 1764
600 2116
601 2116
602 2116
603 1764
604 1444
605 1444
606 1444
607 1764
608 1444
609 900
610 1156
611 1764
612 1764
613 1444
614 1764
615 1764
616 1444
617 1764
618 1764
619 1764
620 1156
621 1156
622 1444
623 1444
624 1156
625 1156
626 1444
627 1444
628 1156
629 1444
630 1444
631 1156
632 1156
633 1444
634 1444
635 1444
636 1444
637 1156
638 1156
639 1156
640 1444
641 1444
642 1156
643 1156
644 1156
645 1444
646 1444
647 1444
648 1444
649 1444
650 900
651 1156
652 900
653 1156
654 1156
655 900
656 900
657 1444
658 1156
659 1444
660 1444
661 1444
662 1444
663 2116
664 2116
665 2116
666 1764
667 1444
668 2116
669 1444
670 1156
671 1156
672 1156
673 1764
674 1764
675 1764
676 2116
677 2116
678 2116
679 2116
680 2116
681 2116
682 1444
683 1444
684 1444
685 1156
686 1156
687 1156
688 1156
689 1156
690 1156
691 1156
692 900
693 1444
694 1156
695 1156
696 1156
697 900
698 1444
699 1764
700 1444
701 1156
702 1444
703 1444
704 1444
705 1444
706 1764
707 1764
708 1764
709 900
710 1156
711 1444
712 1444
713 1444
714 1444
715 1444
716 1444
717 900
718 900
719 1444
720 1444
721 1444
722 1444
723 1444
724 1444
725 1156
726 1444
727 1156
728 1156
729 1444
730 1444
731 1156
732 1156
733 1444
734 1156
735 1156
736 1156
737 1156
738 1764
739 1764
740 1444
741 1764
742 1444
743 1764
744 1444
745 1444
746 1444
747 1764
748 1764
749 1764
750 1444
751 1444
752 1444
753 1764
754 1764
755 1764
756 1444
757 1444
758 1764
759 1764
760 1764
761 1764
762 1764
763 1764
764 1444
765 1444
766 1444
767 1764
768 1764
769 1444
770 1156
771 1156
772 1444
773 1156
774 1764
775 1444
776 1156
777 1764
778 1444
779 1444
780 1764
781 1764
782 1764
783 1444
784 1444
785 1444
786 1444
787 1764
788 1764
789 1764
790 1764
791 1444
792 1764
793 1764
794 1444
795 1764
796 1444
797 1156
798 1764
799 1764
800 1764
801 2116
802 1764
803 1764
804 1764
805 1444
806 1444
807 1444
808 1444
809 1764
810 1444
811 1444
812 1764
813 1764
814 1444
815 1764
816 1444
817 1764
818 2116
819 1764
820 1764
821 2116
822 1444
823 900
824 900
825 1156
826 1444
827 1444
828 1444
829 1764
830 1444
831 1764
832 1764
833 1764
834 1444
835 1444
836 1764
837 1764
838 1764
839 1764
840 1764
841 1764
842 1764
843 1764
844 1764
845 1764
846 1444
847 1444
848 1444
849 1444
850 1444
851 1764
852 1764
853 1764
854 1444
855 1156
856 900
857 1156
858 1156
859 1156
860 900
861 1444
862 1444
863 1444
864 1444
865 1444
866 1444
867 1444
868 1444
869 1444
870 1444
871 1764
872 1764
873 1156
874 1156
875 900
876 1156
877 1156
878 1156
879 1444
880 1444
881 1444
882 1444
883 1444
884 1444
885 1156
886 1444
887 1444
888 1444
889 900
890 1444
891 1444
892 1444
893 1444
894 1444
895 1444
896 1444
897 1444
898 1156
899 1156
900 900
901 900
902 1156
903 676
904 1156
905 1156
906 1156
907 1444
908 1156
909 1444
910 900
911 1156
912 1156
913 900
914 676
915 900
916 1156
917 1156
918 1156
919 1444
920 1764
921 1764
922 1156
923 1444
924 1444
925 1444
926 1156
927 1444
928 1444
929 1444
930 1764
931 1444
932 1444
933 1156
934 900
935 676
936 900
937 900
938 900
939 1156
940 1156
941 1156
942 1444
943 1444
944 1764
945 1764
946 1764
947 1444
948 1156
949 1444
950 1444
951 1444
952 1156
953 900
954 900
955 1156
956 1156
957 1156
958 1156
959 1156
960 1444
961 1156
962 1764
963 1764
964 1444
965 1444
966 1156
967 1764
968 2116
969 1764
970 2116
971 1764
972 1444
973 1444
974 1444
975 1764
976 1764
977 1764
978 1764
979 2116
980 2116
981 1444
982 1764
983 2116
984 1764
985 1764
986 1764
987 1764
988 1764
989 1764
990 1764
991 2116
992 2116
993 2116
994 2116
995 2116
996 2116
997 1764
998 1444
999 1156
1000 1444
1001 1444
1002 1444
1003 1444
1004 900
1005 1156
1006 1764
1007 1764
1008 1764
1009 1764
1010 1444
1011 1444
1012 1156
1013 1444
1014 1764
1015 1764
1016 1764
1017 1444
1018 1444
1019 1764
1020 1764
1021 1764
1022 1764
1023 1444
1024 1444
1025 1444
1026 1764
1027 1444
1028 1444
1029 1156
1030 1444
1031 1764
1032 1444
1033 1764
1034 1444
1035 1444
1036 1444
1037 1764
1038 1764
1039 1764
1040 1444
1041 900
1042 1764
1043 1444
1044 1156
1045 1444
1046 1444
1047 1444
1048 1444
1049 1444
1050 1764
1051 1764
1052 1764
1053 1444
1054 1156
1055 1156
1056 1156
1057 1444
1058 1444
1059 1444
1060 1444
1061 1156
1062 1764
1063 1444
1064 1764
1065 1764
1066 2116
1067 2116
1068 2116
1069 2116
1070 2116
1071 2116
1072 2116
1073 1764
1074 1444
1075 1444
1076 1764
1077 2116
1078 1764
1079 1764
1080 1764
1081 1444
1082 1156
1083 1444
1084 1764
1085 1764
1086 1764
1087 1764
1088 1764
1089 1764
1090 1444
1091 1764
1092 1764
1093 1764
1094 1764
1095 1444
1096 1156
1097 1156
1098 1156
1099 1444
1100 1764
1101 1764
1102 1444
1103 1444
1104 1764
1105 1764
1106 1764
1107 2116
1108 1764
1109 2116
1110 2116
1111 1764
1112 2116
1113 1444
1114 2116
1115 2116
1116 2116
1117 2116
1118 2116
1119 1444
1120 1764
1121 1156
1122 1444
1123 1444
1124 1444
1125 1444
1126 1156
1127 1444
1128 1764
1129 1764
1130 1444
1131 1444
1132 1444
1133 1156
1134 1156
1135 1444
1136 1444
1137 1444
1138 900
1139 1156
1140 1156
1141 1156
1142 1156
1143 1444
1144 1764
1145 1444
1146 1444
1147 1444
1148 1764
1149 2116
1150 2116
1151 2116
1152 2116
1153 2116
1154 1764
1155 1764
1156 1764
1157 1444
1158 1444
1159 1444
1160 1444
1161 1444
1162 1764
1163 1764
1164 1444
1165 1156
1166 1444
1167 1444
1168 1444
1169 1764
1170 1764
1171 1444
1172 1156
1173 1444
1174 1156
1175 1156
1176 1444
1177 1156
1178 1444
1179 1444
1180 900
1181 676
1182 900
1183 1156
1184 1444
1185 1444
1186 1156
1187 1444
1188 1444
1189 1764
1190 1764
1191 1764
1192 2116
1193 2116
1194 2116
1195 2116
1196 2116
1197 1764
1198 1764
1199 1444
1200 1156
1201 900
1202 1156
1203 1156
1204 1156
1205 1156
1206 1156
1207 1444
1208 1156
1209 1444
1210 1764
1211 1444
1212 1444
1213 1444
1214 1444
1215 1764
1216 2116
1217 2116
1218 2116
1219 1764
1220 2116
1221 2116
1222 1764
1223 1444
1224 1764
1225 1764
1226 1764
1227 1764
1228 1764
1229 1764
1230 1444
1231 1156
1232 1764
1233 1764
1234 1764
1235 1444
1236 1156
1237 1156
1238 1156
1239 1156
1240 1444
1241 1156
1242 1764
1243 2116
1244 2116
1245 1764
1246 1444
1247 1444
1248 1156
1249 1156
1250 676
1251 900
1252 900
1253 1156
1254 1156
1255 1444
1256 1156
1257 1156
1258 1156
1259 1156
1260 900
1261 1444
1262 1444
1263 1764
1264 1444
1265 1764
1266 1764
1267 1444
1268 1444
1269 1444
1270 1764
1271 1444
1272 1444
1273 1444
1274 2116
1275 2116
1276 2116
1277 1764
1278 1444
1279 1444
1280 1444
1281 1444
1282 1444
1283 1764
1284 1444
1285 1156
1286 1444
1287 1156
1288 1444
1289 1444
1290 1444
1291 1156
1292 1444
1293 1764
1294 1444
1295 1764
1296 1764
1297 1444
1298 1444
1299 1764
1300 1764
1301 1764
1302 1764
1303 1764
1304 1444
1305 2116
1306 1444
1307 1764
1308 1444
1309 1444
1310 1444
1311 2116
1312 2116
1313 2116
1314 2116
1315 1764
1316 1156
1317 1156
1318 1444
1319 1444
1320 1444
1321 1764
1322 1764
1323 1764
1324 1764
1325 1764
1326 2116
1327 1764
1328 1764
1329 1764
1330 1764
1331 1444
1332 1156
1333 1156
1334 1444
1335 1156
1336 900
1337 1156
1338 1444
1339 1444
1340 1764
1341 1444
1342 1444
1343 1764
1344 1764
1345 1764
1346 1764
1347 1764
1348 1764
1349 2116
1350 2116
1351 2116
1352 1764
1353 1764
1354 1764
1355 1764
1356 1444
1357 1444
1358 1444
1359 1444
1360 1156
1361 1444
1362 1444
1363 1764
1364 1764
1365 1156
1366 1156
1367 2116
1368 1444
1369 1156
1370 1156
1371 1444
1372 1444
1373 1444
1374 900
1375 1444
1376 1764
1377 1764
1378 1764
1379 1764
1380 1444
1381 1444
1382 1444
1383 1764
1384 1444
1385 1156
1386 1444
1387 1156
1388 1444
1389 1444
1390 1764
1391 1764
1392 1444
1393 1156
1394 1444
1395 1444
1396 1444
1397 1444
1398 1156
1399 1156
1400 1156
1401 1156
1402 900
1403 1156
1404 1444
1405 2116
1406 1764
1407 1764
1408 2116
1409 2116
1410 1444
1411 1764
1412 1764
1413 1764
1414 1764
1415 2116
1416 1764
1417 1764
1418 1764
1419 1764
1420 2116
1421 1764
1422 1764
1423 1764
1424 1764
1425 1444
1426 1156
1427 1444
1428 1764
1429 1764
1430 1764
1431 1764
1432 1764
1433 1764
1434 1444
1435 1444
1436 2116
1437 1764
1438 1764
1439 2116
1440 2116
1441 1764
1442 2116
1443 2116
1444 2116
1445 2116
1446 2116
1447 2116
1448 2116
1449 2116
1450 1764
1451 1764
1452 1444
1453 1156
1454 1444
1455 1764
1456 2116
1457 1764
1458 1764
1459 1764
1460 1764
1461 1444
1462 1156
1463 1156
1464 1764
1465 1764
1466 1444
1467 1444
1468 1156
1469 1444
1470 1156
1471 1156
1472 2116
1473 1764
1474 1764
1475 1764
1476 1764
1477 1444
1478 1444
1479 1764
1480 1764
1481 1764
1482 1764
1483 1764
1484 1444
1485 1764
1486 1444
1487 1444
1488 900
1489 1156
1490 1156
1491 900
1492 1444
1493 1156
1494 1156
1495 900
1496 900
1497 1156
1498 1156
1499 1156
1500 1764
1501 1764
1502 1444
1503 1444
1504 1444
1505 1444
1506 1444
1507 1764
1508 1156
1509 1444
1510 900
1511 1156
1512 1156
1513 1444
1514 1444
1515 1764
1516 1764
1517 1444
1518 1444
1519 2116
1520 1444
1521 1444
1522 900
1523 1444
1524 1444
1525 1764
1526 1764
1527 1764
1528 1444
1529 1444
1530 1444
1531 1444
1532 1444
1533 1444
1534 1444
1535 1444
1536 1444
1537 1156
1538 900
1539 900
1540 1156
1541 1444
1542 2116
1543 2116
1544 2116
1545 2116
1546 1764
1547 1764
1548 2116
1549 1156
1550 1156
1551 1156
1552 1444
1553 1444
1554 1444
1555 1444
1556 1444
1557 1764
1558 1444
1559 1444
1560 1444
1561 1444
1562 1764
1563 1764
1564 1444
1565 1764
1566 1156
1567 900
1568 900
1569 1156
1570 1444
1571 900
1572 1156
1573 1444
1574 1444
1575 1764
1576 1764
1577 2116
1578 1764
1579 1444
1580 1444
1581 1444
1582 1444
1583 900
1584 900
1585 900
1586 1444
1587 1764
1588 1444
1589 1444
1590 1764
1591 1764
1592 900
1593 900
1594 900
1595 1156
1596 1444
1597 1444
1598 1444
1599 1444
1600 1156
1601 1156
1602 1156
1603 1156
1604 1156
1605 1444
1606 1444
1607 1444
1608 1444
1609 1444
1610 1444
1611 900
1612 900
1613 1156
1614 1156
1615 1156
1616 1444
1617 1444
1618 1156
1619 1444
1620 1444
1621 1764
1622 1444
1623 1156
1624 1444
1625 1156
1626 676
1627 676
1628 676
1629 900
1630 900
1631 1156
1632 1156
1633 900
1634 900
1635 1156
1636 1764
1637 1764
1638 1764
1639 1764
1640 1764
1641 1444
1642 1444
1643 1764
1644 1444
1645 1764
1646 2116
1647 1764
1648 1764
1649 1764
1650 1444
1651 1444
1652 1156
1653 1764
1654 1764
1655 1764
1656 1156
1657 1444
1658 1444
1659 1444
1660 1156
1661 1156
1662 900
1663 1156
1664 1444
1665 1444
1666 1444
1667 1156
1668 1444
1669 1444
1670 900
1671 1156
1672 1444
1673 1764
1674 1764
1675 1444
1676 1444
1677 1444
1678 1764
1679 1764
1680 1764
1681 1444
1682 1156
1683 1444
1684 1444
1685 1444
1686 1444
1687 1444
1688 1156
1689 1444
1690 1444
1691 1156
1692 1444
1693 1444
1694 1764
1695 2116
1696 1764
1697 2116
1698 2116
1699 1764
1700 1764
1701 1764
1702 1156
1703 1444
1704 1444
1705 1156
1706 900
1707 1156
1708 1156
1709 900
1710 1156
1711 1156
1712 1764
1713 2116
1714 2116
1715 2116
1716 2116
1717 2116
1718 1764
1719 1764
1720 1764
1721 1156
1722 1156
1723 900
1724 1444
1725 1764
1726 1156
1727 1444
1728 1444
1729 1444
1730 1764
1731 1764
1732 1444
1733 1764
1734 1764
1735 1444
1736 1444
1737 1764
1738 1764
1739 1764
1740 1764
1741 1764
1742 1444
1743 1764
1744 1156
1745 1156
1746 1444
1747 1444
1748 1444
1749 1444
1750 1156
1751 1156
1752 1444
1753 1444
1754 1444
1755 1156
1756 1444
1757 1764
1758 2116
1759 1444
1760 1764
1761 1764
1762 1444
1763 1156
1764 1444
1765 2116
1766 2116
1767 1764
1768 1764
1769 1764
1770 1444
1771 1764
1772 1764
1773 1444
1774 1156
1775 1156
1776 1444
1777 2116
1778 1764
1779 1764
1780 1764
1781 1156
1782 1156
1783 1156
1784 1156
1785 900
1786 900
1787 900
1788 900
1789 1764
1790 1764
1791 1764
1792 1156
1793 1444
1794 1156
1795 1764
1796 1764
1797 1156
1798 1444
1799 1764
1800 1444
1801 1156
1802 1444
1803 1156
1804 1156
1805 900
1806 1156
1807 1764
1808 1764
1809 1444
1810 1444
1811 1444
1812 1764
1813 1444
1814 2116
1815 2116
1816 2116
1817 2500
1818 2116
1819 2116
1820 1764
1821 1444
1822 2116
1823 2116
1824 2116
1825 2500
1826 1764
1827 1764
1828 1764
1829 1764
1830 1444
1831 1764
1832 1444
1833 1444
1834 1764
1835 1444
1836 1444
1837 1444
1838 1156
1839 1156
1840 900
1841 900
1842 1444
1843 1156
1844 1764
1845 1764
1846 1156
1847 1156
1848 1156
1849 1156
1850 1156
1851 1444
1852 1764
1853 1764
1854 1764
1855 1444
1856 1156
1857 1764
1858 1444
1859 1444
1860 1444
1861 1156
1862 1444
1863 1444
1864 1444
1865 1156
1866 1444
1867 1764
1868 1764
1869 1764
1870 1764
1871 1764
1872 1764
1873 2116
1874 1764
1875 1444
1876 1764
1877 1156
1878 1764
1879 1764
1880 1444
1881 1156
1882 1444
1883 1444
1884 1444
1885 1444
1886 2116
1887 2116
1888 2116
1889 2116
1890 1764
1891 2116
1892 2116
1893 2116
1894 1764
1895 1764
1896 1764
1897 2116
1898 1764
1899 1764
1900 1156
1901 1444
1902 1156
1903 1156
1904 1444
1905 1444
1906 1444
1907 1444
1908 1444
1909 1444
1910 1444
1911 1444
1912 1156
1913 1156
1914 1156
1915 1156
1916 1156
1917 1156
1918 900
1919 1444
1920 1156
1921 1444
1922 1764
1923 1444
1924 1444
1925 1444
1926 1764
1927 1444
1928 1156
1929 1764
1930 1764
1931 1764
1932 1444
1933 1444
1934 1444
1935 1444
1936 1444
1937 1764
1938 1444
1939 1764
1940 1764
1941 1764
1942 1444
1943 1156
1944 1444
1945 2116
1946 2116
1947 2116
1948 2116
1949 2116
1950 1764
1951 1764
1952 1764
1953 1444
1954 1444
1955 1444
1956 1764
1957 1764
1958 1764
1959 1444
1960 1764
1961 1444
1962 1444
1963 1764
1964 1764
1965 1764
1966 1764
1967 1156
1968 1444
1969 1764
1970 1764
1971 1444
1972 1444
1973 1444
1974 1444
1975 2116
1976 2116
1977 2116
1978 2116
1979 1444
1980 2116
1981 2116
1982 1764
1983 1764
1984 1444
1985 1156
1986 1764
1987 1764
1988 1764
1989 1764
1990 1764
1991 1764
1992 1444
1993 1156
1994 1156
1995 1156
1996 1764
1997 1764
1998 1764
1999 2116
2000 1764
2001 2116
2002 2116
2003 1764
2004 1764
2005 1444
2006 1156
2007 1156
2008 1156
2009 1444
2010 1764
2011 1444
2012 1156
2013 1156
2014 1444
2015 1764
2016 1444
2017 1764
2018 1764
2019 1156
2020 1444
2021 1764
2022 1156
2023 900
2024 2116
2025 2116
2026 2116
2027 2116
2028 2116
2029 2116
2030 2116
2031 1764
2032 2116
2033 1444
2034 1156
2035 1444
2036 1444
2037 1444
2038 1444
2039 1444
2040 1764
2041 1764
2042 900
2043 1156
2044 1156
2045 900
2046 1156
2047 1444
2048 1764
2049 1764
2050 1444
2051 1156
2052 1156
2053 1444
2054 1444
2055 2116
2056 2116
2057 2116
2058 2116
2059 1444
2060 1764
2061 2116
2062 2116
2063 2116
2064 1764
2065 2116
2066 2116
2067 2116
2068 2116
2069 2116
2070 2116
2071 2116
2072 2116
2073 2116
2074 2116
2075 2116
2076 2116
2077 2500
2078 2116
2079 2500
2080 1764
2081 2116
2082 2500
2083 2116
2084 1764
2085 2116
2086 2116
2087 2116
2088 2116
2089 2116
2090 2116
2091 1764
2092 1764
2093 1764
2094 1444
2095 1764
2096 1764
2097 1764
2098 1444
2099 1156
2100 1444
2101 1444
2102 1444
2103 1444
2104 1444
2105 1444
2106 1156
2107 1156
2108 1156
2109 1444
2110 1444
2111 1764
2112 1764
2113 2116
2114 1764
2115 1764
2116 1764
2117 1444
2118 2116
2119 2116
2120 1764
2121 1444
2122 1764
2123 2116
2124 2116
2125 2116
2126 1764
2127 2116
2128 2116
2129 1764
2130 1444
2131 1764
2132 1764
2133 1764
2134 1444
2135 1156
2136 1444
2137 1764
2138 1764
2139 1764
2140 1764
2141 1156
2142 900
2143 484
2144 676
2145 1156
2146 1444
2147 1444
2148 1444
2149 1156
2150 1444
2151 1156
2152 1156
2153 1156
2154 1156
2155 1156
2156 1156
2157 1444
2158 1444
2159 1444
2160 1156
2161 1764
2162 1764
2163 1764
2164 1764
2165 1764
2166 2116
2167 1764
2168 1764
2169 1444
2170 1764
2171 1764
2172 1444
2173 1764
2174 1764
2175 1444
2176 1444
2177 2116
2178 1764
2179 1444
2180 1444
2181 1444
2182 1444
2183 1156
2184 1156
2185 900
2186 1444
2187 1444
2188 1156
2189 1444
2190 1444
2191 1444
2192 1444
2193 1156
2194 1156
2195 1156
2196 1156
2197 2116
2198 2116
2199 1764
2200 2116
2201 2116
2202 2116
2203 2116
2204 1764
2205 1444
2206 2116
2207 2116
2208 2116
2209 2116
2210 2116
2211 2116
2212 1764
2213 1156
2214 900
2215 900
2216 900
2217 900
2218 1156
2219 1156
2220 900
2221 1444
2222 1444
2223 1444
2224 1444
2225 900
2226 1156
2227 900
2228 1156
2229 900
2230 1156
2231 1156
2232 900
2233 1444
2234 1444
2235 1444
2236 1764
2237 1764
2238 1764
2239 1764
2240 1444
2241 1764
2242 1764
2243 1156
2244 1764
2245 1764
2246 1764
2247 1764
2248 1444
2249 1156
2250 1444
2251 1444
2252 1764
2253 1764
2254 1764
2255 1764
2256 1764
2257 1444
2258 1444
2259 1444
2260 1156
2261 900
2262 1156
2263 1156
2264 1156
2265 1156
2266 1444
2267 1444
2268 1444
2269 1764
2270 1764
2271 1764
2272 1764
2273 1764
2274 1764
2275 1156
2276 1156
2277 1156
2278 1156
2279 900
2280 676
2281 900
2282 900
2283 900
2284 900
2285 676
2286 1156
2287 1156
2288 1156
2289 1444
2290 1156
2291 1764
2292 2116
2293 1764
2294 1764
2295 1764
2296 1444
2297 1764
2298 1444
2299 1156
2300 1764
2301 1764
2302 1764
2303 1764
2304 1764
2305 1764
2306 1764
2307 1764
2308 1764
2309 1444
2310 900
2311 1156
2312 1156
2313 1444
2314 1444
2315 1444
2316 1764
2317 1764
2318 1764
2319 1444
2320 1444
2321 1444
2322 1444
2323 1764
2324 1764
2325 1764
2326 1444
2327 1444
2328 1444
2329 1444
2330 1444
2331 1156
2332 1156
2333 1156
2334 1444
2335 1444
2336 1156
2337 900
2338 1156
2339 1156
2340 1156
2341 1156
2342 1444
2343 1444
2344 1444
2345 1444
2346 900
2347 1444
2348 1156
2349 1156
2350 1444
2351 1444
2352 1444
2353 1444
2354 1444
2355 1444
2356 1156
2357 1444
2358 1156
2359 1444
2360 1444
2361 1444
2362 1156
2363 1156
2364 1156
2365 1444
2366 1444
2367 1444
2368 1444
2369 1444
2370 1444
2371 1444
2372 1444
2373 1444
2374 1156
2375 1444
2376 1156
2377 1156
2378 1156
2379 1444
2380 1444
2381 1444
2382 1444
2383 1444
2384 1156
2385 900
2386 1444
2387 1444
2388 1444
2389 1444
2390 1764
2391 1764
2392 1444
2393 1156
2394 1156
2395 900
2396 1444
2397 1444
2398 1444
2399 1444
2400 1444
2401 1444
2402 1444
2403 900
2404 900
2405 900
2406 1156
2407 1156
2408 1444
2409 1764
2410 1764
2411 1764
2412 1764
2413 1444
2414 1444
2415 1156
2416 900
2417 1764
2418 1444
2419 900
2420 1444
2421 1444
2422 1156
2423 1156
2424 1444
2425 1156
2426 900
2427 1444
2428 1444
2429 900
2430 1156
2431 1444
2432 1444
2433 1444
2434 1444
2435 1444
2436 1444
2437 1764
2438 2116
2439 2116
2440 2116
2441 1764
2442 2116
2443 2116
2444 2116
2445 1764
2446 1764
2447 1764
2448 1764
2449 1444
2450 1444
2451 1444
2452 1444
2453 1444
2454 1444
2455 1156
2456 900
2457 1156
2458 1156
2459 1156
2460 900
2461 1156
2462 1156
2463 1156
2464 1764
2465 1444
2466 1444
2467 1444
2468 1444
2469 1764
2470 1444
2471 1444
2472 1444
2473 1156
2474 900
2475 1444
2476 1156
2477 1156
2478 1444
2479 1444
2480 1444
2481 1156
2482 1444
2483 1156
2484 900
2485 900
2486 900
2487 900
2488 900
2489 1156
2490 676
2491 1156
2492 1156
2493 900
2494 1156
2495 1156
2496 1444
2497 1444
2498 1764
2499 1764
2500 1764
2501 1764
2502 1444
2503 1764
2504 1764
2505 1444
2506 1444
2507 1444
2508 1764
2509 1764
2510 1764
2511 1444
2512 1444
2513 1444
2514 1444
2515 1444
2516 1444
2517 1444
2518 1444
2519 1156
2520 1156
2521 1444
2522 1764
2523 1764
2524 2116
2525 1764
2526 1764
2527 1764
2528 1444
2529 1444
2530 1444
2531 1444
2532 1156
2533 900
2534 1156
2535 1156
2536 900
2537 1156
2538 1156
2539 1444
2540 1444
2541 1444
2542 1444
2543 1444
2544 1444
2545 1444
2546 1444
2547 1156
2548 1156
2549 1444
2550 1444
2551 1444
2552 1156
2553 900
2554 900
2555 1156
2556 1764
2557 1764
2558 1156
2559 1156
2560 1156
2561 1444
2562 1156
2563 1444
2564 1156
2565 1444
2566 1764
2567 1764
2568 1764
2569 1764
2570 1156
2571 1444
2572 1444
2573 1444
2574 1156
2575 1444
2576 1764
2577 1156
2578 1156
2579 1156
2580 1156
2581 1444
2582 1444
2583 1444
2584 1764
2585 1764
2586 1764
2587 1764
2588 1764
2589 1764
2590 1764
2591 1764
2592 1764
2593 2116
2594 2116
2595 2116
2596 2116
2597 2116
2598 2116
2599 1764
2600 900
2601 1444
2602 1156
2603 1444
2604 1444
2605 1444
2606 1156
2607 1444
2608 1764
2609 1764
2610 1764
2611 1764
2612 1444
2613 1444
2614 1156
2615 1156
2616 1156
2617 1444
2618 1156
2619 1444
2620 1156
2621 1156
2622 1156
2623 1156
2624 1444
2625 1444
2626 1444
2627 1444
2628 1156
2629 1444
2630 1444
2631 1444
2632 1444
2633 1156
2634 1764
2635 1764
2636 1764
2637 1764
2638 1764
2639 1444
2640 1156
2641 1156
2642 1156
2643 1156
2644 1156
2645 1444
2646 1156
2647 1444
2648 900
2649 1444
2650 1444
2651 1444
2652 1444
2653 1156
2654 1156
2655 1156
2656 1444
2657 1444
2658 1764
2659 1764
2660 1444
2661 1764
2662 2116
2663 1764
2664 1764
2665 1444
2666 1156
2667 1156
2668 1444
2669 1444
2670 1444
2671 1444
2672 1156
2673 1444
2674 1444
2675 1444
2676 1444
2677 1444
2678 1444
2679 1764
2680 1764
2681 1444
2682 1764
2683 1764
2684 1764
2685 1764
2686 1764
2687 1764
2688 1444
2689 1444
2690 1156
2691 1764
2692 1444
2693 1764
2694 1764
2695 1444
2696 1444
2697 1764
2698 2116
2699 1764
2700 1764
2701 1764
2702 1764
2703 2116
2704 2116
2705 2116
2706 2116
2707 2116
2708 2116
2709 2116
2710 1444
2711 1764
2712 1764
2713 1156
2714 1764
2715 1764
2716 1764
2717 1764
2718 2116
2719 2116
2720 2116
2721 1444
2722 1444
2723 1444
2724 1764
2725 1764
2726 2116
2727 1764
2728 2116
2729 2116
2730 2116
2731 2116
2732 2116
2733 1444
2734 1444
2735 1764
2736 2116
2737 2116
2738 2116
2739 2116
2740 1764
2741 1444
2742 1764
2743 1764
2744 1444
2745 1444
2746 1444
2747 1444
2748 1156
2749 1156
2750 1444
2751 1764
2752 2116
2753 2116
2754 2116
2755 1764
2756 1764
2757 1764
2758 1156
2759 1156
2760 1444
2761 1764
2762 2116
2763 1764
2764 2116
2765 2116
2766 1764
2767 1764
2768 1764
2769 1444
2770 1444
2771 1444
2772 1764
2773 1444
2774 1764
2775 1764
2776 1444
2777 1764
2778 1156
2779 1764
2780 1764
2781 1764
2782 1764
2783 1764
2784 1444
2785 1764
2786 1764
2787 1764
2788 1444
2789 1156
2790 900
2791 1444
2792 1764
2793 1764
2794 1764
2795 1764
2796 1764
2797 1444
2798 1156
2799 1156
2800 1156
2801 1444
2802 1764
2803 1764
2804 1444
2805 1444
2806 1764
2807 1764
2808 1764
2809 1444
2810 1444
2811 1444
2812 1764
2813 1764
2814 2116
2815 1764
2816 1444
2817 1156
2818 1156
2819 900
2820 1444
2821 1444
2822 1444
2823 1444
2824 1444
2825 1156
2826 1156
2827 1444
2828 1764
2829 1764
2830 1444
2831 1764
2832 1764
2833 1764
2834 1764
2835 1764
2836 1764
2837 2116
2838 1764
2839 1764
2840 1764
2841 1764
2842 1764
2843 1764
2844 2116
2845 2116
2846 1764
2847 1764
2848 1764
2849 1156
2850 1156
2851 1444
2852 1764
2853 1444
2854 1444
2855 1764
2856 1764
2857 1764
2858 1444
2859 1444
2860 900
2861 1156
2862 1444
2863 1444
2864 1156
2865 1444
2866 1156
2867 900
2868 1156
2869 1156
2870 1444
2871 1156
2872 1444
2873 1764
2874 1764
2875 1764
2876 1156
2877 1444
2878 1156
2879 1156
2880 1444
2881 1764
2882 1444
2883 1444
2884 1444
2885 1444
2886 1764
2887 1156
2888 1444
2889 1444
2890 1764
2891 2116
2892 1764
2893 2116
2894 1764
2895 1764
2896 1444
2897 1444
2898 1764
2899 1764
2900 1156
2901 1444
2902 1444
2903 1444
2904 1764
2905 1764
2906 1156
2907 1444
2908 1444
2909 1156
2910 1156
2911 1156
2912 900
2913 900
2914 1156
2915 1156
2916 1764
2917 1764
2918 1764
2919 1764
2920 2116
2921 2116
2922 2500
2923 2500
2924 2500
2925 2500
2926 2116
2927 2116
2928 1764
2929 2116
2930 2116
2931 1764
2932 1764
2933 1764
2934 1764
2935 1764
2936 1764
2937 1444
2938 1444
2939 1444
2940 1444
2941 1444
2942 1764
2943 1764
2944 1764
2945 1764
2946 1764
2947 1444
2948 1764
2949 1764
2950 1764
2951 1764
2952 1764
2953 1764
2954 1764
2955 1764
2956 2116
2957 2116
2958 1764
2959 1764
2960 1764
2961 1444
2962 1444
2963 1444
2964 1156
2965 1444
2966 1444
2967 1444
2968 1444
2969 1156
2970 900
2971 900
2972 1156
2973 1764
2974 1764
2975 1764
2976 1444
2977 1764
2978 1444
2979 1764
2980 1764
2981 2116
2982 1764
2983 1764
2984 1764
2985 1444
2986 1444
2987 1444
2988 1444
2989 1156
2990 1444
2991 1444
2992 1764
2993 1764
2994 1764
2995 1764
2996 1764
2997 1444
2998 1444
2999 1444
3000 1444
3001 1156
3002 1156
3003 1444
3004 1764
3005 1444
3006 1444
3007 1444
3008 1764
3009 2116
3010 1764
3011 1764
3012 1444
3013 1764
3014 2116
3015 2116
3016 1444
3017 1764
3018 1764
3019 1764
3020 1444
3021 2116
3022 2116
3023 2116
3024 1444
3025 1156
3026 1156
3027 1444
3028 1156
3029 900
3030 1444
3031 1156
3032 1156
3033 1156
3034 676
3035 900
3036 1444
3037 1156
3038 1444
3039 1444
3040 1444
3041 1444
3042 1444
3043 1444
3044 1444
3045 1764
3046 1764
3047 2116
3048 1764
3049 1764
3050 1444
3051 1764
3052 1444
3053 1444
3054 1156
3055 1444
3056 1764
3057 1764
3058 1444
3059 1764
3060 1764
3061 1764
3062 1764
3063 1764
3064 1764
3065 1764
3066 1444
3067 1444
3068 1444
3069 1444
3070 1764
3071 1764
3072 1764
3073 1764
3074 1764
3075 1444
3076 1156
3077 1764
3078 1764
3079 2116
3080 2116
3081 2116
3082 1764
3083 1764
3084 2116
3085 2116
3086 2116
3087 2116
3088 1764
3089 1444
3090 1764
3091 1156
3092 1156
3093 1444
3094 1444
3095 1444
3096 1444
3097 1444
3098 1444
3099 1156
3100 1764
3101 2116
3102 2116
3103 1444
3104 1444
3105 1156
3106 1444
3107 1444
3108 1444
3109 1444
3110 1764
3111 1156
3112 676
3113 1444
3114 1444
3115 1444
3116 1156
3117 1444
3118 1156
3119 1156
3120 1156
3121 1444
3122 1156
3123 1156
3124 1156
3125 900
3126 1444
3127 1444
3128 1444
3129 1444
3130 1764
3131 1764
3132 1764
3133 1444
3134 1444
3135 1764
3136 1156
3137 1444
3138 1764
3139 1764
3140 1444
3141 1444
3142 1764
3143 1444
3144 1764
3145 1764
3146 1764
3147 1764
3148 1764
3149 1764
3150 1764
3151 1444
3152 1764
3153 2116
3154 1444
3155 1444
3156 1156
3157 1444
3158 1764
3159 1764
3160 2116
3161 2116
3162 2116
3163 1764
3164 1764
3165 1764
3166 2116
3167 1764
3168 1764
3169 2116
3170 2116
3171 2116
3172 2116
3173 1444
3174 2116
3175 2116
3176 1444
3177 1444
3178 1444
3179 1444
3180 1764
3181 1764
3182 1764
3183 1444
3184 1444
3185 1444
3186 1444
3187 1444
3188 1444
3189 1156
3190 1444
3191 1444
3192 1764
3193 1764
3194 1764
3195 1444
3196 1444
3197 1444
3198 1764
3199 1764
3200 1764
3201 1764
3202 1764
3203 1764
3204 1764
3205 2116
3206 1764
3207 1764
3208 1444
3209 1444
3210 1444
3211 1444
3212 1444
3213 1444
3214 1156
3215 1444
3216 1444
3217 1156
3218 1156
3219 1156
3220 1444
3221 1764
3222 1764
3223 1764
3224 1764
3225 1764
3226 1444
3227 1444
3228 1444
3229 1764
3230 1764
3231 1764
3232 1764
3233 1764
3234 1764
3235 1444
3236 1764
3237 1764
3238 1764
3239 1764
3240 1444
3241 1444
3242 1764
3243 1764
3244 1764
3245 1764
3246 1764
3247 1444
3248 1156
3249 1764
3250 1764
3251 1444
3252 1444
3253 1444
3254 1156
3255 1444
3256 900
3257 1156
3258 1156
3259 1444
3260 1444
3261 1156
3262 1444
3263 1444
3264 1444
3265 1444
3266 1444
3267 1764
3268 1764
3269 1444
3270 1764
3271 1444
3272 1156
3273 1156
3274 1156
3275 1156
3276 1156
3277 1156
3278 1156
3279 1444
3280 1156
3281 1444
3282 1764
3283 1444
3284 1764
3285 1764
3286 1156
3287 1444
3288 1444
3289 900
3290 1444
3291 1156
3292 1156
3293 1156
3294 1444
3295 1444
3296 1444
3297 1764
3298 1764
3299 1764
3300 1444
3301 1764
3302 1764
3303 1156
3304 900
3305 1444
3306 1156
3307 900
3308 1444
3309 1444
3310 1764
3311 1156
3312 1444
3313 1764
3314 1444
3315 900
3316 1156
3317 1444
3318 1764
3319 1444
3320 1444
3321 1156
3322 1444
3323 1156
3324 1156
3325 1156
3326 1156
3327 1156
3328 1156
3329 900
3330 1156
3331 1444
3332 1444
3333 1444
3334 1444
3335 1444
3336 1156
3337 1156
3338 1156
3339 900
3340 1156
3341 1156
3342 1156
3343 1444
3344 1444
3345 1156
3346 1444
3347 1444
3348 1764
3349 1764
3350 1764
3351 1156
3352 1444
3353 1764
3354 2116
3355 2116
3356 2116
3357 1764
3358 1444
3359 1444
3360 1764
3361 1444
3362 1444
3363 1764
3364 1444
3365 1156
3366 900
3367 1156
3368 900
3369 900
3370 1156
3371 1444
3372 1444
3373 1444
3374 1764
3375 1764
3376 1764
3377 1764
3378 2116
3379 2116
3380 2116
3381 2116
3382 2116
3383 2116
3384 2116
3385 2116
3386 2116
3387 2116
3388 2116
3389 1764
3390 2116
3391 1764
3392 1444
3393 1444
3394 1444
3395 1444
3396 1444
3397 1764
3398 1764
3399 1444
3400 1156
3401 1156
3402 1156
3403 1444
3404 1444
3405 1444
3406 1444
3407 1444
3408 1764
3409 1764
3410 1444
3411 1156
3412 1444
3413 1444
3414 1156
3415 900
3416 1156
3417 900
3418 1156
3419 1156
3420 1444
3421 1156
3422 1156
3423 1156
3424 1156
3425 1156
3426 1156
3427 1156
3428 900
3429 900
3430 900
3431 676
3432 676
3433 900
3434 676
3435 1156
3436 900
3437 900
3438 900
3439 1444
3440 1444
3441 1444
3442 1764
3443 1764
3444 1444
3445 1444
3446 1444
3447 1156
3448 1156
3449 1444
3450 1444
3451 1444
3452 1764
3453 1764
3454 1764
3455 900
3456 1444
3457 1156
3458 1764
3459 1764
3460 1764
3461 1444
3462 1764
3463 1764
3464 1444
3465 1444
3466 1156
3467 1156
3468 1764
3469 1444
3470 1444
3471 1444
3472 1444
3473 1444
3474 1764
3475 1764
3476 1764
3477 1764
3478 1764
3479 1444
3480 1444
3481 1156
3482 1156
3483 1764
3484 1764
3485 1764
3486 1764
3487 1764
3488 1444
3489 1444
3490 1764
3491 1764
3492 1444
3493 1444
3494 1156
3495 1156
3496 1156
3497 1156
3498 1156
3499 1156
3500 1156
3501 900
3502 1444
3503 1444
3504 1444
3505 1444
3506 1444
3507 1444
3508 1444
3509 1444
3510 1444
3511 1156
3512 1444
3513 1764
3514 1764
3515 1444
3516 1444
3517 900
3518 900
3519 1156
3520 1444
3521 1444
3522 2116
3523 2116
3524 1444
3525 1444
3526 1764
3527 1764
3528 1156
3529 1444
3530 1444
3531 1444
3532 1156
3533 1156
3534 900
3535 1156
3536 1156
3537 1444
3538 1444
3539 1444
3540 1444
3541 1764
3542 1444
3543 1156
3544 900
3545 1444
3546 1156
3547 1764
3548 1764
3549 1764
3550 1444
3551 1444
3552 1444
3553 1764
3554 1764
3555 1764
3556 2116
3557 1444
3558 1444
3559 1156
3560 1444
3561 1764
3562 2116
3563 1764
3564 1764
3565 1764
3566 2116
3567 2116
3568 1764
3569 1764
3570 1764
3571 1444
3572 1444
3573 1764
3574 1764
3575 1444
3576 1444
3577 1764
3578 1764
3579 1764
3580 1764
3581 1444
3582 1764
3583 1764
3584 1444
3585 1444
3586 1444
3587 1444
3588 1764
3589 1764
3590 1764
3591 1764
3592 1764
3593 1764
3594 1764
3595 1444
3596 1444
3597 1764
3598 1764
3599 1764
3600 1444
3601 1444
3602 1156
3603 1156
3604 1156
3605 1156
3606 1156
3607 1444
3608 1156
3609 1764
3610 1764
3611 2116
3612 2116
3613 2500
3614 2500
3615 2500
3616 2500
3617 1764
3618 2116
3619 2116
3620 1764
3621 1764
3622 1764
3623 2500
3624 2500
3625 2500
3626 2116
3627 2116
3628 2116
3629 2116
3630 2116
3631 1764
3632 1444
3633 2116
3634 2116
3635 2116
3636 1764
3637 2116
3638 2116
3639 2116
3640 1764
3641 1444
3642 1444
3643 1444
3644 1444
3645 900
3646 1156
3647 1156
3648 1156
3649 1444
3650 1764
3651 1764
3652 1444
3653 1444
3654 1764
3655 1444
3656 1156
3657 1764
3658 1764
3659 1444
3660 1444
3661 1444
3662 1764
3663 1764
3664 2116
3665 1764
3666 1764
3667 1764
3668 2116
3669 1764
3670 1764
3671 1764
3672 1764
3673 1764
3674 2116
3675 2116
3676 2116
3677 2116
3678 1764
3679 2116
3680 2116
3681 2116
3682 2116
3683 1764
3684 1156
3685 1444
3686 1444
3687 1444
3688 1444
3689 1764
3690 1764
3691 1764
3692 2116
3693 1764
3694 1764
3695 1764
3696 1764
3697 1764
3698 1764
3699 1764
3700 1444
3701 1764
3702 1764
3703 1444
3704 1444
3705 900
3706 1156
3707 1156
3708 900
3709 1156
3710 1764
3711 1764
3712 1444
3713 1156
3714 1764
3715 1156
3716 1156
3717 1156
3718 1444
3719 1444
3720 1764
3721 1764
3722 1764
3723 1764
3724 1444
3725 1444
3726 1156
3727 1444
3728 1444
3729 2116
3730 2116
3731 2116
3732 1764
3733 2116
3734 1444
3735 1444
3736 1764
3737 1444
3738 1764
3739 1764
3740 1444
3741 1444
3742 1156
3743 900
3744 1156
3745 1156
3746 1444
3747 1444
3748 1444
3749 1444
3750 1764
3751 1764
3752 2116
3753 2116
3754 1764
3755 1764
3756 1764
3757 1764
3758 1764
3759 1444
3760 1764
3761 1764
3762 2116
3763 2116
3764 2116
3765 2116
3766 2116
3767 2116
3768 2116
3769 1764
3770 1764
3771 1156
3772 1156
3773 1444
3774 1444
3775 1764
3776 1764
3777 1764
3778 1444
3779 1444
3780 1444
3781 1444
3782 1444
3783 1156
3784 1444
3785 1444
3786 1444
3787 1444
3788 1444
3789 1444
3790 1444
3791 1156
3792 1156
3793 1444
3794 1444
3795 1444
3796 1444
3797 1444
3798 1764
3799 1764
3800 1444
3801 1764
3802 1764
3803 1444
3804 1444
3805 1764
3806 2116
3807 2116
3808 2116
3809 2116
3810 2116
3811 2116
3812 2116
3813 1764
3814 1764
3815 1764
3816 1764
3817 1764
3818 1156
3819 1156
3820 676
3821 900
3822 1156
3823 1156
3824 1156
3825 1444
3826 1444
3827 1156
3828 1156
3829 900
3830 900
3831 676
3832 676
3833 900
3834 900
3835 1156
3836 900
3837 900
3838 324
3839 676
3840 1444
3841 1444
3842 1444
3843 1444
3844 1444
3845 1444
3846 1764
3847 1764
3848 2116
3849 1764
3850 1764
3851 1764
3852 1764
3853 1764
3854 1764
3855 2116
3856 2116
3857 2116
3858 2116
3859 2116
3860 2116
3861 1764
3862 1444
3863 1764
3864 1156
3865 1444
3866 1764
3867 1764
3868 1764
3869 1444
3870 1764
3871 1444
3872 1444
3873 1444
3874 1156
3875 1156
3876 1444
3877 1764
3878 1444
3879 1444
3880 1156
3881 1444
3882 1444
3883 1444
3884 1444
3885 1444
3886 1156
3887 1156
3888 1156
3889 1156
3890 1156
3891 1156
3892 900
3893 1156
3894 1444
3895 1444
3896 1764
3897 1156
3898 1764
3899 1764
3900 1444
3901 1444
3902 1444
3903 1764
3904 1764
3905 1764
3906 1444
3907 1444
3908 1444
3909 1444
3910 1764
3911 1764
3912 1764
3913 1444
3914 1444
3915 1444
3916 1444
3917 1156
3918 1156
3919 1764
3920 1764
3921 2116
3922 2116
3923 2116
3924 1764
3925 1764
3926 1444
3927 1444
3928 1764
3929 1764
3930 1764
3931 1764
3932 1156
3933 1156
3934 1444
3935 1764
3936 1764
3937 1764
3938 1764
3939 1764
3940 1764
3941 2116
3942 2116
3943 2116
3944 2116
3945 2116
3946 2116
3947 2116
3948 1764
3949 1764
3950 2116
3951 2500
3952 2500
3953 2500
3954 2116
3955 2500
3956 2500
3957 2116
3958 1764
3959 1764
3960 1444
3961 1156
3962 1156
3963 1156
3964 1156
3965 900
3966 1156
3967 1156
3968 1444
3969 1764
3970 2116
3971 2116
3972 2116
3973 2116
3974 2116
3975 2116
3976 2116
3977 2116
3978 1764
3979 1764
3980 2116
3981 2116
3982 2116
3983 1764
3984 2116
3985 1764
3986 1764
3987 1764
3988 1444
3989 1444
3990 1444
3991 1444
3992 1764
3993 1764
3994 1156
3995 1444
3996 1444
3997 1444
3998 1444
3999 1444
4000 1444
4001 1444
4002 1156
4003 1444
4004 1156
4005 1156
4006 1156
4007 1444
4008 900
4009 900
4010 1156
4011 900
4012 900
4013 1156
4014 1156
4015 1444
4016 1444
4017 1444
4018 1156
4019 1156
4020 1156
4021 1156
4022 1156
4023 900
4024 900
4025 1156
4026 1156
4027 1156
4028 1156
4029 1156
4030 1444
4031 1444
4032 1156
4033 1156
4034 1156
4035 1444
4036 1444
4037 1444
4038 1764
4039 1764
4040 1764
4041 1156
4042 1156
4043 1444
4044 1444
4045 1444
4046 1444
4047 1444
4048 1444
4049 1444
4050 1156
4051 1156
4052 1444
4053 1444
4054 1156
4055 1156
4056 1156
4057 1156
4058 1156
4059 900
4060 1156
4061 1444
4062 1444
4063 1444
4064 1444
4065 1444
4066 1444
4067 1444
4068 1764
4069 1764
4070 1444
4071 2116
4072 2116
4073 1764
4074 2116
4075 1764
4076 2116
4077 2116
4078 2116
4079 1764
4080 1764
4081 1444
4082 1444
4083 1444
4084 1444
4085 1764
4086 1764
4087 1764
4088 1444
4089 1764
4090 1764
4091 1444
4092 1444
4093 1156
4094 900
4095 676
4096 1156
4097 1156
4098 1444
4099 1444
4100 1444
4101 1764
4102 1764
4103 1764
4104 1156
4105 1444
4106 1444
4107 1156
4108 1444
4109 1764
4110 1764
4111 1764
4112 1764
4113 1764
4114 1764
4115 1444
4116 1764
4117 1444
4118 1444
4119 1444
4120 1444
4121 1444
4122 1764
4123 1764
4124 1444
4125 1156
4126 1444
4127 1764
4128 1444
4129 1764
4130 1764
4131 1764
4132 1764
4133 1764
4134 1444
4135 1764
4136 1764
4137 1764
4138 1764
4139 1444
4140 1444
4141 1764
4142 1764
4143 1444
4144 1764
4145 1156
4146 1156
4147 1444
4148 1444
4149 1444
4150 1764
4151 1444
4152 1156
4153 1444
4154 1444
4155 1444
4156 1764
4157 1764
4158 1764
4159 1444
4160 1444
4161 1156
4162 1156
4163 1444
4164 1156
4165 1444
4166 1764
4167 1764
4168 1444
4169 1764
4170 1764
4171 1764
4172 1444
4173 1156
4174 1764
4175 1156
4176 1764
4177 2116
4178 2116
4179 2116
4180 1764
4181 2116
4182 2116
4183 1764
4184 1764
4185 900
4186 676
4187 1156
4188 1156
4189 900
4190 1156
4191 1444
4192 1444
4193 1156
4194 676
4195 900
4196 900
4197 1764
4198 1444
4199 1444
4200 1764
4201 1764
4202 2116
4203 2116
4204 2116
4205 1444
4206 1444
4207 1156
4208 1156
4209 900
4210 676
4211 900
4212 1444
4213 1156
4214 1444
4215 1444
4216 1764
4217 2116
4218 2116
4219 2116
4220 1764
4221 1444
4222 1156
4223 1156
4224 1156
4225 1444
4226 1156
4227 1764
4228 1444
4229 2116
4230 2116
4231 1764
4232 1764
4233 2116
4234 2116
4235 2116
4236 2116
4237 2116
4238 1764
4239 1764
4240 1764
4241 1764
4242 1156
4243 1444
4244 1156
4245 1444
4246 1444
4247 1156
4248 1156
4249 1444
4250 1764
4251 1156
4252 1444
4253 1444
4254 1444
4255 1156
4256 1156
4257 1156
4258 1444
4259 1444
4260 1444
4261 1444
4262 1444
4263 1444
4264 1444
4265 1156
4266 1764
4267 1764
4268 1764
4269 1764
4270 1764
4271 1764
4272 1444
4273 1444
4274 1156
4275 2116
4276 2116
4277 2500
4278 2116
4279 2116
4280 1764
4281 2116
4282 1764
4283 1764
4284 1764
4285 1444
4286 1444
4287 1444
4288 1156
4289 1764
4290 1764
4291 1764
4292 1444
4293 1444
4294 1764
4295 1764
4296 1444
4297 1444
4298 1764
4299 2116
4300 2116
4301 1444
4302 1444
4303 1444
4304 1444
4305 1444
4306 1444
4307 1444
4308 1764
4309 1764
4310 1764
4311 1764
4312 1764
4313 1764
4314 1764
4315 1764
4316 2116
4317 1764
4318 1764
4319 1764
4320 1764
4321 1764
4322 1764
4323 1444
4324 1444
4325 900
4326 1156
4327 1156
4328 1156
4329 1156
4330 1156
4331 1444
4332 1444
4333 1156
4334 1764
4335 1764
4336 1444
4337 1156
4338 1156
4339 1156
4340 1156
4341 1156
4342 1156
4343 1156
4344 1444
4345 1444
4346 1156
4347 1156
4348 1156
4349 1156
4350 1444
4351 1764
4352 1156
4353 1156
4354 1156
4355 1156
4356 676
4357 900
4358 1156
4359 1156
4360 1444
4361 1444
4362 1764
4363 1444
4364 1764
4365 1444
4366 1764
4367 1444
4368 1156
4369 1156
4370 1156
4371 1444
4372 1764
4373 1764
4374 1764
4375 1764
4376 1764
4377 1764
4378 1444
4379 1764
4380 1764
4381 1764
4382 1444
4383 1156
4384 900
4385 900
4386 1156
4387 1156
4388 1156
4389 1156
4390 1156
4391 1156
4392 1444
4393 1444
4394 1444
4395 1156
4396 1444
4397 1444
4398 1764
4399 1764
4400 1764
4401 1764
4402 1764
4403 1764
4404 1156
4405 1444
4406 1444
4407 1156
4408 1156
4409 1156
4410 1156
4411 1444
4412 900
4413 1156
4414 1156
4415 1156
4416 1444
4417 1444
4418 1444
4419 1444
4420 1764
4421 1764
4422 1764
4423 1444
4424 1764
4425 1156
4426 1444
4427 1444
4428 1444
4429 2116
4430 1764
4431 2116
4432 2116
4433 2116
4434 1156
4435 1444
4436 1764
4437 2116
4438 1764
4439 1764
4440 1444
4441 1444
4442 1764
4443 1764
4444 2116
4445 1764
4446 1444
4447 1444
4448 1764
4449 1444
4450 1156
4451 1156
4452 1156
4453 1764
4454 1764
4455 2116
4456 1764
4457 1764
4458 2116
4459 1764
4460 2116
4461 2116
4462 2116
4463 2116
4464 2116
4465 2116
4466 2116
4467 1444
4468 2116
4469 2116
4470 1764
4471 1444
4472 2116
4473 2116
4474 1444
4475 1444
4476 1444
4477 1444
4478 1156
4479 1156
4480 1444
4481 1444
4482 1444
4483 900
4484 1444
4485 1444
4486 1764
4487 1764
4488 2116
4489 2116
4490 2116
4491 2116
4492 1764
4493 1764
4494 1444
4495 1444
4496 1444
4497 1764
4498 1764
4499 1444
4500 1444
4501 1156
4502 900
4503 1156
4504 1156
4505 900
4506 1156
4507 900
4508 1156
4509 1156
4510 900
4511 1156
4512 1444
4513 1444
4514 1444
4515 1444
4516 1444
4517 1444
4518 1444
4519 1156
4520 1764
4521 1764
4522 1764
4523 2116
4524 2116
4525 1764
4526 1764
4527 1764
4528 2116
4529 2116
4530 1764
4531 1764
4532 1444
4533 1764
4534 2116
4535 1764
4536 2116
4537 1764
4538 1444
4539 1764
4540 1444
4541 1444
4542 1764
4543 1444
4544 1444
4545 900
4546 1156
4547 1444
4548 1444
4549 1444
4550 1444
4551 1156
4552 1156
4553 900
4554 1156
4555 1156
4556 900
4557 1156
4558 1764
4559 1764
4560 1764
4561 1764
4562 1764
4563 2116
4564 2116
4565 2116
4566 2116
4567 2116
4568 2116
4569 1764
4570 1764
4571 1764
4572 1444
4573 900
4574 1444
4575 1764
4576 2116
4577 2116
4578 2116
4579 2116
4580 1764
4581 1444
4582 1156
4583 1156
4584 1444
4585 1444
4586 1444
4587 1444
4588 1764
4589 1764
4590 1764
4591 1444
4592 1156
4593 1444
4594 1444
4595 1156
4596 1156
4597 1156
4598 1444
4599 1444
4600 1156
4601 1156
4602 1156
4603 1156
4604 1156
4605 1444
4606 1444
4607 1764
4608 1444
4609 1764
4610 1764
4611 1764
4612 1444
4613 1444
4614 1444
4615 1156
4616 1444
4617 1156
4618 1444
4619 1764
4620 1764
4621 1764
4622 1764
4623 1764
4624 1764
4625 1444
4626 1764
4627 1764
4628 1764
4629 1444
4630 1444
4631 1764
4632 1444
4633 1156
4634 1764
4635 2116
4636 2116
4637 2116
4638 2116
4639 1764
4640 1764
4641 1444
4642 1444
4643 1764
4644 1764
4645 1444
4646 1444
4647 1444
4648 1156
4649 1764
4650 1444
4651 1764
4652 1764
4653 1156
4654 900
4655 900
4656 1444
4657 1444
4658 1764
4659 1764
4660 1764
4661 1444
4662 1156
4663 1156
4664 1156
4665 1156
4666 1156
4667 1156
4668 1156
4669 676
4670 676
4671 676
4672 1444
4673 2116
4674 2116
4675 2116
4676 2116
4677 2116
4678 2116
4679 2116
4680 1764
4681 2116
4682 2116
4683 1764
4684 1764
4685 2116
4686 2116
4687 1764
4688 2116
4689 1764
4690 1764
4691 2116
4692 2116
4693 2116
4694 2116
4695 2116
4696 2116
4697 1764
4698 1764
4699 1444
4700 1444
4701 1444
4702 1156
4703 1444
4704 1444
4705 1764
4706 1764
4707 1764
4708 1764
4709 1764
4710 1444
4711 1764
4712 1764
4713 1444
4714 1444
4715 1444
4716 1444
4717 1764
4718 2116
4719 1764
4720 1764
4721 1444
4722 1764
4723 1764
4724 1764
4725 1764
4726 2116
4727 2116
4728 1764
4729 1764
4730 1764
4731 2116
4732 2116
4733 2116
4734 2116
4735 2116
4736 2116
4737 2116
4738 2116
4739 1444
4740 1444
4741 1444
4742 2116
4743 1764
4744 2116
4745 1764
4746 1764
4747 1444
4748 1444
4749 2116
4750 2116
4751 2116
4752 2116
4753 1764
4754 1156
4755 1444
4756 1156
4757 1444
4758 1444
4759 1156
4760 1444
4761 1444
4762 1444
4763 1444
4764 1444
4765 1156
4766 1444
4767 1156
4768 1156
4769 1156
4770 1156
4771 1156
4772 1156
4773 1444
4774 1444
4775 1444
4776 1444
4777 1156
4778 1156
4779 1156
4780 1156
4781 900
4782 1444
4783 900
4784 1444
4785 1444
4786 2116
4787 2116
4788 2116
4789 1764
4790 1764
4791 1764
4792 1764
4793 1444
4794 1764
4795 1764
4796 2116
4797 1156
4798 1156
4799 1764
4800 1764
4801 1764
4802 1764
4803 1764
4804 1764
4805 2116
4806 1764
4807 1764
4808 1764
4809 1764
4810 1764
4811 2116
4812 1444
4813 1764
4814 1444
4815 1764
4816 1156
4817 1764
4818 1764
4819 1764
4820 1764
4821 1764
4822 1764
4823 1764
4824 1764
4825 1764
4826 1764
4827 1764
4828 1764
4829 1444
4830 1444
4831 1764
4832 1764
4833 2116
4834 2116
4835 2116
4836 2116
4837 2116
4838 2116
4839 2116
4840 2116
4841 2116
4842 2116
4843 2116
4844 1444
4845 1764
4846 1444
4847 1444
4848 1444
4849 1764
4850 1764
4851 1764
4852 1444
4853 1156
4854 1444
4855 1444
4856 1444
4857 1156
4858 1156
4859 900
4860 1444
4861 1156
4862 1444
4863 1156
4864 900
4865 1156
4866 1156
4867 1156
4868 1444
4869 1444
4870 1156
4871 1156
4872 900
4873 900
4874 1444
4875 2116
4876 1764
4877 1764
4878 2116
4879 2116
4880 1764
4881 1764
4882 1764
4883 1444
4884 1156
4885 900
4886 1156
4887 1764
4888 1444
4889 1156
4890 1156
4891 900
4892 1156
4893 1156
4894 1444
4895 1444
4896 1444
4897 1444
4898 1156
4899 1764
4900 1444
4901 1444
4902 1156
4903 1764
4904 1156
4905 1764
4906 1764
4907 1764
4908 1764
4909 1764
4910 1764
4911 1444
4912 1444
4913 1156
4914 1444
4915 1444
4916 1444
4917 1444
4918 1156
4919 1156
4920 1156
4921 1444
4922 1156
4923 1156
4924 900
4925 1764
4926 1764
4927 1444
4928 2116
4929 2116
4930 1444
4931 1764
4932 1764
4933 2116
4934 2116
4935 1764
4936 1444
4937 1764
4938 1764
4939 1764
4940 1764
4941 1764
4942 2116
4943 2116
4944 1764
4945 1156
4946 1156
4947 900
4948 1444
4949 1764
4950 1764
4951 1764
4952 1764
4953 1764
4954 1156
4955 1444
4956 1764
4957 1444
4958 1444
4959 1444
4960 1764
4961 1764
4962 1764
4963 1444
4964 1444
4965 900
4966 900
4967 900
4968 900
4969 900
4970 900
4971 900
4972 900
4973 1156
4974 1444
4975 1764
4976 1764
4977 1444
4978 1444
4979 1444
4980 1764
4981 1444
4982 1764
4983 900
4984 1156
4985 1156
4986 1156
4987 1444
4988 1764
4989 1156
4990 1156
4991 1156
4992 900
4993 1444
4994 1444
4995 1156
4996 676
4997 1156
4998 900
4999 1156
5000 1444
