1 -6
2 -8
3 0
4 -2
5 -6
6 -12
7 -8
8 -2
9 -10
10 -6
11 -20
12 -12
13 -2
14 -6
15 -6
16 -8
17 -10
18 2
19 12
20 6
21 2
22 8
23 -2
24 -4
25 -12
26 -2
27 0
28 -8
29 -8
30 -8
31 -14
32 -26
33 -30
34 -18
35 -18
36 0
37 10
38 14
39 14
40 4
41 8
42 8
43 10
44 6
45 0
46 -6
47 -4
48 -6
49 -4
50 -6
51 2
52 -2
53 4
54 10
55 8
56 10
57 0
58 -4
59 -2
60 -8
61 -4
62 -12
63 -18
64 -26
65 -16
66 -20
67 -20
68 -36
69 -28
70 -38
71 -44
72 -38
73 -36
74 -38
75 -32
76 -28
77 -38
78 -38
79 -34
80 -36
81 -36
82 -30
83 -34
84 -42
85 -40
86 -36
87 -34
88 -22
89 -20
90 -22
91 -28
92 -18
93 -18
94 -24
95 -18
96 -14
97 -18
98 -18
99 -24
100 -22
101 -32
102 -24
103 -24
104 -22
105 -18
106 -14
107 -28
108 -22
109 -20
110 -28
111 -38
112 -22
113 -10
114 -20
115 -24
116 -14
117 -18
118 -22
119 -20
120 -16
121 -16
122 -12
123 -2
124 -10
125 0
126 0
127 -6
128 -4
129 12
130 10
131 14
132 10
133 4
134 2
135 8
136 10
137 2
138 4
139 -2
140 2
141 -6
142 -14
143 -14
144 -24
145 -34
146 -28
147 -36
148 -44
149 -34
150 -34
151 -38
152 -42
153 -38
154 -34
155 -26
156 -22
157 -20
158 -20
159 -28
160 -34
161 -34
162 -36
163 -32
164 -36
165 -30
166 -24
167 -28
168 -28
169 -26
170 -34
171 -24
172 -32
173 -40
174 -40
175 -40
176 -26
177 -20
178 -16
179 -12
180 -2
181 -4
182 -2
183 4
184 4
185 12
186 18
187 12
188 12
189 8
190 -4
191 8
192 12
193 20
194 18
195 4
196 6
197 -2
198 -10
199 -14
200 -4
201 -4
202 -4
203 -4
204 -10
205 -10
206 -10
207 -10
208 -14
209 -8
210 -4
211 -4
212 -6
213 -4
214 -6
215 -4
216 0
217 0
218 -2
219 -8
220 -4
221 -8
222 -14
223 -16
224 -18
225 -22
226 -12
227 -20
228 -24
229 -20
230 -12
231 -2
232 -8
233 -6
234 -8
235 -16
236 -14
237 -28
238 -28
239 -26
240 -32
241 -36
242 -32
243 -30
244 -16
245 -24
246 -34
247 -34
248 -30
249 -36
250 -40
251 -36
252 -28
253 -20
254 -24
255 -30
256 -32
257 -30
258 -24
259 -12
260 -14
261 6
262 6
263 4
264 10
265 2
266 6
267 -8
268 -10
269 -12
270 -4
271 -6
272 -16
273 -24
274 -26
275 -22
276 -20
277 -28
278 -30
279 -26
280 -42
281 -42
282 -32
283 -28
284 -24
285 -26
286 -22
287 -18
288 -28
289 -20
290 -24
291 -12
292 -12
293 -4
294 -10
295 -14
296 -24
297 -32
298 -34
299 -34
300 -34
301 -30
302 -16
303 -8
304 -2
305 4
306 -8
307 -10
308 -10
309 -12
310 -4
311 -10
312 -18
313 -10
314 -6
315 -10
316 -16
317 -16
318 -24
319 -14
320 -22
321 -30
322 -22
323 -24
324 -22
325 -30
326 -32
327 -22
328 -26
329 -24
330 -12
331 -6
332 6
333 14
334 10
335 10
336 2
337 -4
338 -2
339 -10
340 -12
341 -8
342 -2
343 -4
344 -12
345 -18
346 -12
347 -10
348 -10
349 -12
350 -24
351 -20
352 -18
353 -22
354 -20
355 -24
356 -12
357 -2
358 8
359 -8
360 -12
361 -8
362 -2
363 6
364 -8
365 -16
366 -28
367 -24
368 -20
369 -24
370 -24
371 -24
372 -28
373 -38
374 -34
375 -34
376 -32
377 -42
378 -38
379 -44
380 -36
381 -34
382 -26
383 -18
384 -18
385 -14
386 -16
387 -22
388 -20
389 -10
390 -10
391 -12
392 -10
393 2
394 0
395 -8
396 6
397 8
398 18
399 18
400 22
401 26
402 18
403 8
404 0
405 -2
406 4
407 8
408 18
409 20
410 16
411 16
412 18
413 16
414 24
415 24
416 30
417 40
418 40
419 32
420 24
421 18
422 20
423 20
424 18
425 18
426 14
427 24
428 26
429 22
430 22
431 20
432 20
433 18
434 10
435 16
436 22
437 22
438 22
439 22
440 18
441 20
442 16
443 12
444 16
445 20
446 12
447 10
448 14
449 12
450 10
451 8
452 16
453 16
454 16
455 22
456 16
457 26
458 22
459 22
460 24
461 38
462 22
463 24
464 22
465 32
466 32
467 28
468 30
469 36
470 24
471 16
472 10
473 -4
474 -2
475 -6
476 -8
477 4
478 -2
479 0
480 0
481 -10
482 -10
483 -16
484 -6
485 -6
486 -12
487 -16
488 -12
489 -14
490 -6
491 -2
492 -10
493 -4
494 -10
495 -14
496 -16
497 -22
498 -22
499 -12
500 -16
501 -16
502 -12
503 -12
504 -26
505 -34
506 -20
507 -16
508 2
509 4
510 18
511 14
512 18
513 30
514 32
515 18
516 28
517 34
518 30
519 36
520 26
521 14
522 12
523 8
524 -2
525 4
526 -10
527 -6
528 -4
529 -10
530 -8
531 6
532 0
533 -6
534 0
535 -8
536 -18
537 -6
538 0
539 4
540 2
541 4
542 8
543 12
544 26
545 28
546 26
547 26
548 30
549 20
550 16
551 16
552 18
553 12
554 14
555 20
556 16
557 14
558 16
559 2
560 8
561 6
562 -2
563 -2
564 0
565 2
566 10
567 10
568 12
569 4
570 14
571 12
572 16
573 14
574 16
575 10
576 12
577 18
578 26
579 26
580 28
581 20
582 22
583 26
584 34
585 30
586 28
587 24
588 24
589 30
590 32
591 38
592 36
593 30
594 22
595 24
596 22
597 18
598 26
599 26
600 28
601 26
602 26
603 20
604 18
605 8
606 2
607 6
608 0
609 -8
610 -14
611 -6
612 0
613 -6
614 -10
615 -14
616 -12
617 -16
618 -34
619 -26
620 -18
621 -16
622 -12
623 -18
624 -12
625 -16
626 -12
627 -8
628 -4
629 4
630 0
631 2
632 -4
633 -12
634 0
635 6
636 10
637 -10
638 -18
639 -14
640 -14
641 -30
642 -24
643 -20
644 -12
645 -6
646 2
647 2
648 10
649 12
650 14
651 18
652 8
653 2
654 2
655 6
656 -6
657 -16
658 -8
659 -20
660 -22
661 -12
662 -14
663 -6
664 -6
665 2
666 10
667 10
668 12
669 22
670 16
671 12
672 8
673 8
674 6
675 2
676 2
677 6
678 4
679 4
680 6
681 2
682 0
683 -4
684 -12
685 -14
686 -10
687 -8
688 0
689 -14
690 -12
691 -8
692 -18
693 -26
694 -24
695 -32
696 -20
697 -26
698 -30
699 -24
700 -22
701 -20
702 -18
703 -22
704 -24
705 -38
706 -28
707 -36
708 -34
709 -34
710 -34
711 -34
712 -32
713 -28
714 -26
715 -16
716 -26
717 -14
718 -8
719 -12
720 -2
721 -10
722 0
723 6
724 -2
725 4
726 -10
727 -16
728 -6
729 -16
730 -16
731 -2
732 12
733 4
734 10
735 14
736 14
737 8
738 2
739 4
740 6
741 4
742 0
743 -2
744 6
745 6
746 2
747 -6
748 -6
749 -8
750 -4
751 -2
752 -16
753 -24
754 -14
755 -10
756 -8
757 0
758 -4
759 -4
760 -4
761 0
762 -2
763 2
764 6
765 2
766 2
767 4
768 6
769 -6
770 -8
771 -16
772 -30
773 -34
774 -38
775 -32
776 -24
777 -24
778 -26
779 -20
780 -22
781 -26
782 -28
783 -32
784 -24
785 -36
786 -28
787 -28
788 -16
789 -12
790 -8
791 -8
792 -16
793 -12
794 -14
795 0
796 -8
797 -8
798 0
799 -4
800 -6
801 -10
802 -28
803 -22
804 -16
805 -4
806 10
807 4
808 2
809 6
810 8
811 4
812 -6
813 -8
814 -10
815 -18
816 -18
817 -20
818 -24
819 -28
820 -24
821 -30
822 -30
823 -22
824 -10
825 -16
826 -26
827 -12
828 4
829 6
830 -4
831 0
832 4
833 4
834 16
835 18
836 28
837 30
838 14
839 18
840 20
841 20
842 26
843 20
844 12
845 16
846 24
847 16
848 14
849 8
850 -2
851 4
852 10
853 14
854 10
855 18
856 16
857 22
858 14
859 18
860 6
861 0
862 -8
863 -16
864 -14
865 -20
866 -10
867 -14
868 -16
869 -10
870 -14
871 -16
872 -24
873 -14
874 -4
875 -2
876 -6
877 -10
878 4
879 0
880 -6
881 -18
882 -18
883 -6
884 -18
885 -8
886 -4
887 -18
888 -14
889 -14
890 -10
891 -10
892 -6
893 -10
894 -16
895 -4
896 -8
897 -10
898 -8
899 0
900 -2
901 0
902 -18
903 -22
904 0
905 -14
906 -18
907 -24
908 -8
909 -14
910 -6
911 -6
912 -10
913 -12
914 -16
915 -16
916 -20
917 -24
918 -24
919 -32
920 -32
921 -32
922 -26
923 -28
924 -32
925 -24
926 -24
927 -22
928 -14
929 -18
930 -10
931 -12
932 -14
933 -8
934 10
935 10
936 12
937 6
938 0
939 8
940 12
941 16
942 24
943 20
944 22
945 14
946 10
947 18
948 14
949 24
950 12
951 10
952 16
953 10
954 16
955 8
956 -2
957 -2
958 4
959 8
960 14
961 6
962 14
963 10
964 -8
965 2
966 10
967 10
968 16
969 22
970 26
971 22
972 6
973 -2
974 -4
975 -10
976 -6
977 -16
978 -18
979 -6
980 -10
981 -8
982 -18
983 -8
984 -14
985 -18
986 -12
987 0
988 -2
989 -14
990 -26
991 -30
992 -34
993 -40
994 -42
995 -48
996 -46
997 -36
998 -38
999 -28
1000 -24
1001 -28
1002 -26
1003 -24
1004 -14
1005 -24
1006 -24
1007 -16
1008 -18
1009 -28
1010 -14
1011 -16
1012 -12
1013 -12
1014 -16
1015 -10
1016 0
1017 6
1018 4
1019 6
1020 2
1021 -2
1022 -4
1023 -4
1024 -14
1025 -20
1026 -24
1027 -20
1028 -16
1029 -16
1030 -26
1031 -20
1032 -16
1033 -20
1034 -18
1035 -14
1036 -14
1037 -18
1038 -18
1039 -14
1040 -8
1041 -10
1042 0
1043 2
1044 2
1045 18
1046 12
1047 6
1048 0
1049 -4
1050 -12
1051 -18
1052 -18
1053 -8
1054 -2
1055 10
1056 8
1057 8
1058 18
1059 24
1060 16
1061 10
1062 16
1063 16
1064 4
1065 10
1066 12
1067 10
1068 8
1069 12
1070 14
1071 20
1072 24
1073 18
1074 22
1075 22
1076 22
1077 14
1078 14
1079 10
1080 16
1081 18
1082 26
1083 24
1084 32
1085 36
1086 36
1087 34
1088 36
1089 34
1090 28
1091 32
1092 32
1093 36
1094 28
1095 22
1096 24
1097 24
1098 28
1099 28
1100 38
1101 42
1102 32
1103 22
1104 10
1105 22
1106 20
1107 26
1108 32
1109 30
1110 36
1111 32
1112 28
1113 22
1114 14
1115 12
1116 8
1117 12
1118 14
1119 12
1120 22
1121 20
1122 18
1123 18
1124 10
1125 0
1126 -4
1127 -12
1128 -2
1129 -2
1130 8
1131 16
1132 16
1133 6
1134 -10
1135 -14
1136 -16
1137 -14
1138 -16
1139 -2
1140 -2
1141 -4
1142 -12
1143 2
1144 12
1145 6
1146 2
1147 14
1148 32
1149 34
1150 30
1151 28
1152 36
1153 38
1154 36
1155 36
1156 34
1157 32
1158 28
1159 30
1160 30
1161 34
1162 28
1163 34
1164 22
1165 6
1166 -2
1167 0
1168 10
1169 0
1170 -2
1171 12
1172 10
1173 16
1174 8
1175 8
1176 12
1177 6
1178 2
1179 12
1180 16
1181 4
1182 2
1183 10
1184 14
1185 28
1186 24
1187 38
1188 30
1189 14
1190 10
1191 14
1192 10
1193 16
1194 20
1195 16
1196 18
1197 18
1198 16
1199 6
1200 16
1201 12
1202 12
1203 14
1204 18
1205 14
1206 -6
1207 -8
1208 -4
1209 2
1210 6
1211 -4
1212 -10
1213 -10
1214 -16
1215 -18
1216 -8
1217 -6
1218 -2
1219 -6
1220 4
1221 6
1222 6
1223 6
1224 0
1225 -8
1226 0
1227 -12
1228 -8
1229 -2
1230 -12
1231 -8
1232 4
1233 8
1234 -2
1235 -6
1236 -12
1237 -10
1238 -8
1239 -2
1240 8
1241 14
1242 18
1243 18
1244 14
1245 16
1246 24
1247 26
1248 24
1249 14
1250 18
1251 20
1252 20
1253 10
1254 -2
1255 8
1256 -12
1257 -6
1258 -10
1259 -6
1260 -6
1261 12
1262 6
1263 2
1264 -4
1265 0
1266 4
1267 2
1268 8
1269 6
1270 16
1271 30
1272 30
1273 36
1274 36
1275 36
1276 44
1277 42
1278 40
1279 38
1280 38
1281 32
1282 36
1283 32
1284 18
1285 16
1286 10
1287 2
1288 0
1289 2
1290 6
1291 0
1292 -10
1293 -8
1294 -12
1295 -18
1296 -28
1297 -22
1298 -18
1299 -22
1300 -24
1301 -34
1302 -38
1303 -38
1304 -36
1305 -44
1306 -38
1307 -32
1308 -22
1309 -30
1310 -34
1311 -40
1312 -36
1313 -44
1314 -46
1315 -40
1316 -32
1317 -38
1318 -34
1319 -26
1320 -26
1321 -28
1322 -22
1323 -30
1324 -36
1325 -34
1326 -38
1327 -40
1328 -42
1329 -28
1330 -24
1331 -32
1332 -28
1333 -20
1334 -16
1335 -18
1336 -14
1337 -24
1338 -22
1339 -18
1340 -18
1341 -10
1342 -18
1343 -16
1344 -20
1345 -24
1346 -34
1347 -34
1348 -38
1349 -40
1350 -34
1351 -38
1352 -36
1353 -28
1354 -26
1355 -30
1356 -22
1357 -18
1358 -10
1359 -24
1360 -14
1361 -18
1362 -26
1363 -24
1364 -24
1365 -14
1366 -4
1367 -6
1368 -6
1369 -8
1370 -10
1371 -14
1372 -12
1373 -8
1374 -10
1375 -22
1376 -30
1377 -32
1378 -38
1379 -36
1380 -32
1381 -24
1382 -24
1383 -18
1384 -26
1385 -14
1386 -10
1387 2
1388 6
1389 0
1390 -6
1391 0
1392 -4
1393 -6
1394 -8
1395 -4
1396 -4
1397 -12
1398 -18
1399 -20
1400 -22
1401 -24
1402 -30
1403 -36
1404 -34
1405 -38
1406 -34
1407 -34
1408 -36
1409 -28
1410 -28
1411 -22
1412 -16
1413 -16
1414 -14
1415 -16
1416 -18
1417 -10
1418 -6
1419 -12
1420 -20
1421 -34
1422 -34
1423 -30
1424 -22
1425 -30
1426 -32
1427 -30
1428 -36
1429 -34
1430 -22
1431 -28
1432 -28
1433 -34
1434 -32
1435 -28
1436 -38
1437 -40
1438 -42
1439 -42
1440 -40
1441 -34
1442 -28
1443 -34
1444 -40
1445 -46
1446 -48
1447 -46
1448 -40
1449 -40
1450 -36
1451 -24
1452 -30
1453 -20
1454 -20
1455 -28
1456 -34
1457 -32
1458 -26
1459 -30
1460 -30
1461 -22
1462 -24
1463 -20
1464 -30
1465 -26
1466 -32
1467 -30
1468 -28
1469 -26
1470 -20
1471 -14
1472 -16
1473 -16
1474 -16
1475 -2
1476 -8
1477 -4
1478 -8
1479 -12
1480 -18
1481 -18
1482 -12
1483 -6
1484 -12
1485 -12
1486 -18
1487 -18
1488 -12
1489 -16
1490 -12
1491 -2
1492 2
1493 8
1494 -4
1495 2
1496 -2
1497 2
1498 -4
1499 -4
1500 4
1501 2
1502 2
1503 0
1504 0
1505 4
1506 2
1507 0
1508 12
1509 14
1510 6
1511 4
1512 14
1513 18
1514 18
1515 18
1516 24
1517 22
1518 28
1519 32
1520 32
1521 36
1522 30
1523 36
1524 34
1525 28
1526 22
1527 22
1528 12
1529 16
1530 0
1531 4
1532 8
1533 14
1534 18
1535 6
1536 6
1537 2
1538 10
1539 20
1540 30
1541 36
1542 32
1543 30
1544 32
1545 34
1546 40
1547 44
1548 42
1549 28
1550 22
1551 12
1552 6
1553 8
1554 10
1555 8
1556 14
1557 14
1558 12
1559 0
1560 -6
1561 -18
1562 -22
1563 -26
1564 -16
1565 -22
1566 -26
1567 -20
1568 -24
1569 -24
1570 -16
1571 -8
1572 -10
1573 -4
1574 -12
1575 -14
1576 -14
1577 -4
1578 -6
1579 -4
1580 -8
1581 -10
1582 -14
1583 -10
1584 -12
1585 -22
1586 -28
1587 -30
1588 -30
1589 -20
1590 -18
1591 -16
1592 -18
1593 -20
1594 -20
1595 -28
1596 -14
1597 -6
1598 -8
1599 -8
1600 2
1601 14
1602 8
1603 12
1604 0
1605 -6
1606 -12
1607 -6
1608 -6
1609 -10
1610 -10
1611 -14
1612 -8
1613 10
1614 0
1615 -6
1616 -12
1617 -2
1618 8
1619 -2
1620 -12
1621 -26
1622 -20
1623 -22
1624 -24
1625 -32
1626 -10
1627 -28
1628 -14
1629 -20
1630 -16
1631 -16
1632 -24
1633 -16
1634 -24
1635 -20
1636 -28
1637 -26
1638 -12
1639 -10
1640 0
1641 0
1642 -8
1643 -16
1644 -20
1645 -22
1646 -24
1647 -20
1648 -12
1649 -4
1650 4
1651 -8
1652 -6
1653 -2
1654 -6
1655 -10
1656 -6
1657 -8
1658 -4
1659 4
1660 0
1661 6
1662 6
1663 14
1664 4
1665 -2
1666 -2
1667 2
1668 4
1669 2
1670 6
1671 4
1672 -6
1673 -4
1674 -2
1675 -6
1676 4
1677 -2
1678 -10
1679 -10
1680 -14
1681 -22
1682 -20
1683 -24
1684 -20
1685 -18
1686 -12
1687 -10
1688 -18
1689 -16
1690 -14
1691 -18
1692 -18
1693 -20
1694 -20
1695 -24
1696 -18
1697 -8
1698 -12
1699 -4
1700 -2
1701 -4
1702 -8
1703 -10
1704 -2
1705 4
1706 -4
1707 -2
1708 0
1709 2
1710 4
1711 8
1712 12
1713 16
1714 14
1715 12
1716 14
1717 20
1718 18
1719 18
1720 12
1721 2
1722 4
1723 12
1724 28
1725 40
1726 36
1727 32
1728 26
1729 0
1730 -10
1731 -18
1732 -18
1733 -28
1734 -16
1735 -8
1736 4
1737 16
1738 16
1739 18
1740 24
1741 16
1742 6
1743 12
1744 10
1745 8
1746 10
1747 10
1748 12
1749 10
1750 10
1751 14
1752 10
1753 6
1754 10
1755 18
1756 16
1757 8
1758 2
1759 -2
1760 -4
1761 0
1762 -4
1763 8
1764 6
1765 2
1766 4
1767 2
1768 -2
1769 -16
1770 -22
1771 -32
1772 -30
1773 -28
1774 -32
1775 -34
1776 -28
1777 -36
1778 -32
1779 -30
1780 -30
1781 -26
1782 -14
1783 -12
1784 -18
1785 -14
1786 -18
1787 -2
1788 8
1789 26
1790 22
1791 20
1792 12
1793 14
1794 16
1795 20
1796 32
1797 24
1798 14
1799 6
1800 6
1801 4
1802 6
1803 14
1804 20
1805 14
1806 20
1807 30
1808 26
1809 24
1810 32
1811 28
1812 36
1813 38
1814 44
1815 40
1816 40
1817 50
1818 44
1819 44
1820 40
1821 34
1822 44
1823 42
1824 48
1825 50
1826 42
1827 38
1828 36
1829 32
1830 34
1831 26
1832 20
1833 16
1834 8
1835 8
1836 0
1837 -2
1838 6
1839 18
1840 12
1841 10
1842 10
1843 0
1844 8
1845 12
1846 -4
1847 -6
1848 -4
1849 -6
1850 4
1851 10
1852 14
1853 24
1854 30
1855 28
1856 24
1857 18
1858 16
1859 6
1860 4
1861 16
1862 30
1863 28
1864 22
1865 30
1866 20
1867 24
1868 24
1869 26
1870 24
1871 36
1872 44
1873 48
1874 44
1875 40
1876 40
1877 36
1878 34
1879 38
1880 36
1881 28
1882 20
1883 18
1884 26
1885 28
1886 36
1887 36
1888 32
1889 28
1890 24
1891 28
1892 22
1893 18
1894 18
1895 22
1896 22
1897 22
1898 22
1899 18
1900 8
1901 0
1902 -10
1903 -4
1904 2
1905 4
1906 2
1907 2
1908 -2
1909 6
1910 12
1911 -2
1912 0
1913 4
1914 0
1915 -2
1916 6
1917 10
1918 12
1919 24
1920 18
1921 24
1922 24
1923 22
1924 10
1925 14
1926 6
1927 20
1928 8
1929 14
1930 18
1931 10
1932 16
1933 8
1934 -4
1935 -10
1936 -4
1937 -10
1938 -14
1939 -10
1940 -24
1941 -24
1942 -16
1943 -18
1944 -18
1945 -18
1946 -20
1947 -24
1948 -22
1949 -24
1950 -12
1951 -4
1952 -6
1953 -20
1954 -26
1955 -24
1956 -24
1957 -18
1958 -22
1959 -22
1960 -26
1961 -22
1962 -16
1963 -4
1964 -14
1965 -16
1966 -26
1967 -22
1968 -20
1969 -22
1970 -14
1971 -12
1972 0
1973 2
1974 6
1975 10
1976 12
1977 12
1978 14
1979 2
1980 6
1981 -2
1982 -12
1983 -24
1984 -24
1985 -22
1986 -30
1987 -20
1988 -18
1989 -8
1990 0
1991 2
1992 0
1993 -4
1994 -6
1995 -4
1996 -18
1997 -20
1998 -28
1999 -24
2000 -24
2001 -32
2002 -32
2003 -30
2004 -24
2005 -16
2006 -18
2007 -22
2008 -16
2009 -16
2010 -16
2011 -14
2012 -10
2013 10
2014 8
2015 2
2016 4
2017 0
2018 -4
2019 0
2020 -4
2021 -8
2022 6
2023 6
2024 16
2025 16
2026 24
2027 20
2028 18
2029 18
2030 26
2031 16
2032 10
2033 12
2034 12
2035 10
2036 8
2037 12
2038 12
2039 16
2040 16
2041 20
2042 8
2043 -6
2044 -6
2045 -8
2046 0
2047 -2
2048 -6
2049 -10
2050 -2
2051 -6
2052 -20
2053 -22
2054 -24
2055 -36
2056 -36
2057 -34
2058 -38
2059 -34
2060 -36
2061 -36
2062 -36
2063 -38
2064 -42
2065 -38
2066 -42
2067 -34
2068 -34
2069 -36
2070 -42
2071 -42
2072 -46
2073 -40
2074 -44
2075 -44
2076 -46
2077 -50
2078 -48
2079 -50
2080 -46
2081 -48
2082 -50
2083 -48
2084 -42
2085 -44
2086 -42
2087 -34
2088 -36
2089 -38
2090 -38
2091 -36
2092 -30
2093 -30
2094 -34
2095 -32
2096 -30
2097 -34
2098 -28
2099 -18
2100 -18
2101 -18
2102 -18
2103 -16
2104 -12
2105 -16
2106 -8
2107 -6
2108 -4
2109 -14
2110 -12
2111 -8
2112 -4
2113 6
2114 12
2115 6
2116 -2
2117 -4
2118 -10
2119 -4
2120 -4
2121 -8
2122 0
2123 -10
2124 -16
2125 -12
2126 -8
2127 -4
2128 -4
2129 6
2130 12
2131 20
2132 12
2133 16
2134 12
2135 8
2136 4
2137 2
2138 -4
2139 2
2140 4
2141 6
2142 12
2143 6
2144 -2
2145 -10
2146 -14
2147 -12
2148 -4
2149 6
2150 6
2151 8
2152 8
2153 8
2154 10
2155 14
2156 6
2157 8
2158 14
2159 6
2160 8
2161 2
2162 0
2163 -4
2164 -2
2165 8
2166 12
2167 18
2168 16
2169 14
2170 6
2171 0
2172 4
2173 10
2174 8
2175 12
2176 18
2177 22
2178 16
2179 20
2180 14
2181 10
2182 2
2183 -2
2184 -10
2185 -10
2186 0
2187 -4
2188 0
2189 0
2190 0
2191 10
2192 12
2193 16
2194 30
2195 22
2196 12
2197 10
2198 10
2199 4
2200 -2
2201 -4
2202 2
2203 10
2204 -2
2205 -2
2206 -4
2207 -6
2208 -6
2209 -8
2210 -10
2211 -16
2212 -12
2213 0
2214 -4
2215 -2
2216 -4
2217 -32
2218 -20
2219 -22
2220 -12
2221 -8
2222 -20
2223 -22
2224 -8
2225 -4
2226 -4
2227 2
2228 14
2229 26
2230 18
2231 12
2232 4
2233 -16
2234 -18
2235 -16
2236 -14
2237 -16
2238 -18
2239 -18
2240 -22
2241 -30
2242 -32
2243 -28
2244 -26
2245 -24
2246 -26
2247 -22
2248 -16
2249 -18
2250 -24
2251 -26
2252 -20
2253 -18
2254 -22
2255 -24
2256 -28
2257 -28
2258 -18
2259 -16
2260 -14
2261 -16
2262 -12
2263 -18
2264 -22
2265 -10
2266 -4
2267 -14
2268 -20
2269 -26
2270 -20
2271 -24
2272 -20
2273 -26
2274 -22
2275 -18
2276 -16
2277 -24
2278 -14
2279 -10
2280 6
2281 -2
2282 -6
2283 -10
2284 -18
2285 -20
2286 -22
2287 -26
2288 -30
2289 -22
2290 -26
2291 -24
2292 -34
2293 -24
2294 -14
2295 -18
2296 -20
2297 -26
2298 -26
2299 -26
2300 -20
2301 -14
2302 -18
2303 -18
2304 -20
2305 -14
2306 -18
2307 -12
2308 -8
2309 -8
2310 -6
2311 -6
2312 -10
2313 -12
2314 -12
2315 -12
2316 -16
2317 -8
2318 -8
2319 -8
2320 -14
2321 -16
2322 -12
2323 -10
2324 -14
2325 -8
2326 -10
2327 0
2328 10
2329 8
2330 2
2331 -8
2332 0
2333 -2
2334 -10
2335 -8
2336 -2
2337 -6
2338 0
2339 12
2340 8
2341 10
2342 24
2343 20
2344 20
2345 22
2346 24
2347 18
2348 22
2349 12
2350 8
2351 2
2352 6
2353 4
2354 6
2355 8
2356 12
2357 10
2358 8
2359 14
2360 24
2361 18
2362 14
2363 20
2364 6
2365 10
2366 2
2367 4
2368 4
2369 8
2370 8
2371 8
2372 10
2373 0
2374 4
2375 4
2376 10
2377 8
2378 18
2379 24
2380 30
2381 14
2382 4
2383 18
2384 14
2385 4
2386 4
2387 2
2388 0
2389 16
2390 18
2391 18
2392 20
2393 28
2394 16
2395 6
2396 0
2397 -4
2398 -8
2399 -6
2400 -4
2401 -14
2402 -24
2403 -12
2404 2
2405 4
2406 8
2407 4
2408 0
2409 2
2410 4
2411 12
2412 12
2413 18
2414 14
2415 16
2416 10
2417 24
2418 22
2419 20
2420 16
2421 16
2422 6
2423 10
2424 20
2425 26
2426 22
2427 26
2428 18
2429 2
2430 4
2431 -16
2432 -14
2433 -22
2434 -18
2435 -14
2436 -10
2437 -12
2438 -18
2439 -20
2440 -34
2441 -30
2442 -32
2443 -28
2444 -28
2445 -32
2446 -22
2447 -24
2448 -30
2449 -30
2450 -34
2451 -32
2452 -20
2453 -14
2454 -10
2455 8
2456 -4
2457 -6
2458 -8
2459 -12
2460 -12
2461 -8
2462 -8
2463 -14
2464 -8
2465 -10
2466 -4
2467 0
2468 2
2469 2
2470 12
2471 12
2472 6
2473 0
2474 6
2475 -6
2476 -14
2477 -14
2478 -6
2479 -6
2480 -8
2481 -20
2482 -16
2483 -8
2484 -20
2485 -20
2486 -10
2487 -18
2488 -20
2489 -20
2490 -22
2491 -20
2492 -22
2493 -16
2494 -8
2495 -10
2496 -6
2497 -8
2498 -2
2499 8
2500 10
2501 0
2502 0
2503 -6
2504 -6
2505 -10
2506 0
2507 -12
2508 -16
2509 -18
2510 -28
2511 -26
2512 -12
2513 -20
2514 -8
2515 -2
2516 -16
2517 -12
2518 4
2519 -10
2520 -12
2521 -16
2522 -28
2523 -32
2524 -32
2525 -22
2526 -14
2527 -14
2528 -8
2529 -4
2530 -14
2531 -4
2532 2
2533 -8
2534 -2
2535 -10
2536 -14
2537 -14
2538 -20
2539 -32
2540 -34
2541 -32
2542 -24
2543 -22
2544 -14
2545 -30
2546 -26
2547 -24
2548 -26
2549 -30
2550 -28
2551 -42
2552 -36
2553 -24
2554 -22
2555 -2
2556 -8
2557 -4
2558 -4
2559 4
2560 -4
2561 2
2562 0
2563 -6
2564 -4
2565 -6
2566 -12
2567 -12
2568 -12
2569 -4
2570 8
2571 4
2572 8
2573 6
2574 4
2575 -2
2576 -4
2577 -8
2578 -8
2579 14
2580 16
2581 22
2582 24
2583 32
2584 28
2585 26
2586 26
2587 22
2588 14
2589 14
2590 10
2591 10
2592 4
2593 2
2594 6
2595 10
2596 6
2597 8
2598 12
2599 6
2600 0
2601 0
2602 8
2603 10
2604 12
2605 14
2606 18
2607 8
2608 18
2609 14
2610 12
2611 20
2612 16
2613 8
2614 6
2615 6
2616 8
2617 4
2618 8
2619 10
2620 2
2621 2
2622 8
2623 -2
2624 -16
2625 -4
2626 -12
2627 -6
2628 -8
2629 -14
2630 -24
2631 -18
2632 -14
2633 -4
2634 -2
2635 10
2636 4
2637 -16
2638 -18
2639 -2
2640 2
2641 -8
2642 -6
2643 -4
2644 2
2645 8
2646 4
2647 0
2648 -16
2649 -18
2650 -8
2651 -8
2652 -4
2653 -4
2654 -10
2655 -18
2656 -26
2657 -20
2658 -22
2659 -22
2660 -26
2661 -34
2662 -32
2663 -28
2664 -18
2665 -28
2666 -24
2667 -26
2668 -24
2669 -24
2670 -28
2671 -32
2672 -30
2673 -32
2674 -26
2675 -20
2676 -26
2677 -34
2678 -28
2679 -30
2680 -28
2681 -18
2682 -26
2683 -14
2684 -18
2685 -18
2686 -22
2687 -18
2688 -14
2689 -16
2690 -8
2691 -6
2692 -16
2693 -20
2694 -30
2695 -18
2696 -28
2697 -34
2698 -34
2699 -32
2700 -30
2701 -26
2702 -26
2703 -24
2704 -16
2705 -22
2706 -20
2707 -18
2708 -14
2709 -2
2710 4
2711 4
2712 8
2713 18
2714 20
2715 22
2716 14
2717 16
2718 22
2719 22
2720 18
2721 12
2722 4
2723 10
2724 10
2725 10
2726 12
2727 14
2728 20
2729 16
2730 20
2731 20
2732 22
2733 8
2734 10
2735 8
2736 16
2737 20
2738 18
2739 20
2740 12
2741 14
2742 18
2743 12
2744 16
2745 12
2746 8
2747 6
2748 14
2749 24
2750 30
2751 28
2752 38
2753 44
2754 48
2755 42
2756 36
2757 40
2758 36
2759 26
2760 36
2761 38
2762 42
2763 38
2764 42
2765 40
2766 40
2767 36
2768 36
2769 24
2770 20
2771 18
2772 10
2773 14
2774 16
2775 14
2776 12
2777 12
2778 20
2779 16
2780 14
2781 12
2782 18
2783 26
2784 20
2785 16
2786 20
2787 16
2788 16
2789 14
2790 12
2791 10
2792 16
2793 20
2794 16
2795 10
2796 12
2797 10
2798 12
2799 2
2800 -8
2801 -2
2802 -6
2803 2
2804 -2
2805 2
2806 4
2807 6
2808 10
2809 16
2810 4
2811 2
2812 4
2813 4
2814 -2
2815 -10
2816 -12
2817 -6
2818 -2
2819 -2
2820 -6
2821 0
2822 -6
2823 -6
2824 -10
2825 -12
2826 -8
2827 0
2828 -6
2829 -2
2830 0
2831 -4
2832 -2
2833 6
2834 4
2835 0
2836 6
2837 10
2838 8
2839 10
2840 18
2841 10
2842 18
2843 14
2844 8
2845 16
2846 20
2847 14
2848 16
2849 18
2850 18
2851 26
2852 24
2853 24
2854 24
2855 26
2856 26
2857 18
2858 14
2859 22
2860 20
2861 18
2862 22
2863 26
2864 22
2865 14
2866 16
2867 6
2868 8
2869 18
2870 26
2871 26
2872 30
2873 32
2874 24
2875 8
2876 8
2877 14
2878 16
2879 14
2880 12
2881 0
2882 0
2883 14
2884 12
2885 4
2886 8
2887 2
2888 6
2889 0
2890 -16
2891 -26
2892 -20
2893 -26
2894 -30
2895 -24
2896 -18
2897 -14
2898 -10
2899 -20
2900 -20
2901 -20
2902 -18
2903 -20
2904 -30
2905 -20
2906 -14
2907 -24
2908 -26
2909 -16
2910 -20
2911 -26
2912 -24
2913 -30
2914 -32
2915 -18
2916 -28
2917 -36
2918 -34
2919 -38
2920 -44
2921 -46
2922 -50
2923 -50
2924 -50
2925 -50
2926 -48
2927 -46
2928 -34
2929 -34
2930 -28
2931 -22
2932 -24
2933 -20
2934 -20
2935 -18
2936 -14
2937 -12
2938 -16
2939 -10
2940 8
2941 16
2942 18
2943 18
2944 14
2945 16
2946 6
2947 4
2948 8
2949 24
2950 24
2951 28
2952 30
2953 22
2954 26
2955 32
2956 34
2957 36
2958 30
2959 24
2960 28
2961 22
2962 20
2963 14
2964 14
2965 0
2966 -8
2967 6
2968 10
2969 -2
2970 -6
2971 -6
2972 -8
2973 -6
2974 -8
2975 -10
2976 -12
2977 -10
2978 -4
2979 -14
2980 -20
2981 -32
2982 -26
2983 -20
2984 -10
2985 -4
2986 -2
2987 -8
2988 -6
2989 -4
2990 -16
2991 -14
2992 -16
2993 -18
2994 -16
2995 -12
2996 -16
2997 -10
2998 -26
2999 -26
3000 -36
3001 -28
3002 -32
3003 -26
3004 -26
3005 -28
3006 -20
3007 -14
3008 -8
3009 -18
3010 -24
3011 -26
3012 -24
3013 -20
3014 -18
3015 -20
3016 -18
3017 -16
3018 -10
3019 -10
3020 0
3021 -2
3022 -2
3023 2
3024 2
3025 6
3026 -6
3027 12
3028 16
3029 4
3030 0
3031 -6
3032 -10
3033 -2
3034 -12
3035 -2
3036 16
3037 18
3038 16
3039 16
3040 22
3041 22
3042 22
3043 10
3044 2
3045 -22
3046 -24
3047 -28
3048 -24
3049 -26
3050 -18
3051 -26
3052 -26
3053 -28
3054 -18
3055 -20
3056 -24
3057 -34
3058 -22
3059 -6
3060 -10
3061 -10
3062 -10
3063 -14
3064 -18
3065 -18
3066 -24
3067 -20
3068 -18
3069 -26
3070 -30
3071 -26
3072 -8
3073 -14
3074 -6
3075 -6
3076 -6
3077 -22
3078 -24
3079 -38
3080 -40
3081 -42
3082 -46
3083 -46
3084 -42
3085 -48
3086 -44
3087 -46
3088 -42
3089 -36
3090 -38
3091 -22
3092 -10
3093 -6
3094 4
3095 4
3096 -6
3097 -4
3098 0
3099 0
3100 4
3101 4
3102 0
3103 -6
3104 -6
3105 -4
3106 0
3107 -2
3108 -6
3109 6
3110 -4
3111 -2
3112 0
3113 12
3114 6
3115 8
3116 0
3117 8
3118 6
3119 14
3120 4
3121 4
3122 0
3123 6
3124 10
3125 12
3126 16
3127 14
3128 16
3129 22
3130 22
3131 22
3132 12
3133 12
3134 4
3135 -2
3136 0
3137 -14
3138 -16
3139 -14
3140 -8
3141 -16
3142 -16
3143 -12
3144 -12
3145 -20
3146 -18
3147 -18
3148 -18
3149 -20
3150 -24
3151 -26
3152 -24
3153 -24
3154 -18
3155 -18
3156 -28
3157 -34
3158 -40
3159 -32
3160 -34
3161 -32
3162 -30
3163 -26
3164 -26
3165 -26
3166 -32
3167 -30
3168 -30
3169 -32
3170 -28
3171 -34
3172 -32
3173 -24
3174 -20
3175 -28
3176 -16
3177 -22
3178 -22
3179 -16
3180 -10
3181 -18
3182 -10
3183 -12
3184 -8
3185 -6
3186 6
3187 0
3188 -4
3189 -6
3190 -8
3191 -4
3192 0
3193 -12
3194 -10
3195 0
3196 0
3197 -6
3198 -2
3199 -6
3200 -10
3201 -4
3202 0
3203 8
3204 8
3205 10
3206 22
3207 14
3208 8
3209 6
3210 6
3211 -6
3212 -14
3213 -10
3214 -2
3215 -4
3216 -2
3217 6
3218 14
3219 18
3220 24
3221 22
3222 16
3223 24
3224 16
3225 18
3226 2
3227 -10
3228 -4
3229 6
3230 -2
3231 -10
3232 -8
3233 -6
3234 -10
3235 -16
3236 -18
3237 -18
3238 -20
3239 -28
3240 -28
3241 -22
3242 -22
3243 -18
3244 -32
3245 -32
3246 -30
3247 -32
3248 -38
3249 -30
3250 -30
3251 -32
3252 -26
3253 -34
3254 -18
3255 -12
3256 -14
3257 -12
3258 -26
3259 -24
3260 -12
3261 -14
3262 -16
3263 -28
3264 -28
3265 -30
3266 -10
3267 -8
3268 -2
3269 -2
3270 -6
3271 -10
3272 -6
3273 0
3274 -4
3275 2
3276 -10
3277 -16
3278 -22
3279 -24
3280 -16
3281 -20
3282 -30
3283 -32
3284 -28
3285 -36
3286 -34
3287 -36
3288 -34
3289 -26
3290 -12
3291 -8
3292 -2
3293 6
3294 10
3295 8
3296 0
3297 8
3298 12
3299 18
3300 14
3301 20
3302 18
3303 12
3304 8
3305 12
3306 8
3307 8
3308 16
3309 26
3310 26
3311 26
3312 8
3313 14
3314 20
3315 30
3316 28
3317 28
3318 26
3319 22
3320 22
3321 16
3322 24
3323 26
3324 22
3325 18
3326 10
3327 18
3328 16
3329 20
3330 16
3331 22
3332 26
3333 20
3334 28
3335 22
3336 28
3337 30
3338 16
3339 6
3340 12
3341 8
3342 2
3343 6
3344 10
3345 4
3346 2
3347 2
3348 10
3349 10
3350 8
3351 12
3352 20
3353 16
3354 14
3355 18
3356 26
3357 26
3358 22
3359 12
3360 18
3361 12
3362 14
3363 14
3364 10
3365 8
3366 14
3367 0
3368 -2
3369 6
3370 4
3371 16
3372 20
3373 8
3374 16
3375 8
3376 10
3377 6
3378 8
3379 4
3380 4
3381 6
3382 12
3383 14
3384 16
3385 16
3386 10
3387 10
3388 10
3389 8
3390 12
3391 8
3392 -2
3393 -14
3394 -6
3395 -12
3396 -10
3397 -2
3398 2
3399 -2
3400 -6
3401 -10
3402 -4
3403 -6
3404 2
3405 -2
3406 8
3407 0
3408 -4
3409 -8
3410 -2
3411 0
3412 -4
3413 6
3414 -2
3415 10
3416 6
3417 16
3418 16
3419 14
3420 18
3421 16
3422 2
3423 6
3424 -2
3425 10
3426 2
3427 0
3428 4
3429 0
3430 -8
3431 -8
3432 -14
3433 -8
3434 -16
3435 4
3436 -4
3437 -4
3438 -2
3439 -10
3440 -10
3441 -6
3442 -18
3443 -18
3444 -18
3445 -26
3446 -32
3447 -28
3448 -18
3449 -14
3450 -12
3451 -30
3452 -36
3453 -38
3454 -38
3455 -22
3456 -28
3457 -22
3458 -30
3459 -28
3460 -22
3461 -26
3462 -22
3463 -16
3464 -18
3465 -12
3466 -8
3467 6
3468 16
3469 6
3470 10
3471 4
3472 2
3473 0
3474 -8
3475 -2
3476 4
3477 4
3478 -4
3479 -10
3480 -10
3481 -6
3482 0
3483 -8
3484 -10
3485 -4
3486 6
3487 10
3488 10
3489 8
3490 6
3491 0
3492 0
3493 0
3494 -4
3495 -4
3496 -4
3497 0
3498 0
3499 0
3500 8
3501 8
3502 14
3503 0
3504 10
3505 10
3506 0
3507 -8
3508 -12
3509 -18
3510 -18
3511 -24
3512 -26
3513 -30
3514 -32
3515 -32
3516 -22
3517 -14
3518 -6
3519 -18
3520 -20
3521 -26
3522 -34
3523 -34
3524 -34
3525 -18
3526 -28
3527 -28
3528 -20
3529 -20
3530 -14
3531 -10
3532 -8
3533 -16
3534 -12
3535 -14
3536 -6
3537 0
3538 2
3539 -12
3540 -18
3541 -24
3542 -26
3543 -20
3544 -22
3545 -16
3546 -14
3547 -2
3548 -2
3549 -6
3550 -8
3551 -4
3552 -2
3553 16
3554 18
3555 22
3556 24
3557 16
3558 22
3559 14
3560 14
3561 2
3562 6
3563 2
3564 0
3565 -2
3566 10
3567 6
3568 2
3569 -6
3570 -10
3571 -2
3572 -4
3573 -8
3574 -6
3575 6
3576 10
3577 -2
3578 6
3579 -4
3580 2
3581 4
3582 2
3583 -2
3584 4
3585 4
3586 -2
3587 22
3588 8
3589 10
3590 10
3591 12
3592 4
3593 4
3594 -2
3595 2
3596 -2
3597 4
3598 4
3599 10
3600 14
3601 18
3602 22
3603 24
3604 30
3605 20
3606 28
3607 32
3608 26
3609 30
3610 36
3611 46
3612 48
3613 50
3614 50
3615 50
3616 50
3617 46
3618 46
3619 48
3620 38
3621 40
3622 44
3623 50
3624 50
3625 50
3626 46
3627 44
3628 46
3629 48
3630 48
3631 40
3632 36
3633 44
3634 34
3635 32
3636 28
3637 36
3638 34
3639 36
3640 28
3641 22
3642 14
3643 8
3644 8
3645 -4
3646 -16
3647 -6
3648 -14
3649 -22
3650 -14
3651 -24
3652 -16
3653 -22
3654 -20
3655 -22
3656 -24
3657 -30
3658 -34
3659 -30
3660 -22
3661 -26
3662 -38
3663 -38
3664 -42
3665 -46
3666 -38
3667 -42
3668 -48
3669 -42
3670 -36
3671 -32
3672 -34
3673 -30
3674 -34
3675 -36
3676 -38
3677 -40
3678 -36
3679 -32
3680 -32
3681 -40
3682 -44
3683 -42
3684 -38
3685 -30
3686 -26
3687 -28
3688 -28
3689 -20
3690 -22
3691 -18
3692 -16
3693 -10
3694 -18
3695 -26
3696 -30
3697 -28
3698 -18
3699 -22
3700 -22
3701 -20
3702 -16
3703 -12
3704 -2
3705 2
3706 2
3707 -4
3708 -12
3709 -14
3710 -14
3711 -22
3712 -10
3713 -6
3714 -14
3715 -10
3716 -2
3717 -10
3718 -2
3719 -10
3720 -8
3721 -10
3722 -6
3723 -8
3724 -2
3725 2
3726 0
3727 -6
3728 -4
3729 2
3730 2
3731 8
3732 0
3733 4
3734 4
3735 14
3736 10
3737 0
3738 4
3739 2
3740 8
3741 -4
3742 -8
3743 -4
3744 -18
3745 -24
3746 -16
3747 -14
3748 -14
3749 -14
3750 -12
3751 -10
3752 -14
3753 -16
3754 -18
3755 -34
3756 -26
3757 -26
3758 -28
3759 -20
3760 -16
3761 -16
3762 -12
3763 -16
3764 -26
3765 -18
3766 -18
3767 -18
3768 -18
3769 -16
3770 -12
3771 0
3772 14
3773 10
3774 8
3775 6
3776 -4
3777 0
3778 2
3779 0
3780 -4
3781 -14
3782 -14
3783 -10
3784 -18
3785 -24
3786 -18
3787 -20
3788 -26
3789 -26
3790 -20
3791 -12
3792 -12
3793 -22
3794 -26
3795 -22
3796 -20
3797 -16
3798 -10
3799 -6
3800 -8
3801 0
3802 -6
3803 0
3804 2
3805 -8
3806 -10
3807 -8
3808 -10
3809 -2
3810 -4
3811 -6
3812 -6
3813 -6
3814 -2
3815 2
3816 2
3817 -2
3818 -4
3819 -18
3820 -4
3821 4
3822 6
3823 4
3824 4
3825 2
3826 6
3827 12
3828 16
3829 6
3830 -10
3831 -18
3832 -10
3833 -8
3834 -4
3835 2
3836 2
3837 -2
3838 -14
3839 -2
3840 8
3841 10
3842 18
3843 16
3844 18
3845 12
3846 12
3847 16
3848 12
3849 4
3850 8
3851 14
3852 20
3853 20
3854 16
3855 20
3856 16
3857 16
3858 18
3859 12
3860 12
3861 14
3862 10
3863 8
3864 2
3865 -2
3866 8
3867 6
3868 14
3869 12
3870 16
3871 20
3872 18
3873 20
3874 20
3875 24
3876 14
3877 4
3878 2
3879 4
3880 2
3881 8
3882 4
3883 -4
3884 4
3885 4
3886 6
3887 2
3888 2
3889 12
3890 12
3891 10
3892 8
3893 12
3894 16
3895 12
3896 20
3897 8
3898 10
3899 22
3900 20
3901 18
3902 12
3903 6
3904 6
3905 12
3906 0
3907 -4
3908 -2
3909 8
3910 6
3911 8
3912 8
3913 4
3914 4
3915 -8
3916 -6
3917 -6
3918 -12
3919 -16
3920 -16
3921 -22
3922 -26
3923 -26
3924 -24
3925 -16
3926 -22
3927 -26
3928 -20
3929 -26
3930 -30
3931 -26
3932 -26
3933 -14
3934 -18
3935 -26
3936 -26
3937 -30
3938 -40
3939 -38
3940 -36
3941 -44
3942 -46
3943 -42
3944 -42
3945 -40
3946 -40
3947 -46
3948 -44
3949 -42
3950 -48
3951 -50
3952 -50
3953 -50
3954 -48
3955 -50
3956 -50
3957 -44
3958 -38
3959 -24
3960 -18
3961 -2
3962 8
3963 10
3964 18
3965 18
3966 26
3967 22
3968 24
3969 34
3970 30
3971 28
3972 30
3973 32
3974 36
3975 44
3976 48
3977 48
3978 40
3979 46
3980 46
3981 44
3982 46
3983 42
3984 40
3985 34
3986 30
3987 36
3988 20
3989 22
3990 16
3991 18
3992 30
3993 16
3994 18
3995 18
3996 24
3997 20
3998 14
3999 20
4000 16
4001 14
4002 4
4003 2
4004 -2
4005 -4
4006 6
4007 0
4008 -12
4009 -10
4010 -4
4011 -8
4012 6
4013 -4
4014 -4
4015 2
4016 -2
4017 -10
4018 -8
4019 -4
4020 -8
4021 -10
4022 -6
4023 -14
4024 -12
4025 -6
4026 -2
4027 -10
4028 -20
4029 2
4030 2
4031 10
4032 0
4033 -2
4034 -4
4035 -16
4036 -16
4037 -24
4038 -28
4039 -24
4040 -12
4041 -2
4042 -10
4043 -12
4044 -14
4045 -12
4046 -20
4047 -16
4048 -16
4049 -14
4050 -8
4051 -10
4052 -2
4053 -6
4054 -16
4055 -10
4056 -10
4057 -22
4058 -22
4059 -8
4060 -10
4061 -20
4062 -22
4063 -20
4064 -34
4065 -36
4066 -12
4067 10
4068 24
4069 18
4070 24
4071 22
4072 28
4073 24
4074 28
4075 20
4076 26
4077 26
4078 20
4079 10
4080 6
4081 -2
4082 -16
4083 -14
4084 -16
4085 -18
4086 -20
4087 -22
4088 -26
4089 -6
4090 -8
4091 -14
4092 -10
4093 -6
4094 -14
4095 2
4096 -2
4097 -8
4098 2
4099 -4
4100 -16
4101 -8
4102 -2
4103 -10
4104 -10
4105 -2
4106 0
4107 8
4108 16
4109 14
4110 8
4111 6
4112 6
4113 -2
4114 -6
4115 -14
4116 -12
4117 -16
4118 -22
4119 -16
4120 -18
4121 -14
4122 -6
4123 -8
4124 -8
4125 -6
4126 -6
4127 -2
4128 -6
4129 0
4130 -10
4131 -12
4132 -10
4133 -10
4134 -10
4135 -16
4136 -12
4137 -10
4138 -6
4139 -14
4140 -26
4141 -26
4142 -24
4143 -28
4144 -28
4145 -16
4146 -18
4147 -14
4148 -6
4149 -12
4150 -20
4151 -22
4152 -24
4153 -16
4154 -18
4155 -22
4156 -28
4157 -28
4158 -28
4159 -26
4160 -18
4161 -12
4162 2
4163 8
4164 2
4165 6
4166 2
4167 10
4168 4
4169 2
4170 4
4171 6
4172 12
4173 8
4174 -4
4175 -8
4176 -16
4177 -24
4178 -22
4179 -32
4180 -22
4181 -18
4182 -16
4183 -10
4184 -10
4185 2
4186 -2
4187 14
4188 -2
4189 -6
4190 -4
4191 0
4192 -6
4193 -8
4194 -16
4195 -16
4196 -12
4197 -26
4198 -20
4199 -18
4200 -26
4201 -30
4202 -34
4203 -32
4204 -34
4205 -26
4206 -16
4207 -18
4208 -8
4209 -30
4210 -20
4211 -22
4212 -28
4213 -16
4214 -14
4215 -12
4216 -18
4217 -20
4218 -18
4219 -16
4220 -14
4221 -18
4222 -14
4223 -16
4224 -16
4225 -14
4226 -14
4227 -16
4228 -12
4229 -20
4230 -16
4231 -14
4232 -16
4233 -12
4234 -20
4235 -20
4236 -26
4237 -22
4238 -16
4239 -14
4240 -18
4241 -14
4242 -10
4243 -8
4244 2
4245 -2
4246 -2
4247 12
4248 8
4249 14
4250 14
4251 0
4252 4
4253 10
4254 6
4255 -6
4256 -10
4257 -6
4258 6
4259 0
4260 -4
4261 2
4262 2
4263 10
4264 10
4265 10
4266 4
4267 10
4268 14
4269 14
4270 10
4271 14
4272 20
4273 24
4274 30
4275 48
4276 48
4277 50
4278 48
4279 46
4280 46
4281 46
4282 38
4283 36
4284 38
4285 32
4286 18
4287 18
4288 22
4289 26
4290 32
4291 34
4292 42
4293 32
4294 40
4295 32
4296 30
4297 26
4298 36
4299 32
4300 42
4301 38
4302 30
4303 24
4304 26
4305 18
4306 16
4307 16
4308 20
4309 24
4310 30
4311 26
4312 30
4313 32
4314 38
4315 38
4316 38
4317 38
4318 36
4319 22
4320 20
4321 10
4322 10
4323 -2
4324 -4
4325 6
4326 12
4327 10
4328 -6
4329 0
4330 2
4331 0
4332 -8
4333 2
4334 -2
4335 -8
4336 -12
4337 -8
4338 -4
4339 6
4340 16
4341 12
4342 16
4343 14
4344 14
4345 12
4346 22
4347 18
4348 20
4349 16
4350 20
4351 20
4352 18
4353 16
4354 16
4355 22
4356 18
4357 -4
4358 -8
4359 -12
4360 -8
4361 -8
4362 -6
4363 2
4364 -4
4365 -4
4366 -6
4367 -8
4368 -4
4369 2
4370 0
4371 -14
4372 -18
4373 -14
4374 -36
4375 -38
4376 -30
4377 -28
4378 -34
4379 -24
4380 -36
4381 -36
4382 -36
4383 -30
4384 -26
4385 -22
4386 -14
4387 -14
4388 -8
4389 -14
4390 -12
4391 -2
4392 -6
4393 -6
4394 -22
4395 -20
4396 -18
4397 -16
4398 -18
4399 -24
4400 -32
4401 -34
4402 -30
4403 -32
4404 -26
4405 -28
4406 -28
4407 -24
4408 -34
4409 -24
4410 -30
4411 -28
4412 -18
4413 -10
4414 -8
4415 -10
4416 -14
4417 -10
4418 -12
4419 -4
4420 -2
4421 4
4422 6
4423 6
4424 -8
4425 -4
4426 -16
4427 -4
4428 -2
4429 0
4430 2
4431 6
4432 -2
4433 -6
4434 -4
4435 -12
4436 -16
4437 -22
4438 -22
4439 -22
4440 -18
4441 -26
4442 -24
4443 -32
4444 -34
4445 -36
4446 -24
4447 -30
4448 -34
4449 -30
4450 -30
4451 -24
4452 -30
4453 -34
4454 -36
4455 -40
4456 -36
4457 -28
4458 -36
4459 -30
4460 -34
4461 -42
4462 -32
4463 -30
4464 -32
4465 -30
4466 -30
4467 -28
4468 -34
4469 -34
4470 -34
4471 -26
4472 -42
4473 -40
4474 -38
4475 -30
4476 -24
4477 -32
4478 -26
4479 -28
4480 -26
4481 -24
4482 -20
4483 -16
4484 -24
4485 -26
4486 -38
4487 -38
4488 -36
4489 -38
4490 -42
4491 -40
4492 -38
4493 -34
4494 -24
4495 -24
4496 -22
4497 -38
4498 -36
4499 -34
4500 -32
4501 -18
4502 -12
4503 -10
4504 -6
4505 -12
4506 -10
4507 -2
4508 2
4509 6
4510 6
4511 4
4512 -8
4513 -4
4514 -8
4515 -14
4516 -8
4517 -16
4518 -10
4519 -6
4520 -8
4521 -8
4522 -4
4523 0
4524 -2
4525 4
4526 2
4527 -4
4528 -6
4529 -6
4530 -4
4531 -4
4532 -4
4533 -12
4534 -12
4535 -12
4536 -8
4537 -4
4538 -2
4539 -4
4540 -4
4541 -2
4542 2
4543 6
4544 6
4545 -6
4546 -12
4547 -12
4548 -6
4549 -2
4550 -8
4551 -10
4552 -8
4553 -14
4554 -18
4555 -14
4556 -14
4557 -28
4558 -40
4559 -34
4560 -34
4561 -38
4562 -36
4563 -42
4564 -42
4565 -46
4566 -44
4567 -38
4568 -44
4569 -36
4570 -38
4571 -34
4572 -24
4573 -20
4574 -6
4575 -8
4576 -12
4577 -14
4578 -26
4579 -28
4580 -22
4581 -20
4582 -12
4583 -10
4584 -20
4585 -24
4586 -14
4587 -16
4588 0
4589 2
4590 0
4591 6
4592 6
4593 0
4594 -8
4595 -8
4596 2
4597 -10
4598 0
4599 -6
4600 -10
4601 -22
4602 -26
4603 -24
4604 -26
4605 -10
4606 -22
4607 -22
4608 -18
4609 -22
4610 -22
4611 -16
4612 -8
4613 -10
4614 -4
4615 -6
4616 -4
4617 -20
4618 -16
4619 -16
4620 -12
4621 -12
4622 -10
4623 -6
4624 -12
4625 -6
4626 -2
4627 -14
4628 -20
4629 -14
4630 -18
4631 -12
4632 -18
4633 -24
4634 -28
4635 -28
4636 -24
4637 -30
4638 -32
4639 -30
4640 -32
4641 -22
4642 -14
4643 -10
4644 -8
4645 -2
4646 6
4647 12
4648 4
4649 22
4650 16
4651 14
4652 12
4653 0
4654 10
4655 18
4656 22
4657 24
4658 18
4659 22
4660 26
4661 22
4662 10
4663 -4
4664 -10
4665 -2
4666 -4
4667 -8
4668 -10
4669 -10
4670 0
4671 -8
4672 -20
4673 -22
4674 -20
4675 -18
4676 -22
4677 -26
4678 -28
4679 -24
4680 -20
4681 -28
4682 -24
4683 -26
4684 -34
4685 -38
4686 -32
4687 -34
4688 -32
4689 -20
4690 -28
4691 -24
4692 -30
4693 -40
4694 -42
4695 -40
4696 -42
4697 -36
4698 -30
4699 -24
4700 -26
4701 -30
4702 -26
4703 -16
4704 -16
4705 -16
4706 -14
4707 -20
4708 -24
4709 -18
4710 -18
4711 -24
4712 -18
4713 -12
4714 -18
4715 -24
4716 -26
4717 -40
4718 -44
4719 -44
4720 -40
4721 -38
4722 -34
4723 -22
4724 -24
4725 -24
4726 -20
4727 -22
4728 -20
4729 -20
4730 -20
4731 -24
4732 -26
4733 -20
4734 -18
4735 -10
4736 -10
4737 -10
4738 -10
4739 -8
4740 -12
4741 -10
4742 -16
4743 -16
4744 -22
4745 -24
4746 -24
4747 -18
4748 -16
4749 -28
4750 -24
4751 -22
4752 -18
4753 -12
4754 -6
4755 -14
4756 -12
4757 -18
4758 -16
4759 -22
4760 -18
4761 -24
4762 -24
4763 -10
4764 0
4765 2
4766 -2
4767 -10
4768 -10
4769 -10
4770 -16
4771 -18
4772 -26
4773 -12
4774 -10
4775 -4
4776 -20
4777 -26
4778 -18
4779 -4
4780 -12
4781 -28
4782 -38
4783 -24
4784 -32
4785 -38
4786 -38
4787 -42
4788 -42
4789 -30
4790 -32
4791 -24
4792 -32
4793 -32
4794 -34
4795 -36
4796 -38
4797 -38
4798 -30
4799 -28
4800 -16
4801 -8
4802 0
4803 10
4804 12
4805 24
4806 26
4807 18
4808 24
4809 18
4810 16
4811 16
4812 10
4813 14
4814 18
4815 16
4816 16
4817 16
4818 16
4819 20
4820 16
4821 16
4822 10
4823 10
4824 12
4825 14
4826 16
4827 12
4828 14
4829 18
4830 4
4831 0
4832 -10
4833 -6
4834 -4
4835 -10
4836 -8
4837 -14
4838 -10
4839 -6
4840 -4
4841 -8
4842 -10
4843 -8
4844 -14
4845 -18
4846 -6
4847 0
4848 4
4849 10
4850 8
4851 8
4852 8
4853 4
4854 4
4855 6
4856 12
4857 2
4858 6
4859 4
4860 -2
4861 -6
4862 6
4863 0
4864 18
4865 18
4866 8
4867 16
4868 16
4869 16
4870 22
4871 24
4872 24
4873 14
4874 14
4875 12
4876 10
4877 10
4878 18
4879 12
4880 18
4881 22
4882 14
4883 14
4884 16
4885 14
4886 -6
4887 -12
4888 -16
4889 -16
4890 -16
4891 -8
4892 -10
4893 -12
4894 -16
4895 -12
4896 -10
4897 -10
4898 -22
4899 -24
4900 -36
4901 -34
4902 -30
4903 -32
4904 -34
4905 -40
4906 -42
4907 -32
4908 -34
4909 -28
4910 -30
4911 -36
4912 -34
4913 -30
4914 -18
4915 -26
4916 -30
4917 -32
4918 -30
4919 -28
4920 -14
4921 -6
4922 4
4923 6
4924 0
4925 -14
4926 -12
4927 -12
4928 -28
4929 -26
4930 -28
4931 -36
4932 -40
4933 -44
4934 -40
4935 -30
4936 -28
4937 -20
4938 -22
4939 -28
4940 -34
4941 -34
4942 -46
4943 -44
4944 -32
4945 -22
4946 -16
4947 -12
4948 -12
4949 -8
4950 -14
4951 -28
4952 -30
4953 -16
4954 -20
4955 -28
4956 -34
4957 -26
4958 -36
4959 -22
4960 -30
4961 -24
4962 -22
4963 -12
4964 -8
4965 12
4966 6
4967 8
4968 10
4969 16
4970 -4
4971 0
4972 -12
4973 -18
4974 -20
4975 -12
4976 -10
4977 -6
4978 4
4979 0
4980 10
4981 12
4982 20
4983 26
4984 24
4985 24
4986 24
4987 26
4988 40
4989 28
4990 28
4991 16
4992 16
4993 14
4994 18
4995 14
4996 14
4997 18
4998 8
4999 8
5000 6
