1 -18
2 -26
3 -34
4 -34
5 -34
6 -34
7 -34
8 -38
9 -38
10 -38
11 -30
12 -30
13 -26
14 -30
15 -30
16 -38
17 -38
18 -34
19 -38
20 -38
21 -42
22 -38
23 -30
24 -38
25 -42
26 -38
27 -42
28 -42
29 -42
30 -38
31 -34
32 -38
33 -42
34 -38
35 -38
36 -42
37 -42
38 -42
39 -42
40 -38
41 -42
42 -38
43 -38
44 -42
45 -42
46 -42
47 -42
48 -42
49 -42
50 -42
51 -38
52 -42
53 -42
54 -42
55 -42
56 -42
57 -42
58 -34
59 -42
60 -42
61 -34
62 -42
63 -38
64 -34
65 -30
66 -26
67 -34
68 -38
69 -38
70 -42
71 -46
72 -34
73 -38
74 -34
75 -34
76 -34
77 -38
78 -42
79 -42
80 -42
81 -42
82 -34
83 -34
84 -46
85 -46
86 -46
87 -42
88 -42
89 -42
90 -42
91 -42
92 -42
93 -38
94 -38
95 -42
96 -42
97 -42
98 -38
99 -42
100 -38
101 -46
102 -42
103 -38
104 -42
105 -42
106 -42
107 -42
108 -38
109 -38
110 -38
111 -38
112 -30
113 -34
114 -34
115 -30
116 -38
117 -42
118 -38
119 -38
120 -34
121 -34
122 -34
123 -30
124 -30
125 -34
126 -38
127 -38
128 -38
129 -38
130 -42
131 -42
132 -38
133 -34
134 -34
135 -38
136 -38
137 -38
138 -38
139 -38
140 -38
141 -34
142 -38
143 -34
144 -38
145 -38
146 -38
147 -42
148 -38
149 -42
150 -38
151 -42
152 -46
153 -42
154 -42
155 -46
156 -38
157 -38
158 -46
159 -46
160 -46
161 -46
162 -42
163 -42
164 -42
165 -34
166 -38
167 -38
168 -34
169 -38
170 -34
171 -38
172 -38
173 -42
174 -42
175 -38
176 -38
177 -42
178 -42
179 -42
180 -42
181 -42
182 -38
183 -38
184 -34
185 -34
186 -42
187 -42
188 -38
189 -34
190 -34
191 -30
192 -42
193 -42
194 -42
195 -42
196 -42
197 -42
198 -42
199 -42
200 -46
201 -46
202 -46
203 -46
204 -46
205 -46
206 -46
207 -46
208 -38
209 -38
210 -42
211 -38
212 -38
213 -38
214 -38
215 -38
216 -38
217 -38
218 -38
219 -42
220 -34
221 -38
222 -34
223 -34
224 -38
225 -38
226 -38
227 -38
228 -38
229 -38
230 -34
231 -34
232 -30
233 -34
234 -34
235 -38
236 -38
237 -42
238 -42
239 -38
240 -42
241 -42
242 -42
243 -38
244 -34
245 -34
246 -42
247 -42
248 -42
249 -42
250 -42
251 -42
252 -38
253 -38
254 -38
255 -34
256 -38
257 -34
258 -30
259 -30
260 -26
261 -30
262 -30
263 -34
264 -34
265 -34
266 -34
267 -38
268 -42
269 -46
270 -38
271 -34
272 -34
273 -46
274 -42
275 -42
276 -38
277 -42
278 -42
279 -38
280 -42
281 -42
282 -42
283 -42
284 -42
285 -42
286 -42
287 -42
288 -38
289 -38
290 -38
291 -42
292 -42
293 -42
294 -38
295 -42
296 -46
297 -38
298 -46
299 -46
300 -46
301 -46
302 -38
303 -38
304 -38
305 -42
306 -42
307 -42
308 -42
309 -42
310 -38
311 -38
312 -38
313 -38
314 -38
315 -34
316 -30
317 -34
318 -38
319 -38
320 -38
321 -38
322 -38
323 -42
324 -38
325 -38
326 -42
327 -30
328 -34
329 -34
330 -34
331 -34
332 -34
333 -34
334 -34
335 -34
336 -38
337 -38
338 -46
339 -46
340 -46
341 -46
342 -38
343 -38
344 -38
345 -42
346 -42
347 -42
348 -42
349 -38
350 -38
351 -42
352 -42
353 -42
354 -42
355 -38
356 -38
357 -38
358 -38
359 -34
360 -34
361 -30
362 -34
363 -38
364 -38
365 -38
366 -42
367 -42
368 -42
369 -38
370 -38
371 -38
372 -42
373 -46
374 -46
375 -42
376 -42
377 -42
378 -42
379 -42
380 -42
381 -42
382 -38
383 -38
384 -30
385 -34
386 -38
387 -34
388 -38
389 -34
390 -34
391 -34
392 -38
393 -38
394 -34
395 -38
396 -38
397 -38
398 -34
399 -46
400 -42
401 -38
402 -34
403 -42
404 -42
405 -42
406 -38
407 -42
408 -42
409 -42
410 -42
411 -42
412 -42
413 -42
414 -38
415 -38
416 -38
417 -42
418 -42
419 -42
420 -42
421 -42
422 -46
423 -46
424 -46
425 -42
426 -42
427 -42
428 -42
429 -42
430 -42
431 -38
432 -38
433 -42
434 -42
435 -42
436 -42
437 -42
438 -42
439 -42
440 -42
441 -42
442 -38
443 -38
444 -42
445 -42
446 -42
447 -42
448 -38
449 -38
450 -38
451 -38
452 -30
453 -30
454 -30
455 -38
456 -38
457 -42
458 -38
459 -42
460 -42
461 -42
462 -34
463 -38
464 -38
465 -38
466 -38
467 -34
468 -34
469 -38
470 -38
471 -38
472 -38
473 -38
474 -38
475 -42
476 -42
477 -30
478 -34
479 -38
480 -38
481 -38
482 -30
483 -34
484 -34
485 -38
486 -34
487 -38
488 -34
489 -34
490 -38
491 -38
492 -38
493 -46
494 -46
495 -46
496 -46
497 -46
498 -46
499 -42
500 -42
501 -42
502 -42
503 -42
504 -42
505 -42
506 -38
507 -34
508 -30
509 -34
510 -34
511 -30
512 -30
513 -34
514 -34
515 -34
516 -38
517 -42
518 -42
519 -42
520 -42
521 -42
522 -42
523 -38
524 -30
525 -34
526 -34
527 -34
528 -34
529 -34
530 -38
531 -34
532 -34
533 -34
534 -34
535 -38
536 -30
537 -30
538 -38
539 -38
540 -38
541 -38
542 -38
543 -38
544 -38
545 -38
546 -42
547 -38
548 -34
549 -34
550 -34
551 -38
552 -42
553 -42
554 -42
555 -42
556 -42
557 -38
558 -38
559 -42
560 -42
561 -42
562 -46
563 -46
564 -46
565 -46
566 -46
567 -46
568 -42
569 -42
570 -38
571 -42
572 -42
573 -38
574 -42
575 -42
576 -42
577 -42
578 -38
579 -38
580 -42
581 -42
582 -46
583 -42
584 -46
585 -46
586 -42
587 -42
588 -42
589 -42
590 -46
591 -46
592 -46
593 -38
594 -42
595 -42
596 -42
597 -38
598 -42
599 -42
600 -46
601 -46
602 -46
603 -42
604 -38
605 -38
606 -38
607 -42
608 -38
609 -30
610 -34
611 -42
612 -42
613 -38
614 -42
615 -42
616 -38
617 -42
618 -42
619 -42
620 -34
621 -34
622 -38
623 -38
624 -34
625 -34
626 -38
627 -38
628 -34
629 -38
630 -38
631 -34
632 -34
633 -38
634 -38
635 -38
636 -38
637 -34
638 -34
639 -34
640 -38
641 -38
642 -34
643 -34
644 -34
645 -38
646 -38
647 -38
648 -38
649 -38
650 -30
651 -34
652 -30
653 -34
654 -34
655 -30
656 -30
657 -38
658 -34
659 -38
660 -38
661 -38
662 -38
663 -46
664 -46
665 -46
666 -42
667 -38
668 -46
669 -38
670 -34
671 -34
672 -34
673 -42
674 -42
675 -42
676 -46
677 -46
678 -46
679 -46
680 -46
681 -46
682 -38
683 -38
684 -38
685 -34
686 -34
687 -34
688 -34
689 -34
690 -34
691 -34
692 -30
693 -38
694 -34
695 -34
696 -34
697 -30
698 -38
699 -42
700 -38
701 -34
702 -38
703 -38
704 -38
705 -38
706 -42
707 -42
708 -42
709 -30
710 -34
711 -38
712 -38
713 -38
714 -38
715 -38
716 -38
717 -30
718 -30
719 -38
720 -38
721 -38
722 -38
723 -38
724 -38
725 -34
726 -38
727 -34
728 -34
729 -38
730 -38
731 -34
732 -34
733 -38
734 -34
735 -34
736 -34
737 -34
738 -42
739 -42
740 -38
741 -42
742 -38
743 -42
744 -38
745 -38
746 -38
747 -42
748 -42
749 -42
750 -38
751 -38
752 -38
753 -42
754 -42
755 -42
756 -38
757 -38
758 -42
759 -42
760 -42
761 -42
762 -42
763 -42
764 -38
765 -38
766 -38
767 -42
768 -42
769 -38
770 -34
771 -34
772 -38
773 -34
774 -42
775 -38
776 -34
777 -42
778 -38
779 -38
780 -42
781 -42
782 -42
783 -38
784 -38
785 -38
786 -38
787 -42
788 -42
789 -42
790 -42
791 -38
792 -42
793 -42
794 -38
795 -42
796 -38
797 -34
798 -42
799 -42
800 -42
801 -46
802 -42
803 -42
804 -42
805 -38
806 -38
807 -38
808 -38
809 -42
810 -38
811 -38
812 -42
813 -42
814 -38
815 -42
816 -38
817 -42
818 -46
819 -42
820 -42
821 -46
822 -38
823 -30
824 -30
825 -34
826 -38
827 -38
828 -38
829 -42
830 -38
831 -42
832 -42
833 -42
834 -38
835 -38
836 -42
837 -42
838 -42
839 -42
840 -42
841 -42
842 -42
843 -42
844 -42
845 -42
846 -38
847 -38
848 -38
849 -38
850 -38
851 -42
852 -42
853 -42
854 -38
855 -34
856 -30
857 -34
858 -34
859 -34
860 -30
861 -38
862 -38
863 -38
864 -38
865 -38
866 -38
867 -38
868 -38
869 -38
870 -38
871 -42
872 -42
873 -34
874 -34
875 -30
876 -34
877 -34
878 -34
879 -38
880 -38
881 -38
882 -38
883 -38
884 -38
885 -34
886 -38
887 -38
888 -38
889 -30
890 -38
891 -38
892 -38
893 -38
894 -38
895 -38
896 -38
897 -38
898 -34
899 -34
900 -30
901 -30
902 -34
903 -26
904 -34
905 -34
906 -34
907 -38
908 -34
909 -38
910 -30
911 -34
912 -34
913 -30
914 -26
915 -30
916 -34
917 -34
918 -34
919 -38
920 -42
921 -42
922 -34
923 -38
924 -38
925 -38
926 -34
927 -38
928 -38
929 -38
930 -42
931 -38
932 -38
933 -34
934 -30
935 -26
936 -30
937 -30
938 -30
939 -34
940 -34
941 -34
942 -38
943 -38
944 -42
945 -42
946 -42
947 -38
948 -34
949 -38
950 -38
951 -38
952 -34
953 -30
954 -30
955 -34
956 -34
957 -34
958 -34
959 -34
960 -38
961 -34
962 -42
963 -42
964 -38
965 -38
966 -34
967 -42
968 -46
969 -42
970 -46
971 -42
972 -38
973 -38
974 -38
975 -42
976 -42
977 -42
978 -42
979 -46
980 -46
981 -38
982 -42
983 -46
984 -42
985 -42
986 -42
987 -42
988 -42
989 -42
990 -42
991 -46
992 -46
993 -46
994 -46
995 -46
996 -46
997 -42
998 -38
999 -34
1000 -38
1001 -38
1002 -38
1003 -38
1004 -30
1005 -34
1006 -42
1007 -42
1008 -42
1009 -42
1010 -38
1011 -38
1012 -34
1013 -38
1014 -42
1015 -42
1016 -42
1017 -38
1018 -38
1019 -42
1020 -42
1021 -42
1022 -42
1023 -38
1024 -38
1025 -38
1026 -42
1027 -38
1028 -38
1029 -34
1030 -38
1031 -42
1032 -38
1033 -42
1034 -38
1035 -38
1036 -38
1037 -42
1038 -42
1039 -42
1040 -38
1041 -30
1042 -42
1043 -38
1044 -34
1045 -38
1046 -38
1047 -38
1048 -38
1049 -38
1050 -42
1051 -42
1052 -42
1053 -38
1054 -34
1055 -34
1056 -34
1057 -38
1058 -38
1059 -38
1060 -38
1061 -34
1062 -42
1063 -38
1064 -42
1065 -42
1066 -46
1067 -46
1068 -46
1069 -46
1070 -46
1071 -46
1072 -46
1073 -42
1074 -38
1075 -38
1076 -42
1077 -46
1078 -42
1079 -42
1080 -42
1081 -38
1082 -34
1083 -38
1084 -42
1085 -42
1086 -42
1087 -42
1088 -42
1089 -42
1090 -38
1091 -42
1092 -42
1093 -42
1094 -42
1095 -38
1096 -34
1097 -34
1098 -34
1099 -38
1100 -42
1101 -42
1102 -38
1103 -38
1104 -42
1105 -42
1106 -42
1107 -46
1108 -42
1109 -46
1110 -46
1111 -42
1112 -46
1113 -38
1114 -46
1115 -46
1116 -46
1117 -46
1118 -46
1119 -38
1120 -42
1121 -34
1122 -38
1123 -38
1124 -38
1125 -38
1126 -34
1127 -38
1128 -42
1129 -42
1130 -38
1131 -38
1132 -38
1133 -34
1134 -34
1135 -38
1136 -38
1137 -38
1138 -30
1139 -34
1140 -34
1141 -34
1142 -34
1143 -38
1144 -42
1145 -38
1146 -38
1147 -38
1148 -42
1149 -46
1150 -46
1151 -46
1152 -46
1153 -46
1154 -42
1155 -42
1156 -42
1157 -38
1158 -38
1159 -38
1160 -38
1161 -38
1162 -42
1163 -42
1164 -38
1165 -34
1166 -38
1167 -38
1168 -38
1169 -42
1170 -42
1171 -38
1172 -34
1173 -38
1174 -34
1175 -34
1176 -38
1177 -34
1178 -38
1179 -38
1180 -30
1181 -26
1182 -30
1183 -34
1184 -38
1185 -38
1186 -34
1187 -38
1188 -38
1189 -42
1190 -42
1191 -42
1192 -46
1193 -46
1194 -46
1195 -46
1196 -46
1197 -42
1198 -42
1199 -38
1200 -34
1201 -30
1202 -34
1203 -34
1204 -34
1205 -34
1206 -34
1207 -38
1208 -34
1209 -38
1210 -42
1211 -38
1212 -38
1213 -38
1214 -38
1215 -42
1216 -46
1217 -46
1218 -46
1219 -42
1220 -46
1221 -46
1222 -42
1223 -38
1224 -42
1225 -42
1226 -42
1227 -42
1228 -42
1229 -42
1230 -38
1231 -34
1232 -42
1233 -42
1234 -42
1235 -38
1236 -34
1237 -34
1238 -34
1239 -34
1240 -38
1241 -34
1242 -42
1243 -46
1244 -46
1245 -42
1246 -38
1247 -38
1248 -34
1249 -34
1250 -26
1251 -30
1252 -30
1253 -34
1254 -34
1255 -38
1256 -34
1257 -34
1258 -34
1259 -34
1260 -30
1261 -38
1262 -38
1263 -42
1264 -38
1265 -42
1266 -42
1267 -38
1268 -38
1269 -38
1270 -42
1271 -38
1272 -38
1273 -38
1274 -46
1275 -46
1276 -46
1277 -42
1278 -38
1279 -38
1280 -38
1281 -38
1282 -38
1283 -42
1284 -38
1285 -34
1286 -38
1287 -34
1288 -38
1289 -38
1290 -38
1291 -34
1292 -38
1293 -42
1294 -38
1295 -42
1296 -42
1297 -38
1298 -38
1299 -42
1300 -42
1301 -42
1302 -42
1303 -42
1304 -38
1305 -46
1306 -38
1307 -42
1308 -38
1309 -38
1310 -38
1311 -46
1312 -46
1313 -46
1314 -46
1315 -42
1316 -34
1317 -34
1318 -38
1319 -38
1320 -38
1321 -42
1322 -42
1323 -42
1324 -42
1325 -42
1326 -46
1327 -42
1328 -42
1329 -42
1330 -42
1331 -38
1332 -34
1333 -34
1334 -38
1335 -34
1336 -30
1337 -34
1338 -38
1339 -38
1340 -42
1341 -38
1342 -38
1343 -42
1344 -42
1345 -42
1346 -42
1347 -42
1348 -42
1349 -46
1350 -46
1351 -46
1352 -42
1353 -42
1354 -42
1355 -42
1356 -38
1357 -38
1358 -38
1359 -38
1360 -34
1361 -38
1362 -38
1363 -42
1364 -42
1365 -34
1366 -34
1367 -46
1368 -38
1369 -34
1370 -34
1371 -38
1372 -38
1373 -38
1374 -30
1375 -38
1376 -42
1377 -42
1378 -42
1379 -42
1380 -38
1381 -38
1382 -38
1383 -42
1384 -38
1385 -34
1386 -38
1387 -34
1388 -38
1389 -38
1390 -42
1391 -42
1392 -38
1393 -34
1394 -38
1395 -38
1396 -38
1397 -38
1398 -34
1399 -34
1400 -34
1401 -34
1402 -30
1403 -34
1404 -38
1405 -46
1406 -42
1407 -42
1408 -46
1409 -46
1410 -38
1411 -42
1412 -42
1413 -42
1414 -42
1415 -46
1416 -42
1417 -42
1418 -42
1419 -42
1420 -46
1421 -42
1422 -42
1423 -42
1424 -42
1425 -38
1426 -34
1427 -38
1428 -42
1429 -42
1430 -42
1431 -42
1432 -42
1433 -42
1434 -38
1435 -38
1436 -46
1437 -42
1438 -42
1439 -46
1440 -46
1441 -42
1442 -46
1443 -46
1444 -46
1445 -46
1446 -46
1447 -46
1448 -46
1449 -46
1450 -42
1451 -42
1452 -38
1453 -34
1454 -38
1455 -42
1456 -46
1457 -42
1458 -42
1459 -42
1460 -42
1461 -38
1462 -34
1463 -34
1464 -42
1465 -42
1466 -38
1467 -38
1468 -34
1469 -38
1470 -34
1471 -34
1472 -46
1473 -42
1474 -42
1475 -42
1476 -42
1477 -38
1478 -38
1479 -42
1480 -42
1481 -42
1482 -42
1483 -42
1484 -38
1485 -42
1486 -38
1487 -38
1488 -30
1489 -34
1490 -34
1491 -30
1492 -38
1493 -34
1494 -34
1495 -30
1496 -30
1497 -34
1498 -34
1499 -34
1500 -42
1501 -42
1502 -38
1503 -38
1504 -38
1505 -38
1506 -38
1507 -42
1508 -34
1509 -38
1510 -30
1511 -34
1512 -34
1513 -38
1514 -38
1515 -42
1516 -42
1517 -38
1518 -38
1519 -46
1520 -38
1521 -38
1522 -30
1523 -38
1524 -38
1525 -42
1526 -42
1527 -42
1528 -38
1529 -38
1530 -38
1531 -38
1532 -38
1533 -38
1534 -38
1535 -38
1536 -38
1537 -34
1538 -30
1539 -30
1540 -34
1541 -38
1542 -46
1543 -46
1544 -46
1545 -46
1546 -42
1547 -42
1548 -46
1549 -34
1550 -34
1551 -34
1552 -38
1553 -38
1554 -38
1555 -38
1556 -38
1557 -42
1558 -38
1559 -38
1560 -38
1561 -38
1562 -42
1563 -42
1564 -38
1565 -42
1566 -34
1567 -30
1568 -30
1569 -34
1570 -38
1571 -30
1572 -34
1573 -38
1574 -38
1575 -42
1576 -42
1577 -46
1578 -42
1579 -38
1580 -38
1581 -38
1582 -38
1583 -30
1584 -30
1585 -30
1586 -38
1587 -42
1588 -38
1589 -38
1590 -42
1591 -42
1592 -30
1593 -30
1594 -30
1595 -34
1596 -38
1597 -38
1598 -38
1599 -38
1600 -34
1601 -34
1602 -34
1603 -34
1604 -34
1605 -38
1606 -38
1607 -38
1608 -38
1609 -38
1610 -38
1611 -30
1612 -30
1613 -34
1614 -34
1615 -34
1616 -38
1617 -38
1618 -34
1619 -38
1620 -38
1621 -42
1622 -38
1623 -34
1624 -38
1625 -34
1626 -26
1627 -26
1628 -26
1629 -30
1630 -30
1631 -34
1632 -34
1633 -30
1634 -30
1635 -34
1636 -42
1637 -42
1638 -42
1639 -42
1640 -42
1641 -38
1642 -38
1643 -42
1644 -38
1645 -42
1646 -46
1647 -42
1648 -42
1649 -42
1650 -38
1651 -38
1652 -34
1653 -42
1654 -42
1655 -42
1656 -34
1657 -38
1658 -38
1659 -38
1660 -34
1661 -34
1662 -30
1663 -34
1664 -38
1665 -38
1666 -38
1667 -34
1668 -38
1669 -38
1670 -30
1671 -34
1672 -38
1673 -42
1674 -42
1675 -38
1676 -38
1677 -38
1678 -42
1679 -42
1680 -42
1681 -38
1682 -34
1683 -38
1684 -38
1685 -38
1686 -38
1687 -38
1688 -34
1689 -38
1690 -38
1691 -34
1692 -38
1693 -38
1694 -42
1695 -46
1696 -42
1697 -46
1698 -46
1699 -42
1700 -42
1701 -42
1702 -34
1703 -38
1704 -38
1705 -34
1706 -30
1707 -34
1708 -34
1709 -30
1710 -34
1711 -34
1712 -42
1713 -46
1714 -46
1715 -46
1716 -46
1717 -46
1718 -42
1719 -42
1720 -42
1721 -34
1722 -34
1723 -30
1724 -38
1725 -42
1726 -34
1727 -38
1728 -38
1729 -38
1730 -42
1731 -42
1732 -38
1733 -42
1734 -42
1735 -38
1736 -38
1737 -42
1738 -42
1739 -42
1740 -42
1741 -42
1742 -38
1743 -42
1744 -34
1745 -34
1746 -38
1747 -38
1748 -38
1749 -38
1750 -34
1751 -34
1752 -38
1753 -38
1754 -38
1755 -34
1756 -38
1757 -42
1758 -46
1759 -38
1760 -42
1761 -42
1762 -38
1763 -34
1764 -38
1765 -46
1766 -46
1767 -42
1768 -42
1769 -42
1770 -38
1771 -42
1772 -42
1773 -38
1774 -34
1775 -34
1776 -38
1777 -46
1778 -42
1779 -42
1780 -42
1781 -34
1782 -34
1783 -34
1784 -34
1785 -30
1786 -30
1787 -30
1788 -30
1789 -42
1790 -42
1791 -42
1792 -34
1793 -38
1794 -34
1795 -42
1796 -42
1797 -34
1798 -38
1799 -42
1800 -38
1801 -34
1802 -38
1803 -34
1804 -34
1805 -30
1806 -34
1807 -42
1808 -42
1809 -38
1810 -38
1811 -38
1812 -42
1813 -38
1814 -46
1815 -46
1816 -46
1817 -50
1818 -46
1819 -46
1820 -42
1821 -38
1822 -46
1823 -46
1824 -46
1825 -50
1826 -42
1827 -42
1828 -42
1829 -42
1830 -38
1831 -42
1832 -38
1833 -38
1834 -42
1835 -38
1836 -38
1837 -38
1838 -34
1839 -34
1840 -30
1841 -30
1842 -38
1843 -34
1844 -42
1845 -42
1846 -34
1847 -34
1848 -34
1849 -34
1850 -34
1851 -38
1852 -42
1853 -42
1854 -42
1855 -38
1856 -34
1857 -42
1858 -38
1859 -38
1860 -38
1861 -34
1862 -38
1863 -38
1864 -38
1865 -34
1866 -38
1867 -42
1868 -42
1869 -42
1870 -42
1871 -42
1872 -42
1873 -46
1874 -42
1875 -38
1876 -42
1877 -34
1878 -42
1879 -42
1880 -38
1881 -34
1882 -38
1883 -38
1884 -38
1885 -38
1886 -46
1887 -46
1888 -46
1889 -46
1890 -42
1891 -46
1892 -46
1893 -46
1894 -42
1895 -42
1896 -42
1897 -46
1898 -42
1899 -42
1900 -34
1901 -38
1902 -34
1903 -34
1904 -38
1905 -38
1906 -38
1907 -38
1908 -38
1909 -38
1910 -38
1911 -38
1912 -34
1913 -34
1914 -34
1915 -34
1916 -34
1917 -34
1918 -30
1919 -38
1920 -34
1921 -38
1922 -42
1923 -38
1924 -38
1925 -38
1926 -42
1927 -38
1928 -34
1929 -42
1930 -42
1931 -42
1932 -38
1933 -38
1934 -38
1935 -38
1936 -38
1937 -42
1938 -38
1939 -42
1940 -42
1941 -42
1942 -38
1943 -34
1944 -38
1945 -46
1946 -46
1947 -46
1948 -46
1949 -46
1950 -42
1951 -42
1952 -42
1953 -38
1954 -38
1955 -38
1956 -42
1957 -42
1958 -42
1959 -38
1960 -42
1961 -38
1962 -38
1963 -42
1964 -42
1965 -42
1966 -42
1967 -34
1968 -38
1969 -42
1970 -42
1971 -38
1972 -38
1973 -38
1974 -38
1975 -46
1976 -46
1977 -46
1978 -46
1979 -38
1980 -46
1981 -46
1982 -42
1983 -42
1984 -38
1985 -34
1986 -42
1987 -42
1988 -42
1989 -42
1990 -42
1991 -42
1992 -38
1993 -34
1994 -34
1995 -34
1996 -42
1997 -42
1998 -42
1999 -46
2000 -42
2001 -46
2002 -46
2003 -42
2004 -42
2005 -38
2006 -34
2007 -34
2008 -34
2009 -38
2010 -42
2011 -38
2012 -34
2013 -34
2014 -38
2015 -42
2016 -38
2017 -42
2018 -42
2019 -34
2020 -38
2021 -42
2022 -34
2023 -30
2024 -46
2025 -46
2026 -46
2027 -46
2028 -46
2029 -46
2030 -46
2031 -42
2032 -46
2033 -38
2034 -34
2035 -38
2036 -38
2037 -38
2038 -38
2039 -38
2040 -42
2041 -42
2042 -30
2043 -34
2044 -34
2045 -30
2046 -34
2047 -38
2048 -42
2049 -42
2050 -38
2051 -34
2052 -34
2053 -38
2054 -38
2055 -46
2056 -46
2057 -46
2058 -46
2059 -38
2060 -42
2061 -46
2062 -46
2063 -46
2064 -42
2065 -46
2066 -46
2067 -46
2068 -46
2069 -46
2070 -46
2071 -46
2072 -46
2073 -46
2074 -46
2075 -46
2076 -46
2077 -50
2078 -46
2079 -50
2080 -42
2081 -46
2082 -50
2083 -46
2084 -42
2085 -46
2086 -46
2087 -46
2088 -46
2089 -46
2090 -46
2091 -42
2092 -42
2093 -42
2094 -38
2095 -42
2096 -42
2097 -42
2098 -38
2099 -34
2100 -38
2101 -38
2102 -38
2103 -38
2104 -38
2105 -38
2106 -34
2107 -34
2108 -34
2109 -38
2110 -38
2111 -42
2112 -42
2113 -46
2114 -42
2115 -42
2116 -42
2117 -38
2118 -46
2119 -46
2120 -42
2121 -38
2122 -42
2123 -46
2124 -46
2125 -46
2126 -42
2127 -46
2128 -46
2129 -42
2130 -38
2131 -42
2132 -42
2133 -42
2134 -38
2135 -34
2136 -38
2137 -42
2138 -42
2139 -42
2140 -42
2141 -34
2142 -30
2143 -22
2144 -26
2145 -34
2146 -38
2147 -38
2148 -38
2149 -34
2150 -38
2151 -34
2152 -34
2153 -34
2154 -34
2155 -34
2156 -34
2157 -38
2158 -38
2159 -38
2160 -34
2161 -42
2162 -42
2163 -42
2164 -42
2165 -42
2166 -46
2167 -42
2168 -42
2169 -38
2170 -42
2171 -42
2172 -38
2173 -42
2174 -42
2175 -38
2176 -38
2177 -46
2178 -42
2179 -38
2180 -38
2181 -38
2182 -38
2183 -34
2184 -34
2185 -30
2186 -38
2187 -38
2188 -34
2189 -38
2190 -38
2191 -38
2192 -38
2193 -34
2194 -34
2195 -34
2196 -34
2197 -46
2198 -46
2199 -42
2200 -46
2201 -46
2202 -46
2203 -46
2204 -42
2205 -38
2206 -46
2207 -46
2208 -46
2209 -46
2210 -46
2211 -46
2212 -42
2213 -34
2214 -30
2215 -30
2216 -30
2217 -30
2218 -34
2219 -34
2220 -30
2221 -38
2222 -38
2223 -38
2224 -38
2225 -30
2226 -34
2227 -30
2228 -34
2229 -30
2230 -34
2231 -34
2232 -30
2233 -38
2234 -38
2235 -38
2236 -42
2237 -42
2238 -42
2239 -42
2240 -38
2241 -42
2242 -42
2243 -34
2244 -42
2245 -42
2246 -42
2247 -42
2248 -38
2249 -34
2250 -38
2251 -38
2252 -42
2253 -42
2254 -42
2255 -42
2256 -42
2257 -38
2258 -38
2259 -38
2260 -34
2261 -30
2262 -34
2263 -34
2264 -34
2265 -34
2266 -38
2267 -38
2268 -38
2269 -42
2270 -42
2271 -42
2272 -42
2273 -42
2274 -42
2275 -34
2276 -34
2277 -34
2278 -34
2279 -30
2280 -26
2281 -30
2282 -30
2283 -30
2284 -30
2285 -26
2286 -34
2287 -34
2288 -34
2289 -38
2290 -34
2291 -42
2292 -46
2293 -42
2294 -42
2295 -42
2296 -38
2297 -42
2298 -38
2299 -34
2300 -42
2301 -42
2302 -42
2303 -42
2304 -42
2305 -42
2306 -42
2307 -42
2308 -42
2309 -38
2310 -30
2311 -34
2312 -34
2313 -38
2314 -38
2315 -38
2316 -42
2317 -42
2318 -42
2319 -38
2320 -38
2321 -38
2322 -38
2323 -42
2324 -42
2325 -42
2326 -38
2327 -38
2328 -38
2329 -38
2330 -38
2331 -34
2332 -34
2333 -34
2334 -38
2335 -38
2336 -34
2337 -30
2338 -34
2339 -34
2340 -34
2341 -34
2342 -38
2343 -38
2344 -38
2345 -38
2346 -30
2347 -38
2348 -34
2349 -34
2350 -38
2351 -38
2352 -38
2353 -38
2354 -38
2355 -38
2356 -34
2357 -38
2358 -34
2359 -38
2360 -38
2361 -38
2362 -34
2363 -34
2364 -34
2365 -38
2366 -38
2367 -38
2368 -38
2369 -38
2370 -38
2371 -38
2372 -38
2373 -38
2374 -34
2375 -38
2376 -34
2377 -34
2378 -34
2379 -38
2380 -38
2381 -38
2382 -38
2383 -38
2384 -34
2385 -30
2386 -38
2387 -38
2388 -38
2389 -38
2390 -42
2391 -42
2392 -38
2393 -34
2394 -34
2395 -30
2396 -38
2397 -38
2398 -38
2399 -38
2400 -38
2401 -38
2402 -38
2403 -30
2404 -30
2405 -30
2406 -34
2407 -34
2408 -38
2409 -42
2410 -42
2411 -42
2412 -42
2413 -38
2414 -38
2415 -34
2416 -30
2417 -42
2418 -38
2419 -30
2420 -38
2421 -38
2422 -34
2423 -34
2424 -38
2425 -34
2426 -30
2427 -38
2428 -38
2429 -30
2430 -34
2431 -38
2432 -38
2433 -38
2434 -38
2435 -38
2436 -38
2437 -42
2438 -46
2439 -46
2440 -46
2441 -42
2442 -46
2443 -46
2444 -46
2445 -42
2446 -42
2447 -42
2448 -42
2449 -38
2450 -38
2451 -38
2452 -38
2453 -38
2454 -38
2455 -34
2456 -30
2457 -34
2458 -34
2459 -34
2460 -30
2461 -34
2462 -34
2463 -34
2464 -42
2465 -38
2466 -38
2467 -38
2468 -38
2469 -42
2470 -38
2471 -38
2472 -38
2473 -34
2474 -30
2475 -38
2476 -34
2477 -34
2478 -38
2479 -38
2480 -38
2481 -34
2482 -38
2483 -34
2484 -30
2485 -30
2486 -30
2487 -30
2488 -30
2489 -34
2490 -26
2491 -34
2492 -34
2493 -30
2494 -34
2495 -34
2496 -38
2497 -38
2498 -42
2499 -42
2500 -42
2501 -42
2502 -38
2503 -42
2504 -42
2505 -38
2506 -38
2507 -38
2508 -42
2509 -42
2510 -42
2511 -38
2512 -38
2513 -38
2514 -38
2515 -38
2516 -38
2517 -38
2518 -38
2519 -34
2520 -34
2521 -38
2522 -42
2523 -42
2524 -46
2525 -42
2526 -42
2527 -42
2528 -38
2529 -38
2530 -38
2531 -38
2532 -34
2533 -30
2534 -34
2535 -34
2536 -30
2537 -34
2538 -34
2539 -38
2540 -38
2541 -38
2542 -38
2543 -38
2544 -38
2545 -38
2546 -38
2547 -34
2548 -34
2549 -38
2550 -38
2551 -38
2552 -34
2553 -30
2554 -30
2555 -34
2556 -42
2557 -42
2558 -34
2559 -34
2560 -34
2561 -38
2562 -34
2563 -38
2564 -34
2565 -38
2566 -42
2567 -42
2568 -42
2569 -42
2570 -34
2571 -38
2572 -38
2573 -38
2574 -34
2575 -38
2576 -42
2577 -34
2578 -34
2579 -34
2580 -34
2581 -38
2582 -38
2583 -38
2584 -42
2585 -42
2586 -42
2587 -42
2588 -42
2589 -42
2590 -42
2591 -42
2592 -42
2593 -46
2594 -46
2595 -46
2596 -46
2597 -46
2598 -46
2599 -42
2600 -30
2601 -38
2602 -34
2603 -38
2604 -38
2605 -38
2606 -34
2607 -38
2608 -42
2609 -42
2610 -42
2611 -42
2612 -38
2613 -38
2614 -34
2615 -34
2616 -34
2617 -38
2618 -34
2619 -38
2620 -34
2621 -34
2622 -34
2623 -34
2624 -38
2625 -38
2626 -38
2627 -38
2628 -34
2629 -38
2630 -38
2631 -38
2632 -38
2633 -34
2634 -42
2635 -42
2636 -42
2637 -42
2638 -42
2639 -38
2640 -34
2641 -34
2642 -34
2643 -34
2644 -34
2645 -38
2646 -34
2647 -38
2648 -30
2649 -38
2650 -38
2651 -38
2652 -38
2653 -34
2654 -34
2655 -34
2656 -38
2657 -38
2658 -42
2659 -42
2660 -38
2661 -42
2662 -46
2663 -42
2664 -42
2665 -38
2666 -34
2667 -34
2668 -38
2669 -38
2670 -38
2671 -38
2672 -34
2673 -38
2674 -38
2675 -38
2676 -38
2677 -38
2678 -38
2679 -42
2680 -42
2681 -38
2682 -42
2683 -42
2684 -42
2685 -42
2686 -42
2687 -42
2688 -38
2689 -38
2690 -34
2691 -42
2692 -38
2693 -42
2694 -42
2695 -38
2696 -38
2697 -42
2698 -46
2699 -42
2700 -42
2701 -42
2702 -42
2703 -46
2704 -46
2705 -46
2706 -46
2707 -46
2708 -46
2709 -46
2710 -38
2711 -42
2712 -42
2713 -34
2714 -42
2715 -42
2716 -42
2717 -42
2718 -46
2719 -46
2720 -46
2721 -38
2722 -38
2723 -38
2724 -42
2725 -42
2726 -46
2727 -42
2728 -46
2729 -46
2730 -46
2731 -46
2732 -46
2733 -38
2734 -38
2735 -42
2736 -46
2737 -46
2738 -46
2739 -46
2740 -42
2741 -38
2742 -42
2743 -42
2744 -38
2745 -38
2746 -38
2747 -38
2748 -34
2749 -34
2750 -38
2751 -42
2752 -46
2753 -46
2754 -46
2755 -42
2756 -42
2757 -42
2758 -34
2759 -34
2760 -38
2761 -42
2762 -46
2763 -42
2764 -46
2765 -46
2766 -42
2767 -42
2768 -42
2769 -38
2770 -38
2771 -38
2772 -42
2773 -38
2774 -42
2775 -42
2776 -38
2777 -42
2778 -34
2779 -42
2780 -42
2781 -42
2782 -42
2783 -42
2784 -38
2785 -42
2786 -42
2787 -42
2788 -38
2789 -34
2790 -30
2791 -38
2792 -42
2793 -42
2794 -42
2795 -42
2796 -42
2797 -38
2798 -34
2799 -34
2800 -34
2801 -38
2802 -42
2803 -42
2804 -38
2805 -38
2806 -42
2807 -42
2808 -42
2809 -38
2810 -38
2811 -38
2812 -42
2813 -42
2814 -46
2815 -42
2816 -38
2817 -34
2818 -34
2819 -30
2820 -38
2821 -38
2822 -38
2823 -38
2824 -38
2825 -34
2826 -34
2827 -38
2828 -42
2829 -42
2830 -38
2831 -42
2832 -42
2833 -42
2834 -42
2835 -42
2836 -42
2837 -46
2838 -42
2839 -42
2840 -42
2841 -42
2842 -42
2843 -42
2844 -46
2845 -46
2846 -42
2847 -42
2848 -42
2849 -34
2850 -34
2851 -38
2852 -42
2853 -38
2854 -38
2855 -42
2856 -42
2857 -42
2858 -38
2859 -38
2860 -30
2861 -34
2862 -38
2863 -38
2864 -34
2865 -38
2866 -34
2867 -30
2868 -34
2869 -34
2870 -38
2871 -34
2872 -38
2873 -42
2874 -42
2875 -42
2876 -34
2877 -38
2878 -34
2879 -34
2880 -38
2881 -42
2882 -38
2883 -38
2884 -38
2885 -38
2886 -42
2887 -34
2888 -38
2889 -38
2890 -42
2891 -46
2892 -42
2893 -46
2894 -42
2895 -42
2896 -38
2897 -38
2898 -42
2899 -42
2900 -34
2901 -38
2902 -38
2903 -38
2904 -42
2905 -42
2906 -34
2907 -38
2908 -38
2909 -34
2910 -34
2911 -34
2912 -30
2913 -30
2914 -34
2915 -34
2916 -42
2917 -42
2918 -42
2919 -42
2920 -46
2921 -46
2922 -50
2923 -50
2924 -50
2925 -50
2926 -46
2927 -46
2928 -42
2929 -46
2930 -46
2931 -42
2932 -42
2933 -42
2934 -42
2935 -42
2936 -42
2937 -38
2938 -38
2939 -38
2940 -38
2941 -38
2942 -42
2943 -42
2944 -42
2945 -42
2946 -42
2947 -38
2948 -42
2949 -42
2950 -42
2951 -42
2952 -42
2953 -42
2954 -42
2955 -42
2956 -46
2957 -46
2958 -42
2959 -42
2960 -42
2961 -38
2962 -38
2963 -38
2964 -34
2965 -38
2966 -38
2967 -38
2968 -38
2969 -34
2970 -30
2971 -30
2972 -34
2973 -42
2974 -42
2975 -42
2976 -38
2977 -42
2978 -38
2979 -42
2980 -42
2981 -46
2982 -42
2983 -42
2984 -42
2985 -38
2986 -38
2987 -38
2988 -38
2989 -34
2990 -38
2991 -38
2992 -42
2993 -42
2994 -42
2995 -42
2996 -42
2997 -38
2998 -38
2999 -38
3000 -38
3001 -34
3002 -34
3003 -38
3004 -42
3005 -38
3006 -38
3007 -38
3008 -42
3009 -46
3010 -42
3011 -42
3012 -38
3013 -42
3014 -46
3015 -46
3016 -38
3017 -42
3018 -42
3019 -42
3020 -38
3021 -46
3022 -46
3023 -46
3024 -38
3025 -34
3026 -34
3027 -38
3028 -34
3029 -30
3030 -38
3031 -34
3032 -34
3033 -34
3034 -26
3035 -30
3036 -38
3037 -34
3038 -38
3039 -38
3040 -38
3041 -38
3042 -38
3043 -38
3044 -38
3045 -42
3046 -42
3047 -46
3048 -42
3049 -42
3050 -38
3051 -42
3052 -38
3053 -38
3054 -34
3055 -38
3056 -42
3057 -42
3058 -38
3059 -42
3060 -42
3061 -42
3062 -42
3063 -42
3064 -42
3065 -42
3066 -38
3067 -38
3068 -38
3069 -38
3070 -42
3071 -42
3072 -42
3073 -42
3074 -42
3075 -38
3076 -34
3077 -42
3078 -42
3079 -46
3080 -46
3081 -46
3082 -42
3083 -42
3084 -46
3085 -46
3086 -46
3087 -46
3088 -42
3089 -38
3090 -42
3091 -34
3092 -34
3093 -38
3094 -38
3095 -38
3096 -38
3097 -38
3098 -38
3099 -34
3100 -42
3101 -46
3102 -46
3103 -38
3104 -38
3105 -34
3106 -38
3107 -38
3108 -38
3109 -38
3110 -42
3111 -34
3112 -26
3113 -38
3114 -38
3115 -38
3116 -34
3117 -38
3118 -34
3119 -34
3120 -34
3121 -38
3122 -34
3123 -34
3124 -34
3125 -30
3126 -38
3127 -38
3128 -38
3129 -38
3130 -42
3131 -42
3132 -42
3133 -38
3134 -38
3135 -42
3136 -34
3137 -38
3138 -42
3139 -42
3140 -38
3141 -38
3142 -42
3143 -38
3144 -42
3145 -42
3146 -42
3147 -42
3148 -42
3149 -42
3150 -42
3151 -38
3152 -42
3153 -46
3154 -38
3155 -38
3156 -34
3157 -38
3158 -42
3159 -42
3160 -46
3161 -46
3162 -46
3163 -42
3164 -42
3165 -42
3166 -46
3167 -42
3168 -42
3169 -46
3170 -46
3171 -46
3172 -46
3173 -38
3174 -46
3175 -46
3176 -38
3177 -38
3178 -38
3179 -38
3180 -42
3181 -42
3182 -42
3183 -38
3184 -38
3185 -38
3186 -38
3187 -38
3188 -38
3189 -34
3190 -38
3191 -38
3192 -42
3193 -42
3194 -42
3195 -38
3196 -38
3197 -38
3198 -42
3199 -42
3200 -42
3201 -42
3202 -42
3203 -42
3204 -42
3205 -46
3206 -42
3207 -42
3208 -38
3209 -38
3210 -38
3211 -38
3212 -38
3213 -38
3214 -34
3215 -38
3216 -38
3217 -34
3218 -34
3219 -34
3220 -38
3221 -42
3222 -42
3223 -42
3224 -42
3225 -42
3226 -38
3227 -38
3228 -38
3229 -42
3230 -42
3231 -42
3232 -42
3233 -42
3234 -42
3235 -38
3236 -42
3237 -42
3238 -42
3239 -42
3240 -38
3241 -38
3242 -42
3243 -42
3244 -42
3245 -42
3246 -42
3247 -38
3248 -34
3249 -42
3250 -42
3251 -38
3252 -38
3253 -38
3254 -34
3255 -38
3256 -30
3257 -34
3258 -34
3259 -38
3260 -38
3261 -34
3262 -38
3263 -38
3264 -38
3265 -38
3266 -38
3267 -42
3268 -42
3269 -38
3270 -42
3271 -38
3272 -34
3273 -34
3274 -34
3275 -34
3276 -34
3277 -34
3278 -34
3279 -38
3280 -34
3281 -38
3282 -42
3283 -38
3284 -42
3285 -42
3286 -34
3287 -38
3288 -38
3289 -30
3290 -38
3291 -34
3292 -34
3293 -34
3294 -38
3295 -38
3296 -38
3297 -42
3298 -42
3299 -42
3300 -38
3301 -42
3302 -42
3303 -34
3304 -30
3305 -38
3306 -34
3307 -30
3308 -38
3309 -38
3310 -42
3311 -34
3312 -38
3313 -42
3314 -38
3315 -30
3316 -34
3317 -38
3318 -42
3319 -38
3320 -38
3321 -34
3322 -38
3323 -34
3324 -34
3325 -34
3326 -34
3327 -34
3328 -34
3329 -30
3330 -34
3331 -38
3332 -38
3333 -38
3334 -38
3335 -38
3336 -34
3337 -34
3338 -34
3339 -30
3340 -34
3341 -34
3342 -34
3343 -38
3344 -38
3345 -34
3346 -38
3347 -38
3348 -42
3349 -42
3350 -42
3351 -34
3352 -38
3353 -42
3354 -46
3355 -46
3356 -46
3357 -42
3358 -38
3359 -38
3360 -42
3361 -38
3362 -38
3363 -42
3364 -38
3365 -34
3366 -30
3367 -34
3368 -30
3369 -30
3370 -34
3371 -38
3372 -38
3373 -38
3374 -42
3375 -42
3376 -42
3377 -42
3378 -46
3379 -46
3380 -46
3381 -46
3382 -46
3383 -46
3384 -46
3385 -46
3386 -46
3387 -46
3388 -46
3389 -42
3390 -46
3391 -42
3392 -38
3393 -38
3394 -38
3395 -38
3396 -38
3397 -42
3398 -42
3399 -38
3400 -34
3401 -34
3402 -34
3403 -38
3404 -38
3405 -38
3406 -38
3407 -38
3408 -42
3409 -42
3410 -38
3411 -34
3412 -38
3413 -38
3414 -34
3415 -30
3416 -34
3417 -30
3418 -34
3419 -34
3420 -38
3421 -34
3422 -34
3423 -34
3424 -34
3425 -34
3426 -34
3427 -34
3428 -30
3429 -30
3430 -30
3431 -26
3432 -26
3433 -30
3434 -26
3435 -34
3436 -30
3437 -30
3438 -30
3439 -38
3440 -38
3441 -38
3442 -42
3443 -42
3444 -38
3445 -38
3446 -38
3447 -34
3448 -34
3449 -38
3450 -38
3451 -38
3452 -42
3453 -42
3454 -42
3455 -30
3456 -38
3457 -34
3458 -42
3459 -42
3460 -42
3461 -38
3462 -42
3463 -42
3464 -38
3465 -38
3466 -34
3467 -34
3468 -42
3469 -38
3470 -38
3471 -38
3472 -38
3473 -38
3474 -42
3475 -42
3476 -42
3477 -42
3478 -42
3479 -38
3480 -38
3481 -34
3482 -34
3483 -42
3484 -42
3485 -42
3486 -42
3487 -42
3488 -38
3489 -38
3490 -42
3491 -42
3492 -38
3493 -38
3494 -34
3495 -34
3496 -34
3497 -34
3498 -34
3499 -34
3500 -34
3501 -30
3502 -38
3503 -38
3504 -38
3505 -38
3506 -38
3507 -38
3508 -38
3509 -38
3510 -38
3511 -34
3512 -38
3513 -42
3514 -42
3515 -38
3516 -38
3517 -30
3518 -30
3519 -34
3520 -38
3521 -38
3522 -46
3523 -46
3524 -38
3525 -38
3526 -42
3527 -42
3528 -34
3529 -38
3530 -38
3531 -38
3532 -34
3533 -34
3534 -30
3535 -34
3536 -34
3537 -38
3538 -38
3539 -38
3540 -38
3541 -42
3542 -38
3543 -34
3544 -30
3545 -38
3546 -34
3547 -42
3548 -42
3549 -42
3550 -38
3551 -38
3552 -38
3553 -42
3554 -42
3555 -42
3556 -46
3557 -38
3558 -38
3559 -34
3560 -38
3561 -42
3562 -46
3563 -42
3564 -42
3565 -42
3566 -46
3567 -46
3568 -42
3569 -42
3570 -42
3571 -38
3572 -38
3573 -42
3574 -42
3575 -38
3576 -38
3577 -42
3578 -42
3579 -42
3580 -42
3581 -38
3582 -42
3583 -42
3584 -38
3585 -38
3586 -38
3587 -38
3588 -42
3589 -42
3590 -42
3591 -42
3592 -42
3593 -42
3594 -42
3595 -38
3596 -38
3597 -42
3598 -42
3599 -42
3600 -38
3601 -38
3602 -34
3603 -34
3604 -34
3605 -34
3606 -34
3607 -38
3608 -34
3609 -42
3610 -42
3611 -46
3612 -46
3613 -50
3614 -50
3615 -50
3616 -50
3617 -42
3618 -46
3619 -46
3620 -42
3621 -42
3622 -42
3623 -50
3624 -50
3625 -50
3626 -46
3627 -46
3628 -46
3629 -46
3630 -46
3631 -42
3632 -38
3633 -46
3634 -46
3635 -46
3636 -42
3637 -46
3638 -46
3639 -46
3640 -42
3641 -38
3642 -38
3643 -38
3644 -38
3645 -30
3646 -34
3647 -34
3648 -34
3649 -38
3650 -42
3651 -42
3652 -38
3653 -38
3654 -42
3655 -38
3656 -34
3657 -42
3658 -42
3659 -38
3660 -38
3661 -38
3662 -42
3663 -42
3664 -46
3665 -42
3666 -42
3667 -42
3668 -46
3669 -42
3670 -42
3671 -42
3672 -42
3673 -42
3674 -46
3675 -46
3676 -46
3677 -46
3678 -42
3679 -46
3680 -46
3681 -46
3682 -46
3683 -42
3684 -34
3685 -38
3686 -38
3687 -38
3688 -38
3689 -42
3690 -42
3691 -42
3692 -46
3693 -42
3694 -42
3695 -42
3696 -42
3697 -42
3698 -42
3699 -42
3700 -38
3701 -42
3702 -42
3703 -38
3704 -38
3705 -30
3706 -34
3707 -34
3708 -30
3709 -34
3710 -42
3711 -42
3712 -38
3713 -34
3714 -42
3715 -34
3716 -34
3717 -34
3718 -38
3719 -38
3720 -42
3721 -42
3722 -42
3723 -42
3724 -38
3725 -38
3726 -34
3727 -38
3728 -38
3729 -46
3730 -46
3731 -46
3732 -42
3733 -46
3734 -38
3735 -38
3736 -42
3737 -38
3738 -42
3739 -42
3740 -38
3741 -38
3742 -34
3743 -30
3744 -34
3745 -34
3746 -38
3747 -38
3748 -38
3749 -38
3750 -42
3751 -42
3752 -46
3753 -46
3754 -42
3755 -42
3756 -42
3757 -42
3758 -42
3759 -38
3760 -42
3761 -42
3762 -46
3763 -46
3764 -46
3765 -46
3766 -46
3767 -46
3768 -46
3769 -42
3770 -42
3771 -34
3772 -34
3773 -38
3774 -38
3775 -42
3776 -42
3777 -42
3778 -38
3779 -38
3780 -38
3781 -38
3782 -38
3783 -34
3784 -38
3785 -38
3786 -38
3787 -38
3788 -38
3789 -38
3790 -38
3791 -34
3792 -34
3793 -38
3794 -38
3795 -38
3796 -38
3797 -38
3798 -42
3799 -42
3800 -38
3801 -42
3802 -42
3803 -38
3804 -38
3805 -42
3806 -46
3807 -46
3808 -46
3809 -46
3810 -46
3811 -46
3812 -46
3813 -42
3814 -42
3815 -42
3816 -42
3817 -42
3818 -34
3819 -34
3820 -26
3821 -30
3822 -34
3823 -34
3824 -34
3825 -38
3826 -38
3827 -34
3828 -34
3829 -30
3830 -30
3831 -26
3832 -26
3833 -30
3834 -30
3835 -34
3836 -30
3837 -30
3838 -18
3839 -26
3840 -38
3841 -38
3842 -38
3843 -38
3844 -38
3845 -38
3846 -42
3847 -42
3848 -46
3849 -42
3850 -42
3851 -42
3852 -42
3853 -42
3854 -42
3855 -46
3856 -46
3857 -46
3858 -46
3859 -46
3860 -46
3861 -42
3862 -38
3863 -42
3864 -34
3865 -38
3866 -42
3867 -42
3868 -42
3869 -38
3870 -42
3871 -38
3872 -38
3873 -38
3874 -34
3875 -34
3876 -38
3877 -42
3878 -38
3879 -38
3880 -34
3881 -38
3882 -38
3883 -38
3884 -38
3885 -38
3886 -34
3887 -34
3888 -34
3889 -34
3890 -34
3891 -34
3892 -30
3893 -34
3894 -38
3895 -38
3896 -42
3897 -34
3898 -42
3899 -42
3900 -38
3901 -38
3902 -38
3903 -42
3904 -42
3905 -42
3906 -38
3907 -38
3908 -38
3909 -38
3910 -42
3911 -42
3912 -42
3913 -38
3914 -38
3915 -38
3916 -38
3917 -34
3918 -34
3919 -42
3920 -42
3921 -46
3922 -46
3923 -46
3924 -42
3925 -42
3926 -38
3927 -38
3928 -42
3929 -42
3930 -42
3931 -42
3932 -34
3933 -34
3934 -38
3935 -42
3936 -42
3937 -42
3938 -42
3939 -42
3940 -42
3941 -46
3942 -46
3943 -46
3944 -46
3945 -46
3946 -46
3947 -46
3948 -42
3949 -42
3950 -46
3951 -50
3952 -50
3953 -50
3954 -46
3955 -50
3956 -50
3957 -46
3958 -42
3959 -42
3960 -38
3961 -34
3962 -34
3963 -34
3964 -34
3965 -30
3966 -34
3967 -34
3968 -38
3969 -42
3970 -46
3971 -46
3972 -46
3973 -46
3974 -46
3975 -46
3976 -46
3977 -46
3978 -42
3979 -42
3980 -46
3981 -46
3982 -46
3983 -42
3984 -46
3985 -42
3986 -42
3987 -42
3988 -38
3989 -38
3990 -38
3991 -38
3992 -42
3993 -42
3994 -34
3995 -38
3996 -38
3997 -38
3998 -38
3999 -38
4000 -38
4001 -38
4002 -34
4003 -38
4004 -34
4005 -34
4006 -34
4007 -38
4008 -30
4009 -30
4010 -34
4011 -30
4012 -30
4013 -34
4014 -34
4015 -38
4016 -38
4017 -38
4018 -34
4019 -34
4020 -34
4021 -34
4022 -34
4023 -30
4024 -30
4025 -34
4026 -34
4027 -34
4028 -34
4029 -34
4030 -38
4031 -38
4032 -34
4033 -34
4034 -34
4035 -38
4036 -38
4037 -38
4038 -42
4039 -42
4040 -42
4041 -34
4042 -34
4043 -38
4044 -38
4045 -38
4046 -38
4047 -38
4048 -38
4049 -38
4050 -34
4051 -34
4052 -38
4053 -38
4054 -34
4055 -34
4056 -34
4057 -34
4058 -34
4059 -30
4060 -34
4061 -38
4062 -38
4063 -38
4064 -38
4065 -38
4066 -38
4067 -38
4068 -42
4069 -42
4070 -38
4071 -46
4072 -46
4073 -42
4074 -46
4075 -42
4076 -46
4077 -46
4078 -46
4079 -42
4080 -42
4081 -38
4082 -38
4083 -38
4084 -38
4085 -42
4086 -42
4087 -42
4088 -38
4089 -42
4090 -42
4091 -38
4092 -38
4093 -34
4094 -30
4095 -26
4096 -34
4097 -34
4098 -38
4099 -38
4100 -38
4101 -42
4102 -42
4103 -42
4104 -34
4105 -38
4106 -38
4107 -34
4108 -38
4109 -42
4110 -42
4111 -42
4112 -42
4113 -42
4114 -42
4115 -38
4116 -42
4117 -38
4118 -38
4119 -38
4120 -38
4121 -38
4122 -42
4123 -42
4124 -38
4125 -34
4126 -38
4127 -42
4128 -38
4129 -42
4130 -42
4131 -42
4132 -42
4133 -42
4134 -38
4135 -42
4136 -42
4137 -42
4138 -42
4139 -38
4140 -38
4141 -42
4142 -42
4143 -38
4144 -42
4145 -34
4146 -34
4147 -38
4148 -38
4149 -38
4150 -42
4151 -38
4152 -34
4153 -38
4154 -38
4155 -38
4156 -42
4157 -42
4158 -42
4159 -38
4160 -38
4161 -34
4162 -34
4163 -38
4164 -34
4165 -38
4166 -42
4167 -42
4168 -38
4169 -42
4170 -42
4171 -42
4172 -38
4173 -34
4174 -42
4175 -34
4176 -42
4177 -46
4178 -46
4179 -46
4180 -42
4181 -46
4182 -46
4183 -42
4184 -42
4185 -30
4186 -26
4187 -34
4188 -34
4189 -30
4190 -34
4191 -38
4192 -38
4193 -34
4194 -26
4195 -30
4196 -30
4197 -42
4198 -38
4199 -38
4200 -42
4201 -42
4202 -46
4203 -46
4204 -46
4205 -38
4206 -38
4207 -34
4208 -34
4209 -30
4210 -26
4211 -30
4212 -38
4213 -34
4214 -38
4215 -38
4216 -42
4217 -46
4218 -46
4219 -46
4220 -42
4221 -38
4222 -34
4223 -34
4224 -34
4225 -38
4226 -34
4227 -42
4228 -38
4229 -46
4230 -46
4231 -42
4232 -42
4233 -46
4234 -46
4235 -46
4236 -46
4237 -46
4238 -42
4239 -42
4240 -42
4241 -42
4242 -34
4243 -38
4244 -34
4245 -38
4246 -38
4247 -34
4248 -34
4249 -38
4250 -42
4251 -34
4252 -38
4253 -38
4254 -38
4255 -34
4256 -34
4257 -34
4258 -38
4259 -38
4260 -38
4261 -38
4262 -38
4263 -38
4264 -38
4265 -34
4266 -42
4267 -42
4268 -42
4269 -42
4270 -42
4271 -42
4272 -38
4273 -38
4274 -34
4275 -46
4276 -46
4277 -50
4278 -46
4279 -46
4280 -42
4281 -46
4282 -42
4283 -42
4284 -42
4285 -38
4286 -38
4287 -38
4288 -34
4289 -42
4290 -42
4291 -42
4292 -38
4293 -38
4294 -42
4295 -42
4296 -38
4297 -38
4298 -42
4299 -46
4300 -46
4301 -38
4302 -38
4303 -38
4304 -38
4305 -38
4306 -38
4307 -38
4308 -42
4309 -42
4310 -42
4311 -42
4312 -42
4313 -42
4314 -42
4315 -42
4316 -46
4317 -42
4318 -42
4319 -42
4320 -42
4321 -42
4322 -42
4323 -38
4324 -38
4325 -30
4326 -34
4327 -34
4328 -34
4329 -34
4330 -34
4331 -38
4332 -38
4333 -34
4334 -42
4335 -42
4336 -38
4337 -34
4338 -34
4339 -34
4340 -34
4341 -34
4342 -34
4343 -34
4344 -38
4345 -38
4346 -34
4347 -34
4348 -34
4349 -34
4350 -38
4351 -42
4352 -34
4353 -34
4354 -34
4355 -34
4356 -26
4357 -30
4358 -34
4359 -34
4360 -38
4361 -38
4362 -42
4363 -38
4364 -42
4365 -38
4366 -42
4367 -38
4368 -34
4369 -34
4370 -34
4371 -38
4372 -42
4373 -42
4374 -42
4375 -42
4376 -42
4377 -42
4378 -38
4379 -42
4380 -42
4381 -42
4382 -38
4383 -34
4384 -30
4385 -30
4386 -34
4387 -34
4388 -34
4389 -34
4390 -34
4391 -34
4392 -38
4393 -38
4394 -38
4395 -34
4396 -38
4397 -38
4398 -42
4399 -42
4400 -42
4401 -42
4402 -42
4403 -42
4404 -34
4405 -38
4406 -38
4407 -34
4408 -34
4409 -34
4410 -34
4411 -38
4412 -30
4413 -34
4414 -34
4415 -34
4416 -38
4417 -38
4418 -38
4419 -38
4420 -42
4421 -42
4422 -42
4423 -38
4424 -42
4425 -34
4426 -38
4427 -38
4428 -38
4429 -46
4430 -42
4431 -46
4432 -46
4433 -46
4434 -34
4435 -38
4436 -42
4437 -46
4438 -42
4439 -42
4440 -38
4441 -38
4442 -42
4443 -42
4444 -46
4445 -42
4446 -38
4447 -38
4448 -42
4449 -38
4450 -34
4451 -34
4452 -34
4453 -42
4454 -42
4455 -46
4456 -42
4457 -42
4458 -46
4459 -42
4460 -46
4461 -46
4462 -46
4463 -46
4464 -46
4465 -46
4466 -46
4467 -38
4468 -46
4469 -46
4470 -42
4471 -38
4472 -46
4473 -46
4474 -38
4475 -38
4476 -38
4477 -38
4478 -34
4479 -34
4480 -38
4481 -38
4482 -38
4483 -30
4484 -38
4485 -38
4486 -42
4487 -42
4488 -46
4489 -46
4490 -46
4491 -46
4492 -42
4493 -42
4494 -38
4495 -38
4496 -38
4497 -42
4498 -42
4499 -38
4500 -38
4501 -34
4502 -30
4503 -34
4504 -34
4505 -30
4506 -34
4507 -30
4508 -34
4509 -34
4510 -30
4511 -34
4512 -38
4513 -38
4514 -38
4515 -38
4516 -38
4517 -38
4518 -38
4519 -34
4520 -42
4521 -42
4522 -42
4523 -46
4524 -46
4525 -42
4526 -42
4527 -42
4528 -46
4529 -46
4530 -42
4531 -42
4532 -38
4533 -42
4534 -46
4535 -42
4536 -46
4537 -42
4538 -38
4539 -42
4540 -38
4541 -38
4542 -42
4543 -38
4544 -38
4545 -30
4546 -34
4547 -38
4548 -38
4549 -38
4550 -38
4551 -34
4552 -34
4553 -30
4554 -34
4555 -34
4556 -30
4557 -34
4558 -42
4559 -42
4560 -42
4561 -42
4562 -42
4563 -46
4564 -46
4565 -46
4566 -46
4567 -46
4568 -46
4569 -42
4570 -42
4571 -42
4572 -38
4573 -30
4574 -38
4575 -42
4576 -46
4577 -46
4578 -46
4579 -46
4580 -42
4581 -38
4582 -34
4583 -34
4584 -38
4585 -38
4586 -38
4587 -38
4588 -42
4589 -42
4590 -42
4591 -38
4592 -34
4593 -38
4594 -38
4595 -34
4596 -34
4597 -34
4598 -38
4599 -38
4600 -34
4601 -34
4602 -34
4603 -34
4604 -34
4605 -38
4606 -38
4607 -42
4608 -38
4609 -42
4610 -42
4611 -42
4612 -38
4613 -38
4614 -38
4615 -34
4616 -38
4617 -34
4618 -38
4619 -42
4620 -42
4621 -42
4622 -42
4623 -42
4624 -42
4625 -38
4626 -42
4627 -42
4628 -42
4629 -38
4630 -38
4631 -42
4632 -38
4633 -34
4634 -42
4635 -46
4636 -46
4637 -46
4638 -46
4639 -42
4640 -42
4641 -38
4642 -38
4643 -42
4644 -42
4645 -38
4646 -38
4647 -38
4648 -34
4649 -42
4650 -38
4651 -42
4652 -42
4653 -34
4654 -30
4655 -30
4656 -38
4657 -38
4658 -42
4659 -42
4660 -42
4661 -38
4662 -34
4663 -34
4664 -34
4665 -34
4666 -34
4667 -34
4668 -34
4669 -26
4670 -26
4671 -26
4672 -38
4673 -46
4674 -46
4675 -46
4676 -46
4677 -46
4678 -46
4679 -46
4680 -42
4681 -46
4682 -46
4683 -42
4684 -42
4685 -46
4686 -46
4687 -42
4688 -46
4689 -42
4690 -42
4691 -46
4692 -46
4693 -46
4694 -46
4695 -46
4696 -46
4697 -42
4698 -42
4699 -38
4700 -38
4701 -38
4702 -34
4703 -38
4704 -38
4705 -42
4706 -42
4707 -42
4708 -42
4709 -42
4710 -38
4711 -42
4712 -42
4713 -38
4714 -38
4715 -38
4716 -38
4717 -42
4718 -46
4719 -42
4720 -42
4721 -38
4722 -42
4723 -42
4724 -42
4725 -42
4726 -46
4727 -46
4728 -42
4729 -42
4730 -42
4731 -46
4732 -46
4733 -46
4734 -46
4735 -46
4736 -46
4737 -46
4738 -46
4739 -38
4740 -38
4741 -38
4742 -46
4743 -42
4744 -46
4745 -42
4746 -42
4747 -38
4748 -38
4749 -46
4750 -46
4751 -46
4752 -46
4753 -42
4754 -34
4755 -38
4756 -34
4757 -38
4758 -38
4759 -34
4760 -38
4761 -38
4762 -38
4763 -38
4764 -38
4765 -34
4766 -38
4767 -34
4768 -34
4769 -34
4770 -34
4771 -34
4772 -34
4773 -38
4774 -38
4775 -38
4776 -38
4777 -34
4778 -34
4779 -34
4780 -34
4781 -30
4782 -38
4783 -30
4784 -38
4785 -38
4786 -46
4787 -46
4788 -46
4789 -42
4790 -42
4791 -42
4792 -42
4793 -38
4794 -42
4795 -42
4796 -46
4797 -34
4798 -34
4799 -42
4800 -42
4801 -42
4802 -42
4803 -42
4804 -42
4805 -46
4806 -42
4807 -42
4808 -42
4809 -42
4810 -42
4811 -46
4812 -38
4813 -42
4814 -38
4815 -42
4816 -34
4817 -42
4818 -42
4819 -42
4820 -42
4821 -42
4822 -42
4823 -42
4824 -42
4825 -42
4826 -42
4827 -42
4828 -42
4829 -38
4830 -38
4831 -42
4832 -42
4833 -46
4834 -46
4835 -46
4836 -46
4837 -46
4838 -46
4839 -46
4840 -46
4841 -46
4842 -46
4843 -46
4844 -38
4845 -42
4846 -38
4847 -38
4848 -38
4849 -42
4850 -42
4851 -42
4852 -38
4853 -34
4854 -38
4855 -38
4856 -38
4857 -34
4858 -34
4859 -30
4860 -38
4861 -34
4862 -38
4863 -34
4864 -30
4865 -34
4866 -34
4867 -34
4868 -38
4869 -38
4870 -34
4871 -34
4872 -30
4873 -30
4874 -38
4875 -46
4876 -42
4877 -42
4878 -46
4879 -46
4880 -42
4881 -42
4882 -42
4883 -38
4884 -34
4885 -30
4886 -34
4887 -42
4888 -38
4889 -34
4890 -34
4891 -30
4892 -34
4893 -34
4894 -38
4895 -38
4896 -38
4897 -38
4898 -34
4899 -42
4900 -38
4901 -38
4902 -34
4903 -42
4904 -34
4905 -42
4906 -42
4907 -42
4908 -42
4909 -42
4910 -42
4911 -38
4912 -38
4913 -34
4914 -38
4915 -38
4916 -38
4917 -38
4918 -34
4919 -34
4920 -34
4921 -38
4922 -34
4923 -34
4924 -30
4925 -42
4926 -42
4927 -38
4928 -46
4929 -46
4930 -38
4931 -42
4932 -42
4933 -46
4934 -46
4935 -42
4936 -38
4937 -42
4938 -42
4939 -42
4940 -42
4941 -42
4942 -46
4943 -46
4944 -42
4945 -34
4946 -34
4947 -30
4948 -38
4949 -42
4950 -42
4951 -42
4952 -42
4953 -42
4954 -34
4955 -38
4956 -42
4957 -38
4958 -38
4959 -38
4960 -42
4961 -42
4962 -42
4963 -38
4964 -38
4965 -30
4966 -30
4967 -30
4968 -30
4969 -30
4970 -30
4971 -30
4972 -30
4973 -34
4974 -38
4975 -42
4976 -42
4977 -38
4978 -38
4979 -38
4980 -42
4981 -38
4982 -42
4983 -30
4984 -34
4985 -34
4986 -34
4987 -38
4988 -42
4989 -34
4990 -34
4991 -34
4992 -30
4993 -38
4994 -38
4995 -34
4996 -26
4997 -34
4998 -30
4999 -34
5000 -38
