1 36
2 64
3 0
4 4
5 36
6 144
7 64
8 4
9 100
10 36
11 400
12 144
13 4
14 36
15 36
16 64
17 100
18 4
19 144
20 36
21 4
22 64
23 4
24 16
25 144
26 4
27 0
28 64
29 64
30 64
31 196
32 676
33 900
34 324
35 324
36 0
37 100
38 196
39 196
40 16
41 64
42 64
43 100
44 36
45 0
46 36
47 16
48 36
49 16
50 36
51 4
52 4
53 16
54 100
55 64
56 100
57 0
58 16
59 4
60 64
61 16
62 144
63 324
64 676
65 256
66 400
67 400
68 1296
69 784
70 1444
71 1936
72 1444
73 1296
74 1444
75 1024
76 784
77 1444
78 1444
79 1156
80 1296
81 1296
82 900
83 1156
84 1764
85 1600
86 1296
87 1156
88 484
89 400
90 484
91 784
92 324
93 324
94 576
95 324
96 196
97 324
98 324
99 576
100 484
101 1024
102 576
103 576
104 484
105 324
106 196
107 784
108 484
109 400
110 784
111 1444
112 484
113 100
114 400
115 576
116 196
117 324
118 484
119 400
120 256
121 256
122 144
123 4
124 100
125 0
126 0
127 36
128 16
129 144
130 100
131 196
132 100
133 16
134 4
135 64
136 100
137 4
138 16
139 4
140 4
141 36
142 196
143 196
144 576
145 1156
146 784
147 1296
148 1936
149 1156
150 1156
151 1444
152 1764
153 1444
154 1156
155 676
156 484
157 400
158 400
159 784
160 1156
161 1156
162 1296
163 1024
164 1296
165 900
166 576
167 784
168 784
169 676
170 1156
171 576
172 1024
173 1600
174 1600
175 1600
176 676
177 400
178 256
179 144
180 4
181 16
182 4
183 16
184 16
185 144
186 324
187 144
188 144
189 64
190 16
191 64
192 144
193 400
194 324
195 16
196 36
197 4
198 100
199 196
200 16
201 16
202 16
203 16
204 100
205 100
206 100
207 100
208 196
209 64
210 16
211 16
212 36
213 16
214 36
215 16
216 0
217 0
218 4
219 64
220 16
221 64
222 196
223 256
224 324
225 484
226 144
227 400
228 576
229 400
230 144
231 4
232 64
233 36
234 64
235 256
236 196
237 784
238 784
239 676
240 1024
241 1296
242 1024
243 900
244 256
245 576
246 1156
247 1156
248 900
249 1296
250 1600
251 1296
252 784
253 400
254 576
255 900
256 1024
257 900
258 576
259 144
260 196
261 36
262 36
263 16
264 100
265 4
266 36
267 64
268 100
269 144
270 16
271 36
272 256
273 576
274 676
275 484
276 400
277 784
278 900
279 676
280 1764
281 1764
282 1024
283 784
284 576
285 676
286 484
287 324
288 784
289 400
290 576
291 144
292 144
293 16
294 100
295 196
296 576
297 1024
298 1156
299 1156
300 1156
301 900
302 256
303 64
304 4
305 16
306 64
307 100
308 100
309 144
310 16
311 100
312 324
313 100
314 36
315 100
316 256
317 256
318 576
319 196
320 484
321 900
322 484
323 576
324 484
325 900
326 1024
327 484
328 676
329 576
330 144
331 36
332 36
333 196
334 100
335 100
336 4
337 16
338 4
339 100
340 144
341 64
342 4
343 16
344 144
345 324
346 144
347 100
348 100
349 144
350 576
351 400
352 324
353 484
354 400
355 576
356 144
357 4
358 64
359 64
360 144
361 64
362 4
363 36
364 64
365 256
366 784
367 576
368 400
369 576
370 576
371 576
372 784
373 1444
374 1156
375 1156
376 1024
377 1764
378 1444
379 1936
380 1296
381 1156
382 676
383 324
384 324
385 196
386 256
387 484
388 400
389 100
390 100
391 144
392 100
393 4
394 0
395 64
396 36
397 64
398 324
399 324
400 484
401 676
402 324
403 64
404 0
405 4
406 16
407 64
408 324
409 400
410 256
411 256
412 324
413 256
414 576
415 576
416 900
417 1600
418 1600
419 1024
420 576
421 324
422 400
423 400
424 324
425 324
426 196
427 576
428 676
429 484
430 484
431 400
432 400
433 324
434 100
435 256
436 484
437 484
438 484
439 484
440 324
441 400
442 256
443 144
444 256
445 400
446 144
447 100
448 196
449 144
450 100
451 64
452 256
453 256
454 256
455 484
456 256
457 676
458 484
459 484
460 576
461 1444
462 484
463 576
464 484
465 1024
466 1024
467 784
468 900
469 1296
470 576
471 256
472 100
473 16
474 4
475 36
476 64
477 16
478 4
479 0
480 0
481 100
482 100
483 256
484 36
485 36
486 144
487 256
488 144
489 196
490 36
491 4
492 100
493 16
494 100
495 196
496 256
497 484
498 484
499 144
500 256
501 256
502 144
503 144
504 676
505 1156
506 400
507 256
508 4
509 16
510 324
511 196
512 324
513 900
514 1024
515 324
516 784
517 1156
518 900
519 1296
520 676
521 196
522 144
523 64
524 4
525 16
526 100
527 36
528 16
529 100
530 64
531 36
532 0
533 36
534 0
535 64
536 324
537 36
538 0
539 16
540 4
541 16
542 64
543 144
544 676
545 784
546 676
547 676
548 900
549 400
550 256
551 256
552 324
553 144
554 196
555 400
556 256
557 196
558 256
559 4
560 64
561 36
562 4
563 4
564 0
565 4
566 100
567 100
568 144
569 16
570 196
571 144
572 256
573 196
574 256
575 100
576 144
577 324
578 676
579 676
580 784
581 400
582 484
583 676
584 1156
585 900
586 784
587 576
588 576
589 900
590 1024
591 1444
592 1296
593 900
594 484
595 576
596 484
597 324
598 676
599 676
600 784
601 676
602 676
603 400
604 324
605 64
606 4
607 36
608 0
609 64
610 196
611 36
612 0
613 36
614 100
615 196
616 144
617 256
618 1156
619 676
620 324
621 256
622 144
623 324
624 144
625 256
626 144
627 64
628 16
629 16
630 0
631 4
632 16
633 144
634 0
635 36
636 100
637 100
638 324
639 196
640 196
641 900
642 576
643 400
644 144
645 36
646 4
647 4
648 100
649 144
650 196
651 324
652 64
653 4
654 4
655 36
656 36
657 256
658 64
659 400
660 484
661 144
662 196
663 36
664 36
665 4
666 100
667 100
668 144
669 484
670 256
671 144
672 64
673 64
674 36
675 4
676 4
677 36
678 16
679 16
680 36
681 4
682 0
683 16
684 144
685 196
686 100
687 64
688 0
689 196
690 144
691 64
692 324
693 676
694 576
695 1024
696 400
697 676
698 900
699 576
700 484
701 400
702 324
703 484
704 576
705 1444
706 784
707 1296
708 1156
709 1156
710 1156
711 1156
712 1024
713 784
714 676
715 256
716 676
717 196
718 64
719 144
720 4
721 100
722 0
723 36
724 4
725 16
726 100
727 256
728 36
729 256
730 256
731 4
732 144
733 16
734 100
735 196
736 196
737 64
738 4
739 16
740 36
741 16
742 0
743 4
744 36
745 36
746 4
747 36
748 36
749 64
750 16
751 4
752 256
753 576
754 196
755 100
756 64
757 0
758 16
759 16
760 16
761 0
762 4
763 4
764 36
765 4
766 4
767 16
768 36
769 36
770 64
771 256
772 900
773 1156
774 1444
775 1024
776 576
777 576
778 676
779 400
780 484
781 676
782 784
783 1024
784 576
785 1296
786 784
787 784
788 256
789 144
790 64
791 64
792 256
793 144
794 196
795 0
796 64
797 64
798 0
799 16
800 36
801 100
802 784
803 484
804 256
805 16
806 100
807 16
808 4
809 36
810 64
811 16
812 36
813 64
814 100
815 324
816 324
817 400
818 576
819 784
820 576
821 900
822 900
823 484
824 100
825 256
826 676
827 144
828 16
829 36
830 16
831 0
832 16
833 16
834 256
835 324
836 784
837 900
838 196
839 324
840 400
841 400
842 676
843 400
844 144
845 256
846 576
847 256
848 196
849 64
850 4
851 16
852 100
853 196
854 100
855 324
856 256
857 484
858 196
859 324
860 36
861 0
862 64
863 256
864 196
865 400
866 100
867 196
868 256
869 100
870 196
871 256
872 576
873 196
874 16
875 4
876 36
877 100
878 16
879 0
880 36
881 324
882 324
883 36
884 324
885 64
886 16
887 324
888 196
889 196
890 100
891 100
892 36
893 100
894 256
895 16
896 64
897 100
898 64
899 0
900 4
901 0
902 324
903 484
904 0
905 196
906 324
907 576
908 64
909 196
910 36
911 36
912 100
913 144
914 256
915 256
916 400
917 576
918 576
919 1024
920 1024
921 1024
922 676
923 784
924 1024
925 576
926 576
927 484
928 196
929 324
930 100
931 144
932 196
933 64
934 100
935 100
936 144
937 36
938 0
939 64
940 144
941 256
942 576
943 400
944 484
945 196
946 100
947 324
948 196
949 576
950 144
951 100
952 256
953 100
954 256
955 64
956 4
957 4
958 16
959 64
960 196
961 36
962 196
963 100
964 64
965 4
966 100
967 100
968 256
969 484
970 676
971 484
972 36
973 4
974 16
975 100
976 36
977 256
978 324
979 36
980 100
981 64
982 324
983 64
984 196
985 324
986 144
987 0
988 4
989 196
990 676
991 900
992 1156
993 1600
994 1764
995 2304
996 2116
997 1296
998 1444
999 784
1000 576
1001 784
1002 676
1003 576
1004 196
1005 576
1006 576
1007 256
1008 324
1009 784
1010 196
1011 256
1012 144
1013 144
1014 256
1015 100
1016 0
1017 36
1018 16
1019 36
1020 4
1021 4
1022 16
1023 16
1024 196
1025 400
1026 576
1027 400
1028 256
1029 256
1030 676
1031 400
1032 256
1033 400
1034 324
1035 196
1036 196
1037 324
1038 324
1039 196
1040 64
1041 100
1042 0
1043 4
1044 4
1045 324
1046 144
1047 36
1048 0
1049 16
1050 144
1051 324
1052 324
1053 64
1054 4
1055 100
1056 64
1057 64
1058 324
1059 576
1060 256
1061 100
1062 256
1063 256
1064 16
1065 100
1066 144
1067 100
1068 64
1069 144
1070 196
1071 400
1072 576
1073 324
1074 484
1075 484
1076 484
1077 196
1078 196
1079 100
1080 256
1081 324
1082 676
1083 576
1084 1024
1085 1296
1086 1296
1087 1156
1088 1296
1089 1156
1090 784
1091 1024
1092 1024
1093 1296
1094 784
1095 484
1096 576
1097 576
1098 784
1099 784
1100 1444
1101 1764
1102 1024
1103 484
1104 100
1105 484
1106 400
1107 676
1108 1024
1109 900
1110 1296
1111 1024
1112 784
1113 484
1114 196
1115 144
1116 64
1117 144
1118 196
1119 144
1120 484
1121 400
1122 324
1123 324
1124 100
1125 0
1126 16
1127 144
1128 4
1129 4
1130 64
1131 256
1132 256
1133 36
1134 100
1135 196
1136 256
1137 196
1138 256
1139 4
1140 4
1141 16
1142 144
1143 4
1144 144
1145 36
1146 4
1147 196
1148 1024
1149 1156
1150 900
1151 784
1152 1296
1153 1444
1154 1296
1155 1296
1156 1156
1157 1024
1158 784
1159 900
1160 900
1161 1156
1162 784
1163 1156
1164 484
1165 36
1166 4
1167 0
1168 100
1169 0
1170 4
1171 144
1172 100
1173 256
1174 64
1175 64
1176 144
1177 36
1178 4
1179 144
1180 256
1181 16
1182 4
1183 100
1184 196
1185 784
1186 576
1187 1444
1188 900
1189 196
1190 100
1191 196
1192 100
1193 256
1194 400
1195 256
1196 324
1197 324
1198 256
1199 36
1200 256
1201 144
1202 144
1203 196
1204 324
1205 196
1206 36
1207 64
1208 16
1209 4
1210 36
1211 16
1212 100
1213 100
1214 256
1215 324
1216 64
1217 36
1218 4
1219 36
1220 16
1221 36
1222 36
1223 36
1224 0
1225 64
1226 0
1227 144
1228 64
1229 4
1230 144
1231 64
1232 16
1233 64
1234 4
1235 36
1236 144
1237 100
1238 64
1239 4
1240 64
1241 196
1242 324
1243 324
1244 196
1245 256
1246 576
1247 676
1248 576
1249 196
1250 324
1251 400
1252 400
1253 100
1254 4
1255 64
1256 144
1257 36
1258 100
1259 36
1260 36
1261 144
1262 36
1263 4
1264 16
1265 0
1266 16
1267 4
1268 64
1269 36
1270 256
1271 900
1272 900
1273 1296
1274 1296
1275 1296
1276 1936
1277 1764
1278 1600
1279 1444
1280 1444
1281 1024
1282 1296
1283 1024
1284 324
1285 256
1286 100
1287 4
1288 0
1289 4
1290 36
1291 0
1292 100
1293 64
1294 144
1295 324
1296 784
1297 484
1298 324
1299 484
1300 576
1301 1156
1302 1444
1303 1444
1304 1296
1305 1936
1306 1444
1307 1024
1308 484
1309 900
1310 1156
1311 1600
1312 1296
1313 1936
1314 2116
1315 1600
1316 1024
1317 1444
1318 1156
1319 676
1320 676
1321 784
1322 484
1323 900
1324 1296
1325 1156
1326 1444
1327 1600
1328 1764
1329 784
1330 576
1331 1024
1332 784
1333 400
1334 256
1335 324
1336 196
1337 576
1338 484
1339 324
1340 324
1341 100
1342 324
1343 256
1344 400
1345 576
1346 1156
1347 1156
1348 1444
1349 1600
1350 1156
1351 1444
1352 1296
1353 784
1354 676
1355 900
1356 484
1357 324
1358 100
1359 576
1360 196
1361 324
1362 676
1363 576
1364 576
1365 196
1366 16
1367 36
1368 36
1369 64
1370 100
1371 196
1372 144
1373 64
1374 100
1375 484
1376 900
1377 1024
1378 1444
1379 1296
1380 1024
1381 576
1382 576
1383 324
1384 676
1385 196
1386 100
1387 4
1388 36
1389 0
1390 36
1391 0
1392 16
1393 36
1394 64
1395 16
1396 16
1397 144
1398 324
1399 400
1400 484
1401 576
1402 900
1403 1296
1404 1156
1405 1444
1406 1156
1407 1156
1408 1296
1409 784
1410 784
1411 484
1412 256
1413 256
1414 196
1415 256
1416 324
1417 100
1418 36
1419 144
1420 400
1421 1156
1422 1156
1423 900
1424 484
1425 900
1426 1024
1427 900
1428 1296
1429 1156
1430 484
1431 784
1432 784
1433 1156
1434 1024
1435 784
1436 1444
1437 1600
1438 1764
1439 1764
1440 1600
1441 1156
1442 784
1443 1156
1444 1600
1445 2116
1446 2304
1447 2116
1448 1600
1449 1600
1450 1296
1451 576
1452 900
1453 400
1454 400
1455 784
1456 1156
1457 1024
1458 676
1459 900
1460 900
1461 484
1462 576
1463 400
1464 900
1465 676
1466 1024
1467 900
1468 784
1469 676
1470 400
1471 196
1472 256
1473 256
1474 256
1475 4
1476 64
1477 16
1478 64
1479 144
1480 324
1481 324
1482 144
1483 36
1484 144
1485 144
1486 324
1487 324
1488 144
1489 256
1490 144
1491 4
1492 4
1493 64
1494 16
1495 4
1496 4
1497 4
1498 16
1499 16
1500 16
1501 4
1502 4
1503 0
1504 0
1505 16
1506 4
1507 0
1508 144
1509 196
1510 36
1511 16
1512 196
1513 324
1514 324
1515 324
1516 576
1517 484
1518 784
1519 1024
1520 1024
1521 1296
1522 900
1523 1296
1524 1156
1525 784
1526 484
1527 484
1528 144
1529 256
1530 0
1531 16
1532 64
1533 196
1534 324
1535 36
1536 36
1537 4
1538 100
1539 400
1540 900
1541 1296
1542 1024
1543 900
1544 1024
1545 1156
1546 1600
1547 1936
1548 1764
1549 784
1550 484
1551 144
1552 36
1553 64
1554 100
1555 64
1556 196
1557 196
1558 144
1559 0
1560 36
1561 324
1562 484
1563 676
1564 256
1565 484
1566 676
1567 400
1568 576
1569 576
1570 256
1571 64
1572 100
1573 16
1574 144
1575 196
1576 196
1577 16
1578 36
1579 16
1580 64
1581 100
1582 196
1583 100
1584 144
1585 484
1586 784
1587 900
1588 900
1589 400
1590 324
1591 256
1592 324
1593 400
1594 400
1595 784
1596 196
1597 36
1598 64
1599 64
1600 4
1601 196
1602 64
1603 144
1604 0
1605 36
1606 144
1607 36
1608 36
1609 100
1610 100
1611 196
1612 64
1613 100
1614 0
1615 36
1616 144
1617 4
1618 64
1619 4
1620 144
1621 676
1622 400
1623 484
1624 576
1625 1024
1626 100
1627 784
1628 196
1629 400
1630 256
1631 256
1632 576
1633 256
1634 576
1635 400
1636 784
1637 676
1638 144
1639 100
1640 0
1641 0
1642 64
1643 256
1644 400
1645 484
1646 576
1647 400
1648 144
1649 16
1650 16
1651 64
1652 36
1653 4
1654 36
1655 100
1656 36
1657 64
1658 16
1659 16
1660 0
1661 36
1662 36
1663 196
1664 16
1665 4
1666 4
1667 4
1668 16
1669 4
1670 36
1671 16
1672 36
1673 16
1674 4
1675 36
1676 16
1677 4
1678 100
1679 100
1680 196
1681 484
1682 400
1683 576
1684 400
1685 324
1686 144
1687 100
1688 324
1689 256
1690 196
1691 324
1692 324
1693 400
1694 400
1695 576
1696 324
1697 64
1698 144
1699 16
1700 4
1701 16
1702 64
1703 100
1704 4
1705 16
1706 16
1707 4
1708 0
1709 4
1710 16
1711 64
1712 144
1713 256
1714 196
1715 144
1716 196
1717 400
1718 324
1719 324
1720 144
1721 4
1722 16
1723 144
1724 784
1725 1600
1726 1296
1727 1024
1728 676
1729 0
1730 100
1731 324
1732 324
1733 784
1734 256
1735 64
1736 16
1737 256
1738 256
1739 324
1740 576
1741 256
1742 36
1743 144
1744 100
1745 64
1746 100
1747 100
1748 144
1749 100
1750 100
1751 196
1752 100
1753 36
1754 100
1755 324
1756 256
1757 64
1758 4
1759 4
1760 16
1761 0
1762 16
1763 64
1764 36
1765 4
1766 16
1767 4
1768 4
1769 256
1770 484
1771 1024
1772 900
1773 784
1774 1024
1775 1156
1776 784
1777 1296
1778 1024
1779 900
1780 900
1781 676
1782 196
1783 144
1784 324
1785 196
1786 324
1787 4
1788 64
1789 676
1790 484
1791 400
1792 144
1793 196
1794 256
1795 400
1796 1024
1797 576
1798 196
1799 36
1800 36
1801 16
1802 36
1803 196
1804 400
1805 196
1806 400
1807 900
1808 676
1809 576
1810 1024
1811 784
1812 1296
1813 1444
1814 1936
1815 1600
1816 1600
1817 2500
1818 1936
1819 1936
1820 1600
1821 1156
1822 1936
1823 1764
1824 2304
1825 2500
1826 1764
1827 1444
1828 1296
1829 1024
1830 1156
1831 676
1832 400
1833 256
1834 64
1835 64
1836 0
1837 4
1838 36
1839 324
1840 144
1841 100
1842 100
1843 0
1844 64
1845 144
1846 16
1847 36
1848 16
1849 36
1850 16
1851 100
1852 196
1853 576
1854 900
1855 784
1856 576
1857 324
1858 256
1859 36
1860 16
1861 256
1862 900
1863 784
1864 484
1865 900
1866 400
1867 576
1868 576
1869 676
1870 576
1871 1296
1872 1936
1873 2304
1874 1936
1875 1600
1876 1600
1877 1296
1878 1156
1879 1444
1880 1296
1881 784
1882 400
1883 324
1884 676
1885 784
1886 1296
1887 1296
1888 1024
1889 784
1890 576
1891 784
1892 484
1893 324
1894 324
1895 484
1896 484
1897 484
1898 484
1899 324
1900 64
1901 0
1902 100
1903 16
1904 4
1905 16
1906 4
1907 4
1908 4
1909 36
1910 144
1911 4
1912 0
1913 16
1914 0
1915 4
1916 36
1917 100
1918 144
1919 576
1920 324
1921 576
1922 576
1923 484
1924 100
1925 196
1926 36
1927 400
1928 64
1929 196
1930 324
1931 100
1932 256
1933 64
1934 16
1935 100
1936 16
1937 100
1938 196
1939 100
1940 576
1941 576
1942 256
1943 324
1944 324
1945 324
1946 400
1947 576
1948 484
1949 576
1950 144
1951 16
1952 36
1953 400
1954 676
1955 576
1956 576
1957 324
1958 484
1959 484
1960 676
1961 484
1962 256
1963 16
1964 196
1965 256
1966 676
1967 484
1968 400
1969 484
1970 196
1971 144
1972 0
1973 4
1974 36
1975 100
1976 144
1977 144
1978 196
1979 4
1980 36
1981 4
1982 144
1983 576
1984 576
1985 484
1986 900
1987 400
1988 324
1989 64
1990 0
1991 4
1992 0
1993 16
1994 36
1995 16
1996 324
1997 400
1998 784
1999 576
2000 576
2001 1024
2002 1024
2003 900
2004 576
2005 256
2006 324
2007 484
2008 256
2009 256
2010 256
2011 196
2012 100
2013 100
2014 64
2015 4
2016 16
2017 0
2018 16
2019 0
2020 16
2021 64
2022 36
2023 36
2024 256
2025 256
2026 576
2027 400
2028 324
2029 324
2030 676
2031 256
2032 100
2033 144
2034 144
2035 100
2036 64
2037 144
2038 144
2039 256
2040 256
2041 400
2042 64
2043 36
2044 36
2045 64
2046 0
2047 4
2048 36
2049 100
2050 4
2051 36
2052 400
2053 484
2054 576
2055 1296
2056 1296
2057 1156
2058 1444
2059 1156
2060 1296
2061 1296
2062 1296
2063 1444
2064 1764
2065 1444
2066 1764
2067 1156
2068 1156
2069 1296
2070 1764
2071 1764
2072 2116
2073 1600
2074 1936
2075 1936
2076 2116
2077 2500
2078 2304
2079 2500
2080 2116
2081 2304
2082 2500
2083 2304
2084 1764
2085 1936
2086 1764
2087 1156
2088 1296
2089 1444
2090 1444
2091 1296
2092 900
2093 900
2094 1156
2095 1024
2096 900
2097 1156
2098 784
2099 324
2100 324
2101 324
2102 324
2103 256
2104 144
2105 256
2106 64
2107 36
2108 16
2109 196
2110 144
2111 64
2112 16
2113 36
2114 144
2115 36
2116 4
2117 16
2118 100
2119 16
2120 16
2121 64
2122 0
2123 100
2124 256
2125 144
2126 64
2127 16
2128 16
2129 36
2130 144
2131 400
2132 144
2133 256
2134 144
2135 64
2136 16
2137 4
2138 16
2139 4
2140 16
2141 36
2142 144
2143 36
2144 4
2145 100
2146 196
2147 144
2148 16
2149 36
2150 36
2151 64
2152 64
2153 64
2154 100
2155 196
2156 36
2157 64
2158 196
2159 36
2160 64
2161 4
2162 0
2163 16
2164 4
2165 64
2166 144
2167 324
2168 256
2169 196
2170 36
2171 0
2172 16
2173 100
2174 64
2175 144
2176 324
2177 484
2178 256
2179 400
2180 196
2181 100
2182 4
2183 4
2184 100
2185 100
2186 0
2187 16
2188 0
2189 0
2190 0
2191 100
2192 144
2193 256
2194 900
2195 484
2196 144
2197 100
2198 100
2199 16
2200 4
2201 16
2202 4
2203 100
2204 4
2205 4
2206 16
2207 36
2208 36
2209 64
2210 100
2211 256
2212 144
2213 0
2214 16
2215 4
2216 16
2217 1024
2218 400
2219 484
2220 144
2221 64
2222 400
2223 484
2224 64
2225 16
2226 16
2227 4
2228 196
2229 676
2230 324
2231 144
2232 16
2233 256
2234 324
2235 256
2236 196
2237 256
2238 324
2239 324
2240 484
2241 900
2242 1024
2243 784
2244 676
2245 576
2246 676
2247 484
2248 256
2249 324
2250 576
2251 676
2252 400
2253 324
2254 484
2255 576
2256 784
2257 784
2258 324
2259 256
2260 196
2261 256
2262 144
2263 324
2264 484
2265 100
2266 16
2267 196
2268 400
2269 676
2270 400
2271 576
2272 400
2273 676
2274 484
2275 324
2276 256
2277 576
2278 196
2279 100
2280 36
2281 4
2282 36
2283 100
2284 324
2285 400
2286 484
2287 676
2288 900
2289 484
2290 676
2291 576
2292 1156
2293 576
2294 196
2295 324
2296 400
2297 676
2298 676
2299 676
2300 400
2301 196
2302 324
2303 324
2304 400
2305 196
2306 324
2307 144
2308 64
2309 64
2310 36
2311 36
2312 100
2313 144
2314 144
2315 144
2316 256
2317 64
2318 64
2319 64
2320 196
2321 256
2322 144
2323 100
2324 196
2325 64
2326 100
2327 0
2328 100
2329 64
2330 4
2331 64
2332 0
2333 4
2334 100
2335 64
2336 4
2337 36
2338 0
2339 144
2340 64
2341 100
2342 576
2343 400
2344 400
2345 484
2346 576
2347 324
2348 484
2349 144
2350 64
2351 4
2352 36
2353 16
2354 36
2355 64
2356 144
2357 100
2358 64
2359 196
2360 576
2361 324
2362 196
2363 400
2364 36
2365 100
2366 4
2367 16
2368 16
2369 64
2370 64
2371 64
2372 100
2373 0
2374 16
2375 16
2376 100
2377 64
2378 324
2379 576
2380 900
2381 196
2382 16
2383 324
2384 196
2385 16
2386 16
2387 4
2388 0
2389 256
2390 324
2391 324
2392 400
2393 784
2394 256
2395 36
2396 0
2397 16
2398 64
2399 36
2400 16
2401 196
2402 576
2403 144
2404 4
2405 16
2406 64
2407 16
2408 0
2409 4
2410 16
2411 144
2412 144
2413 324
2414 196
2415 256
2416 100
2417 576
2418 484
2419 400
2420 256
2421 256
2422 36
2423 100
2424 400
2425 676
2426 484
2427 676
2428 324
2429 4
2430 16
2431 256
2432 196
2433 484
2434 324
2435 196
2436 100
2437 144
2438 324
2439 400
2440 1156
2441 900
2442 1024
2443 784
2444 784
2445 1024
2446 484
2447 576
2448 900
2449 900
2450 1156
2451 1024
2452 400
2453 196
2454 100
2455 64
2456 16
2457 36
2458 64
2459 144
2460 144
2461 64
2462 64
2463 196
2464 64
2465 100
2466 16
2467 0
2468 4
2469 4
2470 144
2471 144
2472 36
2473 0
2474 36
2475 36
2476 196
2477 196
2478 36
2479 36
2480 64
2481 400
2482 256
2483 64
2484 400
2485 400
2486 100
2487 324
2488 400
2489 400
2490 484
2491 400
2492 484
2493 256
2494 64
2495 100
2496 36
2497 64
2498 4
2499 64
2500 100
2501 0
2502 0
2503 36
2504 36
2505 100
2506 0
2507 144
2508 256
2509 324
2510 784
2511 676
2512 144
2513 400
2514 64
2515 4
2516 256
2517 144
2518 16
2519 100
2520 144
2521 256
2522 784
2523 1024
2524 1024
2525 484
2526 196
2527 196
2528 64
2529 16
2530 196
2531 16
2532 4
2533 64
2534 4
2535 100
2536 196
2537 196
2538 400
2539 1024
2540 1156
2541 1024
2542 576
2543 484
2544 196
2545 900
2546 676
2547 576
2548 676
2549 900
2550 784
2551 1764
2552 1296
2553 576
2554 484
2555 4
2556 64
2557 16
2558 16
2559 16
2560 16
2561 4
2562 0
2563 36
2564 16
2565 36
2566 144
2567 144
2568 144
2569 16
2570 64
2571 16
2572 64
2573 36
2574 16
2575 4
2576 16
2577 64
2578 64
2579 196
2580 256
2581 484
2582 576
2583 1024
2584 784
2585 676
2586 676
2587 484
2588 196
2589 196
2590 100
2591 100
2592 16
2593 4
2594 36
2595 100
2596 36
2597 64
2598 144
2599 36
2600 0
2601 0
2602 64
2603 100
2604 144
2605 196
2606 324
2607 64
2608 324
2609 196
2610 144
2611 400
2612 256
2613 64
2614 36
2615 36
2616 64
2617 16
2618 64
2619 100
2620 4
2621 4
2622 64
2623 4
2624 256
2625 16
2626 144
2627 36
2628 64
2629 196
2630 576
2631 324
2632 196
2633 16
2634 4
2635 100
2636 16
2637 256
2638 324
2639 4
2640 4
2641 64
2642 36
2643 16
2644 4
2645 64
2646 16
2647 0
2648 256
2649 324
2650 64
2651 64
2652 16
2653 16
2654 100
2655 324
2656 676
2657 400
2658 484
2659 484
2660 676
2661 1156
2662 1024
2663 784
2664 324
2665 784
2666 576
2667 676
2668 576
2669 576
2670 784
2671 1024
2672 900
2673 1024
2674 676
2675 400
2676 676
2677 1156
2678 784
2679 900
2680 784
2681 324
2682 676
2683 196
2684 324
2685 324
2686 484
2687 324
2688 196
2689 256
2690 64
2691 36
2692 256
2693 400
2694 900
2695 324
2696 784
2697 1156
2698 1156
2699 1024
2700 900
2701 676
2702 676
2703 576
2704 256
2705 484
2706 400
2707 324
2708 196
2709 4
2710 16
2711 16
2712 64
2713 324
2714 400
2715 484
2716 196
2717 256
2718 484
2719 484
2720 324
2721 144
2722 16
2723 100
2724 100
2725 100
2726 144
2727 196
2728 400
2729 256
2730 400
2731 400
2732 484
2733 64
2734 100
2735 64
2736 256
2737 400
2738 324
2739 400
2740 144
2741 196
2742 324
2743 144
2744 256
2745 144
2746 64
2747 36
2748 196
2749 576
2750 900
2751 784
2752 1444
2753 1936
2754 2304
2755 1764
2756 1296
2757 1600
2758 1296
2759 676
2760 1296
2761 1444
2762 1764
2763 1444
2764 1764
2765 1600
2766 1600
2767 1296
2768 1296
2769 576
2770 400
2771 324
2772 100
2773 196
2774 256
2775 196
2776 144
2777 144
2778 400
2779 256
2780 196
2781 144
2782 324
2783 676
2784 400
2785 256
2786 400
2787 256
2788 256
2789 196
2790 144
2791 100
2792 256
2793 400
2794 256
2795 100
2796 144
2797 100
2798 144
2799 4
2800 64
2801 4
2802 36
2803 4
2804 4
2805 4
2806 16
2807 36
2808 100
2809 256
2810 16
2811 4
2812 16
2813 16
2814 4
2815 100
2816 144
2817 36
2818 4
2819 4
2820 36
2821 0
2822 36
2823 36
2824 100
2825 144
2826 64
2827 0
2828 36
2829 4
2830 0
2831 16
2832 4
2833 36
2834 16
2835 0
2836 36
2837 100
2838 64
2839 100
2840 324
2841 100
2842 324
2843 196
2844 64
2845 256
2846 400
2847 196
2848 256
2849 324
2850 324
2851 676
2852 576
2853 576
2854 576
2855 676
2856 676
2857 324
2858 196
2859 484
2860 400
2861 324
2862 484
2863 676
2864 484
2865 196
2866 256
2867 36
2868 64
2869 324
2870 676
2871 676
2872 900
2873 1024
2874 576
2875 64
2876 64
2877 196
2878 256
2879 196
2880 144
2881 0
2882 0
2883 196
2884 144
2885 16
2886 64
2887 4
2888 36
2889 0
2890 256
2891 676
2892 400
2893 676
2894 900
2895 576
2896 324
2897 196
2898 100
2899 400
2900 400
2901 400
2902 324
2903 400
2904 900
2905 400
2906 196
2907 576
2908 676
2909 256
2910 400
2911 676
2912 576
2913 900
2914 1024
2915 324
2916 784
2917 1296
2918 1156
2919 1444
2920 1936
2921 2116
2922 2500
2923 2500
2924 2500
2925 2500
2926 2304
2927 2116
2928 1156
2929 1156
2930 784
2931 484
2932 576
2933 400
2934 400
2935 324
2936 196
2937 144
2938 256
2939 100
2940 64
2941 256
2942 324
2943 324
2944 196
2945 256
2946 36
2947 16
2948 64
2949 576
2950 576
2951 784
2952 900
2953 484
2954 676
2955 1024
2956 1156
2957 1296
2958 900
2959 576
2960 784
2961 484
2962 400
2963 196
2964 196
2965 0
2966 64
2967 36
2968 100
2969 4
2970 36
2971 36
2972 64
2973 36
2974 64
2975 100
2976 144
2977 100
2978 16
2979 196
2980 400
2981 1024
2982 676
2983 400
2984 100
2985 16
2986 4
2987 64
2988 36
2989 16
2990 256
2991 196
2992 256
2993 324
2994 256
2995 144
2996 256
2997 100
2998 676
2999 676
3000 1296
3001 784
3002 1024
3003 676
3004 676
3005 784
3006 400
3007 196
3008 64
3009 324
3010 576
3011 676
3012 576
3013 400
3014 324
3015 400
3016 324
3017 256
3018 100
3019 100
3020 0
3021 4
3022 4
3023 4
3024 4
3025 36
3026 36
3027 144
3028 256
3029 16
3030 0
3031 36
3032 100
3033 4
3034 144
3035 4
3036 256
3037 324
3038 256
3039 256
3040 484
3041 484
3042 484
3043 100
3044 4
3045 484
3046 576
3047 784
3048 576
3049 676
3050 324
3051 676
3052 676
3053 784
3054 324
3055 400
3056 576
3057 1156
3058 484
3059 36
3060 100
3061 100
3062 100
3063 196
3064 324
3065 324
3066 576
3067 400
3068 324
3069 676
3070 900
3071 676
3072 64
3073 196
3074 36
3075 36
3076 36
3077 484
3078 576
3079 1444
3080 1600
3081 1764
3082 2116
3083 2116
3084 1764
3085 2304
3086 1936
3087 2116
3088 1764
3089 1296
3090 1444
3091 484
3092 100
3093 36
3094 16
3095 16
3096 36
3097 16
3098 0
3099 0
3100 16
3101 16
3102 0
3103 36
3104 36
3105 16
3106 0
3107 4
3108 36
3109 36
3110 16
3111 4
3112 0
3113 144
3114 36
3115 64
3116 0
3117 64
3118 36
3119 196
3120 16
3121 16
3122 0
3123 36
3124 100
3125 144
3126 256
3127 196
3128 256
3129 484
3130 484
3131 484
3132 144
3133 144
3134 16
3135 4
3136 0
3137 196
3138 256
3139 196
3140 64
3141 256
3142 256
3143 144
3144 144
3145 400
3146 324
3147 324
3148 324
3149 400
3150 576
3151 676
3152 576
3153 576
3154 324
3155 324
3156 784
3157 1156
3158 1600
3159 1024
3160 1156
3161 1024
3162 900
3163 676
3164 676
3165 676
3166 1024
3167 900
3168 900
3169 1024
3170 784
3171 1156
3172 1024
3173 576
3174 400
3175 784
3176 256
3177 484
3178 484
3179 256
3180 100
3181 324
3182 100
3183 144
3184 64
3185 36
3186 36
3187 0
3188 16
3189 36
3190 64
3191 16
3192 0
3193 144
3194 100
3195 0
3196 0
3197 36
3198 4
3199 36
3200 100
3201 16
3202 0
3203 64
3204 64
3205 100
3206 484
3207 196
3208 64
3209 36
3210 36
3211 36
3212 196
3213 100
3214 4
3215 16
3216 4
3217 36
3218 196
3219 324
3220 576
3221 484
3222 256
3223 576
3224 256
3225 324
3226 4
3227 100
3228 16
3229 36
3230 4
3231 100
3232 64
3233 36
3234 100
3235 256
3236 324
3237 324
3238 400
3239 784
3240 784
3241 484
3242 484
3243 324
3244 1024
3245 1024
3246 900
3247 1024
3248 1444
3249 900
3250 900
3251 1024
3252 676
3253 1156
3254 324
3255 144
3256 196
3257 144
3258 676
3259 576
3260 144
3261 196
3262 256
3263 784
3264 784
3265 900
3266 100
3267 64
3268 4
3269 4
3270 36
3271 100
3272 36
3273 0
3274 16
3275 4
3276 100
3277 256
3278 484
3279 576
3280 256
3281 400
3282 900
3283 1024
3284 784
3285 1296
3286 1156
3287 1296
3288 1156
3289 676
3290 144
3291 64
3292 4
3293 36
3294 100
3295 64
3296 0
3297 64
3298 144
3299 324
3300 196
3301 400
3302 324
3303 144
3304 64
3305 144
3306 64
3307 64
3308 256
3309 676
3310 676
3311 676
3312 64
3313 196
3314 400
3315 900
3316 784
3317 784
3318 676
3319 484
3320 484
3321 256
3322 576
3323 676
3324 484
3325 324
3326 100
3327 324
3328 256
3329 400
3330 256
3331 484
3332 676
3333 400
3334 784
3335 484
3336 784
3337 900
3338 256
3339 36
3340 144
3341 64
3342 4
3343 36
3344 100
3345 16
3346 4
3347 4
3348 100
3349 100
3350 64
3351 144
3352 400
3353 256
3354 196
3355 324
3356 676
3357 676
3358 484
3359 144
3360 324
3361 144
3362 196
3363 196
3364 100
3365 64
3366 196
3367 0
3368 4
3369 36
3370 16
3371 256
3372 400
3373 64
3374 256
3375 64
3376 100
3377 36
3378 64
3379 16
3380 16
3381 36
3382 144
3383 196
3384 256
3385 256
3386 100
3387 100
3388 100
3389 64
3390 144
3391 64
3392 4
3393 196
3394 36
3395 144
3396 100
3397 4
3398 4
3399 4
3400 36
3401 100
3402 16
3403 36
3404 4
3405 4
3406 64
3407 0
3408 16
3409 64
3410 4
3411 0
3412 16
3413 36
3414 4
3415 100
3416 36
3417 256
3418 256
3419 196
3420 324
3421 256
3422 4
3423 36
3424 4
3425 100
3426 4
3427 0
3428 16
3429 0
3430 64
3431 64
3432 196
3433 64
3434 256
3435 16
3436 16
3437 16
3438 4
3439 100
3440 100
3441 36
3442 324
3443 324
3444 324
3445 676
3446 1024
3447 784
3448 324
3449 196
3450 144
3451 900
3452 1296
3453 1444
3454 1444
3455 484
3456 784
3457 484
3458 900
3459 784
3460 484
3461 676
3462 484
3463 256
3464 324
3465 144
3466 64
3467 36
3468 256
3469 36
3470 100
3471 16
3472 4
3473 0
3474 64
3475 4
3476 16
3477 16
3478 16
3479 100
3480 100
3481 36
3482 0
3483 64
3484 100
3485 16
3486 36
3487 100
3488 100
3489 64
3490 36
3491 0
3492 0
3493 0
3494 16
3495 16
3496 16
3497 0
3498 0
3499 0
3500 64
3501 64
3502 196
3503 0
3504 100
3505 100
3506 0
3507 64
3508 144
3509 324
3510 324
3511 576
3512 676
3513 900
3514 1024
3515 1024
3516 484
3517 196
3518 36
3519 324
3520 400
3521 676
3522 1156
3523 1156
3524 1156
3525 324
3526 784
3527 784
3528 400
3529 400
3530 196
3531 100
3532 64
3533 256
3534 144
3535 196
3536 36
3537 0
3538 4
3539 144
3540 324
3541 576
3542 676
3543 400
3544 484
3545 256
3546 196
3547 4
3548 4
3549 36
3550 64
3551 16
3552 4
3553 256
3554 324
3555 484
3556 576
3557 256
3558 484
3559 196
3560 196
3561 4
3562 36
3563 4
3564 0
3565 4
3566 100
3567 36
3568 4
3569 36
3570 100
3571 4
3572 16
3573 64
3574 36
3575 36
3576 100
3577 4
3578 36
3579 16
3580 4
3581 16
3582 4
3583 4
3584 16
3585 16
3586 4
3587 484
3588 64
3589 100
3590 100
3591 144
3592 16
3593 16
3594 4
3595 4
3596 4
3597 16
3598 16
3599 100
3600 196
3601 324
3602 484
3603 576
3604 900
3605 400
3606 784
3607 1024
3608 676
3609 900
3610 1296
3611 2116
3612 2304
3613 2500
3614 2500
3615 2500
3616 2500
3617 2116
3618 2116
3619 2304
3620 1444
3621 1600
3622 1936
3623 2500
3624 2500
3625 2500
3626 2116
3627 1936
3628 2116
3629 2304
3630 2304
3631 1600
3632 1296
3633 1936
3634 1156
3635 1024
3636 784
3637 1296
3638 1156
3639 1296
3640 784
3641 484
3642 196
3643 64
3644 64
3645 16
3646 256
3647 36
3648 196
3649 484
3650 196
3651 576
3652 256
3653 484
3654 400
3655 484
3656 576
3657 900
3658 1156
3659 900
3660 484
3661 676
3662 1444
3663 1444
3664 1764
3665 2116
3666 1444
3667 1764
3668 2304
3669 1764
3670 1296
3671 1024
3672 1156
3673 900
3674 1156
3675 1296
3676 1444
3677 1600
3678 1296
3679 1024
3680 1024
3681 1600
3682 1936
3683 1764
3684 1444
3685 900
3686 676
3687 784
3688 784
3689 400
3690 484
3691 324
3692 256
3693 100
3694 324
3695 676
3696 900
3697 784
3698 324
3699 484
3700 484
3701 400
3702 256
3703 144
3704 4
3705 4
3706 4
3707 16
3708 144
3709 196
3710 196
3711 484
3712 100
3713 36
3714 196
3715 100
3716 4
3717 100
3718 4
3719 100
3720 64
3721 100
3722 36
3723 64
3724 4
3725 4
3726 0
3727 36
3728 16
3729 4
3730 4
3731 64
3732 0
3733 16
3734 16
3735 196
3736 100
3737 0
3738 16
3739 4
3740 64
3741 16
3742 64
3743 16
3744 324
3745 576
3746 256
3747 196
3748 196
3749 196
3750 144
3751 100
3752 196
3753 256
3754 324
3755 1156
3756 676
3757 676
3758 784
3759 400
3760 256
3761 256
3762 144
3763 256
3764 676
3765 324
3766 324
3767 324
3768 324
3769 256
3770 144
3771 0
3772 196
3773 100
3774 64
3775 36
3776 16
3777 0
3778 4
3779 0
3780 16
3781 196
3782 196
3783 100
3784 324
3785 576
3786 324
3787 400
3788 676
3789 676
3790 400
3791 144
3792 144
3793 484
3794 676
3795 484
3796 400
3797 256
3798 100
3799 36
3800 64
3801 0
3802 36
3803 0
3804 4
3805 64
3806 100
3807 64
3808 100
3809 4
3810 16
3811 36
3812 36
3813 36
3814 4
3815 4
3816 4
3817 4
3818 16
3819 324
3820 16
3821 16
3822 36
3823 16
3824 16
3825 4
3826 36
3827 144
3828 256
3829 36
3830 100
3831 324
3832 100
3833 64
3834 16
3835 4
3836 4
3837 4
3838 196
3839 4
3840 64
3841 100
3842 324
3843 256
3844 324
3845 144
3846 144
3847 256
3848 144
3849 16
3850 64
3851 196
3852 400
3853 400
3854 256
3855 400
3856 256
3857 256
3858 324
3859 144
3860 144
3861 196
3862 100
3863 64
3864 4
3865 4
3866 64
3867 36
3868 196
3869 144
3870 256
3871 400
3872 324
3873 400
3874 400
3875 576
3876 196
3877 16
3878 4
3879 16
3880 4
3881 64
3882 16
3883 16
3884 16
3885 16
3886 36
3887 4
3888 4
3889 144
3890 144
3891 100
3892 64
3893 144
3894 256
3895 144
3896 400
3897 64
3898 100
3899 484
3900 400
3901 324
3902 144
3903 36
3904 36
3905 144
3906 0
3907 16
3908 4
3909 64
3910 36
3911 64
3912 64
3913 16
3914 16
3915 64
3916 36
3917 36
3918 144
3919 256
3920 256
3921 484
3922 676
3923 676
3924 576
3925 256
3926 484
3927 676
3928 400
3929 676
3930 900
3931 676
3932 676
3933 196
3934 324
3935 676
3936 676
3937 900
3938 1600
3939 1444
3940 1296
3941 1936
3942 2116
3943 1764
3944 1764
3945 1600
3946 1600
3947 2116
3948 1936
3949 1764
3950 2304
3951 2500
3952 2500
3953 2500
3954 2304
3955 2500
3956 2500
3957 1936
3958 1444
3959 576
3960 324
3961 4
3962 64
3963 100
3964 324
3965 324
3966 676
3967 484
3968 576
3969 1156
3970 900
3971 784
3972 900
3973 1024
3974 1296
3975 1936
3976 2304
3977 2304
3978 1600
3979 2116
3980 2116
3981 1936
3982 2116
3983 1764
3984 1600
3985 1156
3986 900
3987 1296
3988 400
3989 484
3990 256
3991 324
3992 900
3993 256
3994 324
3995 324
3996 576
3997 400
3998 196
3999 400
4000 256
4001 196
4002 16
4003 4
4004 4
4005 16
4006 36
4007 0
4008 144
4009 100
4010 16
4011 64
4012 36
4013 16
4014 16
4015 4
4016 4
4017 100
4018 64
4019 16
4020 64
4021 100
4022 36
4023 196
4024 144
4025 36
4026 4
4027 100
4028 400
4029 4
4030 4
4031 100
4032 0
4033 4
4034 16
4035 256
4036 256
4037 576
4038 784
4039 576
4040 144
4041 4
4042 100
4043 144
4044 196
4045 144
4046 400
4047 256
4048 256
4049 196
4050 64
4051 100
4052 4
4053 36
4054 256
4055 100
4056 100
4057 484
4058 484
4059 64
4060 100
4061 400
4062 484
4063 400
4064 1156
4065 1296
4066 144
4067 100
4068 576
4069 324
4070 576
4071 484
4072 784
4073 576
4074 784
4075 400
4076 676
4077 676
4078 400
4079 100
4080 36
4081 4
4082 256
4083 196
4084 256
4085 324
4086 400
4087 484
4088 676
4089 36
4090 64
4091 196
4092 100
4093 36
4094 196
4095 4
4096 4
4097 64
4098 4
4099 16
4100 256
4101 64
4102 4
4103 100
4104 100
4105 4
4106 0
4107 64
4108 256
4109 196
4110 64
4111 36
4112 36
4113 4
4114 36
4115 196
4116 144
4117 256
4118 484
4119 256
4120 324
4121 196
4122 36
4123 64
4124 64
4125 36
4126 36
4127 4
4128 36
4129 0
4130 100
4131 144
4132 100
4133 100
4134 100
4135 256
4136 144
4137 100
4138 36
4139 196
4140 676
4141 676
4142 576
4143 784
4144 784
4145 256
4146 324
4147 196
4148 36
4149 144
4150 400
4151 484
4152 576
4153 256
4154 324
4155 484
4156 784
4157 784
4158 784
4159 676
4160 324
4161 144
4162 4
4163 64
4164 4
4165 36
4166 4
4167 100
4168 16
4169 4
4170 16
4171 36
4172 144
4173 64
4174 16
4175 64
4176 256
4177 576
4178 484
4179 1024
4180 484
4181 324
4182 256
4183 100
4184 100
4185 4
4186 4
4187 196
4188 4
4189 36
4190 16
4191 0
4192 36
4193 64
4194 256
4195 256
4196 144
4197 676
4198 400
4199 324
4200 676
4201 900
4202 1156
4203 1024
4204 1156
4205 676
4206 256
4207 324
4208 64
4209 900
4210 400
4211 484
4212 784
4213 256
4214 196
4215 144
4216 324
4217 400
4218 324
4219 256
4220 196
4221 324
4222 196
4223 256
4224 256
4225 196
4226 196
4227 256
4228 144
4229 400
4230 256
4231 196
4232 256
4233 144
4234 400
4235 400
4236 676
4237 484
4238 256
4239 196
4240 324
4241 196
4242 100
4243 64
4244 4
4245 4
4246 4
4247 144
4248 64
4249 196
4250 196
4251 0
4252 16
4253 100
4254 36
4255 36
4256 100
4257 36
4258 36
4259 0
4260 16
4261 4
4262 4
4263 100
4264 100
4265 100
4266 16
4267 100
4268 196
4269 196
4270 100
4271 196
4272 400
4273 576
4274 900
4275 2304
4276 2304
4277 2500
4278 2304
4279 2116
4280 2116
4281 2116
4282 1444
4283 1296
4284 1444
4285 1024
4286 324
4287 324
4288 484
4289 676
4290 1024
4291 1156
4292 1764
4293 1024
4294 1600
4295 1024
4296 900
4297 676
4298 1296
4299 1024
4300 1764
4301 1444
4302 900
4303 576
4304 676
4305 324
4306 256
4307 256
4308 400
4309 576
4310 900
4311 676
4312 900
4313 1024
4314 1444
4315 1444
4316 1444
4317 1444
4318 1296
4319 484
4320 400
4321 100
4322 100
4323 4
4324 16
4325 36
4326 144
4327 100
4328 36
4329 0
4330 4
4331 0
4332 64
4333 4
4334 4
4335 64
4336 144
4337 64
4338 16
4339 36
4340 256
4341 144
4342 256
4343 196
4344 196
4345 144
4346 484
4347 324
4348 400
4349 256
4350 400
4351 400
4352 324
4353 256
4354 256
4355 484
4356 324
4357 16
4358 64
4359 144
4360 64
4361 64
4362 36
4363 4
4364 16
4365 16
4366 36
4367 64
4368 16
4369 4
4370 0
4371 196
4372 324
4373 196
4374 1296
4375 1444
4376 900
4377 784
4378 1156
4379 576
4380 1296
4381 1296
4382 1296
4383 900
4384 676
4385 484
4386 196
4387 196
4388 64
4389 196
4390 144
4391 4
4392 36
4393 36
4394 484
4395 400
4396 324
4397 256
4398 324
4399 576
4400 1024
4401 1156
4402 900
4403 1024
4404 676
4405 784
4406 784
4407 576
4408 1156
4409 576
4410 900
4411 784
4412 324
4413 100
4414 64
4415 100
4416 196
4417 100
4418 144
4419 16
4420 4
4421 16
4422 36
4423 36
4424 64
4425 16
4426 256
4427 16
4428 4
4429 0
4430 4
4431 36
4432 4
4433 36
4434 16
4435 144
4436 256
4437 484
4438 484
4439 484
4440 324
4441 676
4442 576
4443 1024
4444 1156
4445 1296
4446 576
4447 900
4448 1156
4449 900
4450 900
4451 576
4452 900
4453 1156
4454 1296
4455 1600
4456 1296
4457 784
4458 1296
4459 900
4460 1156
4461 1764
4462 1024
4463 900
4464 1024
4465 900
4466 900
4467 784
4468 1156
4469 1156
4470 1156
4471 676
4472 1764
4473 1600
4474 1444
4475 900
4476 576
4477 1024
4478 676
4479 784
4480 676
4481 576
4482 400
4483 256
4484 576
4485 676
4486 1444
4487 1444
4488 1296
4489 1444
4490 1764
4491 1600
4492 1444
4493 1156
4494 576
4495 576
4496 484
4497 1444
4498 1296
4499 1156
4500 1024
4501 324
4502 144
4503 100
4504 36
4505 144
4506 100
4507 4
4508 4
4509 36
4510 36
4511 16
4512 64
4513 16
4514 64
4515 196
4516 64
4517 256
4518 100
4519 36
4520 64
4521 64
4522 16
4523 0
4524 4
4525 16
4526 4
4527 16
4528 36
4529 36
4530 16
4531 16
4532 16
4533 144
4534 144
4535 144
4536 64
4537 16
4538 4
4539 16
4540 16
4541 4
4542 4
4543 36
4544 36
4545 36
4546 144
4547 144
4548 36
4549 4
4550 64
4551 100
4552 64
4553 196
4554 324
4555 196
4556 196
4557 784
4558 1600
4559 1156
4560 1156
4561 1444
4562 1296
4563 1764
4564 1764
4565 2116
4566 1936
4567 1444
4568 1936
4569 1296
4570 1444
4571 1156
4572 576
4573 400
4574 36
4575 64
4576 144
4577 196
4578 676
4579 784
4580 484
4581 400
4582 144
4583 100
4584 400
4585 576
4586 196
4587 256
4588 0
4589 4
4590 0
4591 36
4592 36
4593 0
4594 64
4595 64
4596 4
4597 100
4598 0
4599 36
4600 100
4601 484
4602 676
4603 576
4604 676
4605 100
4606 484
4607 484
4608 324
4609 484
4610 484
4611 256
4612 64
4613 100
4614 16
4615 36
4616 16
4617 400
4618 256
4619 256
4620 144
4621 144
4622 100
4623 36
4624 144
4625 36
4626 4
4627 196
4628 400
4629 196
4630 324
4631 144
4632 324
4633 576
4634 784
4635 784
4636 576
4637 900
4638 1024
4639 900
4640 1024
4641 484
4642 196
4643 100
4644 64
4645 4
4646 36
4647 144
4648 16
4649 484
4650 256
4651 196
4652 144
4653 0
4654 100
4655 324
4656 484
4657 576
4658 324
4659 484
4660 676
4661 484
4662 100
4663 16
4664 100
4665 4
4666 16
4667 64
4668 100
4669 100
4670 0
4671 64
4672 400
4673 484
4674 400
4675 324
4676 484
4677 676
4678 784
4679 576
4680 400
4681 784
4682 576
4683 676
4684 1156
4685 1444
4686 1024
4687 1156
4688 1024
4689 400
4690 784
4691 576
4692 900
4693 1600
4694 1764
4695 1600
4696 1764
4697 1296
4698 900
4699 576
4700 676
4701 900
4702 676
4703 256
4704 256
4705 256
4706 196
4707 400
4708 576
4709 324
4710 324
4711 576
4712 324
4713 144
4714 324
4715 576
4716 676
4717 1600
4718 1936
4719 1936
4720 1600
4721 1444
4722 1156
4723 484
4724 576
4725 576
4726 400
4727 484
4728 400
4729 400
4730 400
4731 576
4732 676
4733 400
4734 324
4735 100
4736 100
4737 100
4738 100
4739 64
4740 144
4741 100
4742 256
4743 256
4744 484
4745 576
4746 576
4747 324
4748 256
4749 784
4750 576
4751 484
4752 324
4753 144
4754 36
4755 196
4756 144
4757 324
4758 256
4759 484
4760 324
4761 576
4762 576
4763 100
4764 0
4765 4
4766 4
4767 100
4768 100
4769 100
4770 256
4771 324
4772 676
4773 144
4774 100
4775 16
4776 400
4777 676
4778 324
4779 16
4780 144
4781 784
4782 1444
4783 576
4784 1024
4785 1444
4786 1444
4787 1764
4788 1764
4789 900
4790 1024
4791 576
4792 1024
4793 1024
4794 1156
4795 1296
4796 1444
4797 1444
4798 900
4799 784
4800 256
4801 64
4802 0
4803 100
4804 144
4805 576
4806 676
4807 324
4808 576
4809 324
4810 256
4811 256
4812 100
4813 196
4814 324
4815 256
4816 256
4817 256
4818 256
4819 400
4820 256
4821 256
4822 100
4823 100
4824 144
4825 196
4826 256
4827 144
4828 196
4829 324
4830 16
4831 0
4832 100
4833 36
4834 16
4835 100
4836 64
4837 196
4838 100
4839 36
4840 16
4841 64
4842 100
4843 64
4844 196
4845 324
4846 36
4847 0
4848 16
4849 100
4850 64
4851 64
4852 64
4853 16
4854 16
4855 36
4856 144
4857 4
4858 36
4859 16
4860 4
4861 36
4862 36
4863 0
4864 324
4865 324
4866 64
4867 256
4868 256
4869 256
4870 484
4871 576
4872 576
4873 196
4874 196
4875 144
4876 100
4877 100
4878 324
4879 144
4880 324
4881 484
4882 196
4883 196
4884 256
4885 196
4886 36
4887 144
4888 256
4889 256
4890 256
4891 64
4892 100
4893 144
4894 256
4895 144
4896 100
4897 100
4898 484
4899 576
4900 1296
4901 1156
4902 900
4903 1024
4904 1156
4905 1600
4906 1764
4907 1024
4908 1156
4909 784
4910 900
4911 1296
4912 1156
4913 900
4914 324
4915 676
4916 900
4917 1024
4918 900
4919 784
4920 196
4921 36
4922 16
4923 36
4924 0
4925 196
4926 144
4927 144
4928 784
4929 676
4930 784
4931 1296
4932 1600
4933 1936
4934 1600
4935 900
4936 784
4937 400
4938 484
4939 784
4940 1156
4941 1156
4942 2116
4943 1936
4944 1024
4945 484
4946 256
4947 144
4948 144
4949 64
4950 196
4951 784
4952 900
4953 256
4954 400
4955 784
4956 1156
4957 676
4958 1296
4959 484
4960 900
4961 576
4962 484
4963 144
4964 64
4965 144
4966 36
4967 64
4968 100
4969 256
4970 16
4971 0
4972 144
4973 324
4974 400
4975 144
4976 100
4977 36
4978 16
4979 0
4980 100
4981 144
4982 400
4983 676
4984 576
4985 576
4986 576
4987 676
4988 1600
4989 784
4990 784
4991 256
4992 256
4993 196
4994 324
4995 196
4996 196
4997 324
4998 64
4999 64
5000 36
