0.499644 -0.490407 -0.484026
-0.327643 -0.333792 0.499814
0.481098 -0.327969 -0.330763
-0.342147 -0.494192 -0.327897
-0.174789 0.496144 -0.496047
0.00622791 -0.353095 0.497298
-0.169749 -0.337581 -0.332271
0.0187217 -0.490187 -0.328483
0.163962 0.487767 -0.491566
0.341956 -0.324144 0.496327
0.172163 -0.332861 -0.337405
0.330582 -0.486555 -0.325708
-0.497519 -0.167033 -0.491017
-0.3347 -0.0188531 0.487102
-0.488914 -0.0057252 -0.330599
-0.340729 -0.187001 -0.341988
-0.142349 -0.169687 0.477522
-0.0133095 0.0157782 0.498015
-0.159813 0.00883504 -0.342899
-0.0096694 -0.181597 -0.344861
0.160435 -0.148207 -0.483047
0.328021 0.028577 -0.468543
0.163139 0.0060396 -0.32766
0.330025 -0.175214 -0.335053
-0.486392 0.161362 0.49311
-0.333626 0.339342 -0.497038
0.469092 0.332268 -0.343816
-0.350889 0.16745 -0.341188
-0.187704 0.156224 -0.484851
0.00426772 0.3344 -0.471913
-0.176691 0.341852 -0.344045
0.00310337 0.178705 -0.318482
0.165039 0.194363 0.4868
0.332898 0.339845 0.484458
0.187639 0.337305 -0.331484
0.333386 0.165387 -0.304199
0.49568 0.492425 -0.154744
-0.327151 -0.341235 -0.161361
0.490722 -0.323166 -0.0154467
-0.325691 -0.496593 -0.00487731
-0.166056 0.499684 -0.165525
0.00169779 -0.338013 -0.15049
-0.157351 -0.346567 0.00300958
0.00447183 -0.499712 0.000789121
0.180748 0.497172 -0.162147
0.325428 -0.335277 -0.155849
0.159658 -0.340701 0.0107469
0.339322 -0.492836 -0.00370269
0.499623 -0.155356 -0.171135
-0.31167 0.00047443 -0.174641
0.493721 -0.0155184 0.0126899
-0.336669 -0.170635 -0.0149813
-0.172723 -0.171333 -0.157316
-0.0101585 0.00119543 -0.192225
-0.159748 0.000950819 -0.0107461
-0.00369584 -0.176129 -0.0113536
0.144715 -0.174772 -0.183039
0.319356 -0.00390069 -0.162921
0.15562 -0.00826534 0.000426834
0.319731 -0.164282 -0.00734861
0.498577 0.198202 -0.161922
-0.340657 0.352249 -0.168038
-0.491264 0.327702 0.0222714
-0.322093 0.156883 -0.00195046
-0.161894 0.165829 -0.177351
-0.00457115 0.353175 -0.154052
-0.181689 0.313587 -0.013172
-0.0183265 0.163251 -0.00961896
0.157591 0.192024 -0.162059
0.341971 0.335065 -0.161442
0.168151 0.3304 -0.000911184
0.341055 0.156832 -0.0107573
0.491731 -0.487988 0.160463
-0.326826 -0.351063 0.162682
-0.489431 -0.331234 0.321167
-0.340545 -0.49151 0.332081
-0.156595 0.495493 0.166585
0.00834711 -0.350085 0.184464
-0.157105 -0.360401 0.336625
-0.00109707 0.462437 0.331479
0.167122 0.491593 0.183434
0.332456 -0.317969 0.171468
0.182461 -0.325926 0.36157
0.336424 0.498927 0.328971
-0.476034 -0.179819 0.165653
-0.343129 -0.00471631 0.168382
-0.485033 -0.00380644 0.336365
-0.331012 -0.172031 0.325151
-0.164035 -0.163652 0.138121
-0.00235891 0.0238869 0.164763
-0.173487 -0.00459223 0.321653
-0.00699648 -0.163929 0.309342
0.158942 -0.184435 0.168866
0.342395 -0.00748591 0.182141
0.167872 0.00489918 0.331947
0.315551 -0.144903 0.349167
-0.474772 0.16244 0.169632
-0.337323 0.349553 0.163288
0.497562 0.362984 0.345948
-0.332393 0.163772 0.32193
-0.18173 0.155936 0.169142
0.0115246 0.312332 0.151203
-0.174993 0.334678 0.351562
-0.0154763 0.188167 0.338335
0.188862 0.155596 0.165461
0.328983 0.331179 0.162817
0.174183 0.329512 0.325506
0.343583 0.15623 0.348499
