3.1962
3.38419
3.7144
4.16545
4.6904
5.27996
5.89426
6.49184
7.03349
7.47547
7.7855
7.9447
7.9653
7.86568
7.67676
7.43803
7.18183
6.94339
6.74253
6.58648
6.48072
6.43771
6.43505
6.46974
6.52071
6.57589
6.62158
6.63856
6.63298
6.5904
6.51648
6.42409
6.31425
6.19924
6.08139
5.97269
5.87465
5.7883
5.72343
5.67463
5.63891
5.6228
5.62816
5.66007
5.71366
5.78339
5.87821
5.98954
6.10865
6.22838
6.34375
6.45044
6.53648
6.59875
6.63017
6.632
6.60665
6.56272
6.50114
6.43076
6.35989
6.29621
6.24037
6.19351
6.16071
6.14649
6.14308
6.14811
6.16821
6.19012
6.21611
6.24245
6.25945
6.26128
6.25825
6.24281
6.21922
6.18144
6.14041
6.09871
6.05534
6.01443
5.98044
5.95813
5.94941
5.95326
5.9653
5.98534
6.01453
6.04853
6.07951
6.11184
6.15422
6.19219
6.23089
6.28449
6.33826
6.40525
6.47074
6.53383
