1.09913
1.09608
1.09061
1.08241
1.07102
1.05586
1.03623
1.01134
0.980428
0.942851
0.898313
0.847141
0.790579
0.730919
0.671424
0.615894
0.567903
0.530132
0.503949
0.489338
0.485177
0.489614
0.500464
0.515512
0.532758
0.550542
0.567583
0.582991
0.59625
0.607147
0.615672
0.621943
0.626074
0.628122
0.628072
0.6259
0.621649
0.615506
0.607858
0.599299
0.590549
0.582407
0.575714
0.57123
0.569529
0.570807
0.574765
0.580663
0.587544
0.594463
0.600641
0.605529
0.608778
0.610256
0.610019
0.608351
0.605712
0.6027
0.59994
0.597955
0.597093
0.597453
0.598906
0.601163
0.603861
0.606635
0.609162
0.611179
0.612471
0.612868
0.612218
0.610421
0.607417
0.603251
0.598139
0.592486
0.586888
0.581963
0.578153
0.575577
0.574003
0.573027
0.572287
0.571545
0.57065
0.569456
0.567768
0.565416
0.562417
0.559039
0.555768
0.553178
0.551763
0.551818
0.55339
0.55629
0.560161
0.56457
0.569046
0.573127
