1 -4
2 -6
3 -4
4 -18
5 -4
6 2
7 -8
8 2
9 -16
10 -12
11 -16
12 16
13 18
14 0
15 -8
16 -4
17 -8
18 -2
19 14
20 4
21 -4
22 -10
23 -2
24 -4
25 -12
26 -12
27 2
28 8
29 0
30 4
31 10
32 12
33 -4
34 6
35 0
36 6
37 0
38 4
39 0
40 -18
41 -12
42 -12
43 -6
44 10
45 8
46 26
47 30
48 16
49 12
50 16
51 2
52 -2
53 0
54 -18
55 4
56 6
57 -8
58 -24
59 -26
60 -36
61 -20
62 -32
63 -16
64 -10
65 -2
66 -4
67 12
68 8
69 4
70 6
71 10
72 -6
73 -4
74 14
75 4
76 -4
77 -10
78 -10
79 -8
80 -4
81 10
82 -8
83 -24
84 -14
85 -20
86 -12
87 4
88 8
89 8
90 8
91 10
92 2
93 -8
94 -14
95 -18
96 -18
97 -14
98 8
99 8
100 6
101 16
102 0
103 -4
104 -2
105 -4
106 -4
107 -10
108 -10
109 -12
110 -4
111 -2
112 -8
113 -6
114 -4
115 2
116 4
117 16
118 4
119 -4
120 -10
121 -8
122 -2
123 -8
124 8
125 4
126 4
127 6
128 8
129 6
130 -2
131 -12
132 -10
133 -16
134 -8
135 0
136 10
137 10
138 18
139 10
140 -2
141 10
142 18
143 8
144 16
145 6
146 10
147 6
148 0
149 4
150 2
151 18
152 -4
153 10
154 20
155 18
156 8
157 -2
158 4
159 20
160 8
161 6
162 6
163 8
164 2
165 -2
166 8
167 6
168 26
169 16
170 8
171 14
172 -10
173 12
174 0
175 8
176 -8
177 0
178 8
179 18
180 8
181 8
182 2
183 0
184 6
185 -12
186 12
187 8
188 -4
189 4
190 8
191 8
192 0
193 4
194 -4
195 8
196 -10
197 -14
198 -16
199 -10
200 -6
201 12
202 4
203 8
204 2
205 10
206 10
207 2
208 6
209 8
210 -6
211 -6
212 4
213 18
214 -4
215 2
216 4
217 18
218 6
219 14
220 12
221 12
222 14
223 6
224 -4
225 -10
226 4
227 -8
228 -20
229 -14
230 0
231 -2
232 2
233 6
234 10
235 4
236 6
237 4
238 -4
239 -10
240 -12
241 -8
242 -12
243 2
244 -4
245 20
246 8
247 -2
248 -10
249 -6
250 -18
251 -4
252 -2
253 10
254 0
255 -8
256 0
257 -6
258 -2
259 8
260 8
261 6
262 -6
263 8
264 0
265 14
266 4
267 -2
268 -12
269 2
270 -2
271 -8
272 -6
273 4
274 6
275 0
276 -2
277 22
278 10
279 8
280 0
281 18
282 14
283 16
284 26
285 18
286 2
287 10
288 6
289 4
290 8
291 8
292 6
293 10
294 16
295 18
296 14
297 0
298 2
299 10
300 24
301 28
302 8
303 22
304 14
305 -4
306 -18
307 -28
308 -26
309 -8
310 -16
311 2
312 20
313 12
314 12
315 10
316 22
317 16
318 16
319 10
320 4
321 2
322 -4
323 -2
324 -16
325 6
326 12
327 0
328 10
329 18
330 24
331 16
332 0
333 8
334 6
335 10
336 8
337 22
338 16
339 28
340 16
341 -10
342 -8
343 -10
344 -4
345 -6
346 -4
347 -4
348 -20
349 -12
350 -4
351 0
352 -4
353 20
354 2
355 4
356 10
357 -8
358 0
359 -4
360 -14
361 2
362 2
363 -14
364 0
365 2
366 2
367 -8
368 8
369 -6
370 6
371 12
372 0
373 -10
374 14
375 10
376 12
377 -2
378 -12
379 -20
380 -18
381 -6
382 -2
383 -18
384 0
385 4
386 10
387 12
388 14
389 10
390 10
391 26
392 18
393 30
394 38
395 16
396 20
397 22
398 24
399 18
400 10
401 8
402 0
403 2
404 -10
405 -18
406 -10
407 -4
408 -6
409 10
410 0
411 8
412 14
413 12
414 12
415 20
416 36
417 30
418 26
419 14
420 4
421 12
422 6
423 -14
424 0
425 -2
426 6
427 -6
428 -6
429 -4
430 -4
431 -2
432 -14
433 -16
434 -16
435 -18
436 -22
437 -20
438 -18
439 -22
440 -24
441 -18
442 4
443 -8
444 8
445 -2
446 12
447 12
448 6
449 4
450 4
451 -14
452 2
453 12
454 -4
455 0
456 4
457 12
458 4
459 2
460 28
461 18
462 -12
463 -16
464 -8
465 -10
466 -18
467 -12
468 -4
469 -12
470 0
471 6
472 -4
473 -10
474 8
475 16
476 2
477 10
478 12
479 6
480 6
481 12
482 -6
483 -6
484 -14
485 -18
486 -12
487 -12
488 -20
489 -20
490 -8
491 -2
492 -4
493 -10
494 -12
495 -8
496 -4
497 2
498 4
499 0
500 6
501 18
502 -2
503 4
504 -6
505 -18
506 -12
507 -16
508 -8
509 16
510 22
511 16
512 10
513 4
514 -2
515 0
516 -6
517 -10
518 -16
519 -18
520 -14
521 -12
522 -18
523 -16
524 -12
525 -14
526 -4
527 12
528 6
529 6
530 0
531 16
532 0
533 -8
534 -6
535 -10
536 -2
537 6
538 8
539 -16
540 -10
541 0
542 -4
543 -4
544 -8
545 -6
546 -14
547 -8
548 -2
549 0
550 18
551 12
552 10
553 8
554 4
555 -2
556 10
557 4
558 10
559 16
560 18
561 6
562 -2
563 -10
564 -10
565 -12
566 -2
567 -26
568 -30
569 -26
570 -16
571 -20
572 -4
573 4
574 6
575 10
576 4
577 12
578 4
579 10
580 -6
581 -14
582 -6
583 -2
584 4
585 4
586 10
587 16
588 4
589 0
590 -6
591 12
592 -8
593 -14
594 -8
595 -8
596 -8
597 -10
598 2
599 -12
600 -22
601 -6
602 -2
603 2
604 0
605 0
606 6
607 10
608 12
609 10
610 20
611 -2
612 -16
613 -8
614 -10
615 -10
616 -10
617 -8
618 14
619 18
620 2
621 -14
622 -8
623 -4
624 -2
625 -6
626 2
627 -8
628 10
629 2
630 -12
631 -20
632 4
633 -10
634 6
635 10
636 10
637 8
638 8
639 2
640 8
641 4
642 4
643 12
644 -2
645 4
646 2
647 4
648 6
649 6
650 -8
651 -14
652 14
653 0
654 -4
655 -6
656 8
657 14
658 16
659 8
660 14
661 12
662 12
663 10
664 6
665 20
666 16
667 10
668 -10
669 -12
670 -8
671 -2
672 14
673 -4
674 -6
675 -8
676 -16
677 -12
678 -4
679 -4
680 -8
681 -16
682 4
683 0
684 4
685 -4
686 -10
687 2
688 -6
689 -10
690 -4
691 4
692 4
693 12
694 14
695 -2
696 -2
697 -8
698 -6
699 -2
700 2
701 0
702 -8
703 -2
704 12
705 -6
706 -2
707 8
708 -4
709 -12
710 -12
711 2
712 2
713 2
714 2
715 0
716 4
717 14
718 4
719 6
720 0
721 6
722 6
723 12
724 12
725 2
726 -6
727 -6
728 -20
729 -20
730 -10
731 -14
732 -4
733 6
734 4
735 2
736 -4
737 -2
738 4
739 -2
740 -2
741 -16
742 8
743 12
744 18
745 -2
746 0
747 -22
748 -22
749 -20
750 -8
751 0
752 -10
753 -4
754 -8
755 -2
756 -4
757 12
758 12
759 10
760 14
761 26
762 22
763 10
764 6
765 14
766 6
767 -2
768 -8
769 2
770 -2
771 -2
772 -4
773 6
774 -4
775 -6
776 -12
777 -16
778 -16
779 0
780 12
781 16
782 -10
783 -4
784 10
785 -4
786 -6
787 4
788 2
789 -4
790 -8
791 -4
792 16
793 8
794 12
795 -4
796 0
797 6
798 18
799 8
800 28
801 12
802 14
803 12
804 16
805 10
806 8
807 8
808 18
809 16
810 2
811 12
812 -2
813 -8
814 6
815 10
816 2
817 -18
818 -8
819 -2
820 10
821 -2
822 -12
823 -6
824 -20
825 -10
826 2
827 -4
828 -14
829 -14
830 -2
831 4
832 4
833 0
834 2
835 6
836 14
837 -6
838 -14
839 -8
840 -4
841 0
842 -18
843 -12
844 2
845 -10
846 -18
847 -4
848 -14
849 -4
850 -12
851 -4
852 8
853 8
854 6
855 10
856 20
857 12
858 6
859 -4
860 -2
861 12
862 -4
863 10
864 -6
865 -8
866 -6
867 -22
868 -14
869 -8
870 -12
871 -18
872 -26
873 -6
874 0
875 6
876 6
877 -6
878 -14
879 -20
880 -12
881 -10
882 -2
883 6
884 4
885 8
886 -6
887 4
888 2
889 -2
890 6
891 2
892 10
893 16
894 10
895 12
896 0
897 0
898 10
899 4
900 -2
901 -6
902 -10
903 -10
904 -10
905 2
906 2
907 -14
908 -22
909 -22
910 -8
911 -8
912 -10
913 -8
914 -6
915 4
916 0
917 -20
918 -22
919 -8
920 2
921 -4
922 0
923 -4
924 8
925 -2
926 14
927 6
928 -4
929 -12
930 -24
931 -4
932 2
933 2
934 6
935 0
936 -8
937 12
938 16
939 12
940 10
941 6
942 -6
943 6
944 0
945 -6
946 2
947 2
948 4
949 2
950 -2
951 -6
952 -12
953 -14
954 -14
955 -8
956 -4
957 -4
958 2
959 -2
960 6
961 6
962 2
963 4
964 6
965 -4
966 8
967 8
968 -16
969 -12
970 -16
971 -12
972 -4
973 -6
974 6
975 4
976 -12
977 -24
978 -30
979 -18
980 -22
981 -12
982 -2
983 -8
984 -10
985 -4
986 -8
987 -4
988 -2
989 -6
990 -8
991 2
992 2
993 18
994 6
995 16
996 4
997 -4
998 2
999 6
1000 8
1001 0
1002 -10
1003 -12
1004 -16
1005 -22
1006 -32
1007 -28
1008 -10
1009 -2
1010 2
1011 0
1012 -8
1013 -2
1014 -10
1015 -2
1016 12
1017 14
1018 20
1019 0
1020 8
1021 8
1022 2
1023 14
1024 12
1025 8
1026 8
1027 12
1028 4
1029 -6
1030 12
1031 10
1032 8
1033 12
1034 16
1035 6
1036 -6
1037 -8
1038 -8
1039 -2
1040 2
1041 0
1042 24
1043 12
1044 12
1045 2
1046 8
1047 2
1048 16
1049 12
1050 -14
1051 -2
1052 8
1053 6
1054 -2
1055 2
1056 6
1057 10
1058 4
1059 -14
1060 4
1061 4
1062 -10
1063 -12
1064 -12
1065 8
1066 16
1067 18
1068 28
1069 14
1070 0
1071 0
1072 -4
1073 -2
1074 -8
1075 6
1076 -6
1077 12
1078 -2
1079 8
1080 0
1081 4
1082 2
1083 6
1084 4
1085 6
1086 6
1087 14
1088 2
1089 6
1090 0
1091 6
1092 18
1093 14
1094 0
1095 -2
1096 2
1097 0
1098 8
1099 12
1100 -4
1101 -2
1102 10
1103 4
1104 -8
1105 -4
1106 -12
1107 -4
1108 -20
1109 -16
1110 -14
1111 -8
1112 0
1113 0
1114 -6
1115 -10
1116 -18
1117 -10
1118 -20
1119 -8
1120 0
1121 -8
1122 -8
1123 -12
1124 -6
1125 -6
1126 -12
1127 -14
1128 2
1129 6
1130 14
1131 6
1132 6
1133 10
1134 -4
1135 2
1136 -18
1137 0
1138 8
1139 4
1140 6
1141 8
1142 8
1143 16
1144 12
1145 14
1146 14
1147 4
1148 -8
1149 -12
1150 -8
1151 -12
1152 -6
1153 4
1154 -2
1155 -2
1156 2
1157 -10
1158 -14
1159 -6
1160 -10
1161 0
1162 -16
1163 -4
1164 14
1165 10
1166 28
1167 26
1168 12
1169 24
1170 14
1171 26
1172 38
1173 10
1174 16
1175 8
1176 6
1177 4
1178 -4
1179 -8
1180 -2
1181 -10
1182 0
1183 -12
1184 -10
1185 -4
1186 6
1187 12
1188 14
1189 -2
1190 6
1191 12
1192 18
1193 16
1194 16
1195 12
1196 -2
1197 8
1198 -8
1199 -12
1200 -22
1201 -12
1202 -8
1203 18
1204 2
1205 12
1206 2
1207 -12
1208 -10
1209 -2
1210 0
1211 -12
1212 -2
1213 -8
1214 -12
1215 -18
1216 -6
1217 -14
1218 -10
1219 -10
1220 0
1221 2
1222 -10
1223 -8
1224 -4
1225 -2
1226 -6
1227 -14
1228 -12
1229 4
1230 -10
1231 22
1232 30
1233 28
1234 22
1235 22
1236 10
1237 8
1238 14
1239 2
1240 -8
1241 8
1242 20
1243 20
1244 2
1245 12
1246 26
1247 22
1248 16
1249 -4
1250 2
1251 -12
1252 0
1253 -22
1254 -8
1255 -4
1256 -16
1257 -12
1258 4
1259 0
1260 8
1261 -4
1262 0
1263 -8
1264 2
1265 10
1266 -8
1267 -6
1268 -22
1269 -4
1270 2
1271 4
1272 -6
1273 -16
1274 4
1275 8
1276 -2
1277 10
1278 6
1279 14
1280 10
1281 18
1282 -2
1283 -8
1284 -6
1285 -8
1286 -12
1287 -2
1288 -14
1289 4
1290 -2
1291 2
1292 2
1293 -2
1294 -16
1295 -6
1296 -4
1297 -10
1298 -8
1299 -10
1300 -2
1301 -12
1302 -2
1303 -14
1304 -10
1305 6
1306 10
1307 -4
1308 2
1309 -6
1310 12
1311 16
1312 2
1313 -16
1314 -6
1315 0
1316 4
1317 4
1318 10
1319 16
1320 16
1321 20
1322 20
1323 6
1324 6
1325 10
1326 14
1327 6
1328 0
1329 -6
1330 -10
1331 10
1332 12
1333 22
1334 16
1335 20
1336 12
1337 12
1338 20
1339 10
1340 6
1341 -4
1342 14
1343 20
1344 -12
1345 -6
1346 10
1347 20
1348 18
1349 0
1350 6
1351 -16
1352 -10
1353 4
1354 26
1355 28
1356 24
1357 -6
1358 -6
1359 -4
1360 -10
1361 -6
1362 0
1363 -12
1364 -8
1365 10
1366 14
1367 8
1368 12
1369 16
1370 24
1371 24
1372 24
1373 8
1374 0
1375 10
1376 4
1377 2
1378 -8
1379 2
1380 -18
1381 -32
1382 -24
1383 -16
1384 -4
1385 -12
1386 2
1387 4
1388 8
1389 16
1390 18
1391 26
1392 26
1393 10
1394 14
1395 2
1396 -10
1397 -14
1398 -14
1399 -8
1400 -8
1401 -2
1402 2
1403 0
1404 2
1405 6
1406 -8
1407 -18
1408 -18
1409 -8
1410 -6
1411 0
1412 12
1413 -8
1414 10
1415 6
1416 8
1417 0
1418 18
1419 2
1420 0
1421 -4
1422 -4
1423 -8
1424 0
1425 -4
1426 -6
1427 -6
1428 -38
1429 -20
1430 -2
1431 -2
1432 2
1433 2
1434 -2
1435 6
1436 12
1437 8
1438 12
1439 -2
1440 -2
1441 4
1442 22
1443 26
1444 18
1445 20
1446 10
1447 -10
1448 2
1449 4
1450 20
1451 16
1452 10
1453 -10
1454 -12
1455 2
1456 -2
1457 14
1458 12
1459 16
1460 12
1461 0
1462 2
1463 -4
1464 -8
1465 0
1466 0
1467 8
1468 6
1469 10
1470 2
1471 4
1472 -2
1473 6
1474 24
1475 0
1476 6
1477 2
1478 -2
1479 2
1480 4
1481 -8
1482 -24
1483 -10
1484 -4
1485 0
1486 6
1487 8
1488 8
1489 8
1490 4
1491 -8
1492 -22
1493 -20
1494 -6
1495 -14
1496 -14
1497 -2
1498 -6
1499 -10
1500 -6
1501 2
1502 8
1503 -8
1504 -8
1505 -2
1506 0
1507 -12
1508 -10
1509 -2
1510 0
1511 -2
1512 8
1513 12
1514 20
1515 14
1516 -2
1517 6
1518 6
1519 -10
1520 -24
1521 -6
1522 -4
1523 -6
1524 -10
1525 -10
1526 -12
1527 -8
1528 -6
1529 -4
1530 0
1531 -12
1532 0
1533 0
1534 14
1535 -2
1536 0
1537 2
1538 14
1539 18
1540 -2
1541 4
1542 0
1543 4
1544 -12
1545 -16
1546 -18
1547 -24
1548 -24
1549 -16
1550 0
1551 -2
1552 -4
1553 0
1554 0
1555 8
1556 4
1557 16
1558 14
1559 22
1560 10
1561 -8
1562 -8
1563 2
1564 2
1565 16
1566 8
1567 10
1568 -8
1569 0
1570 0
1571 0
1572 -12
1573 0
1574 -10
1575 -2
1576 -18
1577 0
1578 0
1579 12
1580 10
1581 6
1582 6
1583 28
1584 16
1585 22
1586 12
1587 -12
1588 6
1589 0
1590 6
1591 4
1592 -4
1593 6
1594 0
1595 10
1596 14
1597 16
1598 8
1599 16
1600 12
1601 -2
1602 -20
1603 -18
1604 -16
1605 -22
1606 -12
1607 -14
1608 -18
1609 -6
1610 -18
1611 0
1612 -12
1613 -14
1614 -8
1615 -4
1616 4
1617 10
1618 14
1619 26
1620 18
1621 12
1622 16
1623 14
1624 2
1625 -12
1626 -8
1627 -12
1628 -12
1629 -4
1630 -6
1631 -8
1632 -18
1633 -4
1634 0
1635 2
1636 10
1637 -2
1638 18
1639 26
1640 22
1641 24
1642 16
1643 -2
1644 0
1645 8
1646 -4
1647 0
1648 -6
1649 -18
1650 -10
1651 0
1652 -8
1653 4
1654 -10
1655 -14
1656 -12
1657 -8
1658 -6
1659 -16
1660 -6
1661 6
1662 6
1663 18
1664 0
1665 -14
1666 -20
1667 -26
1668 -18
1669 -14
1670 -14
1671 -2
1672 -14
1673 -8
1674 -6
1675 4
1676 -6
1677 -4
1678 -6
1679 4
1680 16
1681 10
1682 6
1683 2
1684 10
1685 4
1686 10
1687 2
1688 -10
1689 -14
1690 -10
1691 -4
1692 -10
1693 -6
1694 4
1695 8
1696 -6
1697 2
1698 -2
1699 -4
1700 0
1701 -6
1702 10
1703 12
1704 12
1705 18
1706 24
1707 30
1708 22
1709 12
1710 8
1711 14
1712 22
1713 16
1714 18
1715 0
1716 -4
1717 -14
1718 -6
1719 -2
1720 12
1721 4
1722 -6
1723 18
1724 2
1725 8
1726 6
1727 4
1728 20
1729 30
1730 26
1731 16
1732 20
1733 26
1734 26
1735 12
1736 10
1737 14
1738 8
1739 2
1740 2
1741 6
1742 4
1743 10
1744 -2
1745 -6
1746 -22
1747 -24
1748 -10
1749 4
1750 22
1751 20
1752 8
1753 10
1754 16
1755 12
1756 18
1757 12
1758 10
1759 -8
1760 -8
1761 2
1762 -4
1763 2
1764 -2
1765 -6
1766 0
1767 0
1768 0
1769 14
1770 14
1771 8
1772 10
1773 16
1774 12
1775 14
1776 16
1777 18
1778 14
1779 12
1780 18
1781 12
1782 10
1783 2
1784 6
1785 -2
1786 2
1787 2
1788 -2
1789 6
1790 -2
1791 8
1792 4
1793 4
1794 4
1795 14
1796 4
1797 2
1798 -2
1799 6
1800 10
1801 18
1802 6
1803 10
1804 20
1805 24
1806 16
1807 14
1808 12
1809 -4
1810 -6
1811 0
1812 4
1813 -6
1814 -4
1815 6
1816 -16
1817 -8
1818 -8
1819 -4
1820 14
1821 26
1822 16
1823 18
1824 -4
1825 -2
1826 -8
1827 -10
1828 -12
1829 -10
1830 10
1831 10
1832 8
1833 2
1834 12
1835 -10
1836 -18
1837 -4
1838 -10
1839 -12
1840 -18
1841 -12
1842 -10
1843 2
1844 -14
1845 0
1846 -4
1847 -2
1848 0
1849 4
1850 4
1851 -12
1852 0
1853 10
1854 -8
1855 -6
1856 0
1857 2
1858 -2
1859 10
1860 16
1861 2
1862 2
1863 -2
1864 -4
1865 -6
1866 0
1867 -2
1868 10
1869 8
1870 10
1871 4
1872 -4
1873 -2
1874 0
1875 -10
1876 -2
1877 2
1878 -4
1879 8
1880 12
1881 12
1882 14
1883 16
1884 8
1885 22
1886 6
1887 -6
1888 2
1889 -6
1890 -8
1891 -2
1892 -22
1893 -24
1894 -10
1895 -20
1896 -14
1897 -24
1898 -18
1899 -20
1900 -16
1901 2
1902 2
1903 -6
1904 -10
1905 0
1906 2
1907 2
1908 2
1909 4
1910 -2
1911 6
1912 6
1913 12
1914 0
1915 -12
1916 0
1917 -8
1918 0
1919 4
1920 0
1921 0
1922 -12
1923 6
1924 10
1925 2
1926 0
1927 6
1928 8
1929 6
1930 4
1931 6
1932 -6
1933 -2
1934 -10
1935 -8
1936 2
1937 -10
1938 -10
1939 -10
1940 4
1941 -4
1942 0
1943 12
1944 -4
1945 14
1946 12
1947 8
1948 8
1949 12
1950 6
1951 8
1952 4
1953 16
1954 8
1955 -10
1956 -2
1957 -6
1958 -4
1959 -14
1960 -8
1961 -2
1962 -8
1963 6
1964 12
1965 -12
1966 -14
1967 -8
1968 -10
1969 0
1970 2
1971 -8
1972 0
1973 -10
1974 -2
1975 -6
1976 -8
1977 -2
1978 -6
1979 0
1980 2
1981 8
1982 0
1983 -2
1984 -4
1985 0
1986 -2
1987 18
1988 4
1989 -2
1990 20
1991 16
1992 10
1993 6
1994 -4
1995 10
1996 -6
1997 6
1998 14
1999 10
2000 16
2001 16
2002 18
2003 14
2004 26
2005 12
2006 20
2007 12
2008 -6
2009 -8
2010 6
2011 8
2012 14
2013 4
2014 4
2015 8
2016 18
2017 14
2018 14
2019 14
2020 2
2021 -4
2022 -2
2023 8
2024 14
2025 12
2026 16
2027 16
2028 4
2029 -4
2030 -16
2031 -8
2032 2
2033 16
2034 4
2035 4
2036 -16
2037 -16
2038 -12
2039 -14
2040 -18
2041 -20
2042 6
2043 -4
2044 -12
2045 -12
2046 2
2047 0
2048 2
2049 6
2050 8
2051 4
2052 -6
2053 -8
2054 -10
2055 -8
2056 -10
2057 8
2058 12
2059 10
2060 4
2061 -2
2062 2
2063 4
2064 -8
2065 6
2066 2
2067 -2
2068 -6
2069 -12
2070 -4
2071 -12
2072 -12
2073 -34
2074 -42
2075 -24
2076 -6
2077 0
2078 -16
2079 -8
2080 0
2081 6
2082 6
2083 0
2084 -10
2085 6
2086 -10
2087 -8
2088 -8
2089 -8
2090 -26
2091 -22
2092 -18
2093 -12
2094 -30
2095 -20
2096 -14
2097 2
2098 24
2099 18
2100 22
2101 12
2102 22
2103 8
2104 12
2105 8
2106 18
2107 12
2108 18
2109 10
2110 -4
2111 2
2112 -10
2113 -8
2114 6
2115 4
2116 0
2117 10
2118 4
2119 16
2120 12
2121 26
2122 14
2123 16
2124 8
2125 -4
2126 10
2127 6
2128 -4
2129 -2
2130 -18
2131 -6
2132 -4
2133 -8
2134 -2
2135 -6
2136 -4
2137 12
2138 -2
2139 -8
2140 -4
2141 4
2142 -2
2143 6
2144 10
2145 20
2146 26
2147 18
2148 26
2149 14
2150 14
2151 10
2152 6
2153 20
2154 -2
2155 0
2156 6
2157 8
2158 20
2159 22
2160 14
2161 14
2162 12
2163 6
2164 0
2165 -8
2166 -20
2167 -8
2168 -4
2169 6
2170 2
2171 14
2172 6
2173 0
2174 6
2175 -6
2176 4
2177 -2
2178 -20
2179 6
2180 2
2181 8
2182 -2
2183 0
2184 6
2185 -4
2186 -2
2187 -6
2188 -14
2189 -16
2190 2
2191 12
2192 20
2193 6
2194 2
2195 -2
2196 -4
2197 -4
2198 -10
2199 0
2200 4
2201 14
2202 2
2203 0
2204 10
2205 10
2206 20
2207 10
2208 22
2209 14
2210 4
2211 -4
2212 -4
2213 10
2214 2
2215 6
2216 22
2217 8
2218 6
2219 0
2220 0
2221 10
2222 18
2223 16
2224 -4
2225 -16
2226 -2
2227 8
2228 0
2229 -10
2230 -12
2231 -8
2232 -8
2233 2
2234 -8
2235 -8
2236 -16
2237 -2
2238 4
2239 2
2240 2
2241 2
2242 4
2243 -6
2244 -6
2245 2
2246 -8
2247 -18
2248 -14
2249 -14
2250 -2
2251 6
2252 24
2253 12
2254 8
2255 12
2256 6
2257 4
2258 10
2259 4
2260 4
2261 0
2262 12
2263 2
2264 2
2265 -4
2266 6
2267 14
2268 30
2269 14
2270 0
2271 8
2272 -6
2273 2
2274 -4
2275 4
2276 -6
2277 10
2278 8
2279 6
2280 8
2281 8
2282 16
2283 14
2284 -2
2285 4
2286 14
2287 12
2288 12
2289 8
2290 4
2291 -4
2292 8
2293 16
2294 20
2295 16
2296 32
2297 38
2298 16
2299 20
2300 14
2301 10
2302 -12
2303 12
2304 -8
2305 -6
2306 -18
2307 -16
2308 4
2309 8
2310 12
2311 8
2312 8
2313 8
2314 24
2315 26
2316 30
2317 18
2318 4
2319 -12
2320 -12
2321 -10
2322 2
2323 -8
2324 -12
2325 -8
2326 0
2327 -4
2328 -8
2329 -2
2330 -2
2331 6
2332 6
2333 4
2334 -4
2335 -16
2336 -8
2337 -10
2338 4
2339 -6
2340 -14
2341 -14
2342 -2
2343 8
2344 -4
2345 2
2346 4
2347 4
2348 2
2349 10
2350 0
2351 4
2352 18
2353 8
2354 8
2355 14
2356 10
2357 12
2358 0
2359 -4
2360 26
2361 14
2362 12
2363 -6
2364 -4
2365 0
2366 0
2367 -10
2368 -10
2369 8
2370 10
2371 6
2372 14
2373 0
2374 0
2375 4
2376 6
2377 10
2378 -6
2379 0
2380 8
2381 8
2382 8
2383 10
2384 14
2385 14
2386 12
2387 -12
2388 -8
2389 6
2390 -4
2391 -2
2392 2
2393 22
2394 22
2395 -2
2396 4
2397 -4
2398 -6
2399 -8
2400 -2
2401 -2
2402 -4
2403 6
2404 -6
2405 -8
2406 2
2407 14
2408 34
2409 24
2410 14
2411 6
2412 -6
2413 -2
2414 10
2415 6
2416 -2
2417 18
2418 4
2419 6
2420 0
2421 -6
2422 2
2423 4
2424 -6
2425 2
2426 -6
2427 -8
2428 6
2429 16
2430 12
2431 0
2432 0
2433 6
2434 18
2435 26
2436 14
2437 12
2438 16
2439 10
2440 12
2441 2
2442 4
2443 18
2444 24
2445 16
2446 34
2447 26
2448 14
2449 2
2450 2
2451 -12
2452 -12
2453 0
2454 6
2455 -4
2456 -14
2457 -10
2458 -2
2459 -12
2460 -4
2461 -6
2462 6
2463 4
2464 8
2465 2
2466 4
2467 -4
2468 -4
2469 -6
2470 -6
2471 -12
2472 -10
2473 -18
2474 -8
2475 10
2476 14
2477 4
2478 6
2479 0
2480 -2
2481 10
2482 20
2483 8
2484 22
2485 24
2486 28
2487 32
2488 28
2489 22
2490 20
2491 -6
2492 -14
2493 -12
2494 0
2495 0
2496 2
2497 20
2498 18
2499 14
2500 4
2501 0
2502 -10
2503 -6
2504 -2
2505 -2
2506 -12
2507 -4
2508 -8
2509 -12
2510 -6
2511 -8
2512 -6
2513 -4
2514 -6
2515 -8
2516 -22
2517 -20
2518 -6
2519 -18
2520 -20
2521 -28
2522 -18
2523 -10
2524 -8
2525 -12
2526 -4
2527 -10
2528 -14
2529 4
2530 6
2531 14
2532 10
2533 0
2534 0
2535 14
2536 2
2537 -8
2538 10
2539 14
2540 6
2541 22
2542 20
2543 24
2544 16
2545 34
2546 18
2547 16
2548 10
2549 14
2550 18
2551 4
2552 -2
2553 2
2554 2
2555 0
2556 -8
2557 -2
2558 6
2559 8
2560 -2
2561 -12
2562 -10
2563 2
2564 0
2565 -6
2566 -14
2567 -10
2568 -6
2569 -2
2570 -10
2571 -10
2572 -6
2573 2
2574 -2
2575 -8
2576 -12
2577 -12
2578 2
2579 -2
2580 -2
2581 -2
2582 0
2583 2
2584 2
2585 4
2586 8
2587 2
2588 -2
2589 -24
2590 -6
2591 -10
2592 -22
2593 0
2594 16
2595 16
2596 20
2597 10
2598 -18
2599 2
2600 -4
2601 14
2602 12
2603 16
2604 16
2605 18
2606 14
2607 20
2608 6
2609 2
2610 10
2611 16
2612 2
2613 10
2614 8
2615 2
2616 -4
2617 0
2618 -10
2619 0
2620 -16
2621 0
2622 -2
2623 -2
2624 10
2625 8
2626 -12
2627 -2
2628 -8
2629 6
2630 12
2631 -16
2632 -4
2633 -10
2634 -10
2635 0
2636 0
2637 -2
2638 -6
2639 4
2640 -4
2641 -2
2642 -12
2643 -12
2644 -14
2645 -14
2646 0
2647 8
2648 10
2649 14
2650 -2
2651 -8
2652 12
2653 10
2654 16
2655 14
2656 4
2657 6
2658 10
2659 2
2660 10
2661 -6
2662 -12
2663 -14
2664 -4
2665 6
2666 2
2667 -2
2668 -18
2669 -2
2670 2
2671 8
2672 12
2673 10
2674 0
2675 6
2676 2
2677 -10
2678 6
2679 6
2680 -8
2681 -12
2682 10
2683 -10
2684 -18
2685 -20
2686 -22
2687 -28
2688 -18
2689 -10
2690 -8
2691 -12
2692 -2
2693 -2
2694 0
2695 4
2696 -10
2697 -8
2698 -16
2699 -30
2700 -12
2701 -8
2702 6
2703 12
2704 8
2705 -2
2706 -2
2707 -12
2708 -10
2709 -2
2710 -10
2711 -8
2712 -2
2713 -4
2714 -10
2715 -16
2716 -12
2717 -20
2718 -30
2719 -36
2720 -24
2721 6
2722 6
2723 2
2724 14
2725 -4
2726 -12
2727 -14
2728 -22
2729 -34
2730 -32
2731 -24
2732 -12
2733 -10
2734 -18
2735 -16
2736 -20
2737 -14
2738 -16
2739 -4
2740 2
2741 -2
2742 0
2743 4
2744 -6
2745 12
2746 4
2747 4
2748 -4
2749 0
2750 -10
2751 -12
2752 10
2753 20
2754 -10
2755 -12
2756 -16
2757 -6
2758 -20
2759 -20
2760 -24
2761 -16
2762 -24
2763 -8
2764 -4
2765 12
2766 2
2767 0
2768 0
2769 -6
2770 -2
2771 2
2772 6
2773 18
2774 14
2775 12
2776 12
2777 -4
2778 0
2779 8
2780 12
2781 -2
2782 12
2783 2
2784 -6
2785 6
2786 6
2787 -2
2788 -6
2789 0
2790 16
2791 -2
2792 -12
2793 0
2794 12
2795 -2
2796 -6
2797 8
2798 8
2799 18
2800 4
2801 -14
2802 -2
2803 0
2804 -4
2805 6
2806 0
2807 -10
2808 0
2809 -16
2810 -26
2811 -26
2812 -12
2813 -10
2814 -24
2815 -12
2816 -4
2817 -10
2818 -10
2819 -4
2820 0
2821 -10
2822 -4
2823 0
2824 20
2825 4
2826 18
2827 10
2828 24
2829 20
2830 20
2831 4
2832 22
2833 2
2834 8
2835 16
2836 14
2837 16
2838 10
2839 -2
2840 -26
2841 -22
2842 -16
2843 -10
2844 -20
2845 -12
2846 -16
2847 -4
2848 -2
2849 2
2850 0
2851 2
2852 -10
2853 -10
2854 -32
2855 -12
2856 -6
2857 -4
2858 -20
2859 -6
2860 10
2861 -2
2862 -2
2863 -8
2864 -16
2865 -10
2866 -4
2867 10
2868 8
2869 0
2870 6
2871 2
2872 -4
2873 -6
2874 -14
2875 2
2876 0
2877 0
2878 8
2879 10
2880 0
2881 8
2882 -2
2883 -12
2884 12
2885 12
2886 22
2887 14
2888 12
2889 20
2890 8
2891 2
2892 10
2893 0
2894 0
2895 20
2896 10
2897 6
2898 16
2899 -4
2900 -18
2901 2
2902 -14
2903 -12
2904 -8
2905 -6
2906 6
2907 -6
2908 2
2909 -10
2910 -4
2911 -4
2912 0
2913 -2
2914 4
2915 0
2916 6
2917 0
2918 -8
2919 -24
2920 -22
2921 -22
2922 -10
2923 -2
2924 -12
2925 -12
2926 -2
2927 16
2928 8
2929 14
2930 2
2931 -8
2932 4
2933 -4
2934 10
2935 -6
2936 2
2937 4
2938 -4
2939 0
2940 6
2941 -2
2942 4
2943 -2
2944 0
2945 -6
2946 -22
2947 -14
2948 -20
2949 -26
2950 -28
2951 -26
2952 -22
2953 -16
2954 -10
2955 -18
2956 -16
2957 -24
2958 -24
2959 -4
2960 2
2961 6
2962 6
2963 4
2964 -6
2965 -4
2966 -8
2967 -14
2968 -14
2969 -8
2970 -18
2971 -12
2972 -16
2973 -12
2974 -20
2975 -24
2976 -18
2977 -16
2978 -14
2979 -18
2980 -16
2981 -22
2982 -26
2983 -22
2984 -8
2985 6
2986 6
2987 14
2988 10
2989 14
2990 26
2991 26
2992 20
2993 8
2994 8
2995 10
2996 20
2997 12
2998 8
2999 2
3000 12
3001 8
3002 12
3003 10
3004 26
3005 14
3006 18
3007 14
3008 12
3009 6
3010 8
3011 4
3012 -10
3013 -2
3014 -2
3015 4
3016 10
3017 8
3018 -2
3019 0
3020 -6
3021 -2
3022 10
3023 0
3024 -8
3025 -10
3026 -2
3027 10
3028 2
3029 -8
3030 14
3031 6
3032 -8
3033 -4
3034 -10
3035 4
3036 10
3037 0
3038 8
3039 -4
3040 2
3041 -4
3042 -8
3043 -20
3044 -6
3045 -30
3046 -16
3047 -20
3048 2
3049 0
3050 16
3051 -2
3052 4
3053 -10
3054 10
3055 30
3056 42
3057 12
3058 6
3059 2
3060 12
3061 -4
3062 14
3063 8
3064 2
3065 2
3066 -10
3067 -12
3068 2
3069 2
3070 -10
3071 4
3072 -2
3073 2
3074 -2
3075 -2
3076 -4
3077 10
3078 2
3079 10
3080 6
3081 -4
3082 -2
3083 6
3084 8
3085 8
3086 8
3087 6
3088 2
3089 -6
3090 -6
3091 14
3092 10
3093 14
3094 16
3095 16
3096 4
3097 24
3098 22
3099 10
3100 -6
3101 -2
3102 6
3103 8
3104 10
3105 -4
3106 2
3107 4
3108 -8
3109 2
3110 4
3111 20
3112 18
3113 30
3114 30
3115 14
3116 14
3117 -4
3118 -12
3119 -6
3120 -6
3121 -6
3122 8
3123 20
3124 -8
3125 -2
3126 -10
3127 4
3128 12
3129 -2
3130 -4
3131 -2
3132 -2
3133 -6
3134 -6
3135 0
3136 8
3137 -8
3138 -10
3139 -4
3140 -8
3141 -12
3142 -6
3143 -14
3144 2
3145 4
3146 6
3147 -4
3148 10
3149 2
3150 -4
3151 -4
3152 -2
3153 -14
3154 -14
3155 -18
3156 -20
3157 4
3158 6
3159 6
3160 0
3161 -4
3162 8
3163 10
3164 0
3165 -8
3166 -18
3167 -12
3168 0
3169 -10
3170 2
3171 6
3172 12
3173 12
3174 4
3175 2
3176 -2
3177 8
3178 4
3179 0
3180 2
3181 12
3182 22
3183 22
3184 16
3185 8
3186 12
3187 6
3188 -2
3189 -4
3190 -2
3191 -10
3192 -16
3193 -24
3194 -2
3195 -10
3196 -6
3197 6
3198 6
3199 -4
3200 0
3201 6
3202 -2
3203 -16
3204 -2
3205 -6
3206 6
3207 6
3208 18
3209 4
3210 2
3211 -8
3212 -2
3213 -8
3214 -16
3215 -2
3216 14
3217 -2
3218 6
3219 2
3220 -16
3221 -16
3222 -24
3223 -14
3224 -14
3225 2
3226 16
3227 -8
3228 -14
3229 -2
3230 12
3231 -2
3232 2
3233 4
3234 -2
3235 4
3236 2
3237 6
3238 4
3239 16
3240 16
3241 8
3242 4
3243 -10
3244 -4
3245 -6
3246 -8
3247 -10
3248 -14
3249 -10
3250 0
3251 -4
3252 0
3253 4
3254 -8
3255 -6
3256 -12
3257 -14
3258 -6
3259 6
3260 -2
3261 -12
3262 2
3263 -2
3264 2
3265 -6
3266 -4
3267 8
3268 -8
3269 4
3270 22
3271 8
3272 4
3273 6
3274 -2
3275 -12
3276 2
3277 -12
3278 0
3279 2
3280 2
3281 -4
3282 -2
3283 -2
3284 0
3285 -6
3286 0
3287 4
3288 6
3289 6
3290 6
3291 0
3292 4
3293 8
3294 16
3295 12
3296 14
3297 -4
3298 6
3299 -8
3300 2
3301 -14
3302 -28
3303 -22
3304 0
3305 8
3306 0
3307 24
3308 16
3309 10
3310 -2
3311 -4
3312 0
3313 -2
3314 12
3315 14
3316 6
3317 6
3318 0
3319 2
3320 -12
3321 -4
3322 2
3323 -2
3324 4
3325 8
3326 2
3327 10
3328 -6
3329 -16
3330 -2
3331 -16
3332 2
3333 -8
3334 -2
3335 -18
3336 -12
3337 -2
3338 0
3339 2
3340 8
3341 -6
3342 -18
3343 -22
3344 -14
3345 -24
3346 -14
3347 -18
3348 -18
3349 -8
3350 -2
3351 4
3352 4
3353 2
3354 10
3355 18
3356 6
3357 -6
3358 -14
3359 -16
3360 -2
3361 2
3362 -14
3363 -18
3364 -22
3365 -8
3366 -6
3367 -8
3368 8
3369 10
3370 26
3371 2
3372 20
3373 4
3374 2
3375 6
3376 4
3377 14
3378 16
3379 20
3380 30
3381 14
3382 28
3383 22
3384 18
3385 -8
3386 -4
3387 -6
3388 -4
3389 8
3390 0
3391 -6
3392 -6
3393 0
3394 6
3395 -4
3396 2
3397 16
3398 14
3399 6
3400 14
3401 8
3402 -4
3403 2
3404 -18
3405 -10
3406 -12
3407 -4
3408 -6
3409 -6
3410 -16
3411 -14
3412 -8
3413 6
3414 2
3415 20
3416 24
3417 22
3418 16
3419 2
3420 2
3421 0
3422 -6
3423 -12
3424 -8
3425 -16
3426 -14
3427 -6
3428 -2
3429 -8
3430 -10
3431 8
3432 2
3433 4
3434 -2
3435 10
3436 -12
3437 -10
3438 2
3439 -10
3440 -12
3441 14
3442 6
3443 -2
3444 -2
3445 0
3446 -10
3447 -4
3448 -14
3449 -12
3450 -4
3451 8
3452 8
3453 6
3454 14
3455 10
3456 -8
3457 -8
3458 -2
3459 14
3460 6
3461 0
3462 -2
3463 -2
3464 -10
3465 -28
3466 -20
3467 -14
3468 -8
3469 0
3470 -2
3471 6
3472 -2
3473 0
3474 -2
3475 12
3476 16
3477 18
3478 10
3479 12
3480 12
3481 16
3482 6
3483 10
3484 8
3485 12
3486 22
3487 6
3488 10
3489 18
3490 16
3491 12
3492 12
3493 20
3494 10
3495 2
3496 6
3497 0
3498 -8
3499 -16
3500 -16
3501 -4
3502 8
3503 -6
3504 4
3505 0
3506 -2
3507 8
3508 6
3509 -10
3510 -14
3511 -14
3512 -18
3513 -14
3514 -22
3515 -24
3516 -28
3517 -28
3518 -12
3519 -18
3520 -26
3521 -28
3522 -34
3523 -24
3524 -16
3525 -12
3526 -6
3527 12
3528 18
3529 2
3530 -6
3531 -12
3532 -12
3533 -6
3534 -30
3535 -6
3536 -12
3537 -22
3538 -2
3539 8
3540 4
3541 8
3542 6
3543 -14
3544 -10
3545 -6
3546 2
3547 2
3548 10
3549 6
3550 12
3551 10
3552 2
3553 18
3554 16
3555 -4
3556 2
3557 16
3558 14
3559 14
3560 4
3561 -8
3562 -4
3563 2
3564 14
3565 4
3566 -4
3567 -8
3568 -2
3569 26
3570 20
3571 6
3572 8
3573 8
3574 8
3575 4
3576 4
3577 10
3578 8
3579 14
3580 0
3581 -4
3582 -6
3583 -12
3584 -6
3585 -2
3586 -6
3587 -10
3588 -24
3589 -22
3590 -22
3591 -20
3592 -20
3593 -10
3594 4
3595 18
3596 18
3597 12
3598 0
3599 4
3600 6
3601 2
3602 10
3603 4
3604 8
3605 4
3606 10
3607 0
3608 -14
3609 -8
3610 -22
3611 2
3612 14
3613 -6
3614 -4
3615 -8
3616 -4
3617 -2
3618 -8
3619 -2
3620 8
3621 16
3622 4
3623 2
3624 -8
3625 -12
3626 -14
3627 -20
3628 -16
3629 4
3630 4
3631 -6
3632 -2
3633 -16
3634 -14
3635 -4
3636 6
3637 -4
3638 12
3639 -4
3640 0
3641 4
3642 -14
3643 -8
3644 -14
3645 -16
3646 -8
3647 -22
3648 -20
3649 -16
3650 -18
3651 -4
3652 -8
3653 -4
3654 2
3655 8
3656 -2
3657 -6
3658 8
3659 6
3660 -4
3661 -8
3662 -14
3663 -2
3664 10
3665 6
3666 14
3667 6
3668 4
3669 4
3670 8
3671 6
3672 0
3673 0
3674 18
3675 24
3676 26
3677 20
3678 4
3679 0
3680 0
3681 2
3682 -4
3683 10
3684 -2
3685 -14
3686 -16
3687 -8
3688 -16
3689 -20
3690 -16
3691 -14
3692 -8
3693 -12
3694 -22
3695 -8
3696 -14
3697 -8
3698 -4
3699 20
3700 6
3701 14
3702 10
3703 -8
3704 4
3705 0
3706 -6
3707 -10
3708 -22
3709 -22
3710 -20
3711 -10
3712 -16
3713 -12
3714 -2
3715 2
3716 12
3717 -4
3718 4
3719 2
3720 -10
3721 -12
3722 -8
3723 -12
3724 0
3725 -4
3726 -12
3727 0
3728 6
3729 16
3730 6
3731 8
3732 2
3733 -4
3734 4
3735 -2
3736 -6
3737 2
3738 -2
3739 6
3740 -2
3741 16
3742 0
3743 2
3744 16
3745 4
3746 0
3747 0
3748 -6
3749 -8
3750 -16
3751 -12
3752 -4
3753 -4
3754 -2
3755 -10
3756 -8
3757 -2
3758 6
3759 0
3760 -4
3761 -2
3762 10
3763 6
3764 -6
3765 8
3766 0
3767 0
3768 -2
3769 -4
3770 2
3771 -14
3772 -14
3773 -24
3774 -6
3775 -4
3776 -8
3777 2
3778 4
3779 10
3780 0
3781 -16
3782 -8
3783 4
3784 -2
3785 -2
3786 6
3787 6
3788 -10
3789 -6
3790 6
3791 4
3792 18
3793 6
3794 -2
3795 8
3796 8
3797 2
3798 -6
3799 2
3800 -2
3801 -10
3802 2
3803 12
3804 12
3805 -6
3806 4
3807 8
3808 8
3809 -8
3810 -18
3811 -24
3812 -22
3813 -18
3814 -22
3815 -22
3816 -8
3817 -8
3818 -12
3819 -8
3820 2
3821 -4
3822 8
3823 6
3824 16
3825 4
3826 -12
3827 -4
3828 10
3829 10
3830 18
3831 20
3832 8
3833 -4
3834 -6
3835 0
3836 -10
3837 -16
3838 -4
3839 4
3840 20
3841 24
3842 16
3843 6
3844 -8
3845 6
3846 8
3847 -2
3848 6
3849 8
3850 4
3851 -6
3852 -6
3853 2
3854 -12
3855 -22
3856 -10
3857 -4
3858 -4
3859 0
3860 -14
3861 -4
3862 -12
3863 2
3864 -12
3865 -8
3866 8
3867 2
3868 -6
3869 12
3870 8
3871 -16
3872 -30
3873 -14
3874 -2
3875 6
3876 22
3877 32
3878 24
3879 2
3880 -4
3881 10
3882 22
3883 30
3884 6
3885 4
3886 10
3887 20
3888 14
3889 2
3890 10
3891 6
3892 14
3893 6
3894 6
3895 10
3896 12
3897 10
3898 8
3899 10
3900 10
3901 -2
3902 -8
3903 8
3904 -8
3905 -6
3906 -2
3907 0
3908 8
3909 -6
3910 -12
3911 0
3912 6
3913 4
3914 0
3915 18
3916 22
3917 4
3918 16
3919 12
3920 12
3921 8
3922 2
3923 6
3924 -2
3925 6
3926 2
3927 0
3928 0
3929 -8
3930 -8
3931 -6
3932 4
3933 12
3934 10
3935 26
3936 20
3937 14
3938 4
3939 -6
3940 -10
3941 -16
3942 -14
3943 2
3944 6
3945 14
3946 4
3947 10
3948 6
3949 -4
3950 4
3951 6
3952 12
3953 -2
3954 6
3955 8
3956 -2
3957 -12
3958 -10
3959 -2
3960 2
3961 6
3962 -2
3963 -10
3964 -12
3965 -12
3966 4
3967 -6
3968 6
3969 -12
3970 4
3971 20
3972 -6
3973 -6
3974 6
3975 0
3976 -4
3977 -2
3978 -2
3979 6
3980 16
3981 12
3982 8
3983 10
3984 4
3985 8
3986 10
3987 8
3988 18
3989 12
3990 -14
3991 -12
3992 -4
3993 2
3994 2
3995 6
3996 0
3997 8
3998 16
3999 14
4000 14
4001 0
4002 -12
4003 -12
4004 2
4005 -2
4006 -2
4007 6
4008 18
4009 16
4010 6
4011 24
4012 10
4013 20
4014 4
4015 10
4016 4
4017 12
4018 18
4019 10
4020 2
4021 2
4022 4
4023 8
4024 20
4025 24
4026 14
4027 0
4028 4
4029 2
4030 26
4031 18
4032 18
4033 16
4034 12
4035 6
4036 6
4037 -4
4038 2
4039 -18
4040 -32
4041 -24
4042 -26
4043 -18
4044 -18
4045 0
4046 8
4047 8
4048 2
4049 2
4050 0
4051 -2
4052 -6
4053 4
4054 2
4055 2
4056 0
4057 10
4058 8
4059 8
4060 -6
4061 -4
4062 -16
4063 2
4064 -10
4065 -14
4066 -10
4067 -8
4068 -4
4069 -4
4070 6
4071 4
4072 6
4073 -4
4074 -8
4075 -12
4076 4
4077 2
4078 16
4079 14
4080 -10
4081 -18
4082 -12
4083 -10
4084 -8
4085 16
4086 6
4087 16
4088 10
4089 4
4090 -6
4091 -14
4092 -6
4093 -8
4094 0
4095 8
4096 0
4097 0
4098 -4
4099 -8
4100 -4
4101 6
4102 4
4103 8
4104 4
4105 -8
4106 -10
4107 12
4108 20
4109 12
4110 16
4111 24
4112 20
4113 18
4114 2
4115 -12
4116 -12
4117 -14
4118 -8
4119 -4
4120 -2
4121 -8
4122 -12
4123 8
4124 14
4125 18
4126 20
4127 12
4128 14
4129 -2
4130 10
4131 4
4132 4
4133 12
4134 14
4135 -4
4136 2
4137 8
4138 -8
4139 -10
4140 -14
4141 -2
4142 -10
4143 0
4144 6
4145 0
4146 6
4147 0
4148 0
4149 -2
4150 2
4151 -16
4152 8
4153 10
4154 10
4155 2
4156 6
4157 4
4158 12
4159 -4
4160 -12
4161 12
4162 6
4163 14
4164 8
4165 14
4166 28
4167 8
4168 -4
4169 -10
4170 -22
4171 -22
4172 -10
4173 6
4174 -2
4175 -8
4176 2
4177 0
4178 0
4179 8
4180 16
4181 4
4182 0
4183 -4
4184 -18
4185 -12
4186 -16
4187 -16
4188 -16
4189 -4
4190 -2
4191 -24
4192 -8
4193 -8
4194 -18
4195 -8
4196 4
4197 -2
4198 -12
4199 -6
4200 6
4201 2
4202 4
4203 14
4204 0
4205 2
4206 -8
4207 -6
4208 4
4209 -8
4210 -2
4211 8
4212 -6
4213 -8
4214 -12
4215 4
4216 -4
4217 6
4218 -10
4219 -8
4220 -12
4221 -8
4222 0
4223 2
4224 -14
4225 -12
4226 -16
4227 -8
4228 -12
4229 -12
4230 2
4231 -6
4232 6
4233 -4
4234 -10
4235 -6
4236 -18
4237 -12
4238 -6
4239 -18
4240 -22
4241 -14
4242 -4
4243 8
4244 2
4245 2
4246 14
4247 24
4248 8
4249 -6
4250 -6
4251 -6
4252 -22
4253 2
4254 -10
4255 2
4256 6
4257 -4
4258 -6
4259 4
4260 18
4261 8
4262 2
4263 -6
4264 -22
4265 -4
4266 -14
4267 -6
4268 2
4269 2
4270 -6
4271 -28
4272 -14
4273 -12
4274 -22
4275 -22
4276 -20
4277 -10
4278 -6
4279 6
4280 2
4281 -4
4282 -8
4283 -6
4284 -6
4285 -6
4286 12
4287 12
4288 -6
4289 10
4290 6
4291 -2
4292 0
4293 -6
4294 -32
4295 -18
4296 -12
4297 -18
4298 -12
4299 -12
4300 -10
4301 -24
4302 -12
4303 -2
4304 0
4305 0
4306 0
4307 2
4308 -6
4309 -14
4310 -12
4311 -8
4312 -8
4313 -10
4314 0
4315 -4
4316 -4
4317 8
4318 4
4319 10
4320 30
4321 20
4322 14
4323 8
4324 -6
4325 4
4326 12
4327 -2
4328 -6
4329 -6
4330 -2
4331 -8
4332 0
4333 6
4334 2
4335 -2
4336 16
4337 20
4338 8
4339 6
4340 0
4341 0
4342 -8
4343 8
4344 10
4345 6
4346 10
4347 2
4348 10
4349 14
4350 10
4351 4
4352 2
4353 -14
4354 -6
4355 -2
4356 6
4357 10
4358 10
4359 4
4360 2
4361 -2
4362 4
4363 10
4364 4
4365 4
4366 22
4367 8
4368 18
4369 18
4370 20
4371 0
4372 12
4373 22
4374 20
4375 24
4376 8
4377 22
4378 8
4379 -4
4380 -4
4381 -2
4382 -6
4383 -10
4384 -14
4385 -2
4386 -24
4387 -18
4388 -20
4389 -18
4390 -10
4391 6
4392 -2
4393 -2
4394 10
4395 6
4396 2
4397 8
4398 -6
4399 -2
4400 16
4401 16
4402 16
4403 26
4404 20
4405 20
4406 16
4407 8
4408 14
4409 -8
4410 4
4411 -14
4412 -2
4413 -12
4414 -18
4415 -18
4416 -28
4417 -14
4418 -20
4419 6
4420 -8
4421 -6
4422 2
4423 8
4424 -2
4425 0
4426 -12
4427 -18
4428 -2
4429 20
4430 6
4431 16
4432 22
4433 24
4434 2
4435 14
4436 26
4437 0
4438 8
4439 12
4440 14
4441 20
4442 8
4443 6
4444 -4
4445 -10
4446 -12
4447 -6
4448 -10
4449 0
4450 -10
4451 -16
4452 -16
4453 -8
4454 -14
4455 -26
4456 -12
4457 -10
4458 -16
4459 0
4460 -8
4461 -22
4462 -10
4463 2
4464 14
4465 -4
4466 -8
4467 8
4468 -6
4469 -8
4470 8
4471 8
4472 10
4473 -2
4474 14
4475 22
4476 22
4477 24
4478 30
4479 28
4480 30
4481 26
4482 16
4483 -8
4484 6
4485 0
4486 -4
4487 14
4488 20
4489 14
4490 14
4491 -2
4492 -2
4493 -4
4494 14
4495 8
4496 14
4497 18
4498 6
4499 -2
4500 -10
4501 6
4502 12
4503 4
4504 -2
4505 -14
4506 8
4507 0
4508 4
4509 2
4510 12
4511 -4
4512 8
4513 14
4514 10
4515 -6
4516 -4
4517 -10
4518 -4
4519 14
4520 -2
4521 0
4522 10
4523 28
4524 24
4525 14
4526 14
4527 4
4528 4
4529 -2
4530 -10
4531 -12
4532 -8
4533 6
4534 10
4535 -2
4536 14
4537 12
4538 10
4539 -6
4540 -4
4541 12
4542 18
4543 20
4544 26
4545 20
4546 12
4547 0
4548 -8
4549 6
4550 8
4551 10
4552 16
4553 16
4554 14
4555 6
4556 0
4557 2
4558 -2
4559 -2
4560 6
4561 6
4562 0
4563 -12
4564 -16
4565 -18
4566 -6
4567 -10
4568 -2
4569 -14
4570 -6
4571 -4
4572 2
4573 22
4574 4
4575 6
4576 2
4577 -2
4578 8
4579 14
4580 -2
4581 0
4582 6
4583 0
4584 2
4585 -2
4586 4
4587 -8
4588 6
4589 0
4590 -8
4591 -2
4592 -4
4593 8
4594 0
4595 0
4596 -14
4597 -10
4598 8
4599 8
4600 -2
4601 -14
4602 -8
4603 6
4604 8
4605 6
4606 12
4607 12
4608 16
4609 8
4610 8
4611 8
4612 16
4613 18
4614 10
4615 8
4616 26
4617 12
4618 6
4619 12
4620 -2
4621 2
4622 4
4623 0
4624 2
4625 4
4626 6
4627 12
4628 -6
4629 -12
4630 -6
4631 -10
4632 -12
4633 10
4634 14
4635 6
4636 8
4637 6
4638 2
4639 -16
4640 -20
4641 -14
4642 0
4643 4
4644 12
4645 -8
4646 -4
4647 -8
4648 -2
4649 4
4650 6
4651 -12
4652 -6
4653 -4
4654 -4
4655 -4
4656 -12
4657 -4
4658 0
4659 2
4660 -6
4661 -4
4662 2
4663 -14
4664 -24
4665 -2
4666 2
4667 -12
4668 -12
4669 -10
4670 -10
4671 -24
4672 -6
4673 -14
4674 8
4675 2
4676 0
4677 8
4678 0
4679 8
4680 -8
4681 4
4682 6
4683 -2
4684 8
4685 10
4686 -4
4687 -12
4688 -22
4689 -6
4690 -16
4691 -8
4692 -2
4693 8
4694 8
4695 18
4696 16
4697 14
4698 8
4699 6
4700 6
4701 10
4702 24
4703 16
4704 8
4705 10
4706 8
4707 12
4708 20
4709 14
4710 20
4711 12
4712 10
4713 8
4714 14
4715 2
4716 16
4717 6
4718 4
4719 6
4720 14
4721 8
4722 6
4723 14
4724 12
4725 20
4726 16
4727 20
4728 22
4729 20
4730 12
4731 8
4732 -6
4733 6
4734 8
4735 8
4736 2
4737 8
4738 10
4739 12
4740 4
4741 2
4742 8
4743 8
4744 18
4745 20
4746 16
4747 8
4748 12
4749 18
4750 2
4751 18
4752 12
4753 2
4754 0
4755 6
4756 8
4757 12
4758 22
4759 12
4760 18
4761 10
4762 16
4763 2
4764 8
4765 30
4766 18
4767 26
4768 20
4769 22
4770 12
4771 18
4772 8
4773 2
4774 2
4775 -2
4776 2
4777 2
4778 4
4779 -2
4780 -4
4781 -10
4782 -22
4783 -24
4784 -10
4785 -2
4786 -4
4787 -6
4788 -12
4789 -20
4790 -10
4791 -8
4792 -8
4793 -6
4794 4
4795 -8
4796 -16
4797 -22
4798 -10
4799 -12
4800 -18
4801 -6
4802 2
4803 0
4804 -4
4805 2
4806 4
4807 6
4808 4
4809 -4
4810 -12
4811 -10
4812 6
4813 4
4814 0
4815 -4
4816 8
4817 12
4818 16
4819 8
4820 10
4821 2
4822 -10
4823 -18
4824 -8
4825 -4
4826 6
4827 2
4828 4
4829 -2
4830 -2
4831 6
4832 8
4833 0
4834 -12
4835 -26
4836 -2
4837 12
4838 16
4839 12
4840 -8
4841 -6
4842 12
4843 -2
4844 -2
4845 -2
4846 -6
4847 -6
4848 -8
4849 0
4850 10
4851 8
4852 6
4853 10
4854 -2
4855 -22
4856 -18
4857 -10
4858 14
4859 2
4860 8
4861 2
4862 8
4863 4
4864 12
4865 10
4866 12
4867 16
4868 12
4869 12
4870 2
4871 0
4872 0
4873 0
4874 -8
4875 -8
4876 -2
4877 4
4878 -2
4879 6
4880 -24
4881 -34
4882 -20
4883 -24
4884 -24
4885 -26
4886 -26
4887 -16
4888 4
4889 -2
4890 2
4891 -14
4892 -12
4893 4
4894 -2
4895 -8
4896 -10
4897 8
4898 -4
4899 -2
4900 -8
4901 -10
4902 -12
4903 6
4904 -16
4905 -10
4906 -14
4907 8
4908 16
4909 -4
4910 -18
4911 -30
4912 -22
4913 -14
4914 -20
4915 -14
4916 -10
4917 -4
4918 -10
4919 -14
4920 -4
4921 0
4922 -4
4923 -2
4924 12
4925 6
4926 -12
4927 -6
4928 -4
4929 -12
4930 4
4931 4
4932 2
4933 12
4934 -12
4935 -10
4936 14
4937 16
4938 16
4939 22
4940 22
4941 8
4942 8
4943 20
4944 18
4945 8
4946 -10
4947 -6
4948 2
4949 12
4950 2
4951 -2
4952 2
4953 -8
4954 -2
4955 12
4956 22
4957 18
4958 26
4959 14
4960 4
4961 0
4962 4
4963 2
4964 14
4965 -4
4966 0
4967 -12
4968 -16
4969 -12
4970 -20
4971 2
4972 6
4973 12
4974 -2
4975 -8
4976 2
4977 4
4978 -10
4979 4
4980 -2
4981 -2
4982 -10
4983 -16
4984 -18
4985 -14
4986 4
4987 14
4988 6
4989 14
4990 32
4991 14
4992 22
4993 18
4994 20
4995 18
4996 14
4997 12
4998 8
4999 12
5000 8
