1 16
2 36
3 16
4 324
5 16
6 4
7 64
8 4
9 256
10 144
11 256
12 256
13 324
14 0
15 64
16 16
17 64
18 4
19 196
20 16
21 16
22 100
23 4
24 16
25 144
26 144
27 4
28 64
29 0
30 16
31 100
32 144
33 16
34 36
35 0
36 36
37 0
38 16
39 0
40 324
41 144
42 144
43 36
44 100
45 64
46 676
47 900
48 256
49 144
50 256
51 4
52 4
53 0
54 324
55 16
56 36
57 64
58 576
59 676
60 1296
61 400
62 1024
63 256
64 100
65 4
66 16
67 144
68 64
69 16
70 36
71 100
72 36
73 16
74 196
75 16
76 16
77 100
78 100
79 64
80 16
81 100
82 64
83 576
84 196
85 400
86 144
87 16
88 64
89 64
90 64
91 100
92 4
93 64
94 196
95 324
96 324
97 196
98 64
99 64
100 36
101 256
102 0
103 16
104 4
105 16
106 16
107 100
108 100
109 144
110 16
111 4
112 64
113 36
114 16
115 4
116 16
117 256
118 16
119 16
120 100
121 64
122 4
123 64
124 64
125 16
126 16
127 36
128 64
129 36
130 4
131 144
132 100
133 256
134 64
135 0
136 100
137 100
138 324
139 100
140 4
141 100
142 324
143 64
144 256
145 36
146 100
147 36
148 0
149 16
150 4
151 324
152 16
153 100
154 400
155 324
156 64
157 4
158 16
159 400
160 64
161 36
162 36
163 64
164 4
165 4
166 64
167 36
168 676
169 256
170 64
171 196
172 100
173 144
174 0
175 64
176 64
177 0
178 64
179 324
180 64
181 64
182 4
183 0
184 36
185 144
186 144
187 64
188 16
189 16
190 64
191 64
192 0
193 16
194 16
195 64
196 100
197 196
198 256
199 100
200 36
201 144
202 16
203 64
204 4
205 100
206 100
207 4
208 36
209 64
210 36
211 36
212 16
213 324
214 16
215 4
216 16
217 324
218 36
219 196
220 144
221 144
222 196
223 36
224 16
225 100
226 16
227 64
228 400
229 196
230 0
231 4
232 4
233 36
234 100
235 16
236 36
237 16
238 16
239 100
240 144
241 64
242 144
243 4
244 16
245 400
246 64
247 4
248 100
249 36
250 324
251 16
252 4
253 100
254 0
255 64
256 0
257 36
258 4
259 64
260 64
261 36
262 36
263 64
264 0
265 196
266 16
267 4
268 144
269 4
270 4
271 64
272 36
273 16
274 36
275 0
276 4
277 484
278 100
279 64
280 0
281 324
282 196
283 256
284 676
285 324
286 4
287 100
288 36
289 16
290 64
291 64
292 36
293 100
294 256
295 324
296 196
297 0
298 4
299 100
300 576
301 784
302 64
303 484
304 196
305 16
306 324
307 784
308 676
309 64
310 256
311 4
312 400
313 144
314 144
315 100
316 484
317 256
318 256
319 100
320 16
321 4
322 16
323 4
324 256
325 36
326 144
327 0
328 100
329 324
330 576
331 256
332 0
333 64
334 36
335 100
336 64
337 484
338 256
339 784
340 256
341 100
342 64
343 100
344 16
345 36
346 16
347 16
348 400
349 144
350 16
351 0
352 16
353 400
354 4
355 16
356 100
357 64
358 0
359 16
360 196
361 4
362 4
363 196
364 0
365 4
366 4
367 64
368 64
369 36
370 36
371 144
372 0
373 100
374 196
375 100
376 144
377 4
378 144
379 400
380 324
381 36
382 4
383 324
384 0
385 16
386 100
387 144
388 196
389 100
390 100
391 676
392 324
393 900
394 1444
395 256
396 400
397 484
398 576
399 324
400 100
401 64
402 0
403 4
404 100
405 324
406 100
407 16
408 36
409 100
410 0
411 64
412 196
413 144
414 144
415 400
416 1296
417 900
418 676
419 196
420 16
421 144
422 36
423 196
424 0
425 4
426 36
427 36
428 36
429 16
430 16
431 4
432 196
433 256
434 256
435 324
436 484
437 400
438 324
439 484
440 576
441 324
442 16
443 64
444 64
445 4
446 144
447 144
448 36
449 16
450 16
451 196
452 4
453 144
454 16
455 0
456 16
457 144
458 16
459 4
460 784
461 324
462 144
463 256
464 64
465 100
466 324
467 144
468 16
469 144
470 0
471 36
472 16
473 100
474 64
475 256
476 4
477 100
478 144
479 36
480 36
481 144
482 36
483 36
484 196
485 324
486 144
487 144
488 400
489 400
490 64
491 4
492 16
493 100
494 144
495 64
496 16
497 4
498 16
499 0
500 36
501 324
502 4
503 16
504 36
505 324
506 144
507 256
508 64
509 256
510 484
511 256
512 100
513 16
514 4
515 0
516 36
517 100
518 256
519 324
520 196
521 144
522 324
523 256
524 144
525 196
526 16
527 144
528 36
529 36
530 0
531 256
532 0
533 64
534 36
535 100
536 4
537 36
538 64
539 256
540 100
541 0
542 16
543 16
544 64
545 36
546 196
547 64
548 4
549 0
550 324
551 144
552 100
553 64
554 16
555 4
556 100
557 16
558 100
559 256
560 324
561 36
562 4
563 100
564 100
565 144
566 4
567 676
568 900
569 676
570 256
571 400
572 16
573 16
574 36
575 100
576 16
577 144
578 16
579 100
580 36
581 196
582 36
583 4
584 16
585 16
586 100
587 256
588 16
589 0
590 36
591 144
592 64
593 196
594 64
595 64
596 64
597 100
598 4
599 144
600 484
601 36
602 4
603 4
604 0
605 0
606 36
607 100
608 144
609 100
610 400
611 4
612 256
613 64
614 100
615 100
616 100
617 64
618 196
619 324
620 4
621 196
622 64
623 16
624 4
625 36
626 4
627 64
628 100
629 4
630 144
631 400
632 16
633 100
634 36
635 100
636 100
637 64
638 64
639 4
640 64
641 16
642 16
643 144
644 4
645 16
646 4
647 16
648 36
649 36
650 64
651 196
652 196
653 0
654 16
655 36
656 64
657 196
658 256
659 64
660 196
661 144
662 144
663 100
664 36
665 400
666 256
667 100
668 100
669 144
670 64
671 4
672 196
673 16
674 36
675 64
676 256
677 144
678 16
679 16
680 64
681 256
682 16
683 0
684 16
685 16
686 100
687 4
688 36
689 100
690 16
691 16
692 16
693 144
694 196
695 4
696 4
697 64
698 36
699 4
700 4
701 0
702 64
703 4
704 144
705 36
706 4
707 64
708 16
709 144
710 144
711 4
712 4
713 4
714 4
715 0
716 16
717 196
718 16
719 36
720 0
721 36
722 36
723 144
724 144
725 4
726 36
727 36
728 400
729 400
730 100
731 196
732 16
733 36
734 16
735 4
736 16
737 4
738 16
739 4
740 4
741 256
742 64
743 144
744 324
745 4
746 0
747 484
748 484
749 400
750 64
751 0
752 100
753 16
754 64
755 4
756 16
757 144
758 144
759 100
760 196
761 676
762 484
763 100
764 36
765 196
766 36
767 4
768 64
769 4
770 4
771 4
772 16
773 36
774 16
775 36
776 144
777 256
778 256
779 0
780 144
781 256
782 100
783 16
784 100
785 16
786 36
787 16
788 4
789 16
790 64
791 16
792 256
793 64
794 144
795 16
796 0
797 36
798 324
799 64
800 784
801 144
802 196
803 144
804 256
805 100
806 64
807 64
808 324
809 256
810 4
811 144
812 4
813 64
814 36
815 100
816 4
817 324
818 64
819 4
820 100
821 4
822 144
823 36
824 400
825 100
826 4
827 16
828 196
829 196
830 4
831 16
832 16
833 0
834 4
835 36
836 196
837 36
838 196
839 64
840 16
841 0
842 324
843 144
844 4
845 100
846 324
847 16
848 196
849 16
850 144
851 16
852 64
853 64
854 36
855 100
856 400
857 144
858 36
859 16
860 4
861 144
862 16
863 100
864 36
865 64
866 36
867 484
868 196
869 64
870 144
871 324
872 676
873 36
874 0
875 36
876 36
877 36
878 196
879 400
880 144
881 100
882 4
883 36
884 16
885 64
886 36
887 16
888 4
889 4
890 36
891 4
892 100
893 256
894 100
895 144
896 0
897 0
898 100
899 16
900 4
901 36
902 100
903 100
904 100
905 4
906 4
907 196
908 484
909 484
910 64
911 64
912 100
913 64
914 36
915 16
916 0
917 400
918 484
919 64
920 4
921 16
922 0
923 16
924 64
925 4
926 196
927 36
928 16
929 144
930 576
931 16
932 4
933 4
934 36
935 0
936 64
937 144
938 256
939 144
940 100
941 36
942 36
943 36
944 0
945 36
946 4
947 4
948 16
949 4
950 4
951 36
952 144
953 196
954 196
955 64
956 16
957 16
958 4
959 4
960 36
961 36
962 4
963 16
964 36
965 16
966 64
967 64
968 256
969 144
970 256
971 144
972 16
973 36
974 36
975 16
976 144
977 576
978 900
979 324
980 484
981 144
982 4
983 64
984 100
985 16
986 64
987 16
988 4
989 36
990 64
991 4
992 4
993 324
994 36
995 256
996 16
997 16
998 4
999 36
1000 64
1001 0
1002 100
1003 144
1004 256
1005 484
1006 1024
1007 784
1008 100
1009 4
1010 4
1011 0
1012 64
1013 4
1014 100
1015 4
1016 144
1017 196
1018 400
1019 0
1020 64
1021 64
1022 4
1023 196
1024 144
1025 64
1026 64
1027 144
1028 16
1029 36
1030 144
1031 100
1032 64
1033 144
1034 256
1035 36
1036 36
1037 64
1038 64
1039 4
1040 4
1041 0
1042 576
1043 144
1044 144
1045 4
1046 64
1047 4
1048 256
1049 144
1050 196
1051 4
1052 64
1053 36
1054 4
1055 4
1056 36
1057 100
1058 16
1059 196
1060 16
1061 16
1062 100
1063 144
1064 144
1065 64
1066 256
1067 324
1068 784
1069 196
1070 0
1071 0
1072 16
1073 4
1074 64
1075 36
1076 36
1077 144
1078 4
1079 64
1080 0
1081 16
1082 4
1083 36
1084 16
1085 36
1086 36
1087 196
1088 4
1089 36
1090 0
1091 36
1092 324
1093 196
1094 0
1095 4
1096 4
1097 0
1098 64
1099 144
1100 16
1101 4
1102 100
1103 16
1104 64
1105 16
1106 144
1107 16
1108 400
1109 256
1110 196
1111 64
1112 0
1113 0
1114 36
1115 100
1116 324
1117 100
1118 400
1119 64
1120 0
1121 64
1122 64
1123 144
1124 36
1125 36
1126 144
1127 196
1128 4
1129 36
1130 196
1131 36
1132 36
1133 100
1134 16
1135 4
1136 324
1137 0
1138 64
1139 16
1140 36
1141 64
1142 64
1143 256
1144 144
1145 196
1146 196
1147 16
1148 64
1149 144
1150 64
1151 144
1152 36
1153 16
1154 4
1155 4
1156 4
1157 100
1158 196
1159 36
1160 100
1161 0
1162 256
1163 16
1164 196
1165 100
1166 784
1167 676
1168 144
1169 576
1170 196
1171 676
1172 1444
1173 100
1174 256
1175 64
1176 36
1177 16
1178 16
1179 64
1180 4
1181 100
1182 0
1183 144
1184 100
1185 16
1186 36
1187 144
1188 196
1189 4
1190 36
1191 144
1192 324
1193 256
1194 256
1195 144
1196 4
1197 64
1198 64
1199 144
1200 484
1201 144
1202 64
1203 324
1204 4
1205 144
1206 4
1207 144
1208 100
1209 4
1210 0
1211 144
1212 4
1213 64
1214 144
1215 324
1216 36
1217 196
1218 100
1219 100
1220 0
1221 4
1222 100
1223 64
1224 16
1225 4
1226 36
1227 196
1228 144
1229 16
1230 100
1231 484
1232 900
1233 784
1234 484
1235 484
1236 100
1237 64
1238 196
1239 4
1240 64
1241 64
1242 400
1243 400
1244 4
1245 144
1246 676
1247 484
1248 256
1249 16
1250 4
1251 144
1252 0
1253 484
1254 64
1255 16
1256 256
1257 144
1258 16
1259 0
1260 64
1261 16
1262 0
1263 64
1264 4
1265 100
1266 64
1267 36
1268 484
1269 16
1270 4
1271 16
1272 36
1273 256
1274 16
1275 64
1276 4
1277 100
1278 36
1279 196
1280 100
1281 324
1282 4
1283 64
1284 36
1285 64
1286 144
1287 4
1288 196
1289 16
1290 4
1291 4
1292 4
1293 4
1294 256
1295 36
1296 16
1297 100
1298 64
1299 100
1300 4
1301 144
1302 4
1303 196
1304 100
1305 36
1306 100
1307 16
1308 4
1309 36
1310 144
1311 256
1312 4
1313 256
1314 36
1315 0
1316 16
1317 16
1318 100
1319 256
1320 256
1321 400
1322 400
1323 36
1324 36
1325 100
1326 196
1327 36
1328 0
1329 36
1330 100
1331 100
1332 144
1333 484
1334 256
1335 400
1336 144
1337 144
1338 400
1339 100
1340 36
1341 16
1342 196
1343 400
1344 144
1345 36
1346 100
1347 400
1348 324
1349 0
1350 36
1351 256
1352 100
1353 16
1354 676
1355 784
1356 576
1357 36
1358 36
1359 16
1360 100
1361 36
1362 0
1363 144
1364 64
1365 100
1366 196
1367 64
1368 144
1369 256
1370 576
1371 576
1372 576
1373 64
1374 0
1375 100
1376 16
1377 4
1378 64
1379 4
1380 324
1381 1024
1382 576
1383 256
1384 16
1385 144
1386 4
1387 16
1388 64
1389 256
1390 324
1391 676
1392 676
1393 100
1394 196
1395 4
1396 100
1397 196
1398 196
1399 64
1400 64
1401 4
1402 4
1403 0
1404 4
1405 36
1406 64
1407 324
1408 324
1409 64
1410 36
1411 0
1412 144
1413 64
1414 100
1415 36
1416 64
1417 0
1418 324
1419 4
1420 0
1421 16
1422 16
1423 64
1424 0
1425 16
1426 36
1427 36
1428 1444
1429 400
1430 4
1431 4
1432 4
1433 4
1434 4
1435 36
1436 144
1437 64
1438 144
1439 4
1440 4
1441 16
1442 484
1443 676
1444 324
1445 400
1446 100
1447 100
1448 4
1449 16
1450 400
1451 256
1452 100
1453 100
1454 144
1455 4
1456 4
1457 196
1458 144
1459 256
1460 144
1461 0
1462 4
1463 16
1464 64
1465 0
1466 0
1467 64
1468 36
1469 100
1470 4
1471 16
1472 4
1473 36
1474 576
1475 0
1476 36
1477 4
1478 4
1479 4
1480 16
1481 64
1482 576
1483 100
1484 16
1485 0
1486 36
1487 64
1488 64
1489 64
1490 16
1491 64
1492 484
1493 400
1494 36
1495 196
1496 196
1497 4
1498 36
1499 100
1500 36
1501 4
1502 64
1503 64
1504 64
1505 4
1506 0
1507 144
1508 100
1509 4
1510 0
1511 4
1512 64
1513 144
1514 400
1515 196
1516 4
1517 36
1518 36
1519 100
1520 576
1521 36
1522 16
1523 36
1524 100
1525 100
1526 144
1527 64
1528 36
1529 16
1530 0
1531 144
1532 0
1533 0
1534 196
1535 4
1536 0
1537 4
1538 196
1539 324
1540 4
1541 16
1542 0
1543 16
1544 144
1545 256
1546 324
1547 576
1548 576
1549 256
1550 0
1551 4
1552 16
1553 0
1554 0
1555 64
1556 16
1557 256
1558 196
1559 484
1560 100
1561 64
1562 64
1563 4
1564 4
1565 256
1566 64
1567 100
1568 64
1569 0
1570 0
1571 0
1572 144
1573 0
1574 100
1575 4
1576 324
1577 0
1578 0
1579 144
1580 100
1581 36
1582 36
1583 784
1584 256
1585 484
1586 144
1587 144
1588 36
1589 0
1590 36
1591 16
1592 16
1593 36
1594 0
1595 100
1596 196
1597 256
1598 64
1599 256
1600 144
1601 4
1602 400
1603 324
1604 256
1605 484
1606 144
1607 196
1608 324
1609 36
1610 324
1611 0
1612 144
1613 196
1614 64
1615 16
1616 16
1617 100
1618 196
1619 676
1620 324
1621 144
1622 256
1623 196
1624 4
1625 144
1626 64
1627 144
1628 144
1629 16
1630 36
1631 64
1632 324
1633 16
1634 0
1635 4
1636 100
1637 4
1638 324
1639 676
1640 484
1641 576
1642 256
1643 4
1644 0
1645 64
1646 16
1647 0
1648 36
1649 324
1650 100
1651 0
1652 64
1653 16
1654 100
1655 196
1656 144
1657 64
1658 36
1659 256
1660 36
1661 36
1662 36
1663 324
1664 0
1665 196
1666 400
1667 676
1668 324
1669 196
1670 196
1671 4
1672 196
1673 64
1674 36
1675 16
1676 36
1677 16
1678 36
1679 16
1680 256
1681 100
1682 36
1683 4
1684 100
1685 16
1686 100
1687 4
1688 100
1689 196
1690 100
1691 16
1692 100
1693 36
1694 16
1695 64
1696 36
1697 4
1698 4
1699 16
1700 0
1701 36
1702 100
1703 144
1704 144
1705 324
1706 576
1707 900
1708 484
1709 144
1710 64
1711 196
1712 484
1713 256
1714 324
1715 0
1716 16
1717 196
1718 36
1719 4
1720 144
1721 16
1722 36
1723 324
1724 4
1725 64
1726 36
1727 16
1728 400
1729 900
1730 676
1731 256
1732 400
1733 676
1734 676
1735 144
1736 100
1737 196
1738 64
1739 4
1740 4
1741 36
1742 16
1743 100
1744 4
1745 36
1746 484
1747 576
1748 100
1749 16
1750 484
1751 400
1752 64
1753 100
1754 256
1755 144
1756 324
1757 144
1758 100
1759 64
1760 64
1761 4
1762 16
1763 4
1764 4
1765 36
1766 0
1767 0
1768 0
1769 196
1770 196
1771 64
1772 100
1773 256
1774 144
1775 196
1776 256
1777 324
1778 196
1779 144
1780 324
1781 144
1782 100
1783 4
1784 36
1785 4
1786 4
1787 4
1788 4
1789 36
1790 4
1791 64
1792 16
1793 16
1794 16
1795 196
1796 16
1797 4
1798 4
1799 36
1800 100
1801 324
1802 36
1803 100
1804 400
1805 576
1806 256
1807 196
1808 144
1809 16
1810 36
1811 0
1812 16
1813 36
1814 16
1815 36
1816 256
1817 64
1818 64
1819 16
1820 196
1821 676
1822 256
1823 324
1824 16
1825 4
1826 64
1827 100
1828 144
1829 100
1830 100
1831 100
1832 64
1833 4
1834 144
1835 100
1836 324
1837 16
1838 100
1839 144
1840 324
1841 144
1842 100
1843 4
1844 196
1845 0
1846 16
1847 4
1848 0
1849 16
1850 16
1851 144
1852 0
1853 100
1854 64
1855 36
1856 0
1857 4
1858 4
1859 100
1860 256
1861 4
1862 4
1863 4
1864 16
1865 36
1866 0
1867 4
1868 100
1869 64
1870 100
1871 16
1872 16
1873 4
1874 0
1875 100
1876 4
1877 4
1878 16
1879 64
1880 144
1881 144
1882 196
1883 256
1884 64
1885 484
1886 36
1887 36
1888 4
1889 36
1890 64
1891 4
1892 484
1893 576
1894 100
1895 400
1896 196
1897 576
1898 324
1899 400
1900 256
1901 4
1902 4
1903 36
1904 100
1905 0
1906 4
1907 4
1908 4
1909 16
1910 4
1911 36
1912 36
1913 144
1914 0
1915 144
1916 0
1917 64
1918 0
1919 16
1920 0
1921 0
1922 144
1923 36
1924 100
1925 4
1926 0
1927 36
1928 64
1929 36
1930 16
1931 36
1932 36
1933 4
1934 100
1935 64
1936 4
1937 100
1938 100
1939 100
1940 16
1941 16
1942 0
1943 144
1944 16
1945 196
1946 144
1947 64
1948 64
1949 144
1950 36
1951 64
1952 16
1953 256
1954 64
1955 100
1956 4
1957 36
1958 16
1959 196
1960 64
1961 4
1962 64
1963 36
1964 144
1965 144
1966 196
1967 64
1968 100
1969 0
1970 4
1971 64
1972 0
1973 100
1974 4
1975 36
1976 64
1977 4
1978 36
1979 0
1980 4
1981 64
1982 0
1983 4
1984 16
1985 0
1986 4
1987 324
1988 16
1989 4
1990 400
1991 256
1992 100
1993 36
1994 16
1995 100
1996 36
1997 36
1998 196
1999 100
2000 256
2001 256
2002 324
2003 196
2004 676
2005 144
2006 400
2007 144
2008 36
2009 64
2010 36
2011 64
2012 196
2013 16
2014 16
2015 64
2016 324
2017 196
2018 196
2019 196
2020 4
2021 16
2022 4
2023 64
2024 196
2025 144
2026 256
2027 256
2028 16
2029 16
2030 256
2031 64
2032 4
2033 256
2034 16
2035 16
2036 256
2037 256
2038 144
2039 196
2040 324
2041 400
2042 36
2043 16
2044 144
2045 144
2046 4
2047 0
2048 4
2049 36
2050 64
2051 16
2052 36
2053 64
2054 100
2055 64
2056 100
2057 64
2058 144
2059 100
2060 16
2061 4
2062 4
2063 16
2064 64
2065 36
2066 4
2067 4
2068 36
2069 144
2070 16
2071 144
2072 144
2073 1156
2074 1764
2075 576
2076 36
2077 0
2078 256
2079 64
2080 0
2081 36
2082 36
2083 0
2084 100
2085 36
2086 100
2087 64
2088 64
2089 64
2090 676
2091 484
2092 324
2093 144
2094 900
2095 400
2096 196
2097 4
2098 576
2099 324
2100 484
2101 144
2102 484
2103 64
2104 144
2105 64
2106 324
2107 144
2108 324
2109 100
2110 16
2111 4
2112 100
2113 64
2114 36
2115 16
2116 0
2117 100
2118 16
2119 256
2120 144
2121 676
2122 196
2123 256
2124 64
2125 16
2126 100
2127 36
2128 16
2129 4
2130 324
2131 36
2132 16
2133 64
2134 4
2135 36
2136 16
2137 144
2138 4
2139 64
2140 16
2141 16
2142 4
2143 36
2144 100
2145 400
2146 676
2147 324
2148 676
2149 196
2150 196
2151 100
2152 36
2153 400
2154 4
2155 0
2156 36
2157 64
2158 400
2159 484
2160 196
2161 196
2162 144
2163 36
2164 0
2165 64
2166 400
2167 64
2168 16
2169 36
2170 4
2171 196
2172 36
2173 0
2174 36
2175 36
2176 16
2177 4
2178 400
2179 36
2180 4
2181 64
2182 4
2183 0
2184 36
2185 16
2186 4
2187 36
2188 196
2189 256
2190 4
2191 144
2192 400
2193 36
2194 4
2195 4
2196 16
2197 16
2198 100
2199 0
2200 16
2201 196
2202 4
2203 0
2204 100
2205 100
2206 400
2207 100
2208 484
2209 196
2210 16
2211 16
2212 16
2213 100
2214 4
2215 36
2216 484
2217 64
2218 36
2219 0
2220 0
2221 100
2222 324
2223 256
2224 16
2225 256
2226 4
2227 64
2228 0
2229 100
2230 144
2231 64
2232 64
2233 4
2234 64
2235 64
2236 256
2237 4
2238 16
2239 4
2240 4
2241 4
2242 16
2243 36
2244 36
2245 4
2246 64
2247 324
2248 196
2249 196
2250 4
2251 36
2252 576
2253 144
2254 64
2255 144
2256 36
2257 16
2258 100
2259 16
2260 16
2261 0
2262 144
2263 4
2264 4
2265 16
2266 36
2267 196
2268 900
2269 196
2270 0
2271 64
2272 36
2273 4
2274 16
2275 16
2276 36
2277 100
2278 64
2279 36
2280 64
2281 64
2282 256
2283 196
2284 4
2285 16
2286 196
2287 144
2288 144
2289 64
2290 16
2291 16
2292 64
2293 256
2294 400
2295 256
2296 1024
2297 1444
2298 256
2299 400
2300 196
2301 100
2302 144
2303 144
2304 64
2305 36
2306 324
2307 256
2308 16
2309 64
2310 144
2311 64
2312 64
2313 64
2314 576
2315 676
2316 900
2317 324
2318 16
2319 144
2320 144
2321 100
2322 4
2323 64
2324 144
2325 64
2326 0
2327 16
2328 64
2329 4
2330 4
2331 36
2332 36
2333 16
2334 16
2335 256
2336 64
2337 100
2338 16
2339 36
2340 196
2341 196
2342 4
2343 64
2344 16
2345 4
2346 16
2347 16
2348 4
2349 100
2350 0
2351 16
2352 324
2353 64
2354 64
2355 196
2356 100
2357 144
2358 0
2359 16
2360 676
2361 196
2362 144
2363 36
2364 16
2365 0
2366 0
2367 100
2368 100
2369 64
2370 100
2371 36
2372 196
2373 0
2374 0
2375 16
2376 36
2377 100
2378 36
2379 0
2380 64
2381 64
2382 64
2383 100
2384 196
2385 196
2386 144
2387 144
2388 64
2389 36
2390 16
2391 4
2392 4
2393 484
2394 484
2395 4
2396 16
2397 16
2398 36
2399 64
2400 4
2401 4
2402 16
2403 36
2404 36
2405 64
2406 4
2407 196
2408 1156
2409 576
2410 196
2411 36
2412 36
2413 4
2414 100
2415 36
2416 4
2417 324
2418 16
2419 36
2420 0
2421 36
2422 4
2423 16
2424 36
2425 4
2426 36
2427 64
2428 36
2429 256
2430 144
2431 0
2432 0
2433 36
2434 324
2435 676
2436 196
2437 144
2438 256
2439 100
2440 144
2441 4
2442 16
2443 324
2444 576
2445 256
2446 1156
2447 676
2448 196
2449 4
2450 4
2451 144
2452 144
2453 0
2454 36
2455 16
2456 196
2457 100
2458 4
2459 144
2460 16
2461 36
2462 36
2463 16
2464 64
2465 4
2466 16
2467 16
2468 16
2469 36
2470 36
2471 144
2472 100
2473 324
2474 64
2475 100
2476 196
2477 16
2478 36
2479 0
2480 4
2481 100
2482 400
2483 64
2484 484
2485 576
2486 784
2487 1024
2488 784
2489 484
2490 400
2491 36
2492 196
2493 144
2494 0
2495 0
2496 4
2497 400
2498 324
2499 196
2500 16
2501 0
2502 100
2503 36
2504 4
2505 4
2506 144
2507 16
2508 64
2509 144
2510 36
2511 64
2512 36
2513 16
2514 36
2515 64
2516 484
2517 400
2518 36
2519 324
2520 400
2521 784
2522 324
2523 100
2524 64
2525 144
2526 16
2527 100
2528 196
2529 16
2530 36
2531 196
2532 100
2533 0
2534 0
2535 196
2536 4
2537 64
2538 100
2539 196
2540 36
2541 484
2542 400
2543 576
2544 256
2545 1156
2546 324
2547 256
2548 100
2549 196
2550 324
2551 16
2552 4
2553 4
2554 4
2555 0
2556 64
2557 4
2558 36
2559 64
2560 4
2561 144
2562 100
2563 4
2564 0
2565 36
2566 196
2567 100
2568 36
2569 4
2570 100
2571 100
2572 36
2573 4
2574 4
2575 64
2576 144
2577 144
2578 4
2579 4
2580 4
2581 4
2582 0
2583 4
2584 4
2585 16
2586 64
2587 4
2588 4
2589 576
2590 36
2591 100
2592 484
2593 0
2594 256
2595 256
2596 400
2597 100
2598 324
2599 4
2600 16
2601 196
2602 144
2603 256
2604 256
2605 324
2606 196
2607 400
2608 36
2609 4
2610 100
2611 256
2612 4
2613 100
2614 64
2615 4
2616 16
2617 0
2618 100
2619 0
2620 256
2621 0
2622 4
2623 4
2624 100
2625 64
2626 144
2627 4
2628 64
2629 36
2630 144
2631 256
2632 16
2633 100
2634 100
2635 0
2636 0
2637 4
2638 36
2639 16
2640 16
2641 4
2642 144
2643 144
2644 196
2645 196
2646 0
2647 64
2648 100
2649 196
2650 4
2651 64
2652 144
2653 100
2654 256
2655 196
2656 16
2657 36
2658 100
2659 4
2660 100
2661 36
2662 144
2663 196
2664 16
2665 36
2666 4
2667 4
2668 324
2669 4
2670 4
2671 64
2672 144
2673 100
2674 0
2675 36
2676 4
2677 100
2678 36
2679 36
2680 64
2681 144
2682 100
2683 100
2684 324
2685 400
2686 484
2687 784
2688 324
2689 100
2690 64
2691 144
2692 4
2693 4
2694 0
2695 16
2696 100
2697 64
2698 256
2699 900
2700 144
2701 64
2702 36
2703 144
2704 64
2705 4
2706 4
2707 144
2708 100
2709 4
2710 100
2711 64
2712 4
2713 16
2714 100
2715 256
2716 144
2717 400
2718 900
2719 1296
2720 576
2721 36
2722 36
2723 4
2724 196
2725 16
2726 144
2727 196
2728 484
2729 1156
2730 1024
2731 576
2732 144
2733 100
2734 324
2735 256
2736 400
2737 196
2738 256
2739 16
2740 4
2741 4
2742 0
2743 16
2744 36
2745 144
2746 16
2747 16
2748 16
2749 0
2750 100
2751 144
2752 100
2753 400
2754 100
2755 144
2756 256
2757 36
2758 400
2759 400
2760 576
2761 256
2762 576
2763 64
2764 16
2765 144
2766 4
2767 0
2768 0
2769 36
2770 4
2771 4
2772 36
2773 324
2774 196
2775 144
2776 144
2777 16
2778 0
2779 64
2780 144
2781 4
2782 144
2783 4
2784 36
2785 36
2786 36
2787 4
2788 36
2789 0
2790 256
2791 4
2792 144
2793 0
2794 144
2795 4
2796 36
2797 64
2798 64
2799 324
2800 16
2801 196
2802 4
2803 0
2804 16
2805 36
2806 0
2807 100
2808 0
2809 256
2810 676
2811 676
2812 144
2813 100
2814 576
2815 144
2816 16
2817 100
2818 100
2819 16
2820 0
2821 100
2822 16
2823 0
2824 400
2825 16
2826 324
2827 100
2828 576
2829 400
2830 400
2831 16
2832 484
2833 4
2834 64
2835 256
2836 196
2837 256
2838 100
2839 4
2840 676
2841 484
2842 256
2843 100
2844 400
2845 144
2846 256
2847 16
2848 4
2849 4
2850 0
2851 4
2852 100
2853 100
2854 1024
2855 144
2856 36
2857 16
2858 400
2859 36
2860 100
2861 4
2862 4
2863 64
2864 256
2865 100
2866 16
2867 100
2868 64
2869 0
2870 36
2871 4
2872 16
2873 36
2874 196
2875 4
2876 0
2877 0
2878 64
2879 100
2880 0
2881 64
2882 4
2883 144
2884 144
2885 144
2886 484
2887 196
2888 144
2889 400
2890 64
2891 4
2892 100
2893 0
2894 0
2895 400
2896 100
2897 36
2898 256
2899 16
2900 324
2901 4
2902 196
2903 144
2904 64
2905 36
2906 36
2907 36
2908 4
2909 100
2910 16
2911 16
2912 0
2913 4
2914 16
2915 0
2916 36
2917 0
2918 64
2919 576
2920 484
2921 484
2922 100
2923 4
2924 144
2925 144
2926 4
2927 256
2928 64
2929 196
2930 4
2931 64
2932 16
2933 16
2934 100
2935 36
2936 4
2937 16
2938 16
2939 0
2940 36
2941 4
2942 16
2943 4
2944 0
2945 36
2946 484
2947 196
2948 400
2949 676
2950 784
2951 676
2952 484
2953 256
2954 100
2955 324
2956 256
2957 576
2958 576
2959 16
2960 4
2961 36
2962 36
2963 16
2964 36
2965 16
2966 64
2967 196
2968 196
2969 64
2970 324
2971 144
2972 256
2973 144
2974 400
2975 576
2976 324
2977 256
2978 196
2979 324
2980 256
2981 484
2982 676
2983 484
2984 64
2985 36
2986 36
2987 196
2988 100
2989 196
2990 676
2991 676
2992 400
2993 64
2994 64
2995 100
2996 400
2997 144
2998 64
2999 4
3000 144
3001 64
3002 144
3003 100
3004 676
3005 196
3006 324
3007 196
3008 144
3009 36
3010 64
3011 16
3012 100
3013 4
3014 4
3015 16
3016 100
3017 64
3018 4
3019 0
3020 36
3021 4
3022 100
3023 0
3024 64
3025 100
3026 4
3027 100
3028 4
3029 64
3030 196
3031 36
3032 64
3033 16
3034 100
3035 16
3036 100
3037 0
3038 64
3039 16
3040 4
3041 16
3042 64
3043 400
3044 36
3045 900
3046 256
3047 400
3048 4
3049 0
3050 256
3051 4
3052 16
3053 100
3054 100
3055 900
3056 1764
3057 144
3058 36
3059 4
3060 144
3061 16
3062 196
3063 64
3064 4
3065 4
3066 100
3067 144
3068 4
3069 4
3070 100
3071 16
3072 4
3073 4
3074 4
3075 4
3076 16
3077 100
3078 4
3079 100
3080 36
3081 16
3082 4
3083 36
3084 64
3085 64
3086 64
3087 36
3088 4
3089 36
3090 36
3091 196
3092 100
3093 196
3094 256
3095 256
3096 16
3097 576
3098 484
3099 100
3100 36
3101 4
3102 36
3103 64
3104 100
3105 16
3106 4
3107 16
3108 64
3109 4
3110 16
3111 400
3112 324
3113 900
3114 900
3115 196
3116 196
3117 16
3118 144
3119 36
3120 36
3121 36
3122 64
3123 400
3124 64
3125 4
3126 100
3127 16
3128 144
3129 4
3130 16
3131 4
3132 4
3133 36
3134 36
3135 0
3136 64
3137 64
3138 100
3139 16
3140 64
3141 144
3142 36
3143 196
3144 4
3145 16
3146 36
3147 16
3148 100
3149 4
3150 16
3151 16
3152 4
3153 196
3154 196
3155 324
3156 400
3157 16
3158 36
3159 36
3160 0
3161 16
3162 64
3163 100
3164 0
3165 64
3166 324
3167 144
3168 0
3169 100
3170 4
3171 36
3172 144
3173 144
3174 16
3175 4
3176 4
3177 64
3178 16
3179 0
3180 4
3181 144
3182 484
3183 484
3184 256
3185 64
3186 144
3187 36
3188 4
3189 16
3190 4
3191 100
3192 256
3193 576
3194 4
3195 100
3196 36
3197 36
3198 36
3199 16
3200 0
3201 36
3202 4
3203 256
3204 4
3205 36
3206 36
3207 36
3208 324
3209 16
3210 4
3211 64
3212 4
3213 64
3214 256
3215 4
3216 196
3217 4
3218 36
3219 4
3220 256
3221 256
3222 576
3223 196
3224 196
3225 4
3226 256
3227 64
3228 196
3229 4
3230 144
3231 4
3232 4
3233 16
3234 4
3235 16
3236 4
3237 36
3238 16
3239 256
3240 256
3241 64
3242 16
3243 100
3244 16
3245 36
3246 64
3247 100
3248 196
3249 100
3250 0
3251 16
3252 0
3253 16
3254 64
3255 36
3256 144
3257 196
3258 36
3259 36
3260 4
3261 144
3262 4
3263 4
3264 4
3265 36
3266 16
3267 64
3268 64
3269 16
3270 484
3271 64
3272 16
3273 36
3274 4
3275 144
3276 4
3277 144
3278 0
3279 4
3280 4
3281 16
3282 4
3283 4
3284 0
3285 36
3286 0
3287 16
3288 36
3289 36
3290 36
3291 0
3292 16
3293 64
3294 256
3295 144
3296 196
3297 16
3298 36
3299 64
3300 4
3301 196
3302 784
3303 484
3304 0
3305 64
3306 0
3307 576
3308 256
3309 100
3310 4
3311 16
3312 0
3313 4
3314 144
3315 196
3316 36
3317 36
3318 0
3319 4
3320 144
3321 16
3322 4
3323 4
3324 16
3325 64
3326 4
3327 100
3328 36
3329 256
3330 4
3331 256
3332 4
3333 64
3334 4
3335 324
3336 144
3337 4
3338 0
3339 4
3340 64
3341 36
3342 324
3343 484
3344 196
3345 576
3346 196
3347 324
3348 324
3349 64
3350 4
3351 16
3352 16
3353 4
3354 100
3355 324
3356 36
3357 36
3358 196
3359 256
3360 4
3361 4
3362 196
3363 324
3364 484
3365 64
3366 36
3367 64
3368 64
3369 100
3370 676
3371 4
3372 400
3373 16
3374 4
3375 36
3376 16
3377 196
3378 256
3379 400
3380 900
3381 196
3382 784
3383 484
3384 324
3385 64
3386 16
3387 36
3388 16
3389 64
3390 0
3391 36
3392 36
3393 0
3394 36
3395 16
3396 4
3397 256
3398 196
3399 36
3400 196
3401 64
3402 16
3403 4
3404 324
3405 100
3406 144
3407 16
3408 36
3409 36
3410 256
3411 196
3412 64
3413 36
3414 4
3415 400
3416 576
3417 484
3418 256
3419 4
3420 4
3421 0
3422 36
3423 144
3424 64
3425 256
3426 196
3427 36
3428 4
3429 64
3430 100
3431 64
3432 4
3433 16
3434 4
3435 100
3436 144
3437 100
3438 4
3439 100
3440 144
3441 196
3442 36
3443 4
3444 4
3445 0
3446 100
3447 16
3448 196
3449 144
3450 16
3451 64
3452 64
3453 36
3454 196
3455 100
3456 64
3457 64
3458 4
3459 196
3460 36
3461 0
3462 4
3463 4
3464 100
3465 784
3466 400
3467 196
3468 64
3469 0
3470 4
3471 36
3472 4
3473 0
3474 4
3475 144
3476 256
3477 324
3478 100
3479 144
3480 144
3481 256
3482 36
3483 100
3484 64
3485 144
3486 484
3487 36
3488 100
3489 324
3490 256
3491 144
3492 144
3493 400
3494 100
3495 4
3496 36
3497 0
3498 64
3499 256
3500 256
3501 16
3502 64
3503 36
3504 16
3505 0
3506 4
3507 64
3508 36
3509 100
3510 196
3511 196
3512 324
3513 196
3514 484
3515 576
3516 784
3517 784
3518 144
3519 324
3520 676
3521 784
3522 1156
3523 576
3524 256
3525 144
3526 36
3527 144
3528 324
3529 4
3530 36
3531 144
3532 144
3533 36
3534 900
3535 36
3536 144
3537 484
3538 4
3539 64
3540 16
3541 64
3542 36
3543 196
3544 100
3545 36
3546 4
3547 4
3548 100
3549 36
3550 144
3551 100
3552 4
3553 324
3554 256
3555 16
3556 4
3557 256
3558 196
3559 196
3560 16
3561 64
3562 16
3563 4
3564 196
3565 16
3566 16
3567 64
3568 4
3569 676
3570 400
3571 36
3572 64
3573 64
3574 64
3575 16
3576 16
3577 100
3578 64
3579 196
3580 0
3581 16
3582 36
3583 144
3584 36
3585 4
3586 36
3587 100
3588 576
3589 484
3590 484
3591 400
3592 400
3593 100
3594 16
3595 324
3596 324
3597 144
3598 0
3599 16
3600 36
3601 4
3602 100
3603 16
3604 64
3605 16
3606 100
3607 0
3608 196
3609 64
3610 484
3611 4
3612 196
3613 36
3614 16
3615 64
3616 16
3617 4
3618 64
3619 4
3620 64
3621 256
3622 16
3623 4
3624 64
3625 144
3626 196
3627 400
3628 256
3629 16
3630 16
3631 36
3632 4
3633 256
3634 196
3635 16
3636 36
3637 16
3638 144
3639 16
3640 0
3641 16
3642 196
3643 64
3644 196
3645 256
3646 64
3647 484
3648 400
3649 256
3650 324
3651 16
3652 64
3653 16
3654 4
3655 64
3656 4
3657 36
3658 64
3659 36
3660 16
3661 64
3662 196
3663 4
3664 100
3665 36
3666 196
3667 36
3668 16
3669 16
3670 64
3671 36
3672 0
3673 0
3674 324
3675 576
3676 676
3677 400
3678 16
3679 0
3680 0
3681 4
3682 16
3683 100
3684 4
3685 196
3686 256
3687 64
3688 256
3689 400
3690 256
3691 196
3692 64
3693 144
3694 484
3695 64
3696 196
3697 64
3698 16
3699 400
3700 36
3701 196
3702 100
3703 64
3704 16
3705 0
3706 36
3707 100
3708 484
3709 484
3710 400
3711 100
3712 256
3713 144
3714 4
3715 4
3716 144
3717 16
3718 16
3719 4
3720 100
3721 144
3722 64
3723 144
3724 0
3725 16
3726 144
3727 0
3728 36
3729 256
3730 36
3731 64
3732 4
3733 16
3734 16
3735 4
3736 36
3737 4
3738 4
3739 36
3740 4
3741 256
3742 0
3743 4
3744 256
3745 16
3746 0
3747 0
3748 36
3749 64
3750 256
3751 144
3752 16
3753 16
3754 4
3755 100
3756 64
3757 4
3758 36
3759 0
3760 16
3761 4
3762 100
3763 36
3764 36
3765 64
3766 0
3767 0
3768 4
3769 16
3770 4
3771 196
3772 196
3773 576
3774 36
3775 16
3776 64
3777 4
3778 16
3779 100
3780 0
3781 256
3782 64
3783 16
3784 4
3785 4
3786 36
3787 36
3788 100
3789 36
3790 36
3791 16
3792 324
3793 36
3794 4
3795 64
3796 64
3797 4
3798 36
3799 4
3800 4
3801 100
3802 4
3803 144
3804 144
3805 36
3806 16
3807 64
3808 64
3809 64
3810 324
3811 576
3812 484
3813 324
3814 484
3815 484
3816 64
3817 64
3818 144
3819 64
3820 4
3821 16
3822 64
3823 36
3824 256
3825 16
3826 144
3827 16
3828 100
3829 100
3830 324
3831 400
3832 64
3833 16
3834 36
3835 0
3836 100
3837 256
3838 16
3839 16
3840 400
3841 576
3842 256
3843 36
3844 64
3845 36
3846 64
3847 4
3848 36
3849 64
3850 16
3851 36
3852 36
3853 4
3854 144
3855 484
3856 100
3857 16
3858 16
3859 0
3860 196
3861 16
3862 144
3863 4
3864 144
3865 64
3866 64
3867 4
3868 36
3869 144
3870 64
3871 256
3872 900
3873 196
3874 4
3875 36
3876 484
3877 1024
3878 576
3879 4
3880 16
3881 100
3882 484
3883 900
3884 36
3885 16
3886 100
3887 400
3888 196
3889 4
3890 100
3891 36
3892 196
3893 36
3894 36
3895 100
3896 144
3897 100
3898 64
3899 100
3900 100
3901 4
3902 64
3903 64
3904 64
3905 36
3906 4
3907 0
3908 64
3909 36
3910 144
3911 0
3912 36
3913 16
3914 0
3915 324
3916 484
3917 16
3918 256
3919 144
3920 144
3921 64
3922 4
3923 36
3924 4
3925 36
3926 4
3927 0
3928 0
3929 64
3930 64
3931 36
3932 16
3933 144
3934 100
3935 676
3936 400
3937 196
3938 16
3939 36
3940 100
3941 256
3942 196
3943 4
3944 36
3945 196
3946 16
3947 100
3948 36
3949 16
3950 16
3951 36
3952 144
3953 4
3954 36
3955 64
3956 4
3957 144
3958 100
3959 4
3960 4
3961 36
3962 4
3963 100
3964 144
3965 144
3966 16
3967 36
3968 36
3969 144
3970 16
3971 400
3972 36
3973 36
3974 36
3975 0
3976 16
3977 4
3978 4
3979 36
3980 256
3981 144
3982 64
3983 100
3984 16
3985 64
3986 100
3987 64
3988 324
3989 144
3990 196
3991 144
3992 16
3993 4
3994 4
3995 36
3996 0
3997 64
3998 256
3999 196
4000 196
4001 0
4002 144
4003 144
4004 4
4005 4
4006 4
4007 36
4008 324
4009 256
4010 36
4011 576
4012 100
4013 400
4014 16
4015 100
4016 16
4017 144
4018 324
4019 100
4020 4
4021 4
4022 16
4023 64
4024 400
4025 576
4026 196
4027 0
4028 16
4029 4
4030 676
4031 324
4032 324
4033 256
4034 144
4035 36
4036 36
4037 16
4038 4
4039 324
4040 1024
4041 576
4042 676
4043 324
4044 324
4045 0
4046 64
4047 64
4048 4
4049 4
4050 0
4051 4
4052 36
4053 16
4054 4
4055 4
4056 0
4057 100
4058 64
4059 64
4060 36
4061 16
4062 256
4063 4
4064 100
4065 196
4066 100
4067 64
4068 16
4069 16
4070 36
4071 16
4072 36
4073 16
4074 64
4075 144
4076 16
4077 4
4078 256
4079 196
4080 100
4081 324
4082 144
4083 100
4084 64
4085 256
4086 36
4087 256
4088 100
4089 16
4090 36
4091 196
4092 36
4093 64
4094 0
4095 64
4096 0
4097 0
4098 16
4099 64
4100 16
4101 36
4102 16
4103 64
4104 16
4105 64
4106 100
4107 144
4108 400
4109 144
4110 256
4111 576
4112 400
4113 324
4114 4
4115 144
4116 144
4117 196
4118 64
4119 16
4120 4
4121 64
4122 144
4123 64
4124 196
4125 324
4126 400
4127 144
4128 196
4129 4
4130 100
4131 16
4132 16
4133 144
4134 196
4135 16
4136 4
4137 64
4138 64
4139 100
4140 196
4141 4
4142 100
4143 0
4144 36
4145 0
4146 36
4147 0
4148 0
4149 4
4150 4
4151 256
4152 64
4153 100
4154 100
4155 4
4156 36
4157 16
4158 144
4159 16
4160 144
4161 144
4162 36
4163 196
4164 64
4165 196
4166 784
4167 64
4168 16
4169 100
4170 484
4171 484
4172 100
4173 36
4174 4
4175 64
4176 4
4177 0
4178 0
4179 64
4180 256
4181 16
4182 0
4183 16
4184 324
4185 144
4186 256
4187 256
4188 256
4189 16
4190 4
4191 576
4192 64
4193 64
4194 324
4195 64
4196 16
4197 4
4198 144
4199 36
4200 36
4201 4
4202 16
4203 196
4204 0
4205 4
4206 64
4207 36
4208 16
4209 64
4210 4
4211 64
4212 36
4213 64
4214 144
4215 16
4216 16
4217 36
4218 100
4219 64
4220 144
4221 64
4222 0
4223 4
4224 196
4225 144
4226 256
4227 64
4228 144
4229 144
4230 4
4231 36
4232 36
4233 16
4234 100
4235 36
4236 324
4237 144
4238 36
4239 324
4240 484
4241 196
4242 16
4243 64
4244 4
4245 4
4246 196
4247 576
4248 64
4249 36
4250 36
4251 36
4252 484
4253 4
4254 100
4255 4
4256 36
4257 16
4258 36
4259 16
4260 324
4261 64
4262 4
4263 36
4264 484
4265 16
4266 196
4267 36
4268 4
4269 4
4270 36
4271 784
4272 196
4273 144
4274 484
4275 484
4276 400
4277 100
4278 36
4279 36
4280 4
4281 16
4282 64
4283 36
4284 36
4285 36
4286 144
4287 144
4288 36
4289 100
4290 36
4291 4
4292 0
4293 36
4294 1024
4295 324
4296 144
4297 324
4298 144
4299 144
4300 100
4301 576
4302 144
4303 4
4304 0
4305 0
4306 0
4307 4
4308 36
4309 196
4310 144
4311 64
4312 64
4313 100
4314 0
4315 16
4316 16
4317 64
4318 16
4319 100
4320 900
4321 400
4322 196
4323 64
4324 36
4325 16
4326 144
4327 4
4328 36
4329 36
4330 4
4331 64
4332 0
4333 36
4334 4
4335 4
4336 256
4337 400
4338 64
4339 36
4340 0
4341 0
4342 64
4343 64
4344 100
4345 36
4346 100
4347 4
4348 100
4349 196
4350 100
4351 16
4352 4
4353 196
4354 36
4355 4
4356 36
4357 100
4358 100
4359 16
4360 4
4361 4
4362 16
4363 100
4364 16
4365 16
4366 484
4367 64
4368 324
4369 324
4370 400
4371 0
4372 144
4373 484
4374 400
4375 576
4376 64
4377 484
4378 64
4379 16
4380 16
4381 4
4382 36
4383 100
4384 196
4385 4
4386 576
4387 324
4388 400
4389 324
4390 100
4391 36
4392 4
4393 4
4394 100
4395 36
4396 4
4397 64
4398 36
4399 4
4400 256
4401 256
4402 256
4403 676
4404 400
4405 400
4406 256
4407 64
4408 196
4409 64
4410 16
4411 196
4412 4
4413 144
4414 324
4415 324
4416 784
4417 196
4418 400
4419 36
4420 64
4421 36
4422 4
4423 64
4424 4
4425 0
4426 144
4427 324
4428 4
4429 400
4430 36
4431 256
4432 484
4433 576
4434 4
4435 196
4436 676
4437 0
4438 64
4439 144
4440 196
4441 400
4442 64
4443 36
4444 16
4445 100
4446 144
4447 36
4448 100
4449 0
4450 100
4451 256
4452 256
4453 64
4454 196
4455 676
4456 144
4457 100
4458 256
4459 0
4460 64
4461 484
4462 100
4463 4
4464 196
4465 16
4466 64
4467 64
4468 36
4469 64
4470 64
4471 64
4472 100
4473 4
4474 196
4475 484
4476 484
4477 576
4478 900
4479 784
4480 900
4481 676
4482 256
4483 64
4484 36
4485 0
4486 16
4487 196
4488 400
4489 196
4490 196
4491 4
4492 4
4493 16
4494 196
4495 64
4496 196
4497 324
4498 36
4499 4
4500 100
4501 36
4502 144
4503 16
4504 4
4505 196
4506 64
4507 0
4508 16
4509 4
4510 144
4511 16
4512 64
4513 196
4514 100
4515 36
4516 16
4517 100
4518 16
4519 196
4520 4
4521 0
4522 100
4523 784
4524 576
4525 196
4526 196
4527 16
4528 16
4529 4
4530 100
4531 144
4532 64
4533 36
4534 100
4535 4
4536 196
4537 144
4538 100
4539 36
4540 16
4541 144
4542 324
4543 400
4544 676
4545 400
4546 144
4547 0
4548 64
4549 36
4550 64
4551 100
4552 256
4553 256
4554 196
4555 36
4556 0
4557 4
4558 4
4559 4
4560 36
4561 36
4562 0
4563 144
4564 256
4565 324
4566 36
4567 100
4568 4
4569 196
4570 36
4571 16
4572 4
4573 484
4574 16
4575 36
4576 4
4577 4
4578 64
4579 196
4580 4
4581 0
4582 36
4583 0
4584 4
4585 4
4586 16
4587 64
4588 36
4589 0
4590 64
4591 4
4592 16
4593 64
4594 0
4595 0
4596 196
4597 100
4598 64
4599 64
4600 4
4601 196
4602 64
4603 36
4604 64
4605 36
4606 144
4607 144
4608 256
4609 64
4610 64
4611 64
4612 256
4613 324
4614 100
4615 64
4616 676
4617 144
4618 36
4619 144
4620 4
4621 4
4622 16
4623 0
4624 4
4625 16
4626 36
4627 144
4628 36
4629 144
4630 36
4631 100
4632 144
4633 100
4634 196
4635 36
4636 64
4637 36
4638 4
4639 256
4640 400
4641 196
4642 0
4643 16
4644 144
4645 64
4646 16
4647 64
4648 4
4649 16
4650 36
4651 144
4652 36
4653 16
4654 16
4655 16
4656 144
4657 16
4658 0
4659 4
4660 36
4661 16
4662 4
4663 196
4664 576
4665 4
4666 4
4667 144
4668 144
4669 100
4670 100
4671 576
4672 36
4673 196
4674 64
4675 4
4676 0
4677 64
4678 0
4679 64
4680 64
4681 16
4682 36
4683 4
4684 64
4685 100
4686 16
4687 144
4688 484
4689 36
4690 256
4691 64
4692 4
4693 64
4694 64
4695 324
4696 256
4697 196
4698 64
4699 36
4700 36
4701 100
4702 576
4703 256
4704 64
4705 100
4706 64
4707 144
4708 400
4709 196
4710 400
4711 144
4712 100
4713 64
4714 196
4715 4
4716 256
4717 36
4718 16
4719 36
4720 196
4721 64
4722 36
4723 196
4724 144
4725 400
4726 256
4727 400
4728 484
4729 400
4730 144
4731 64
4732 36
4733 36
4734 64
4735 64
4736 4
4737 64
4738 100
4739 144
4740 16
4741 4
4742 64
4743 64
4744 324
4745 400
4746 256
4747 64
4748 144
4749 324
4750 4
4751 324
4752 144
4753 4
4754 0
4755 36
4756 64
4757 144
4758 484
4759 144
4760 324
4761 100
4762 256
4763 4
4764 64
4765 900
4766 324
4767 676
4768 400
4769 484
4770 144
4771 324
4772 64
4773 4
4774 4
4775 4
4776 4
4777 4
4778 16
4779 4
4780 16
4781 100
4782 484
4783 576
4784 100
4785 4
4786 16
4787 36
4788 144
4789 400
4790 100
4791 64
4792 64
4793 36
4794 16
4795 64
4796 256
4797 484
4798 100
4799 144
4800 324
4801 36
4802 4
4803 0
4804 16
4805 4
4806 16
4807 36
4808 16
4809 16
4810 144
4811 100
4812 36
4813 16
4814 0
4815 16
4816 64
4817 144
4818 256
4819 64
4820 100
4821 4
4822 100
4823 324
4824 64
4825 16
4826 36
4827 4
4828 16
4829 4
4830 4
4831 36
4832 64
4833 0
4834 144
4835 676
4836 4
4837 144
4838 256
4839 144
4840 64
4841 36
4842 144
4843 4
4844 4
4845 4
4846 36
4847 36
4848 64
4849 0
4850 100
4851 64
4852 36
4853 100
4854 4
4855 484
4856 324
4857 100
4858 196
4859 4
4860 64
4861 4
4862 64
4863 16
4864 144
4865 100
4866 144
4867 256
4868 144
4869 144
4870 4
4871 0
4872 0
4873 0
4874 64
4875 64
4876 4
4877 16
4878 4
4879 36
4880 576
4881 1156
4882 400
4883 576
4884 576
4885 676
4886 676
4887 256
4888 16
4889 4
4890 4
4891 196
4892 144
4893 16
4894 4
4895 64
4896 100
4897 64
4898 16
4899 4
4900 64
4901 100
4902 144
4903 36
4904 256
4905 100
4906 196
4907 64
4908 256
4909 16
4910 324
4911 900
4912 484
4913 196
4914 400
4915 196
4916 100
4917 16
4918 100
4919 196
4920 16
4921 0
4922 16
4923 4
4924 144
4925 36
4926 144
4927 36
4928 16
4929 144
4930 16
4931 16
4932 4
4933 144
4934 144
4935 100
4936 196
4937 256
4938 256
4939 484
4940 484
4941 64
4942 64
4943 400
4944 324
4945 64
4946 100
4947 36
4948 4
4949 144
4950 4
4951 4
4952 4
4953 64
4954 4
4955 144
4956 484
4957 324
4958 676
4959 196
4960 16
4961 0
4962 16
4963 4
4964 196
4965 16
4966 0
4967 144
4968 256
4969 144
4970 400
4971 4
4972 36
4973 144
4974 4
4975 64
4976 4
4977 16
4978 100
4979 16
4980 4
4981 4
4982 100
4983 256
4984 324
4985 196
4986 16
4987 196
4988 36
4989 196
4990 1024
4991 196
4992 484
4993 324
4994 400
4995 324
4996 196
4997 144
4998 64
4999 144
5000 64
