1 196
2 196
3 484
4 676
5 484
6 196
7 676
8 1444
9 676
10 324
11 484
12 324
13 484
14 484
15 484
16 324
17 484
18 484
19 484
20 100
21 484
22 484
23 324
24 324
25 324
26 100
27 1444
28 900
29 900
30 676
31 900
32 1156
33 196
34 484
35 676
36 676
37 324
38 676
39 484
40 1444
41 484
42 324
43 324
44 324
45 484
46 676
47 676
48 324
49 484
50 676
51 900
52 1156
53 900
54 484
55 1764
56 676
57 196
58 484
59 484
60 1156
61 900
62 1156
63 900
64 900
65 676
66 484
67 324
68 484
69 484
70 484
71 484
72 324
73 324
74 196
75 324
76 484
77 484
78 324
79 196
80 324
81 100
82 100
83 676
84 676
85 324
86 196
87 196
88 324
89 324
90 484
91 196
92 900
93 676
94 676
95 676
96 484
97 900
98 676
99 484
100 196
101 324
102 324
103 484
104 676
105 196
106 324
107 484
108 196
109 900
110 324
111 324
112 196
113 1156
114 1156
115 900
116 900
117 484
118 324
119 484
120 900
121 900
122 900
123 324
124 676
125 900
126 676
127 676
128 324
129 324
130 676
131 1444
132 484
133 324
134 196
135 196
136 196
137 484
138 196
139 324
140 484
141 900
142 900
143 900
144 676
145 324
146 324
147 196
148 676
149 676
150 676
151 900
152 484
153 324
154 484
155 196
156 484
157 676
158 484
159 900
160 484
161 676
162 1156
163 676
164 484
165 484
166 1444
167 900
168 1156
169 900
170 484
171 484
172 900
173 484
174 484
175 100
176 900
177 676
178 676
179 676
180 484
181 676
182 324
183 484
184 100
185 676
186 324
187 324
188 900
189 484
190 900
191 900
192 676
193 676
194 324
195 676
196 900
197 676
198 676
199 484
200 484
201 484
202 324
203 484
204 484
205 484
206 100
207 196
208 324
209 196
210 484
211 484
212 484
213 484
214 484
215 1156
216 900
217 676
218 676
219 484
220 676
221 1444
222 900
223 900
224 900
225 676
226 676
227 676
228 900
229 1156
230 484
231 484
232 484
233 484
234 676
235 1156
236 484
237 676
238 484
239 676
240 900
241 484
242 676
243 196
244 100
245 324
246 484
247 484
248 900
249 196
250 676
251 324
252 324
253 196
254 676
255 900
256 484
257 484
258 900
259 484
260 676
261 484
262 484
263 900
264 324
265 484
266 484
267 196
268 324
269 196
270 196
271 900
272 484
273 676
274 676
275 676
276 676
277 1156
278 900
279 484
280 676
281 900
282 324
283 484
284 676
285 900
286 676
287 324
288 196
289 676
290 484
291 676
292 900
293 676
294 676
295 484
296 324
297 324
298 324
299 324
300 324
301 676
302 900
303 484
304 676
305 324
306 676
307 484
308 676
309 484
310 900
311 484
312 1156
313 676
314 100
315 484
316 676
317 484
318 484
319 324
320 484
321 676
322 324
323 676
324 1156
325 484
326 484
327 324
328 324
329 484
330 484
331 1156
332 1444
333 900
334 900
335 324
336 676
337 676
338 484
339 676
340 484
341 196
342 676
343 100
344 484
345 1156
346 484
347 324
348 676
349 324
350 900
351 676
352 900
353 484
354 484
355 484
356 676
357 484
358 324
359 676
360 1444
361 196
362 484
363 900
364 676
365 676
366 900
367 676
368 484
369 484
370 676
371 900
372 324
373 100
374 676
375 484
376 1156
377 900
378 1156
379 676
380 324
381 676
382 484
383 900
384 100
385 196
386 484
387 484
388 484
389 676
390 900
391 484
392 676
393 900
394 1156
395 676
396 900
397 1156
398 676
399 484
400 484
401 484
402 324
403 484
404 676
405 676
406 676
407 900
408 196
409 196
410 324
411 484
412 324
413 676
414 676
415 1156
416 1156
417 324
418 676
419 324
420 676
421 1156
422 484
423 196
424 676
425 324
426 484
427 324
428 676
429 900
430 1156
431 324
432 676
433 324
434 1156
435 484
436 484
437 484
438 676
439 324
440 324
441 324
442 196
443 100
444 196
445 484
446 1156
447 900
448 484
449 36
450 100
451 196
452 100
453 484
454 324
455 484
456 196
457 324
458 484
459 484
460 676
461 676
462 324
463 676
464 676
465 324
466 196
467 196
468 484
469 324
470 324
471 484
472 484
473 196
474 100
475 484
476 484
477 36
478 324
479 900
480 324
481 484
482 324
483 676
484 676
485 900
486 484
487 484
488 484
489 676
490 676
491 484
492 484
493 900
494 900
495 1444
496 1156
497 1444
498 324
499 676
500 676
501 484
502 324
503 196
504 324
505 676
506 900
507 1156
508 324
509 676
510 676
511 676
512 100
513 196
514 324
515 676
516 676
517 324
518 1156
519 484
520 676
521 676
522 484
523 100
524 324
525 324
526 900
527 676
528 1156
529 1156
530 1156
531 100
532 324
533 324
534 676
535 484
536 484
537 324
538 676
539 1156
540 484
541 676
542 900
543 196
544 324
545 676
546 900
547 196
548 324
549 324
550 484
551 196
552 484
553 676
554 1444
555 1156
556 484
557 484
558 100
559 324
560 324
561 100
562 100
563 484
564 484
565 484
566 484
567 1156
568 1156
569 1444
570 676
571 676
572 484
573 484
574 196
575 900
576 484
577 484
578 484
579 324
580 484
581 484
582 484
583 484
584 484
585 676
586 900
587 484
588 676
589 324
590 324
591 484
592 324
593 36
594 900
595 1156
596 484
597 196
598 484
599 484
600 1156
601 484
602 324
603 324
604 484
605 324
606 484
607 36
608 484
609 324
610 1156
611 676
612 484
613 324
614 484
615 324
616 196
617 196
618 676
619 484
620 484
621 484
622 196
623 324
624 484
625 676
626 484
627 324
628 100
629 676
630 324
631 324
632 324
633 324
634 900
635 484
636 484
637 676
638 196
639 324
640 484
641 484
642 324
643 676
644 484
645 676
646 36
647 196
648 484
649 196
650 676
651 484
652 484
653 676
654 900
655 676
656 324
657 324
658 484
659 676
660 900
661 676
662 484
663 676
664 900
665 900
666 676
667 324
668 100
669 100
670 484
671 324
672 324
673 676
674 676
675 1156
676 900
677 484
678 196
679 324
680 484
681 676
682 484
683 676
684 324
685 484
686 1156
687 1156
688 484
689 196
690 676
691 484
692 324
693 1444
694 676
695 676
696 196
697 676
698 676
699 900
700 900
701 196
702 196
703 484
704 676
705 324
706 324
707 676
708 196
709 324
710 484
711 484
712 484
713 1156
714 676
715 484
716 676
717 100
718 676
719 324
720 324
721 324
722 324
723 324
724 484
725 36
726 484
727 484
728 484
729 900
730 900
731 900
732 484
733 676
734 100
735 324
736 676
737 900
738 676
739 1156
740 676
741 484
742 1156
743 1156
744 676
745 676
746 676
747 676
748 676
749 1156
750 484
751 484
752 324
753 324
754 484
755 100
756 900
757 900
758 484
759 676
760 676
761 900
762 484
763 484
764 196
765 676
766 900
767 324
768 484
769 324
770 484
771 484
772 324
773 484
774 676
775 324
776 324
777 900
778 900
779 676
780 484
781 324
782 324
783 484
784 1156
785 484
786 324
787 484
788 676
789 324
790 196
791 484
792 676
793 676
794 676
795 900
796 676
797 484
798 196
799 484
800 676
801 484
802 484
803 484
804 324
805 324
806 484
807 196
808 1156
809 900
810 676
811 324
812 676
813 484
814 676
815 676
816 484
817 484
818 324
819 484
820 676
821 900
822 484
823 484
824 484
825 676
826 484
827 324
828 676
829 324
830 196
831 324
832 676
833 324
834 100
835 484
836 676
837 676
838 484
839 900
840 676
841 676
842 676
843 324
844 484
845 484
846 676
847 484
848 324
849 324
850 900
851 900
852 196
853 900
854 900
855 324
856 484
857 484
858 676
859 676
860 196
861 324
862 324
863 484
864 484
865 676
866 484
867 900
868 676
869 324
870 196
871 676
872 324
873 324
874 324
875 900
876 196
877 324
878 484
879 1156
880 676
881 676
882 196
883 484
884 676
885 484
886 484
887 196
888 484
889 100
890 100
891 196
892 484
893 900
894 900
895 676
896 676
897 676
898 676
899 324
900 900
901 900
902 900
903 900
904 676
905 484
906 900
907 1156
908 676
909 676
910 324
911 676
912 484
913 196
914 484
915 196
916 196
917 1156
918 484
919 484
920 900
921 484
922 484
923 484
924 484
925 324
926 196
927 900
928 324
929 900
930 900
931 324
932 196
933 324
934 196
935 324
936 324
937 196
938 676
939 900
940 676
941 324
942 100
943 196
944 196
945 196
946 484
947 484
948 324
949 196
950 676
951 900
952 484
953 676
954 484
955 324
956 324
957 196
958 484
959 484
960 676
961 900
962 484
963 196
964 676
965 900
966 1444
967 484
968 900
969 324
970 484
971 900
972 676
973 900
974 324
975 1156
976 900
977 900
978 900
979 900
980 900
981 484
982 324
983 100
984 484
985 484
986 484
987 100
988 484
989 484
990 900
991 900
992 676
993 484
994 676
995 900
996 900
997 484
998 484
999 484
1000 484
1001 676
1002 1444
1003 1156
1004 484
1005 484
1006 900
1007 900
1008 324
1009 484
1010 900
1011 900
1012 900
1013 900
1014 324
1015 676
1016 676
1017 900
1018 900
1019 196
1020 324
1021 484
1022 900
1023 484
1024 900
1025 196
1026 324
1027 484
1028 484
1029 1156
1030 676
1031 676
1032 324
1033 676
1034 324
1035 196
1036 196
1037 900
1038 484
1039 676
1040 324
1041 100
1042 1156
1043 900
1044 676
1045 100
1046 324
1047 484
1048 196
1049 100
1050 324
1051 676
1052 484
1053 196
1054 676
1055 324
1056 484
1057 900
1058 900
1059 900
1060 324
1061 484
1062 484
1063 676
1064 900
1065 676
1066 676
1067 676
1068 900
1069 484
1070 676
1071 676
1072 324
1073 676
1074 1156
1075 100
1076 484
1077 900
1078 196
1079 676
1080 900
1081 676
1082 484
1083 484
1084 676
1085 484
1086 1156
1087 676
1088 900
1089 324
1090 324
1091 324
1092 676
1093 1156
1094 36
1095 100
1096 100
1097 676
1098 484
1099 324
1100 676
1101 676
1102 484
1103 196
1104 900
1105 676
1106 196
1107 676
1108 676
1109 900
1110 676
1111 196
1112 324
1113 196
1114 324
1115 900
1116 484
1117 324
1118 676
1119 676
1120 676
1121 324
1122 676
1123 484
1124 324
1125 484
1126 676
1127 676
1128 676
1129 324
1130 196
1131 324
1132 676
1133 484
1134 324
1135 676
1136 324
1137 324
1138 324
1139 676
1140 324
1141 484
1142 900
1143 484
1144 1156
1145 676
1146 324
1147 676
1148 900
1149 324
1150 196
1151 196
1152 484
1153 484
1154 484
1155 1156
1156 676
1157 484
1158 676
1159 324
1160 676
1161 324
1162 324
1163 484
1164 484
1165 484
1166 676
1167 324
1168 484
1169 324
1170 900
1171 484
1172 900
1173 324
1174 196
1175 676
1176 676
1177 676
1178 676
1179 676
1180 324
1181 1156
1182 676
1183 324
1184 484
1185 900
1186 676
1187 676
1188 900
1189 484
1190 676
1191 676
1192 676
1193 900
1194 900
1195 900
1196 900
1197 676
1198 324
1199 484
1200 484
1201 484
1202 676
1203 324
1204 196
1205 484
1206 484
1207 324
1208 324
1209 324
1210 676
1211 900
1212 484
1213 484
1214 324
1215 1156
1216 484
1217 1764
1218 1156
1219 676
1220 1156
1221 676
1222 900
1223 676
1224 900
1225 900
1226 900
1227 484
1228 484
1229 196
1230 484
1231 900
1232 900
1233 484
1234 676
1235 676
1236 1156
1237 324
1238 1156
1239 900
1240 196
1241 1156
1242 676
1243 484
1244 900
1245 484
1246 676
1247 484
1248 324
1249 324
1250 324
1251 484
1252 324
1253 676
1254 676
1255 324
1256 676
1257 676
1258 900
1259 484
1260 324
1261 484
1262 676
1263 900
1264 676
1265 900
1266 676
1267 900
1268 1156
1269 676
1270 676
1271 484
1272 324
1273 676
1274 676
1275 676
1276 324
1277 484
1278 676
1279 484
1280 676
1281 324
1282 484
1283 676
1284 196
1285 324
1286 676
1287 676
1288 484
1289 324
1290 100
1291 324
1292 196
1293 484
1294 100
1295 196
1296 196
1297 196
1298 100
1299 196
1300 324
1301 484
1302 484
1303 900
1304 324
1305 484
1306 36
1307 676
1308 324
1309 484
1310 900
1311 1156
1312 196
1313 676
1314 100
1315 484
1316 1156
1317 324
1318 196
1319 676
1320 676
1321 484
1322 484
1323 324
1324 484
1325 676
1326 676
1327 324
1328 100
1329 4
1330 484
1331 196
1332 484
1333 484
1334 900
1335 676
1336 1156
1337 484
1338 324
1339 324
1340 324
1341 1156
1342 1156
1343 676
1344 36
1345 324
1346 900
1347 484
1348 676
1349 484
1350 676
1351 324
1352 324
1353 484
1354 676
1355 484
1356 484
1357 676
1358 676
1359 1156
1360 676
1361 900
1362 900
1363 484
1364 484
1365 196
1366 484
1367 676
1368 900
1369 324
1370 100
1371 484
1372 324
1373 484
1374 676
1375 324
1376 676
1377 676
1378 324
1379 484
1380 484
1381 900
1382 484
1383 484
1384 324
1385 1156
1386 676
1387 324
1388 900
1389 900
1390 324
1391 324
1392 1156
1393 676
1394 324
1395 484
1396 484
1397 324
1398 484
1399 900
1400 676
1401 676
1402 484
1403 196
1404 196
1405 324
1406 100
1407 484
1408 900
1409 676
1410 324
1411 196
1412 196
1413 324
1414 196
1415 484
1416 324
1417 900
1418 484
1419 324
1420 900
1421 324
1422 676
1423 676
1424 900
1425 324
1426 676
1427 324
1428 1444
1429 900
1430 484
1431 484
1432 484
1433 196
1434 324
1435 36
1436 484
1437 324
1438 324
1439 676
1440 484
1441 196
1442 484
1443 1156
1444 196
1445 324
1446 196
1447 484
1448 324
1449 324
1450 900
1451 1156
1452 484
1453 100
1454 484
1455 900
1456 484
1457 676
1458 900
1459 676
1460 676
1461 484
1462 324
1463 676
1464 900
1465 900
1466 324
1467 676
1468 324
1469 900
1470 484
1471 324
1472 324
1473 484
1474 1156
1475 676
1476 484
1477 484
1478 484
1479 324
1480 196
1481 1156
1482 676
1483 484
1484 676
1485 676
1486 324
1487 484
1488 36
1489 324
1490 100
1491 676
1492 676
1493 900
1494 900
1495 676
1496 484
1497 324
1498 324
1499 324
1500 900
1501 676
1502 900
1503 676
1504 484
1505 676
1506 484
1507 484
1508 676
1509 676
1510 484
1511 324
1512 324
1513 484
1514 676
1515 484
1516 100
1517 196
1518 100
1519 900
1520 1156
1521 1444
1522 484
1523 900
1524 1156
1525 1156
1526 1156
1527 484
1528 324
1529 1156
1530 676
1531 900
1532 676
1533 484
1534 324
1535 100
1536 196
1537 484
1538 324
1539 900
1540 324
1541 196
1542 900
1543 900
1544 676
1545 676
1546 484
1547 676
1548 676
1549 484
1550 196
1551 676
1552 676
1553 484
1554 484
1555 676
1556 484
1557 1156
1558 484
1559 900
1560 324
1561 484
1562 484
1563 900
1564 324
1565 1444
1566 676
1567 324
1568 324
1569 676
1570 484
1571 484
1572 900
1573 676
1574 484
1575 196
1576 196
1577 196
1578 676
1579 324
1580 324
1581 324
1582 676
1583 484
1584 484
1585 484
1586 676
1587 324
1588 324
1589 484
1590 484
1591 196
1592 324
1593 484
1594 676
1595 196
1596 484
1597 484
1598 324
1599 484
1600 100
1601 676
1602 484
1603 36
1604 484
1605 324
1606 196
1607 196
1608 196
1609 324
1610 484
1611 196
1612 676
1613 900
1614 484
1615 900
1616 484
1617 484
1618 900
1619 484
1620 676
1621 324
1622 676
1623 484
1624 676
1625 900
1626 324
1627 484
1628 484
1629 484
1630 900
1631 324
1632 324
1633 324
1634 324
1635 900
1636 196
1637 196
1638 324
1639 676
1640 900
1641 900
1642 900
1643 676
1644 324
1645 676
1646 900
1647 676
1648 676
1649 900
1650 484
1651 676
1652 196
1653 324
1654 484
1655 484
1656 324
1657 900
1658 196
1659 900
1660 484
1661 100
1662 676
1663 1156
1664 900
1665 676
1666 676
1667 1156
1668 676
1669 484
1670 676
1671 324
1672 900
1673 484
1674 484
1675 484
1676 484
1677 900
1678 1156
1679 676
1680 1156
1681 484
1682 676
1683 676
1684 900
1685 900
1686 484
1687 196
1688 484
1689 900
1690 676
1691 676
1692 676
1693 900
1694 484
1695 484
1696 196
1697 484
1698 484
1699 324
1700 484
1701 484
1702 484
1703 900
1704 676
1705 484
1706 484
1707 1156
1708 676
1709 484
1710 484
1711 676
1712 900
1713 676
1714 900
1715 900
1716 1444
1717 1444
1718 1156
1719 676
1720 676
1721 484
1722 676
1723 676
1724 484
1725 676
1726 484
1727 484
1728 1156
1729 1444
1730 1444
1731 676
1732 676
1733 900
1734 676
1735 484
1736 676
1737 676
1738 484
1739 484
1740 484
1741 676
1742 484
1743 484
1744 676
1745 1156
1746 484
1747 900
1748 484
1749 324
1750 484
1751 484
1752 324
1753 484
1754 324
1755 324
1756 324
1757 484
1758 324
1759 324
1760 484
1761 676
1762 196
1763 324
1764 324
1765 676
1766 196
1767 676
1768 196
1769 36
1770 484
1771 484
1772 484
1773 484
1774 324
1775 676
1776 196
1777 1156
1778 324
1779 1156
1780 676
1781 196
1782 900
1783 484
1784 324
1785 484
1786 484
1787 324
1788 484
1789 324
1790 484
1791 676
1792 676
1793 1156
1794 1156
1795 900
1796 484
1797 196
1798 1156
1799 484
1800 196
1801 196
1802 484
1803 900
1804 484
1805 900
1806 1444
1807 676
1808 1156
1809 676
1810 196
1811 676
1812 1156
1813 484
1814 484
1815 900
1816 900
1817 484
1818 196
1819 484
1820 676
1821 676
1822 900
1823 900
1824 36
1825 36
1826 484
1827 100
1828 484
1829 900
1830 484
1831 324
1832 484
1833 676
1834 324
1835 676
1836 484
1837 676
1838 324
1839 484
1840 324
1841 484
1842 676
1843 676
1844 324
1845 324
1846 324
1847 676
1848 484
1849 484
1850 676
1851 196
1852 676
1853 1156
1854 484
1855 676
1856 1156
1857 1156
1858 900
1859 196
1860 196
1861 196
1862 100
1863 100
1864 324
1865 324
1866 196
1867 36
1868 676
1869 484
1870 324
1871 324
1872 676
1873 676
1874 676
1875 484
1876 484
1877 676
1878 676
1879 676
1880 484
1881 484
1882 324
1883 900
1884 900
1885 1156
1886 676
1887 196
1888 484
1889 1444
1890 900
1891 1156
1892 676
1893 676
1894 676
1895 196
1896 324
1897 676
1898 676
1899 484
1900 676
1901 484
1902 676
1903 900
1904 1444
1905 324
1906 676
1907 324
1908 676
1909 900
1910 1444
1911 324
1912 484
1913 676
1914 900
1915 196
1916 100
1917 100
1918 196
1919 676
1920 324
1921 100
1922 484
1923 324
1924 196
1925 324
1926 676
1927 484
1928 4
1929 324
1930 324
1931 324
1932 484
1933 484
1934 900
1935 676
1936 100
1937 100
1938 484
1939 1156
1940 484
1941 484
1942 484
1943 484
1944 324
1945 484
1946 676
1947 324
1948 900
1949 1156
1950 196
1951 900
1952 676
1953 484
1954 900
1955 676
1956 676
1957 676
1958 484
1959 484
1960 900
1961 900
1962 676
1963 324
1964 324
1965 676
1966 1156
1967 324
1968 196
1969 484
1970 1156
1971 676
1972 676
1973 324
1974 484
1975 484
1976 900
1977 676
1978 1156
1979 484
1980 484
1981 676
1982 1156
1983 324
1984 324
1985 484
1986 196
1987 676
1988 484
1989 324
1990 324
1991 484
1992 196
1993 196
1994 36
1995 324
1996 324
1997 484
1998 900
1999 324
2000 196
2001 196
2002 484
2003 484
2004 676
2005 324
2006 324
2007 484
2008 676
2009 1156
2010 900
2011 484
2012 324
2013 100
2014 484
2015 676
2016 324
2017 900
2018 900
2019 676
2020 100
2021 484
2022 484
2023 324
2024 900
2025 100
2026 324
2027 484
2028 900
2029 676
2030 900
2031 484
2032 324
2033 676
2034 484
2035 676
2036 484
2037 324
2038 484
2039 676
2040 1156
2041 1444
2042 196
2043 676
2044 1156
2045 324
2046 484
2047 676
2048 676
2049 676
2050 676
2051 484
2052 676
2053 900
2054 1156
2055 676
2056 676
2057 484
2058 676
2059 900
2060 900
2061 676
2062 900
2063 676
2064 676
2065 484
2066 1444
2067 676
2068 196
2069 324
2070 324
2071 196
2072 324
2073 1156
2074 1444
2075 900
2076 324
2077 484
2078 196
2079 484
2080 676
2081 484
2082 484
2083 324
2084 324
2085 484
2086 100
2087 324
2088 484
2089 1156
2090 900
2091 1156
2092 900
2093 676
2094 676
2095 900
2096 484
2097 324
2098 484
2099 324
2100 324
2101 484
2102 676
2103 484
2104 324
2105 484
2106 900
2107 900
2108 484
2109 324
2110 676
2111 900
2112 676
2113 324
2114 484
2115 1156
2116 676
2117 900
2118 676
2119 900
2120 1444
2121 900
2122 324
2123 196
2124 484
2125 900
2126 900
2127 900
2128 324
2129 324
2130 196
2131 324
2132 196
2133 196
2134 196
2135 676
2136 900
2137 196
2138 196
2139 484
2140 484
2141 484
2142 676
2143 676
2144 484
2145 676
2146 1444
2147 1444
2148 1156
2149 324
2150 676
2151 484
2152 324
2153 324
2154 484
2155 196
2156 676
2157 676
2158 484
2159 324
2160 676
2161 324
2162 676
2163 676
2164 324
2165 324
2166 484
2167 900
2168 900
2169 324
2170 484
2171 676
2172 900
2173 324
2174 676
2175 484
2176 676
2177 484
2178 900
2179 324
2180 900
2181 676
2182 484
2183 676
2184 676
2185 484
2186 484
2187 324
2188 324
2189 196
2190 484
2191 324
2192 676
2193 324
2194 324
2195 676
2196 1156
2197 1156
2198 900
2199 324
2200 324
2201 324
2202 196
2203 324
2204 676
2205 196
2206 484
2207 484
2208 484
2209 324
2210 676
2211 1156
2212 676
2213 484
2214 676
2215 676
2216 1156
2217 484
2218 676
2219 324
2220 676
2221 324
2222 676
2223 196
2224 484
2225 484
2226 324
2227 676
2228 324
2229 196
2230 484
2231 484
2232 100
2233 484
2234 484
2235 676
2236 900
2237 676
2238 484
2239 900
2240 484
2241 900
2242 484
2243 484
2244 484
2245 324
2246 484
2247 484
2248 484
2249 484
2250 324
2251 36
2252 900
2253 676
2254 676
2255 484
2256 484
2257 196
2258 324
2259 324
2260 676
2261 484
2262 900
2263 676
2264 484
2265 1156
2266 324
2267 484
2268 1156
2269 900
2270 900
2271 484
2272 324
2273 196
2274 1156
2275 324
2276 324
2277 676
2278 676
2279 484
2280 324
2281 676
2282 484
2283 484
2284 1156
2285 1156
2286 196
2287 676
2288 100
2289 324
2290 676
2291 484
2292 676
2293 900
2294 676
2295 484
2296 484
2297 1444
2298 196
2299 900
2300 484
2301 484
2302 196
2303 324
2304 324
2305 484
2306 484
2307 900
2308 676
2309 676
2310 1444
2311 1156
2312 676
2313 324
2314 484
2315 900
2316 1156
2317 484
2318 676
2319 196
2320 324
2321 484
2322 324
2323 484
2324 100
2325 484
2326 484
2327 484
2328 676
2329 324
2330 900
2331 484
2332 676
2333 484
2334 196
2335 1156
2336 1156
2337 676
2338 676
2339 900
2340 484
2341 484
2342 196
2343 676
2344 676
2345 676
2346 100
2347 676
2348 324
2349 1156
2350 676
2351 324
2352 484
2353 196
2354 676
2355 900
2356 484
2357 900
2358 100
2359 196
2360 196
2361 196
2362 196
2363 324
2364 324
2365 484
2366 484
2367 676
2368 324
2369 196
2370 196
2371 484
2372 484
2373 484
2374 196
2375 484
2376 324
2377 324
2378 196
2379 196
2380 324
2381 324
2382 484
2383 676
2384 676
2385 324
2386 676
2387 324
2388 676
2389 1156
2390 484
2391 1156
2392 484
2393 324
2394 100
2395 100
2396 484
2397 676
2398 196
2399 324
2400 484
2401 1156
2402 676
2403 324
2404 196
2405 196
2406 484
2407 484
2408 900
2409 676
2410 484
2411 324
2412 1156
2413 676
2414 196
2415 676
2416 484
2417 676
2418 676
2419 324
2420 676
2421 676
2422 324
2423 484
2424 100
2425 196
2426 484
2427 900
2428 676
2429 324
2430 324
2431 324
2432 196
2433 324
2434 900
2435 1444
2436 900
2437 676
2438 676
2439 484
2440 484
2441 484
2442 900
2443 676
2444 324
2445 324
2446 900
2447 676
2448 484
2449 196
2450 484
2451 100
2452 324
2453 484
2454 324
2455 676
2456 4
2457 900
2458 900
2459 900
2460 900
2461 900
2462 900
2463 676
2464 676
2465 484
2466 484
2467 900
2468 484
2469 1156
2470 324
2471 900
2472 36
2473 900
2474 484
2475 324
2476 484
2477 196
2478 900
2479 1156
2480 676
2481 676
2482 1156
2483 324
2484 676
2485 900
2486 1156
2487 676
2488 900
2489 1444
2490 900
2491 484
2492 324
2493 324
2494 676
2495 196
2496 900
2497 484
2498 676
2499 324
2500 484
2501 196
2502 324
2503 324
2504 324
2505 100
2506 324
2507 676
2508 324
2509 484
2510 900
2511 484
2512 484
2513 900
2514 900
2515 676
2516 324
2517 900
2518 484
2519 484
2520 484
2521 1156
2522 1156
2523 676
2524 900
2525 676
2526 900
2527 484
2528 900
2529 324
2530 676
2531 484
2532 324
2533 900
2534 676
2535 484
2536 484
2537 324
2538 100
2539 676
2540 676
2541 676
2542 484
2543 484
2544 900
2545 900
2546 1156
2547 484
2548 484
2549 324
2550 100
2551 484
2552 1156
2553 1444
2554 900
2555 484
2556 676
2557 324
2558 676
2559 676
2560 324
2561 196
2562 196
2563 676
2564 484
2565 676
2566 900
2567 900
2568 1156
2569 1764
2570 324
2571 484
2572 324
2573 484
2574 324
2575 324
2576 484
2577 484
2578 676
2579 484
2580 676
2581 900
2582 676
2583 324
2584 676
2585 1156
2586 484
2587 196
2588 196
2589 676
2590 324
2591 676
2592 676
2593 676
2594 676
2595 900
2596 900
2597 484
2598 676
2599 196
2600 196
2601 900
2602 324
2603 1156
2604 900
2605 1156
2606 676
2607 676
2608 484
2609 676
2610 484
2611 196
2612 484
2613 676
2614 676
2615 324
2616 196
2617 324
2618 676
2619 676
2620 196
2621 484
2622 196
2623 324
2624 196
2625 196
2626 196
2627 324
2628 676
2629 324
2630 324
2631 676
2632 676
2633 1156
2634 1156
2635 900
2636 1156
2637 484
2638 676
2639 100
2640 36
2641 676
2642 676
2643 900
2644 676
2645 676
2646 484
2647 484
2648 484
2649 676
2650 676
2651 484
2652 196
2653 324
2654 196
2655 100
2656 900
2657 324
2658 676
2659 324
2660 484
2661 196
2662 324
2663 484
2664 484
2665 484
2666 324
2667 36
2668 324
2669 484
2670 676
2671 676
2672 484
2673 676
2674 484
2675 324
2676 324
2677 324
2678 484
2679 484
2680 324
2681 676
2682 1156
2683 484
2684 900
2685 324
2686 196
2687 900
2688 676
2689 1444
2690 484
2691 1156
2692 484
2693 676
2694 484
2695 900
2696 324
2697 484
2698 900
2699 676
2700 676
2701 900
2702 676
2703 900
2704 1156
2705 100
2706 484
2707 196
2708 324
2709 676
2710 484
2711 100
2712 484
2713 676
2714 324
2715 900
2716 484
2717 324
2718 676
2719 1156
2720 484
2721 484
2722 676
2723 196
2724 484
2725 676
2726 900
2727 324
2728 676
2729 900
2730 1764
2731 1156
2732 900
2733 1156
2734 484
2735 484
2736 900
2737 1156
2738 676
2739 676
2740 196
2741 484
2742 324
2743 324
2744 324
2745 676
2746 196
2747 196
2748 100
2749 324
2750 196
2751 676
2752 900
2753 324
2754 484
2755 676
2756 676
2757 676
2758 196
2759 324
2760 484
2761 324
2762 1444
2763 484
2764 484
2765 484
2766 484
2767 484
2768 484
2769 324
2770 676
2771 100
2772 484
2773 900
2774 900
2775 1444
2776 900
2777 484
2778 324
2779 900
2780 1156
2781 196
2782 196
2783 324
2784 196
2785 324
2786 324
2787 484
2788 676
2789 900
2790 484
2791 324
2792 676
2793 484
2794 484
2795 676
2796 484
2797 324
2798 484
2799 324
2800 324
2801 900
2802 676
2803 484
2804 676
2805 676
2806 676
2807 484
2808 484
2809 324
2810 676
2811 1156
2812 484
2813 484
2814 676
2815 900
2816 900
2817 484
2818 676
2819 100
2820 484
2821 324
2822 100
2823 484
2824 484
2825 484
2826 484
2827 324
2828 1444
2829 324
2830 100
2831 196
2832 676
2833 324
2834 324
2835 900
2836 676
2837 676
2838 324
2839 324
2840 676
2841 900
2842 324
2843 676
2844 676
2845 1444
2846 676
2847 900
2848 1444
2849 900
2850 900
2851 324
2852 324
2853 324
2854 1444
2855 676
2856 676
2857 484
2858 324
2859 324
2860 484
2861 676
2862 900
2863 196
2864 676
2865 1156
2866 484
2867 484
2868 676
2869 196
2870 324
2871 676
2872 484
2873 324
2874 676
2875 484
2876 484
2877 324
2878 900
2879 900
2880 196
2881 900
2882 484
2883 484
2884 484
2885 676
2886 676
2887 196
2888 100
2889 324
2890 324
2891 324
2892 900
2893 900
2894 676
2895 676
2896 484
2897 484
2898 676
2899 196
2900 484
2901 324
2902 900
2903 676
2904 484
2905 484
2906 484
2907 900
2908 484
2909 484
2910 484
2911 676
2912 1156
2913 324
2914 676
2915 36
2916 484
2917 324
2918 1156
2919 900
2920 324
2921 484
2922 484
2923 484
2924 484
2925 1156
2926 324
2927 196
2928 676
2929 196
2930 324
2931 676
2932 900
2933 676
2934 1156
2935 1156
2936 900
2937 484
2938 900
2939 900
2940 484
2941 484
2942 900
2943 900
2944 484
2945 484
2946 324
2947 484
2948 676
2949 1156
2950 1156
2951 1156
2952 900
2953 900
2954 1156
2955 1156
2956 1444
2957 1444
2958 1444
2959 676
2960 676
2961 196
2962 324
2963 324
2964 324
2965 484
2966 484
2967 484
2968 676
2969 676
2970 676
2971 324
2972 100
2973 484
2974 676
2975 900
2976 676
2977 484
2978 484
2979 484
2980 900
2981 676
2982 324
2983 484
2984 676
2985 900
2986 676
2987 900
2988 676
2989 484
2990 484
2991 484
2992 324
2993 676
2994 900
2995 900
2996 1156
2997 900
2998 484
2999 100
3000 324
3001 324
3002 324
3003 484
3004 676
3005 324
3006 484
3007 324
3008 900
3009 900
3010 324
3011 484
3012 484
3013 676
3014 900
3015 676
3016 324
3017 676
3018 1156
3019 900
3020 484
3021 324
3022 484
3023 324
3024 196
3025 900
3026 900
3027 484
3028 36
3029 4
3030 484
3031 676
3032 324
3033 324
3034 324
3035 484
3036 324
3037 676
3038 324
3039 324
3040 900
3041 324
3042 484
3043 484
3044 196
3045 676
3046 324
3047 676
3048 324
3049 484
3050 484
3051 324
3052 324
3053 324
3054 484
3055 676
3056 1444
3057 196
3058 484
3059 196
3060 676
3061 484
3062 900
3063 484
3064 900
3065 900
3066 900
3067 484
3068 324
3069 676
3070 484
3071 676
3072 324
3073 324
3074 196
3075 324
3076 100
3077 1156
3078 484
3079 324
3080 676
3081 324
3082 484
3083 1156
3084 900
3085 484
3086 676
3087 676
3088 484
3089 900
3090 484
3091 676
3092 324
3093 484
3094 676
3095 676
3096 100
3097 900
3098 676
3099 676
3100 676
3101 900
3102 676
3103 1444
3104 676
3105 324
3106 324
3107 196
3108 484
3109 196
3110 900
3111 900
3112 196
3113 900
3114 676
3115 676
3116 900
3117 324
3118 484
3119 484
3120 324
3121 324
3122 100
3123 676
3124 324
3125 196
3126 324
3127 676
3128 484
3129 324
3130 484
3131 900
3132 484
3133 100
3134 484
3135 484
3136 324
3137 676
3138 484
3139 1156
3140 676
3141 900
3142 324
3143 196
3144 676
3145 676
3146 196
3147 900
3148 676
3149 900
3150 1156
3151 484
3152 900
3153 484
3154 676
3155 676
3156 676
3157 324
3158 676
3159 676
3160 196
3161 484
3162 196
3163 484
3164 324
3165 196
3166 484
3167 484
3168 484
3169 484
3170 484
3171 676
3172 676
3173 484
3174 676
3175 676
3176 676
3177 484
3178 484
3179 676
3180 1156
3181 900
3182 900
3183 484
3184 1156
3185 676
3186 676
3187 484
3188 324
3189 484
3190 900
3191 676
3192 676
3193 676
3194 676
3195 324
3196 1156
3197 676
3198 676
3199 900
3200 1444
3201 676
3202 676
3203 324
3204 900
3205 484
3206 676
3207 324
3208 100
3209 324
3210 196
3211 196
3212 196
3213 676
3214 324
3215 324
3216 324
3217 324
3218 676
3219 676
3220 484
3221 484
3222 900
3223 900
3224 676
3225 900
3226 900
3227 196
3228 100
3229 196
3230 324
3231 100
3232 676
3233 324
3234 484
3235 484
3236 196
3237 484
3238 324
3239 484
3240 484
3241 484
3242 900
3243 900
3244 484
3245 484
3246 324
3247 324
3248 100
3249 676
3250 676
3251 484
3252 900
3253 900
3254 196
3255 196
3256 196
3257 484
3258 196
3259 196
3260 484
3261 324
3262 676
3263 196
3264 676
3265 484
3266 484
3267 484
3268 324
3269 676
3270 1156
3271 36
3272 484
3273 484
3274 676
3275 484
3276 484
3277 484
3278 100
3279 900
3280 484
3281 1156
3282 676
3283 676
3284 676
3285 484
3286 196
3287 484
3288 1444
3289 676
3290 676
3291 100
3292 324
3293 324
3294 900
3295 676
3296 484
3297 324
3298 676
3299 36
3300 324
3301 196
3302 676
3303 484
3304 900
3305 676
3306 484
3307 484
3308 900
3309 484
3310 676
3311 900
3312 900
3313 484
3314 484
3315 676
3316 484
3317 196
3318 676
3319 1156
3320 900
3321 324
3322 676
3323 676
3324 676
3325 1444
3326 900
3327 484
3328 324
3329 324
3330 324
3331 676
3332 676
3333 900
3334 900
3335 676
3336 676
3337 900
3338 324
3339 484
3340 196
3341 484
3342 324
3343 676
3344 676
3345 676
3346 484
3347 484
3348 676
3349 900
3350 900
3351 900
3352 676
3353 900
3354 1444
3355 196
3356 484
3357 324
3358 676
3359 1156
3360 484
3361 676
3362 676
3363 676
3364 484
3365 324
3366 196
3367 676
3368 484
3369 484
3370 900
3371 324
3372 900
3373 900
3374 676
3375 484
3376 900
3377 484
3378 324
3379 900
3380 1156
3381 676
3382 900
3383 900
3384 324
3385 484
3386 324
3387 196
3388 676
3389 1444
3390 1156
3391 900
3392 484
3393 324
3394 100
3395 196
3396 100
3397 324
3398 196
3399 196
3400 196
3401 324
3402 484
3403 484
3404 900
3405 324
3406 1156
3407 676
3408 900
3409 676
3410 900
3411 1156
3412 676
3413 324
3414 1156
3415 676
3416 484
3417 900
3418 676
3419 324
3420 676
3421 900
3422 324
3423 900
3424 324
3425 676
3426 484
3427 196
3428 196
3429 324
3430 196
3431 324
3432 1156
3433 676
3434 324
3435 676
3436 100
3437 196
3438 484
3439 484
3440 676
3441 484
3442 196
3443 484
3444 484
3445 484
3446 484
3447 484
3448 900
3449 900
3450 900
3451 1444
3452 1156
3453 676
3454 676
3455 676
3456 324
3457 324
3458 484
3459 900
3460 676
3461 676
3462 676
3463 324
3464 676
3465 1156
3466 676
3467 484
3468 676
3469 484
3470 676
3471 484
3472 196
3473 900
3474 900
3475 900
3476 900
3477 484
3478 196
3479 484
3480 1156
3481 900
3482 676
3483 484
3484 900
3485 676
3486 1444
3487 1444
3488 676
3489 676
3490 900
3491 484
3492 900
3493 900
3494 324
3495 324
3496 900
3497 900
3498 1156
3499 676
3500 900
3501 484
3502 900
3503 676
3504 484
3505 484
3506 676
3507 484
3508 484
3509 900
3510 324
3511 100
3512 676
3513 676
3514 676
3515 484
3516 900
3517 1156
3518 324
3519 484
3520 900
3521 900
3522 1156
3523 1156
3524 900
3525 1156
3526 484
3527 196
3528 484
3529 196
3530 484
3531 676
3532 676
3533 676
3534 1156
3535 324
3536 676
3537 1156
3538 484
3539 324
3540 100
3541 324
3542 196
3543 196
3544 196
3545 676
3546 36
3547 324
3548 324
3549 1156
3550 196
3551 900
3552 676
3553 1156
3554 1156
3555 676
3556 484
3557 900
3558 484
3559 324
3560 324
3561 676
3562 900
3563 900
3564 900
3565 324
3566 324
3567 484
3568 196
3569 676
3570 1156
3571 676
3572 484
3573 676
3574 324
3575 36
3576 196
3577 900
3578 324
3579 676
3580 676
3581 324
3582 196
3583 676
3584 324
3585 676
3586 196
3587 196
3588 676
3589 484
3590 900
3591 676
3592 196
3593 324
3594 324
3595 324
3596 324
3597 900
3598 484
3599 900
3600 196
3601 676
3602 324
3603 676
3604 1764
3605 900
3606 324
3607 900
3608 484
3609 196
3610 484
3611 324
3612 196
3613 900
3614 676
3615 324
3616 676
3617 900
3618 484
3619 100
3620 676
3621 676
3622 484
3623 196
3624 900
3625 324
3626 484
3627 676
3628 484
3629 676
3630 100
3631 196
3632 484
3633 676
3634 1156
3635 900
3636 100
3637 196
3638 676
3639 324
3640 484
3641 324
3642 324
3643 484
3644 196
3645 484
3646 324
3647 484
3648 484
3649 676
3650 1156
3651 900
3652 100
3653 196
3654 484
3655 100
3656 324
3657 196
3658 484
3659 676
3660 900
3661 676
3662 900
3663 324
3664 1444
3665 900
3666 484
3667 324
3668 484
3669 676
3670 324
3671 676
3672 676
3673 324
3674 196
3675 900
3676 484
3677 484
3678 196
3679 484
3680 484
3681 324
3682 484
3683 484
3684 196
3685 484
3686 676
3687 900
3688 324
3689 900
3690 900
3691 676
3692 676
3693 900
3694 900
3695 1444
3696 1444
3697 900
3698 196
3699 324
3700 324
3701 324
3702 484
3703 484
3704 676
3705 324
3706 4
3707 324
3708 676
3709 676
3710 1156
3711 484
3712 676
3713 484
3714 324
3715 484
3716 484
3717 676
3718 484
3719 676
3720 484
3721 324
3722 676
3723 900
3724 196
3725 484
3726 100
3727 676
3728 324
3729 324
3730 484
3731 676
3732 196
3733 484
3734 324
3735 100
3736 484
3737 484
3738 900
3739 676
3740 900
3741 676
3742 900
3743 484
3744 484
3745 324
3746 324
3747 676
3748 676
3749 484
3750 196
3751 100
3752 676
3753 676
3754 324
3755 676
3756 900
3757 676
3758 484
3759 324
3760 676
3761 676
3762 1156
3763 900
3764 900
3765 196
3766 324
3767 676
3768 36
3769 324
3770 484
3771 484
3772 676
3773 1156
3774 676
3775 900
3776 484
3777 484
3778 676
3779 676
3780 676
3781 324
3782 196
3783 484
3784 324
3785 676
3786 900
3787 1156
3788 484
3789 484
3790 676
3791 484
3792 676
3793 676
3794 324
3795 900
3796 484
3797 196
3798 324
3799 484
3800 900
3801 1156
3802 900
3803 1156
3804 1156
3805 324
3806 196
3807 484
3808 900
3809 900
3810 676
3811 484
3812 900
3813 324
3814 900
3815 1156
3816 324
3817 196
3818 676
3819 324
3820 100
3821 484
3822 676
3823 676
3824 196
3825 324
3826 324
3827 484
3828 484
3829 676
3830 676
3831 676
3832 676
3833 676
3834 100
3835 900
3836 676
3837 324
3838 484
3839 676
3840 484
3841 900
3842 1156
3843 676
3844 484
3845 324
3846 484
3847 484
3848 676
3849 484
3850 484
3851 324
3852 484
3853 676
3854 1156
3855 676
3856 676
3857 676
3858 484
3859 1156
3860 484
3861 1156
3862 900
3863 1156
3864 676
3865 484
3866 676
3867 900
3868 676
3869 484
3870 676
3871 484
3872 484
3873 196
3874 36
3875 676
3876 1156
3877 1444
3878 900
3879 676
3880 1156
3881 196
3882 1156
3883 1156
3884 676
3885 676
3886 676
3887 1156
3888 676
3889 1156
3890 484
3891 484
3892 484
3893 900
3894 1764
3895 676
3896 1156
3897 900
3898 1156
3899 324
3900 484
3901 676
3902 900
3903 324
3904 676
3905 324
3906 324
3907 900
3908 676
3909 676
3910 676
3911 676
3912 676
3913 900
3914 324
3915 676
3916 900
3917 484
3918 484
3919 196
3920 900
3921 676
3922 484
3923 1156
3924 484
3925 1444
3926 676
3927 900
3928 484
3929 324
3930 676
3931 900
3932 484
3933 484
3934 100
3935 676
3936 484
3937 484
3938 196
3939 484
3940 324
3941 324
3942 196
3943 100
3944 324
3945 100
3946 676
3947 324
3948 676
3949 324
3950 484
3951 1156
3952 324
3953 324
3954 900
3955 1764
3956 484
3957 324
3958 196
3959 900
3960 676
3961 484
3962 324
3963 484
3964 484
3965 324
3966 484
3967 484
3968 676
3969 484
3970 324
3971 484
3972 1156
3973 900
3974 900
3975 324
3976 100
3977 484
3978 324
3979 676
3980 484
3981 676
3982 676
3983 900
3984 676
3985 484
3986 484
3987 484
3988 324
3989 676
3990 900
3991 676
3992 324
3993 324
3994 324
3995 324
3996 196
3997 900
3998 900
3999 676
4000 676
4001 324
4002 324
4003 676
4004 484
4005 484
4006 196
4007 484
4008 676
4009 900
4010 324
4011 676
4012 324
4013 484
4014 484
4015 1156
4016 676
4017 1764
4018 676
4019 484
4020 676
4021 324
4022 900
4023 196
4024 900
4025 900
4026 900
4027 900
4028 484
4029 484
4030 676
4031 676
4032 1156
4033 676
4034 484
4035 676
4036 676
4037 676
4038 484
4039 484
4040 676
4041 196
4042 676
4043 100
4044 484
4045 196
4046 324
4047 324
4048 900
4049 900
4050 324
4051 676
4052 676
4053 484
4054 196
4055 196
4056 676
4057 676
4058 1156
4059 1156
4060 196
4061 324
4062 100
4063 196
4064 900
4065 324
4066 324
4067 484
4068 676
4069 676
4070 484
4071 484
4072 676
4073 676
4074 676
4075 196
4076 324
4077 324
4078 196
4079 484
4080 676
4081 1156
4082 1156
4083 1156
4084 196
4085 324
4086 484
4087 1156
4088 484
4089 676
4090 1156
4091 484
4092 324
4093 196
4094 484
4095 484
4096 484
4097 196
4098 676
4099 484
4100 324
4101 484
4102 1156
4103 484
4104 484
4105 484
4106 484
4107 484
4108 484
4109 196
4110 676
4111 484
4112 484
4113 676
4114 484
4115 196
4116 900
4117 676
4118 484
4119 196
4120 196
4121 324
4122 900
4123 900
4124 1156
4125 484
4126 1156
4127 484
4128 196
4129 1156
4130 900
4131 676
4132 676
4133 324
4134 900
4135 484
4136 324
4137 484
4138 484
4139 676
4140 484
4141 676
4142 676
4143 484
4144 676
4145 676
4146 324
4147 484
4148 1156
4149 900
4150 900
4151 196
4152 324
4153 676
4154 484
4155 676
4156 1156
4157 1156
4158 900
4159 676
4160 676
4161 196
4162 676
4163 484
4164 196
4165 484
4166 900
4167 676
4168 324
4169 324
4170 676
4171 484
4172 324
4173 36
4174 196
4175 324
4176 100
4177 196
4178 324
4179 484
4180 324
4181 196
4182 324
4183 324
4184 900
4185 484
4186 676
4187 900
4188 484
4189 324
4190 676
4191 484
4192 676
4193 676
4194 196
4195 100
4196 324
4197 676
4198 484
4199 324
4200 484
4201 676
4202 676
4203 676
4204 484
4205 676
4206 900
4207 1156
4208 484
4209 484
4210 196
4211 324
4212 484
4213 676
4214 484
4215 900
4216 676
4217 324
4218 196
4219 484
4220 484
4221 196
4222 324
4223 676
4224 324
4225 900
4226 676
4227 900
4228 900
4229 1156
4230 900
4231 676
4232 676
4233 196
4234 100
4235 196
4236 900
4237 900
4238 676
4239 324
4240 676
4241 484
4242 36
4243 676
4244 676
4245 900
4246 196
4247 324
4248 484
4249 100
4250 484
4251 484
4252 676
4253 484
4254 676
4255 324
4256 676
4257 676
4258 324
4259 676
4260 1156
4261 900
4262 676
4263 1156
4264 484
4265 196
4266 676
4267 484
4268 484
4269 900
4270 324
4271 900
4272 676
4273 484
4274 676
4275 484
4276 900
4277 484
4278 1444
4279 1444
4280 324
4281 196
4282 36
4283 484
4284 484
4285 324
4286 900
4287 900
4288 324
4289 676
4290 676
4291 676
4292 900
4293 900
4294 1156
4295 484
4296 100
4297 324
4298 676
4299 196
4300 324
4301 676
4302 324
4303 196
4304 324
4305 484
4306 324
4307 324
4308 324
4309 484
4310 324
4311 484
4312 676
4313 484
4314 1156
4315 484
4316 324
4317 324
4318 484
4319 484
4320 900
4321 484
4322 484
4323 676
4324 196
4325 484
4326 900
4327 324
4328 676
4329 484
4330 900
4331 196
4332 324
4333 196
4334 484
4335 900
4336 676
4337 676
4338 900
4339 100
4340 324
4341 36
4342 324
4343 676
4344 676
4345 676
4346 196
4347 196
4348 484
4349 900
4350 484
4351 900
4352 484
4353 484
4354 324
4355 196
4356 324
4357 324
4358 900
4359 484
4360 676
4361 900
4362 324
4363 484
4364 484
4365 676
4366 900
4367 196
4368 676
4369 676
4370 676
4371 324
4372 676
4373 676
4374 900
4375 1156
4376 676
4377 676
4378 484
4379 484
4380 324
4381 900
4382 676
4383 484
4384 484
4385 484
4386 324
4387 676
4388 484
4389 484
4390 324
4391 900
4392 1444
4393 196
4394 324
4395 676
4396 900
4397 196
4398 676
4399 324
4400 324
4401 1156
4402 676
4403 1156
4404 676
4405 484
4406 900
4407 676
4408 900
4409 196
4410 484
4411 900
4412 484
4413 100
4414 484
4415 676
4416 1156
4417 676
4418 676
4419 676
4420 324
4421 324
4422 484
4423 484
4424 324
4425 676
4426 484
4427 676
4428 324
4429 900
4430 900
4431 484
4432 484
4433 676
4434 324
4435 676
4436 900
4437 484
4438 900
4439 484
4440 900
4441 676
4442 484
4443 676
4444 324
4445 484
4446 324
4447 196
4448 324
4449 484
4450 484
4451 324
4452 324
4453 900
4454 484
4455 676
4456 196
4457 36
4458 484
4459 324
4460 324
4461 676
4462 324
4463 484
4464 676
4465 900
4466 1156
4467 1156
4468 484
4469 676
4470 676
4471 900
4472 1156
4473 1156
4474 676
4475 1156
4476 900
4477 900
4478 484
4479 676
4480 1156
4481 900
4482 676
4483 484
4484 324
4485 676
4486 900
4487 1156
4488 1156
4489 900
4490 324
4491 676
4492 676
4493 324
4494 1444
4495 1156
4496 676
4497 676
4498 484
4499 196
4500 676
4501 484
4502 676
4503 484
4504 324
4505 324
4506 324
4507 324
4508 196
4509 324
4510 324
4511 484
4512 900
4513 900
4514 676
4515 324
4516 100
4517 484
4518 324
4519 676
4520 484
4521 676
4522 484
4523 1444
4524 484
4525 324
4526 324
4527 484
4528 484
4529 484
4530 484
4531 484
4532 676
4533 196
4534 900
4535 484
4536 1156
4537 676
4538 196
4539 484
4540 676
4541 1156
4542 676
4543 1156
4544 900
4545 484
4546 900
4547 484
4548 484
4549 324
4550 100
4551 484
4552 484
4553 676
4554 676
4555 900
4556 484
4557 484
4558 676
4559 900
4560 676
4561 676
4562 484
4563 484
4564 900
4565 900
4566 676
4567 676
4568 484
4569 196
4570 676
4571 484
4572 324
4573 484
4574 324
4575 324
4576 676
4577 676
4578 484
4579 1156
4580 900
4581 484
4582 484
4583 196
4584 196
4585 324
4586 900
4587 1156
4588 676
4589 900
4590 900
4591 484
4592 324
4593 676
4594 484
4595 676
4596 196
4597 324
4598 324
4599 484
4600 484
4601 196
4602 484
4603 484
4604 484
4605 484
4606 900
4607 900
4608 1156
4609 1444
4610 676
4611 484
4612 324
4613 900
4614 676
4615 196
4616 900
4617 676
4618 1156
4619 676
4620 900
4621 1444
4622 1444
4623 1156
4624 324
4625 324
4626 324
4627 676
4628 196
4629 484
4630 484
4631 676
4632 484
4633 484
4634 196
4635 676
4636 900
4637 900
4638 676
4639 1156
4640 1156
4641 324
4642 484
4643 324
4644 676
4645 676
4646 900
4647 324
4648 196
4649 676
4650 100
4651 484
4652 324
4653 100
4654 324
4655 100
4656 324
4657 484
4658 324
4659 324
4660 324
4661 196
4662 36
4663 900
4664 676
4665 484
4666 676
4667 676
4668 900
4669 324
4670 900
4671 676
4672 324
4673 196
4674 484
4675 484
4676 900
4677 676
4678 484
4679 676
4680 484
4681 196
4682 484
4683 676
4684 484
4685 900
4686 1156
4687 484
4688 484
4689 900
4690 1156
4691 676
4692 324
4693 324
4694 324
4695 900
4696 100
4697 484
4698 676
4699 324
4700 196
4701 484
4702 324
4703 196
4704 900
4705 676
4706 484
4707 676
4708 900
4709 1444
4710 1156
4711 1156
4712 676
4713 676
4714 676
4715 324
4716 676
4717 484
4718 676
4719 900
4720 676
4721 484
4722 676
4723 676
4724 676
4725 484
4726 676
4727 676
4728 900
4729 1156
4730 484
4731 484
4732 484
4733 484
4734 676
4735 676
4736 900
4737 484
4738 484
4739 676
4740 676
4741 324
4742 196
4743 676
4744 900
4745 676
4746 900
4747 196
4748 324
4749 900
4750 484
4751 676
4752 484
4753 324
4754 324
4755 676
4756 900
4757 900
4758 484
4759 676
4760 196
4761 324
4762 484
4763 324
4764 1156
4765 1156
4766 484
4767 900
4768 900
4769 1156
4770 676
4771 900
4772 900
4773 324
4774 484
4775 900
4776 900
4777 676
4778 900
4779 324
4780 324
4781 676
4782 484
4783 900
4784 900
4785 484
4786 484
4787 324
4788 196
4789 676
4790 900
4791 676
4792 676
4793 676
4794 1444
4795 676
4796 676
4797 324
4798 484
4799 676
4800 900
4801 676
4802 676
4803 1156
4804 900
4805 900
4806 484
4807 484
4808 900
4809 900
4810 484
4811 324
4812 484
4813 196
4814 324
4815 324
4816 196
4817 324
4818 324
4819 324
4820 324
4821 676
4822 676
4823 900
4824 484
4825 900
4826 900
4827 484
4828 676
4829 100
4830 324
4831 900
4832 324
4833 676
4834 484
4835 900
4836 900
4837 900
4838 1156
4839 324
4840 676
4841 484
4842 1156
4843 676
4844 900
4845 1156
4846 324
4847 484
4848 676
4849 324
4850 484
4851 900
4852 324
4853 196
4854 484
4855 900
4856 196
4857 484
4858 324
4859 100
4860 324
4861 4
4862 484
4863 676
4864 484
4865 484
4866 100
4867 676
4868 676
4869 676
4870 196
4871 676
4872 324
4873 676
4874 900
4875 676
4876 484
4877 676
4878 196
4879 484
4880 676
4881 900
4882 1156
4883 484
4884 484
4885 1156
4886 1156
4887 484
4888 196
4889 900
4890 676
4891 676
4892 900
4893 484
4894 324
4895 900
4896 676
4897 676
4898 676
4899 484
4900 196
4901 100
4902 484
4903 324
4904 900
4905 196
4906 1156
4907 1444
4908 900
4909 676
4910 676
4911 484
4912 676
4913 196
4914 1156
4915 676
4916 196
4917 324
4918 4
4919 324
4920 324
4921 100
4922 484
4923 196
4924 324
4925 676
4926 900
4927 676
4928 676
4929 196
4930 484
4931 324
4932 900
4933 484
4934 324
4935 484
4936 324
4937 324
4938 484
4939 900
4940 1156
4941 4
4942 324
4943 484
4944 484
4945 484
4946 484
4947 196
4948 484
4949 324
4950 324
4951 676
4952 484
4953 484
4954 100
4955 676
4956 484
4957 324
4958 484
4959 676
4960 676
4961 196
4962 676
4963 324
4964 900
4965 900
4966 900
4967 900
4968 1156
4969 484
4970 324
4971 484
4972 484
4973 484
4974 676
4975 484
4976 676
4977 484
4978 484
4979 900
4980 676
4981 324
4982 676
4983 484
4984 900
4985 900
4986 324
4987 324
4988 484
4989 484
4990 196
4991 324
4992 900
4993 1156
4994 676
4995 324
4996 324
4997 676
4998 100
4999 484
5000 196
