1 -14
2 -14
3 -22
4 -26
5 -22
6 -14
7 -26
8 -38
9 -26
10 -18
11 -22
12 -18
13 -22
14 -22
15 -22
16 -18
17 -22
18 -22
19 -22
20 -10
21 -22
22 -22
23 -18
24 -18
25 -18
26 -10
27 -38
28 -30
29 -30
30 -26
31 -30
32 -34
33 -14
34 -22
35 -26
36 -26
37 -18
38 -26
39 -22
40 -38
41 -22
42 -18
43 -18
44 -18
45 -22
46 -26
47 -26
48 -18
49 -22
50 -26
51 -30
52 -34
53 -30
54 -22
55 -42
56 -26
57 -14
58 -22
59 -22
60 -34
61 -30
62 -34
63 -30
64 -30
65 -26
66 -22
67 -18
68 -22
69 -22
70 -22
71 -22
72 -18
73 -18
74 -14
75 -18
76 -22
77 -22
78 -18
79 -14
80 -18
81 -10
82 -10
83 -26
84 -26
85 -18
86 -14
87 -14
88 -18
89 -18
90 -22
91 -14
92 -30
93 -26
94 -26
95 -26
96 -22
97 -30
98 -26
99 -22
100 -14
101 -18
102 -18
103 -22
104 -26
105 -14
106 -18
107 -22
108 -14
109 -30
110 -18
111 -18
112 -14
113 -34
114 -34
115 -30
116 -30
117 -22
118 -18
119 -22
120 -30
121 -30
122 -30
123 -18
124 -26
125 -30
126 -26
127 -26
128 -18
129 -18
130 -26
131 -38
132 -22
133 -18
134 -14
135 -14
136 -14
137 -22
138 -14
139 -18
140 -22
141 -30
142 -30
143 -30
144 -26
145 -18
146 -18
147 -14
148 -26
149 -26
150 -26
151 -30
152 -22
153 -18
154 -22
155 -14
156 -22
157 -26
158 -22
159 -30
160 -22
161 -26
162 -34
163 -26
164 -22
165 -22
166 -38
167 -30
168 -34
169 -30
170 -22
171 -22
172 -30
173 -22
174 -22
175 -10
176 -30
177 -26
178 -26
179 -26
180 -22
181 -26
182 -18
183 -22
184 -10
185 -26
186 -18
187 -18
188 -30
189 -22
190 -30
191 -30
192 -26
193 -26
194 -18
195 -26
196 -30
197 -26
198 -26
199 -22
200 -22
201 -22
202 -18
203 -22
204 -22
205 -22
206 -10
207 -14
208 -18
209 -14
210 -22
211 -22
212 -22
213 -22
214 -22
215 -34
216 -30
217 -26
218 -26
219 -22
220 -26
221 -38
222 -30
223 -30
224 -30
225 -26
226 -26
227 -26
228 -30
229 -34
230 -22
231 -22
232 -22
233 -22
234 -26
235 -34
236 -22
237 -26
238 -22
239 -26
240 -30
241 -22
242 -26
243 -14
244 -10
245 -18
246 -22
247 -22
248 -30
249 -14
250 -26
251 -18
252 -18
253 -14
254 -26
255 -30
256 -22
257 -22
258 -30
259 -22
260 -26
261 -22
262 -22
263 -30
264 -18
265 -22
266 -22
267 -14
268 -18
269 -14
270 -14
271 -30
272 -22
273 -26
274 -26
275 -26
276 -26
277 -34
278 -30
279 -22
280 -26
281 -30
282 -18
283 -22
284 -26
285 -30
286 -26
287 -18
288 -14
289 -26
290 -22
291 -26
292 -30
293 -26
294 -26
295 -22
296 -18
297 -18
298 -18
299 -18
300 -18
301 -26
302 -30
303 -22
304 -26
305 -18
306 -26
307 -22
308 -26
309 -22
310 -30
311 -22
312 -34
313 -26
314 -10
315 -22
316 -26
317 -22
318 -22
319 -18
320 -22
321 -26
322 -18
323 -26
324 -34
325 -22
326 -22
327 -18
328 -18
329 -22
330 -22
331 -34
332 -38
333 -30
334 -30
335 -18
336 -26
337 -26
338 -22
339 -26
340 -22
341 -14
342 -26
343 -10
344 -22
345 -34
346 -22
347 -18
348 -26
349 -18
350 -30
351 -26
352 -30
353 -22
354 -22
355 -22
356 -26
357 -22
358 -18
359 -26
360 -38
361 -14
362 -22
363 -30
364 -26
365 -26
366 -30
367 -26
368 -22
369 -22
370 -26
371 -30
372 -18
373 -10
374 -26
375 -22
376 -34
377 -30
378 -34
379 -26
380 -18
381 -26
382 -22
383 -30
384 -10
385 -14
386 -22
387 -22
388 -22
389 -26
390 -30
391 -22
392 -26
393 -30
394 -34
395 -26
396 -30
397 -34
398 -26
399 -22
400 -22
401 -22
402 -18
403 -22
404 -26
405 -26
406 -26
407 -30
408 -14
409 -14
410 -18
411 -22
412 -18
413 -26
414 -26
415 -34
416 -34
417 -18
418 -26
419 -18
420 -26
421 -34
422 -22
423 -14
424 -26
425 -18
426 -22
427 -18
428 -26
429 -30
430 -34
431 -18
432 -26
433 -18
434 -34
435 -22
436 -22
437 -22
438 -26
439 -18
440 -18
441 -18
442 -14
443 -10
444 -14
445 -22
446 -34
447 -30
448 -22
449 -6
450 -10
451 -14
452 -10
453 -22
454 -18
455 -22
456 -14
457 -18
458 -22
459 -22
460 -26
461 -26
462 -18
463 -26
464 -26
465 -18
466 -14
467 -14
468 -22
469 -18
470 -18
471 -22
472 -22
473 -14
474 -10
475 -22
476 -22
477 -6
478 -18
479 -30
480 -18
481 -22
482 -18
483 -26
484 -26
485 -30
486 -22
487 -22
488 -22
489 -26
490 -26
491 -22
492 -22
493 -30
494 -30
495 -38
496 -34
497 -38
498 -18
499 -26
500 -26
501 -22
502 -18
503 -14
504 -18
505 -26
506 -30
507 -34
508 -18
509 -26
510 -26
511 -26
512 -10
513 -14
514 -18
515 -26
516 -26
517 -18
518 -34
519 -22
520 -26
521 -26
522 -22
523 -10
524 -18
525 -18
526 -30
527 -26
528 -34
529 -34
530 -34
531 -10
532 -18
533 -18
534 -26
535 -22
536 -22
537 -18
538 -26
539 -34
540 -22
541 -26
542 -30
543 -14
544 -18
545 -26
546 -30
547 -14
548 -18
549 -18
550 -22
551 -14
552 -22
553 -26
554 -38
555 -34
556 -22
557 -22
558 -10
559 -18
560 -18
561 -10
562 -10
563 -22
564 -22
565 -22
566 -22
567 -34
568 -34
569 -38
570 -26
571 -26
572 -22
573 -22
574 -14
575 -30
576 -22
577 -22
578 -22
579 -18
580 -22
581 -22
582 -22
583 -22
584 -22
585 -26
586 -30
587 -22
588 -26
589 -18
590 -18
591 -22
592 -18
593 -6
594 -30
595 -34
596 -22
597 -14
598 -22
599 -22
600 -34
601 -22
602 -18
603 -18
604 -22
605 -18
606 -22
607 -6
608 -22
609 -18
610 -34
611 -26
612 -22
613 -18
614 -22
615 -18
616 -14
617 -14
618 -26
619 -22
620 -22
621 -22
622 -14
623 -18
624 -22
625 -26
626 -22
627 -18
628 -10
629 -26
630 -18
631 -18
632 -18
633 -18
634 -30
635 -22
636 -22
637 -26
638 -14
639 -18
640 -22
641 -22
642 -18
643 -26
644 -22
645 -26
646 -6
647 -14
648 -22
649 -14
650 -26
651 -22
652 -22
653 -26
654 -30
655 -26
656 -18
657 -18
658 -22
659 -26
660 -30
661 -26
662 -22
663 -26
664 -30
665 -30
666 -26
667 -18
668 -10
669 -10
670 -22
671 -18
672 -18
673 -26
674 -26
675 -34
676 -30
677 -22
678 -14
679 -18
680 -22
681 -26
682 -22
683 -26
684 -18
685 -22
686 -34
687 -34
688 -22
689 -14
690 -26
691 -22
692 -18
693 -38
694 -26
695 -26
696 -14
697 -26
698 -26
699 -30
700 -30
701 -14
702 -14
703 -22
704 -26
705 -18
706 -18
707 -26
708 -14
709 -18
710 -22
711 -22
712 -22
713 -34
714 -26
715 -22
716 -26
717 -10
718 -26
719 -18
720 -18
721 -18
722 -18
723 -18
724 -22
725 -6
726 -22
727 -22
728 -22
729 -30
730 -30
731 -30
732 -22
733 -26
734 -10
735 -18
736 -26
737 -30
738 -26
739 -34
740 -26
741 -22
742 -34
743 -34
744 -26
745 -26
746 -26
747 -26
748 -26
749 -34
750 -22
751 -22
752 -18
753 -18
754 -22
755 -10
756 -30
757 -30
758 -22
759 -26
760 -26
761 -30
762 -22
763 -22
764 -14
765 -26
766 -30
767 -18
768 -22
769 -18
770 -22
771 -22
772 -18
773 -22
774 -26
775 -18
776 -18
777 -30
778 -30
779 -26
780 -22
781 -18
782 -18
783 -22
784 -34
785 -22
786 -18
787 -22
788 -26
789 -18
790 -14
791 -22
792 -26
793 -26
794 -26
795 -30
796 -26
797 -22
798 -14
799 -22
800 -26
801 -22
802 -22
803 -22
804 -18
805 -18
806 -22
807 -14
808 -34
809 -30
810 -26
811 -18
812 -26
813 -22
814 -26
815 -26
816 -22
817 -22
818 -18
819 -22
820 -26
821 -30
822 -22
823 -22
824 -22
825 -26
826 -22
827 -18
828 -26
829 -18
830 -14
831 -18
832 -26
833 -18
834 -10
835 -22
836 -26
837 -26
838 -22
839 -30
840 -26
841 -26
842 -26
843 -18
844 -22
845 -22
846 -26
847 -22
848 -18
849 -18
850 -30
851 -30
852 -14
853 -30
854 -30
855 -18
856 -22
857 -22
858 -26
859 -26
860 -14
861 -18
862 -18
863 -22
864 -22
865 -26
866 -22
867 -30
868 -26
869 -18
870 -14
871 -26
872 -18
873 -18
874 -18
875 -30
876 -14
877 -18
878 -22
879 -34
880 -26
881 -26
882 -14
883 -22
884 -26
885 -22
886 -22
887 -14
888 -22
889 -10
890 -10
891 -14
892 -22
893 -30
894 -30
895 -26
896 -26
897 -26
898 -26
899 -18
900 -30
901 -30
902 -30
903 -30
904 -26
905 -22
906 -30
907 -34
908 -26
909 -26
910 -18
911 -26
912 -22
913 -14
914 -22
915 -14
916 -14
917 -34
918 -22
919 -22
920 -30
921 -22
922 -22
923 -22
924 -22
925 -18
926 -14
927 -30
928 -18
929 -30
930 -30
931 -18
932 -14
933 -18
934 -14
935 -18
936 -18
937 -14
938 -26
939 -30
940 -26
941 -18
942 -10
943 -14
944 -14
945 -14
946 -22
947 -22
948 -18
949 -14
950 -26
951 -30
952 -22
953 -26
954 -22
955 -18
956 -18
957 -14
958 -22
959 -22
960 -26
961 -30
962 -22
963 -14
964 -26
965 -30
966 -38
967 -22
968 -30
969 -18
970 -22
971 -30
972 -26
973 -30
974 -18
975 -34
976 -30
977 -30
978 -30
979 -30
980 -30
981 -22
982 -18
983 -10
984 -22
985 -22
986 -22
987 -10
988 -22
989 -22
990 -30
991 -30
992 -26
993 -22
994 -26
995 -30
996 -30
997 -22
998 -22
999 -22
1000 -22
1001 -26
1002 -38
1003 -34
1004 -22
1005 -22
1006 -30
1007 -30
1008 -18
1009 -22
1010 -30
1011 -30
1012 -30
1013 -30
1014 -18
1015 -26
1016 -26
1017 -30
1018 -30
1019 -14
1020 -18
1021 -22
1022 -30
1023 -22
1024 -30
1025 -14
1026 -18
1027 -22
1028 -22
1029 -34
1030 -26
1031 -26
1032 -18
1033 -26
1034 -18
1035 -14
1036 -14
1037 -30
1038 -22
1039 -26
1040 -18
1041 -10
1042 -34
1043 -30
1044 -26
1045 -10
1046 -18
1047 -22
1048 -14
1049 -10
1050 -18
1051 -26
1052 -22
1053 -14
1054 -26
1055 -18
1056 -22
1057 -30
1058 -30
1059 -30
1060 -18
1061 -22
1062 -22
1063 -26
1064 -30
1065 -26
1066 -26
1067 -26
1068 -30
1069 -22
1070 -26
1071 -26
1072 -18
1073 -26
1074 -34
1075 -10
1076 -22
1077 -30
1078 -14
1079 -26
1080 -30
1081 -26
1082 -22
1083 -22
1084 -26
1085 -22
1086 -34
1087 -26
1088 -30
1089 -18
1090 -18
1091 -18
1092 -26
1093 -34
1094 -6
1095 -10
1096 -10
1097 -26
1098 -22
1099 -18
1100 -26
1101 -26
1102 -22
1103 -14
1104 -30
1105 -26
1106 -14
1107 -26
1108 -26
1109 -30
1110 -26
1111 -14
1112 -18
1113 -14
1114 -18
1115 -30
1116 -22
1117 -18
1118 -26
1119 -26
1120 -26
1121 -18
1122 -26
1123 -22
1124 -18
1125 -22
1126 -26
1127 -26
1128 -26
1129 -18
1130 -14
1131 -18
1132 -26
1133 -22
1134 -18
1135 -26
1136 -18
1137 -18
1138 -18
1139 -26
1140 -18
1141 -22
1142 -30
1143 -22
1144 -34
1145 -26
1146 -18
1147 -26
1148 -30
1149 -18
1150 -14
1151 -14
1152 -22
1153 -22
1154 -22
1155 -34
1156 -26
1157 -22
1158 -26
1159 -18
1160 -26
1161 -18
1162 -18
1163 -22
1164 -22
1165 -22
1166 -26
1167 -18
1168 -22
1169 -18
1170 -30
1171 -22
1172 -30
1173 -18
1174 -14
1175 -26
1176 -26
1177 -26
1178 -26
1179 -26
1180 -18
1181 -34
1182 -26
1183 -18
1184 -22
1185 -30
1186 -26
1187 -26
1188 -30
1189 -22
1190 -26
1191 -26
1192 -26
1193 -30
1194 -30
1195 -30
1196 -30
1197 -26
1198 -18
1199 -22
1200 -22
1201 -22
1202 -26
1203 -18
1204 -14
1205 -22
1206 -22
1207 -18
1208 -18
1209 -18
1210 -26
1211 -30
1212 -22
1213 -22
1214 -18
1215 -34
1216 -22
1217 -42
1218 -34
1219 -26
1220 -34
1221 -26
1222 -30
1223 -26
1224 -30
1225 -30
1226 -30
1227 -22
1228 -22
1229 -14
1230 -22
1231 -30
1232 -30
1233 -22
1234 -26
1235 -26
1236 -34
1237 -18
1238 -34
1239 -30
1240 -14
1241 -34
1242 -26
1243 -22
1244 -30
1245 -22
1246 -26
1247 -22
1248 -18
1249 -18
1250 -18
1251 -22
1252 -18
1253 -26
1254 -26
1255 -18
1256 -26
1257 -26
1258 -30
1259 -22
1260 -18
1261 -22
1262 -26
1263 -30
1264 -26
1265 -30
1266 -26
1267 -30
1268 -34
1269 -26
1270 -26
1271 -22
1272 -18
1273 -26
1274 -26
1275 -26
1276 -18
1277 -22
1278 -26
1279 -22
1280 -26
1281 -18
1282 -22
1283 -26
1284 -14
1285 -18
1286 -26
1287 -26
1288 -22
1289 -18
1290 -10
1291 -18
1292 -14
1293 -22
1294 -10
1295 -14
1296 -14
1297 -14
1298 -10
1299 -14
1300 -18
1301 -22
1302 -22
1303 -30
1304 -18
1305 -22
1306 -6
1307 -26
1308 -18
1309 -22
1310 -30
1311 -34
1312 -14
1313 -26
1314 -10
1315 -22
1316 -34
1317 -18
1318 -14
1319 -26
1320 -26
1321 -22
1322 -22
1323 -18
1324 -22
1325 -26
1326 -26
1327 -18
1328 -10
1329 -2
1330 -22
1331 -14
1332 -22
1333 -22
1334 -30
1335 -26
1336 -34
1337 -22
1338 -18
1339 -18
1340 -18
1341 -34
1342 -34
1343 -26
1344 -6
1345 -18
1346 -30
1347 -22
1348 -26
1349 -22
1350 -26
1351 -18
1352 -18
1353 -22
1354 -26
1355 -22
1356 -22
1357 -26
1358 -26
1359 -34
1360 -26
1361 -30
1362 -30
1363 -22
1364 -22
1365 -14
1366 -22
1367 -26
1368 -30
1369 -18
1370 -10
1371 -22
1372 -18
1373 -22
1374 -26
1375 -18
1376 -26
1377 -26
1378 -18
1379 -22
1380 -22
1381 -30
1382 -22
1383 -22
1384 -18
1385 -34
1386 -26
1387 -18
1388 -30
1389 -30
1390 -18
1391 -18
1392 -34
1393 -26
1394 -18
1395 -22
1396 -22
1397 -18
1398 -22
1399 -30
1400 -26
1401 -26
1402 -22
1403 -14
1404 -14
1405 -18
1406 -10
1407 -22
1408 -30
1409 -26
1410 -18
1411 -14
1412 -14
1413 -18
1414 -14
1415 -22
1416 -18
1417 -30
1418 -22
1419 -18
1420 -30
1421 -18
1422 -26
1423 -26
1424 -30
1425 -18
1426 -26
1427 -18
1428 -38
1429 -30
1430 -22
1431 -22
1432 -22
1433 -14
1434 -18
1435 -6
1436 -22
1437 -18
1438 -18
1439 -26
1440 -22
1441 -14
1442 -22
1443 -34
1444 -14
1445 -18
1446 -14
1447 -22
1448 -18
1449 -18
1450 -30
1451 -34
1452 -22
1453 -10
1454 -22
1455 -30
1456 -22
1457 -26
1458 -30
1459 -26
1460 -26
1461 -22
1462 -18
1463 -26
1464 -30
1465 -30
1466 -18
1467 -26
1468 -18
1469 -30
1470 -22
1471 -18
1472 -18
1473 -22
1474 -34
1475 -26
1476 -22
1477 -22
1478 -22
1479 -18
1480 -14
1481 -34
1482 -26
1483 -22
1484 -26
1485 -26
1486 -18
1487 -22
1488 -6
1489 -18
1490 -10
1491 -26
1492 -26
1493 -30
1494 -30
1495 -26
1496 -22
1497 -18
1498 -18
1499 -18
1500 -30
1501 -26
1502 -30
1503 -26
1504 -22
1505 -26
1506 -22
1507 -22
1508 -26
1509 -26
1510 -22
1511 -18
1512 -18
1513 -22
1514 -26
1515 -22
1516 -10
1517 -14
1518 -10
1519 -30
1520 -34
1521 -38
1522 -22
1523 -30
1524 -34
1525 -34
1526 -34
1527 -22
1528 -18
1529 -34
1530 -26
1531 -30
1532 -26
1533 -22
1534 -18
1535 -10
1536 -14
1537 -22
1538 -18
1539 -30
1540 -18
1541 -14
1542 -30
1543 -30
1544 -26
1545 -26
1546 -22
1547 -26
1548 -26
1549 -22
1550 -14
1551 -26
1552 -26
1553 -22
1554 -22
1555 -26
1556 -22
1557 -34
1558 -22
1559 -30
1560 -18
1561 -22
1562 -22
1563 -30
1564 -18
1565 -38
1566 -26
1567 -18
1568 -18
1569 -26
1570 -22
1571 -22
1572 -30
1573 -26
1574 -22
1575 -14
1576 -14
1577 -14
1578 -26
1579 -18
1580 -18
1581 -18
1582 -26
1583 -22
1584 -22
1585 -22
1586 -26
1587 -18
1588 -18
1589 -22
1590 -22
1591 -14
1592 -18
1593 -22
1594 -26
1595 -14
1596 -22
1597 -22
1598 -18
1599 -22
1600 -10
1601 -26
1602 -22
1603 -6
1604 -22
1605 -18
1606 -14
1607 -14
1608 -14
1609 -18
1610 -22
1611 -14
1612 -26
1613 -30
1614 -22
1615 -30
1616 -22
1617 -22
1618 -30
1619 -22
1620 -26
1621 -18
1622 -26
1623 -22
1624 -26
1625 -30
1626 -18
1627 -22
1628 -22
1629 -22
1630 -30
1631 -18
1632 -18
1633 -18
1634 -18
1635 -30
1636 -14
1637 -14
1638 -18
1639 -26
1640 -30
1641 -30
1642 -30
1643 -26
1644 -18
1645 -26
1646 -30
1647 -26
1648 -26
1649 -30
1650 -22
1651 -26
1652 -14
1653 -18
1654 -22
1655 -22
1656 -18
1657 -30
1658 -14
1659 -30
1660 -22
1661 -10
1662 -26
1663 -34
1664 -30
1665 -26
1666 -26
1667 -34
1668 -26
1669 -22
1670 -26
1671 -18
1672 -30
1673 -22
1674 -22
1675 -22
1676 -22
1677 -30
1678 -34
1679 -26
1680 -34
1681 -22
1682 -26
1683 -26
1684 -30
1685 -30
1686 -22
1687 -14
1688 -22
1689 -30
1690 -26
1691 -26
1692 -26
1693 -30
1694 -22
1695 -22
1696 -14
1697 -22
1698 -22
1699 -18
1700 -22
1701 -22
1702 -22
1703 -30
1704 -26
1705 -22
1706 -22
1707 -34
1708 -26
1709 -22
1710 -22
1711 -26
1712 -30
1713 -26
1714 -30
1715 -30
1716 -38
1717 -38
1718 -34
1719 -26
1720 -26
1721 -22
1722 -26
1723 -26
1724 -22
1725 -26
1726 -22
1727 -22
1728 -34
1729 -38
1730 -38
1731 -26
1732 -26
1733 -30
1734 -26
1735 -22
1736 -26
1737 -26
1738 -22
1739 -22
1740 -22
1741 -26
1742 -22
1743 -22
1744 -26
1745 -34
1746 -22
1747 -30
1748 -22
1749 -18
1750 -22
1751 -22
1752 -18
1753 -22
1754 -18
1755 -18
1756 -18
1757 -22
1758 -18
1759 -18
1760 -22
1761 -26
1762 -14
1763 -18
1764 -18
1765 -26
1766 -14
1767 -26
1768 -14
1769 -6
1770 -22
1771 -22
1772 -22
1773 -22
1774 -18
1775 -26
1776 -14
1777 -34
1778 -18
1779 -34
1780 -26
1781 -14
1782 -30
1783 -22
1784 -18
1785 -22
1786 -22
1787 -18
1788 -22
1789 -18
1790 -22
1791 -26
1792 -26
1793 -34
1794 -34
1795 -30
1796 -22
1797 -14
1798 -34
1799 -22
1800 -14
1801 -14
1802 -22
1803 -30
1804 -22
1805 -30
1806 -38
1807 -26
1808 -34
1809 -26
1810 -14
1811 -26
1812 -34
1813 -22
1814 -22
1815 -30
1816 -30
1817 -22
1818 -14
1819 -22
1820 -26
1821 -26
1822 -30
1823 -30
1824 -6
1825 -6
1826 -22
1827 -10
1828 -22
1829 -30
1830 -22
1831 -18
1832 -22
1833 -26
1834 -18
1835 -26
1836 -22
1837 -26
1838 -18
1839 -22
1840 -18
1841 -22
1842 -26
1843 -26
1844 -18
1845 -18
1846 -18
1847 -26
1848 -22
1849 -22
1850 -26
1851 -14
1852 -26
1853 -34
1854 -22
1855 -26
1856 -34
1857 -34
1858 -30
1859 -14
1860 -14
1861 -14
1862 -10
1863 -10
1864 -18
1865 -18
1866 -14
1867 -6
1868 -26
1869 -22
1870 -18
1871 -18
1872 -26
1873 -26
1874 -26
1875 -22
1876 -22
1877 -26
1878 -26
1879 -26
1880 -22
1881 -22
1882 -18
1883 -30
1884 -30
1885 -34
1886 -26
1887 -14
1888 -22
1889 -38
1890 -30
1891 -34
1892 -26
1893 -26
1894 -26
1895 -14
1896 -18
1897 -26
1898 -26
1899 -22
1900 -26
1901 -22
1902 -26
1903 -30
1904 -38
1905 -18
1906 -26
1907 -18
1908 -26
1909 -30
1910 -38
1911 -18
1912 -22
1913 -26
1914 -30
1915 -14
1916 -10
1917 -10
1918 -14
1919 -26
1920 -18
1921 -10
1922 -22
1923 -18
1924 -14
1925 -18
1926 -26
1927 -22
1928 -2
1929 -18
1930 -18
1931 -18
1932 -22
1933 -22
1934 -30
1935 -26
1936 -10
1937 -10
1938 -22
1939 -34
1940 -22
1941 -22
1942 -22
1943 -22
1944 -18
1945 -22
1946 -26
1947 -18
1948 -30
1949 -34
1950 -14
1951 -30
1952 -26
1953 -22
1954 -30
1955 -26
1956 -26
1957 -26
1958 -22
1959 -22
1960 -30
1961 -30
1962 -26
1963 -18
1964 -18
1965 -26
1966 -34
1967 -18
1968 -14
1969 -22
1970 -34
1971 -26
1972 -26
1973 -18
1974 -22
1975 -22
1976 -30
1977 -26
1978 -34
1979 -22
1980 -22
1981 -26
1982 -34
1983 -18
1984 -18
1985 -22
1986 -14
1987 -26
1988 -22
1989 -18
1990 -18
1991 -22
1992 -14
1993 -14
1994 -6
1995 -18
1996 -18
1997 -22
1998 -30
1999 -18
2000 -14
2001 -14
2002 -22
2003 -22
2004 -26
2005 -18
2006 -18
2007 -22
2008 -26
2009 -34
2010 -30
2011 -22
2012 -18
2013 -10
2014 -22
2015 -26
2016 -18
2017 -30
2018 -30
2019 -26
2020 -10
2021 -22
2022 -22
2023 -18
2024 -30
2025 -10
2026 -18
2027 -22
2028 -30
2029 -26
2030 -30
2031 -22
2032 -18
2033 -26
2034 -22
2035 -26
2036 -22
2037 -18
2038 -22
2039 -26
2040 -34
2041 -38
2042 -14
2043 -26
2044 -34
2045 -18
2046 -22
2047 -26
2048 -26
2049 -26
2050 -26
2051 -22
2052 -26
2053 -30
2054 -34
2055 -26
2056 -26
2057 -22
2058 -26
2059 -30
2060 -30
2061 -26
2062 -30
2063 -26
2064 -26
2065 -22
2066 -38
2067 -26
2068 -14
2069 -18
2070 -18
2071 -14
2072 -18
2073 -34
2074 -38
2075 -30
2076 -18
2077 -22
2078 -14
2079 -22
2080 -26
2081 -22
2082 -22
2083 -18
2084 -18
2085 -22
2086 -10
2087 -18
2088 -22
2089 -34
2090 -30
2091 -34
2092 -30
2093 -26
2094 -26
2095 -30
2096 -22
2097 -18
2098 -22
2099 -18
2100 -18
2101 -22
2102 -26
2103 -22
2104 -18
2105 -22
2106 -30
2107 -30
2108 -22
2109 -18
2110 -26
2111 -30
2112 -26
2113 -18
2114 -22
2115 -34
2116 -26
2117 -30
2118 -26
2119 -30
2120 -38
2121 -30
2122 -18
2123 -14
2124 -22
2125 -30
2126 -30
2127 -30
2128 -18
2129 -18
2130 -14
2131 -18
2132 -14
2133 -14
2134 -14
2135 -26
2136 -30
2137 -14
2138 -14
2139 -22
2140 -22
2141 -22
2142 -26
2143 -26
2144 -22
2145 -26
2146 -38
2147 -38
2148 -34
2149 -18
2150 -26
2151 -22
2152 -18
2153 -18
2154 -22
2155 -14
2156 -26
2157 -26
2158 -22
2159 -18
2160 -26
2161 -18
2162 -26
2163 -26
2164 -18
2165 -18
2166 -22
2167 -30
2168 -30
2169 -18
2170 -22
2171 -26
2172 -30
2173 -18
2174 -26
2175 -22
2176 -26
2177 -22
2178 -30
2179 -18
2180 -30
2181 -26
2182 -22
2183 -26
2184 -26
2185 -22
2186 -22
2187 -18
2188 -18
2189 -14
2190 -22
2191 -18
2192 -26
2193 -18
2194 -18
2195 -26
2196 -34
2197 -34
2198 -30
2199 -18
2200 -18
2201 -18
2202 -14
2203 -18
2204 -26
2205 -14
2206 -22
2207 -22
2208 -22
2209 -18
2210 -26
2211 -34
2212 -26
2213 -22
2214 -26
2215 -26
2216 -34
2217 -22
2218 -26
2219 -18
2220 -26
2221 -18
2222 -26
2223 -14
2224 -22
2225 -22
2226 -18
2227 -26
2228 -18
2229 -14
2230 -22
2231 -22
2232 -10
2233 -22
2234 -22
2235 -26
2236 -30
2237 -26
2238 -22
2239 -30
2240 -22
2241 -30
2242 -22
2243 -22
2244 -22
2245 -18
2246 -22
2247 -22
2248 -22
2249 -22
2250 -18
2251 -6
2252 -30
2253 -26
2254 -26
2255 -22
2256 -22
2257 -14
2258 -18
2259 -18
2260 -26
2261 -22
2262 -30
2263 -26
2264 -22
2265 -34
2266 -18
2267 -22
2268 -34
2269 -30
2270 -30
2271 -22
2272 -18
2273 -14
2274 -34
2275 -18
2276 -18
2277 -26
2278 -26
2279 -22
2280 -18
2281 -26
2282 -22
2283 -22
2284 -34
2285 -34
2286 -14
2287 -26
2288 -10
2289 -18
2290 -26
2291 -22
2292 -26
2293 -30
2294 -26
2295 -22
2296 -22
2297 -38
2298 -14
2299 -30
2300 -22
2301 -22
2302 -14
2303 -18
2304 -18
2305 -22
2306 -22
2307 -30
2308 -26
2309 -26
2310 -38
2311 -34
2312 -26
2313 -18
2314 -22
2315 -30
2316 -34
2317 -22
2318 -26
2319 -14
2320 -18
2321 -22
2322 -18
2323 -22
2324 -10
2325 -22
2326 -22
2327 -22
2328 -26
2329 -18
2330 -30
2331 -22
2332 -26
2333 -22
2334 -14
2335 -34
2336 -34
2337 -26
2338 -26
2339 -30
2340 -22
2341 -22
2342 -14
2343 -26
2344 -26
2345 -26
2346 -10
2347 -26
2348 -18
2349 -34
2350 -26
2351 -18
2352 -22
2353 -14
2354 -26
2355 -30
2356 -22
2357 -30
2358 -10
2359 -14
2360 -14
2361 -14
2362 -14
2363 -18
2364 -18
2365 -22
2366 -22
2367 -26
2368 -18
2369 -14
2370 -14
2371 -22
2372 -22
2373 -22
2374 -14
2375 -22
2376 -18
2377 -18
2378 -14
2379 -14
2380 -18
2381 -18
2382 -22
2383 -26
2384 -26
2385 -18
2386 -26
2387 -18
2388 -26
2389 -34
2390 -22
2391 -34
2392 -22
2393 -18
2394 -10
2395 -10
2396 -22
2397 -26
2398 -14
2399 -18
2400 -22
2401 -34
2402 -26
2403 -18
2404 -14
2405 -14
2406 -22
2407 -22
2408 -30
2409 -26
2410 -22
2411 -18
2412 -34
2413 -26
2414 -14
2415 -26
2416 -22
2417 -26
2418 -26
2419 -18
2420 -26
2421 -26
2422 -18
2423 -22
2424 -10
2425 -14
2426 -22
2427 -30
2428 -26
2429 -18
2430 -18
2431 -18
2432 -14
2433 -18
2434 -30
2435 -38
2436 -30
2437 -26
2438 -26
2439 -22
2440 -22
2441 -22
2442 -30
2443 -26
2444 -18
2445 -18
2446 -30
2447 -26
2448 -22
2449 -14
2450 -22
2451 -10
2452 -18
2453 -22
2454 -18
2455 -26
2456 -2
2457 -30
2458 -30
2459 -30
2460 -30
2461 -30
2462 -30
2463 -26
2464 -26
2465 -22
2466 -22
2467 -30
2468 -22
2469 -34
2470 -18
2471 -30
2472 -6
2473 -30
2474 -22
2475 -18
2476 -22
2477 -14
2478 -30
2479 -34
2480 -26
2481 -26
2482 -34
2483 -18
2484 -26
2485 -30
2486 -34
2487 -26
2488 -30
2489 -38
2490 -30
2491 -22
2492 -18
2493 -18
2494 -26
2495 -14
2496 -30
2497 -22
2498 -26
2499 -18
2500 -22
2501 -14
2502 -18
2503 -18
2504 -18
2505 -10
2506 -18
2507 -26
2508 -18
2509 -22
2510 -30
2511 -22
2512 -22
2513 -30
2514 -30
2515 -26
2516 -18
2517 -30
2518 -22
2519 -22
2520 -22
2521 -34
2522 -34
2523 -26
2524 -30
2525 -26
2526 -30
2527 -22
2528 -30
2529 -18
2530 -26
2531 -22
2532 -18
2533 -30
2534 -26
2535 -22
2536 -22
2537 -18
2538 -10
2539 -26
2540 -26
2541 -26
2542 -22
2543 -22
2544 -30
2545 -30
2546 -34
2547 -22
2548 -22
2549 -18
2550 -10
2551 -22
2552 -34
2553 -38
2554 -30
2555 -22
2556 -26
2557 -18
2558 -26
2559 -26
2560 -18
2561 -14
2562 -14
2563 -26
2564 -22
2565 -26
2566 -30
2567 -30
2568 -34
2569 -42
2570 -18
2571 -22
2572 -18
2573 -22
2574 -18
2575 -18
2576 -22
2577 -22
2578 -26
2579 -22
2580 -26
2581 -30
2582 -26
2583 -18
2584 -26
2585 -34
2586 -22
2587 -14
2588 -14
2589 -26
2590 -18
2591 -26
2592 -26
2593 -26
2594 -26
2595 -30
2596 -30
2597 -22
2598 -26
2599 -14
2600 -14
2601 -30
2602 -18
2603 -34
2604 -30
2605 -34
2606 -26
2607 -26
2608 -22
2609 -26
2610 -22
2611 -14
2612 -22
2613 -26
2614 -26
2615 -18
2616 -14
2617 -18
2618 -26
2619 -26
2620 -14
2621 -22
2622 -14
2623 -18
2624 -14
2625 -14
2626 -14
2627 -18
2628 -26
2629 -18
2630 -18
2631 -26
2632 -26
2633 -34
2634 -34
2635 -30
2636 -34
2637 -22
2638 -26
2639 -10
2640 -6
2641 -26
2642 -26
2643 -30
2644 -26
2645 -26
2646 -22
2647 -22
2648 -22
2649 -26
2650 -26
2651 -22
2652 -14
2653 -18
2654 -14
2655 -10
2656 -30
2657 -18
2658 -26
2659 -18
2660 -22
2661 -14
2662 -18
2663 -22
2664 -22
2665 -22
2666 -18
2667 -6
2668 -18
2669 -22
2670 -26
2671 -26
2672 -22
2673 -26
2674 -22
2675 -18
2676 -18
2677 -18
2678 -22
2679 -22
2680 -18
2681 -26
2682 -34
2683 -22
2684 -30
2685 -18
2686 -14
2687 -30
2688 -26
2689 -38
2690 -22
2691 -34
2692 -22
2693 -26
2694 -22
2695 -30
2696 -18
2697 -22
2698 -30
2699 -26
2700 -26
2701 -30
2702 -26
2703 -30
2704 -34
2705 -10
2706 -22
2707 -14
2708 -18
2709 -26
2710 -22
2711 -10
2712 -22
2713 -26
2714 -18
2715 -30
2716 -22
2717 -18
2718 -26
2719 -34
2720 -22
2721 -22
2722 -26
2723 -14
2724 -22
2725 -26
2726 -30
2727 -18
2728 -26
2729 -30
2730 -42
2731 -34
2732 -30
2733 -34
2734 -22
2735 -22
2736 -30
2737 -34
2738 -26
2739 -26
2740 -14
2741 -22
2742 -18
2743 -18
2744 -18
2745 -26
2746 -14
2747 -14
2748 -10
2749 -18
2750 -14
2751 -26
2752 -30
2753 -18
2754 -22
2755 -26
2756 -26
2757 -26
2758 -14
2759 -18
2760 -22
2761 -18
2762 -38
2763 -22
2764 -22
2765 -22
2766 -22
2767 -22
2768 -22
2769 -18
2770 -26
2771 -10
2772 -22
2773 -30
2774 -30
2775 -38
2776 -30
2777 -22
2778 -18
2779 -30
2780 -34
2781 -14
2782 -14
2783 -18
2784 -14
2785 -18
2786 -18
2787 -22
2788 -26
2789 -30
2790 -22
2791 -18
2792 -26
2793 -22
2794 -22
2795 -26
2796 -22
2797 -18
2798 -22
2799 -18
2800 -18
2801 -30
2802 -26
2803 -22
2804 -26
2805 -26
2806 -26
2807 -22
2808 -22
2809 -18
2810 -26
2811 -34
2812 -22
2813 -22
2814 -26
2815 -30
2816 -30
2817 -22
2818 -26
2819 -10
2820 -22
2821 -18
2822 -10
2823 -22
2824 -22
2825 -22
2826 -22
2827 -18
2828 -38
2829 -18
2830 -10
2831 -14
2832 -26
2833 -18
2834 -18
2835 -30
2836 -26
2837 -26
2838 -18
2839 -18
2840 -26
2841 -30
2842 -18
2843 -26
2844 -26
2845 -38
2846 -26
2847 -30
2848 -38
2849 -30
2850 -30
2851 -18
2852 -18
2853 -18
2854 -38
2855 -26
2856 -26
2857 -22
2858 -18
2859 -18
2860 -22
2861 -26
2862 -30
2863 -14
2864 -26
2865 -34
2866 -22
2867 -22
2868 -26
2869 -14
2870 -18
2871 -26
2872 -22
2873 -18
2874 -26
2875 -22
2876 -22
2877 -18
2878 -30
2879 -30
2880 -14
2881 -30
2882 -22
2883 -22
2884 -22
2885 -26
2886 -26
2887 -14
2888 -10
2889 -18
2890 -18
2891 -18
2892 -30
2893 -30
2894 -26
2895 -26
2896 -22
2897 -22
2898 -26
2899 -14
2900 -22
2901 -18
2902 -30
2903 -26
2904 -22
2905 -22
2906 -22
2907 -30
2908 -22
2909 -22
2910 -22
2911 -26
2912 -34
2913 -18
2914 -26
2915 -6
2916 -22
2917 -18
2918 -34
2919 -30
2920 -18
2921 -22
2922 -22
2923 -22
2924 -22
2925 -34
2926 -18
2927 -14
2928 -26
2929 -14
2930 -18
2931 -26
2932 -30
2933 -26
2934 -34
2935 -34
2936 -30
2937 -22
2938 -30
2939 -30
2940 -22
2941 -22
2942 -30
2943 -30
2944 -22
2945 -22
2946 -18
2947 -22
2948 -26
2949 -34
2950 -34
2951 -34
2952 -30
2953 -30
2954 -34
2955 -34
2956 -38
2957 -38
2958 -38
2959 -26
2960 -26
2961 -14
2962 -18
2963 -18
2964 -18
2965 -22
2966 -22
2967 -22
2968 -26
2969 -26
2970 -26
2971 -18
2972 -10
2973 -22
2974 -26
2975 -30
2976 -26
2977 -22
2978 -22
2979 -22
2980 -30
2981 -26
2982 -18
2983 -22
2984 -26
2985 -30
2986 -26
2987 -30
2988 -26
2989 -22
2990 -22
2991 -22
2992 -18
2993 -26
2994 -30
2995 -30
2996 -34
2997 -30
2998 -22
2999 -10
3000 -18
3001 -18
3002 -18
3003 -22
3004 -26
3005 -18
3006 -22
3007 -18
3008 -30
3009 -30
3010 -18
3011 -22
3012 -22
3013 -26
3014 -30
3015 -26
3016 -18
3017 -26
3018 -34
3019 -30
3020 -22
3021 -18
3022 -22
3023 -18
3024 -14
3025 -30
3026 -30
3027 -22
3028 -6
3029 -2
3030 -22
3031 -26
3032 -18
3033 -18
3034 -18
3035 -22
3036 -18
3037 -26
3038 -18
3039 -18
3040 -30
3041 -18
3042 -22
3043 -22
3044 -14
3045 -26
3046 -18
3047 -26
3048 -18
3049 -22
3050 -22
3051 -18
3052 -18
3053 -18
3054 -22
3055 -26
3056 -38
3057 -14
3058 -22
3059 -14
3060 -26
3061 -22
3062 -30
3063 -22
3064 -30
3065 -30
3066 -30
3067 -22
3068 -18
3069 -26
3070 -22
3071 -26
3072 -18
3073 -18
3074 -14
3075 -18
3076 -10
3077 -34
3078 -22
3079 -18
3080 -26
3081 -18
3082 -22
3083 -34
3084 -30
3085 -22
3086 -26
3087 -26
3088 -22
3089 -30
3090 -22
3091 -26
3092 -18
3093 -22
3094 -26
3095 -26
3096 -10
3097 -30
3098 -26
3099 -26
3100 -26
3101 -30
3102 -26
3103 -38
3104 -26
3105 -18
3106 -18
3107 -14
3108 -22
3109 -14
3110 -30
3111 -30
3112 -14
3113 -30
3114 -26
3115 -26
3116 -30
3117 -18
3118 -22
3119 -22
3120 -18
3121 -18
3122 -10
3123 -26
3124 -18
3125 -14
3126 -18
3127 -26
3128 -22
3129 -18
3130 -22
3131 -30
3132 -22
3133 -10
3134 -22
3135 -22
3136 -18
3137 -26
3138 -22
3139 -34
3140 -26
3141 -30
3142 -18
3143 -14
3144 -26
3145 -26
3146 -14
3147 -30
3148 -26
3149 -30
3150 -34
3151 -22
3152 -30
3153 -22
3154 -26
3155 -26
3156 -26
3157 -18
3158 -26
3159 -26
3160 -14
3161 -22
3162 -14
3163 -22
3164 -18
3165 -14
3166 -22
3167 -22
3168 -22
3169 -22
3170 -22
3171 -26
3172 -26
3173 -22
3174 -26
3175 -26
3176 -26
3177 -22
3178 -22
3179 -26
3180 -34
3181 -30
3182 -30
3183 -22
3184 -34
3185 -26
3186 -26
3187 -22
3188 -18
3189 -22
3190 -30
3191 -26
3192 -26
3193 -26
3194 -26
3195 -18
3196 -34
3197 -26
3198 -26
3199 -30
3200 -38
3201 -26
3202 -26
3203 -18
3204 -30
3205 -22
3206 -26
3207 -18
3208 -10
3209 -18
3210 -14
3211 -14
3212 -14
3213 -26
3214 -18
3215 -18
3216 -18
3217 -18
3218 -26
3219 -26
3220 -22
3221 -22
3222 -30
3223 -30
3224 -26
3225 -30
3226 -30
3227 -14
3228 -10
3229 -14
3230 -18
3231 -10
3232 -26
3233 -18
3234 -22
3235 -22
3236 -14
3237 -22
3238 -18
3239 -22
3240 -22
3241 -22
3242 -30
3243 -30
3244 -22
3245 -22
3246 -18
3247 -18
3248 -10
3249 -26
3250 -26
3251 -22
3252 -30
3253 -30
3254 -14
3255 -14
3256 -14
3257 -22
3258 -14
3259 -14
3260 -22
3261 -18
3262 -26
3263 -14
3264 -26
3265 -22
3266 -22
3267 -22
3268 -18
3269 -26
3270 -34
3271 -6
3272 -22
3273 -22
3274 -26
3275 -22
3276 -22
3277 -22
3278 -10
3279 -30
3280 -22
3281 -34
3282 -26
3283 -26
3284 -26
3285 -22
3286 -14
3287 -22
3288 -38
3289 -26
3290 -26
3291 -10
3292 -18
3293 -18
3294 -30
3295 -26
3296 -22
3297 -18
3298 -26
3299 -6
3300 -18
3301 -14
3302 -26
3303 -22
3304 -30
3305 -26
3306 -22
3307 -22
3308 -30
3309 -22
3310 -26
3311 -30
3312 -30
3313 -22
3314 -22
3315 -26
3316 -22
3317 -14
3318 -26
3319 -34
3320 -30
3321 -18
3322 -26
3323 -26
3324 -26
3325 -38
3326 -30
3327 -22
3328 -18
3329 -18
3330 -18
3331 -26
3332 -26
3333 -30
3334 -30
3335 -26
3336 -26
3337 -30
3338 -18
3339 -22
3340 -14
3341 -22
3342 -18
3343 -26
3344 -26
3345 -26
3346 -22
3347 -22
3348 -26
3349 -30
3350 -30
3351 -30
3352 -26
3353 -30
3354 -38
3355 -14
3356 -22
3357 -18
3358 -26
3359 -34
3360 -22
3361 -26
3362 -26
3363 -26
3364 -22
3365 -18
3366 -14
3367 -26
3368 -22
3369 -22
3370 -30
3371 -18
3372 -30
3373 -30
3374 -26
3375 -22
3376 -30
3377 -22
3378 -18
3379 -30
3380 -34
3381 -26
3382 -30
3383 -30
3384 -18
3385 -22
3386 -18
3387 -14
3388 -26
3389 -38
3390 -34
3391 -30
3392 -22
3393 -18
3394 -10
3395 -14
3396 -10
3397 -18
3398 -14
3399 -14
3400 -14
3401 -18
3402 -22
3403 -22
3404 -30
3405 -18
3406 -34
3407 -26
3408 -30
3409 -26
3410 -30
3411 -34
3412 -26
3413 -18
3414 -34
3415 -26
3416 -22
3417 -30
3418 -26
3419 -18
3420 -26
3421 -30
3422 -18
3423 -30
3424 -18
3425 -26
3426 -22
3427 -14
3428 -14
3429 -18
3430 -14
3431 -18
3432 -34
3433 -26
3434 -18
3435 -26
3436 -10
3437 -14
3438 -22
3439 -22
3440 -26
3441 -22
3442 -14
3443 -22
3444 -22
3445 -22
3446 -22
3447 -22
3448 -30
3449 -30
3450 -30
3451 -38
3452 -34
3453 -26
3454 -26
3455 -26
3456 -18
3457 -18
3458 -22
3459 -30
3460 -26
3461 -26
3462 -26
3463 -18
3464 -26
3465 -34
3466 -26
3467 -22
3468 -26
3469 -22
3470 -26
3471 -22
3472 -14
3473 -30
3474 -30
3475 -30
3476 -30
3477 -22
3478 -14
3479 -22
3480 -34
3481 -30
3482 -26
3483 -22
3484 -30
3485 -26
3486 -38
3487 -38
3488 -26
3489 -26
3490 -30
3491 -22
3492 -30
3493 -30
3494 -18
3495 -18
3496 -30
3497 -30
3498 -34
3499 -26
3500 -30
3501 -22
3502 -30
3503 -26
3504 -22
3505 -22
3506 -26
3507 -22
3508 -22
3509 -30
3510 -18
3511 -10
3512 -26
3513 -26
3514 -26
3515 -22
3516 -30
3517 -34
3518 -18
3519 -22
3520 -30
3521 -30
3522 -34
3523 -34
3524 -30
3525 -34
3526 -22
3527 -14
3528 -22
3529 -14
3530 -22
3531 -26
3532 -26
3533 -26
3534 -34
3535 -18
3536 -26
3537 -34
3538 -22
3539 -18
3540 -10
3541 -18
3542 -14
3543 -14
3544 -14
3545 -26
3546 -6
3547 -18
3548 -18
3549 -34
3550 -14
3551 -30
3552 -26
3553 -34
3554 -34
3555 -26
3556 -22
3557 -30
3558 -22
3559 -18
3560 -18
3561 -26
3562 -30
3563 -30
3564 -30
3565 -18
3566 -18
3567 -22
3568 -14
3569 -26
3570 -34
3571 -26
3572 -22
3573 -26
3574 -18
3575 -6
3576 -14
3577 -30
3578 -18
3579 -26
3580 -26
3581 -18
3582 -14
3583 -26
3584 -18
3585 -26
3586 -14
3587 -14
3588 -26
3589 -22
3590 -30
3591 -26
3592 -14
3593 -18
3594 -18
3595 -18
3596 -18
3597 -30
3598 -22
3599 -30
3600 -14
3601 -26
3602 -18
3603 -26
3604 -42
3605 -30
3606 -18
3607 -30
3608 -22
3609 -14
3610 -22
3611 -18
3612 -14
3613 -30
3614 -26
3615 -18
3616 -26
3617 -30
3618 -22
3619 -10
3620 -26
3621 -26
3622 -22
3623 -14
3624 -30
3625 -18
3626 -22
3627 -26
3628 -22
3629 -26
3630 -10
3631 -14
3632 -22
3633 -26
3634 -34
3635 -30
3636 -10
3637 -14
3638 -26
3639 -18
3640 -22
3641 -18
3642 -18
3643 -22
3644 -14
3645 -22
3646 -18
3647 -22
3648 -22
3649 -26
3650 -34
3651 -30
3652 -10
3653 -14
3654 -22
3655 -10
3656 -18
3657 -14
3658 -22
3659 -26
3660 -30
3661 -26
3662 -30
3663 -18
3664 -38
3665 -30
3666 -22
3667 -18
3668 -22
3669 -26
3670 -18
3671 -26
3672 -26
3673 -18
3674 -14
3675 -30
3676 -22
3677 -22
3678 -14
3679 -22
3680 -22
3681 -18
3682 -22
3683 -22
3684 -14
3685 -22
3686 -26
3687 -30
3688 -18
3689 -30
3690 -30
3691 -26
3692 -26
3693 -30
3694 -30
3695 -38
3696 -38
3697 -30
3698 -14
3699 -18
3700 -18
3701 -18
3702 -22
3703 -22
3704 -26
3705 -18
3706 -2
3707 -18
3708 -26
3709 -26
3710 -34
3711 -22
3712 -26
3713 -22
3714 -18
3715 -22
3716 -22
3717 -26
3718 -22
3719 -26
3720 -22
3721 -18
3722 -26
3723 -30
3724 -14
3725 -22
3726 -10
3727 -26
3728 -18
3729 -18
3730 -22
3731 -26
3732 -14
3733 -22
3734 -18
3735 -10
3736 -22
3737 -22
3738 -30
3739 -26
3740 -30
3741 -26
3742 -30
3743 -22
3744 -22
3745 -18
3746 -18
3747 -26
3748 -26
3749 -22
3750 -14
3751 -10
3752 -26
3753 -26
3754 -18
3755 -26
3756 -30
3757 -26
3758 -22
3759 -18
3760 -26
3761 -26
3762 -34
3763 -30
3764 -30
3765 -14
3766 -18
3767 -26
3768 -6
3769 -18
3770 -22
3771 -22
3772 -26
3773 -34
3774 -26
3775 -30
3776 -22
3777 -22
3778 -26
3779 -26
3780 -26
3781 -18
3782 -14
3783 -22
3784 -18
3785 -26
3786 -30
3787 -34
3788 -22
3789 -22
3790 -26
3791 -22
3792 -26
3793 -26
3794 -18
3795 -30
3796 -22
3797 -14
3798 -18
3799 -22
3800 -30
3801 -34
3802 -30
3803 -34
3804 -34
3805 -18
3806 -14
3807 -22
3808 -30
3809 -30
3810 -26
3811 -22
3812 -30
3813 -18
3814 -30
3815 -34
3816 -18
3817 -14
3818 -26
3819 -18
3820 -10
3821 -22
3822 -26
3823 -26
3824 -14
3825 -18
3826 -18
3827 -22
3828 -22
3829 -26
3830 -26
3831 -26
3832 -26
3833 -26
3834 -10
3835 -30
3836 -26
3837 -18
3838 -22
3839 -26
3840 -22
3841 -30
3842 -34
3843 -26
3844 -22
3845 -18
3846 -22
3847 -22
3848 -26
3849 -22
3850 -22
3851 -18
3852 -22
3853 -26
3854 -34
3855 -26
3856 -26
3857 -26
3858 -22
3859 -34
3860 -22
3861 -34
3862 -30
3863 -34
3864 -26
3865 -22
3866 -26
3867 -30
3868 -26
3869 -22
3870 -26
3871 -22
3872 -22
3873 -14
3874 -6
3875 -26
3876 -34
3877 -38
3878 -30
3879 -26
3880 -34
3881 -14
3882 -34
3883 -34
3884 -26
3885 -26
3886 -26
3887 -34
3888 -26
3889 -34
3890 -22
3891 -22
3892 -22
3893 -30
3894 -42
3895 -26
3896 -34
3897 -30
3898 -34
3899 -18
3900 -22
3901 -26
3902 -30
3903 -18
3904 -26
3905 -18
3906 -18
3907 -30
3908 -26
3909 -26
3910 -26
3911 -26
3912 -26
3913 -30
3914 -18
3915 -26
3916 -30
3917 -22
3918 -22
3919 -14
3920 -30
3921 -26
3922 -22
3923 -34
3924 -22
3925 -38
3926 -26
3927 -30
3928 -22
3929 -18
3930 -26
3931 -30
3932 -22
3933 -22
3934 -10
3935 -26
3936 -22
3937 -22
3938 -14
3939 -22
3940 -18
3941 -18
3942 -14
3943 -10
3944 -18
3945 -10
3946 -26
3947 -18
3948 -26
3949 -18
3950 -22
3951 -34
3952 -18
3953 -18
3954 -30
3955 -42
3956 -22
3957 -18
3958 -14
3959 -30
3960 -26
3961 -22
3962 -18
3963 -22
3964 -22
3965 -18
3966 -22
3967 -22
3968 -26
3969 -22
3970 -18
3971 -22
3972 -34
3973 -30
3974 -30
3975 -18
3976 -10
3977 -22
3978 -18
3979 -26
3980 -22
3981 -26
3982 -26
3983 -30
3984 -26
3985 -22
3986 -22
3987 -22
3988 -18
3989 -26
3990 -30
3991 -26
3992 -18
3993 -18
3994 -18
3995 -18
3996 -14
3997 -30
3998 -30
3999 -26
4000 -26
4001 -18
4002 -18
4003 -26
4004 -22
4005 -22
4006 -14
4007 -22
4008 -26
4009 -30
4010 -18
4011 -26
4012 -18
4013 -22
4014 -22
4015 -34
4016 -26
4017 -42
4018 -26
4019 -22
4020 -26
4021 -18
4022 -30
4023 -14
4024 -30
4025 -30
4026 -30
4027 -30
4028 -22
4029 -22
4030 -26
4031 -26
4032 -34
4033 -26
4034 -22
4035 -26
4036 -26
4037 -26
4038 -22
4039 -22
4040 -26
4041 -14
4042 -26
4043 -10
4044 -22
4045 -14
4046 -18
4047 -18
4048 -30
4049 -30
4050 -18
4051 -26
4052 -26
4053 -22
4054 -14
4055 -14
4056 -26
4057 -26
4058 -34
4059 -34
4060 -14
4061 -18
4062 -10
4063 -14
4064 -30
4065 -18
4066 -18
4067 -22
4068 -26
4069 -26
4070 -22
4071 -22
4072 -26
4073 -26
4074 -26
4075 -14
4076 -18
4077 -18
4078 -14
4079 -22
4080 -26
4081 -34
4082 -34
4083 -34
4084 -14
4085 -18
4086 -22
4087 -34
4088 -22
4089 -26
4090 -34
4091 -22
4092 -18
4093 -14
4094 -22
4095 -22
4096 -22
4097 -14
4098 -26
4099 -22
4100 -18
4101 -22
4102 -34
4103 -22
4104 -22
4105 -22
4106 -22
4107 -22
4108 -22
4109 -14
4110 -26
4111 -22
4112 -22
4113 -26
4114 -22
4115 -14
4116 -30
4117 -26
4118 -22
4119 -14
4120 -14
4121 -18
4122 -30
4123 -30
4124 -34
4125 -22
4126 -34
4127 -22
4128 -14
4129 -34
4130 -30
4131 -26
4132 -26
4133 -18
4134 -30
4135 -22
4136 -18
4137 -22
4138 -22
4139 -26
4140 -22
4141 -26
4142 -26
4143 -22
4144 -26
4145 -26
4146 -18
4147 -22
4148 -34
4149 -30
4150 -30
4151 -14
4152 -18
4153 -26
4154 -22
4155 -26
4156 -34
4157 -34
4158 -30
4159 -26
4160 -26
4161 -14
4162 -26
4163 -22
4164 -14
4165 -22
4166 -30
4167 -26
4168 -18
4169 -18
4170 -26
4171 -22
4172 -18
4173 -6
4174 -14
4175 -18
4176 -10
4177 -14
4178 -18
4179 -22
4180 -18
4181 -14
4182 -18
4183 -18
4184 -30
4185 -22
4186 -26
4187 -30
4188 -22
4189 -18
4190 -26
4191 -22
4192 -26
4193 -26
4194 -14
4195 -10
4196 -18
4197 -26
4198 -22
4199 -18
4200 -22
4201 -26
4202 -26
4203 -26
4204 -22
4205 -26
4206 -30
4207 -34
4208 -22
4209 -22
4210 -14
4211 -18
4212 -22
4213 -26
4214 -22
4215 -30
4216 -26
4217 -18
4218 -14
4219 -22
4220 -22
4221 -14
4222 -18
4223 -26
4224 -18
4225 -30
4226 -26
4227 -30
4228 -30
4229 -34
4230 -30
4231 -26
4232 -26
4233 -14
4234 -10
4235 -14
4236 -30
4237 -30
4238 -26
4239 -18
4240 -26
4241 -22
4242 -6
4243 -26
4244 -26
4245 -30
4246 -14
4247 -18
4248 -22
4249 -10
4250 -22
4251 -22
4252 -26
4253 -22
4254 -26
4255 -18
4256 -26
4257 -26
4258 -18
4259 -26
4260 -34
4261 -30
4262 -26
4263 -34
4264 -22
4265 -14
4266 -26
4267 -22
4268 -22
4269 -30
4270 -18
4271 -30
4272 -26
4273 -22
4274 -26
4275 -22
4276 -30
4277 -22
4278 -38
4279 -38
4280 -18
4281 -14
4282 -6
4283 -22
4284 -22
4285 -18
4286 -30
4287 -30
4288 -18
4289 -26
4290 -26
4291 -26
4292 -30
4293 -30
4294 -34
4295 -22
4296 -10
4297 -18
4298 -26
4299 -14
4300 -18
4301 -26
4302 -18
4303 -14
4304 -18
4305 -22
4306 -18
4307 -18
4308 -18
4309 -22
4310 -18
4311 -22
4312 -26
4313 -22
4314 -34
4315 -22
4316 -18
4317 -18
4318 -22
4319 -22
4320 -30
4321 -22
4322 -22
4323 -26
4324 -14
4325 -22
4326 -30
4327 -18
4328 -26
4329 -22
4330 -30
4331 -14
4332 -18
4333 -14
4334 -22
4335 -30
4336 -26
4337 -26
4338 -30
4339 -10
4340 -18
4341 -6
4342 -18
4343 -26
4344 -26
4345 -26
4346 -14
4347 -14
4348 -22
4349 -30
4350 -22
4351 -30
4352 -22
4353 -22
4354 -18
4355 -14
4356 -18
4357 -18
4358 -30
4359 -22
4360 -26
4361 -30
4362 -18
4363 -22
4364 -22
4365 -26
4366 -30
4367 -14
4368 -26
4369 -26
4370 -26
4371 -18
4372 -26
4373 -26
4374 -30
4375 -34
4376 -26
4377 -26
4378 -22
4379 -22
4380 -18
4381 -30
4382 -26
4383 -22
4384 -22
4385 -22
4386 -18
4387 -26
4388 -22
4389 -22
4390 -18
4391 -30
4392 -38
4393 -14
4394 -18
4395 -26
4396 -30
4397 -14
4398 -26
4399 -18
4400 -18
4401 -34
4402 -26
4403 -34
4404 -26
4405 -22
4406 -30
4407 -26
4408 -30
4409 -14
4410 -22
4411 -30
4412 -22
4413 -10
4414 -22
4415 -26
4416 -34
4417 -26
4418 -26
4419 -26
4420 -18
4421 -18
4422 -22
4423 -22
4424 -18
4425 -26
4426 -22
4427 -26
4428 -18
4429 -30
4430 -30
4431 -22
4432 -22
4433 -26
4434 -18
4435 -26
4436 -30
4437 -22
4438 -30
4439 -22
4440 -30
4441 -26
4442 -22
4443 -26
4444 -18
4445 -22
4446 -18
4447 -14
4448 -18
4449 -22
4450 -22
4451 -18
4452 -18
4453 -30
4454 -22
4455 -26
4456 -14
4457 -6
4458 -22
4459 -18
4460 -18
4461 -26
4462 -18
4463 -22
4464 -26
4465 -30
4466 -34
4467 -34
4468 -22
4469 -26
4470 -26
4471 -30
4472 -34
4473 -34
4474 -26
4475 -34
4476 -30
4477 -30
4478 -22
4479 -26
4480 -34
4481 -30
4482 -26
4483 -22
4484 -18
4485 -26
4486 -30
4487 -34
4488 -34
4489 -30
4490 -18
4491 -26
4492 -26
4493 -18
4494 -38
4495 -34
4496 -26
4497 -26
4498 -22
4499 -14
4500 -26
4501 -22
4502 -26
4503 -22
4504 -18
4505 -18
4506 -18
4507 -18
4508 -14
4509 -18
4510 -18
4511 -22
4512 -30
4513 -30
4514 -26
4515 -18
4516 -10
4517 -22
4518 -18
4519 -26
4520 -22
4521 -26
4522 -22
4523 -38
4524 -22
4525 -18
4526 -18
4527 -22
4528 -22
4529 -22
4530 -22
4531 -22
4532 -26
4533 -14
4534 -30
4535 -22
4536 -34
4537 -26
4538 -14
4539 -22
4540 -26
4541 -34
4542 -26
4543 -34
4544 -30
4545 -22
4546 -30
4547 -22
4548 -22
4549 -18
4550 -10
4551 -22
4552 -22
4553 -26
4554 -26
4555 -30
4556 -22
4557 -22
4558 -26
4559 -30
4560 -26
4561 -26
4562 -22
4563 -22
4564 -30
4565 -30
4566 -26
4567 -26
4568 -22
4569 -14
4570 -26
4571 -22
4572 -18
4573 -22
4574 -18
4575 -18
4576 -26
4577 -26
4578 -22
4579 -34
4580 -30
4581 -22
4582 -22
4583 -14
4584 -14
4585 -18
4586 -30
4587 -34
4588 -26
4589 -30
4590 -30
4591 -22
4592 -18
4593 -26
4594 -22
4595 -26
4596 -14
4597 -18
4598 -18
4599 -22
4600 -22
4601 -14
4602 -22
4603 -22
4604 -22
4605 -22
4606 -30
4607 -30
4608 -34
4609 -38
4610 -26
4611 -22
4612 -18
4613 -30
4614 -26
4615 -14
4616 -30
4617 -26
4618 -34
4619 -26
4620 -30
4621 -38
4622 -38
4623 -34
4624 -18
4625 -18
4626 -18
4627 -26
4628 -14
4629 -22
4630 -22
4631 -26
4632 -22
4633 -22
4634 -14
4635 -26
4636 -30
4637 -30
4638 -26
4639 -34
4640 -34
4641 -18
4642 -22
4643 -18
4644 -26
4645 -26
4646 -30
4647 -18
4648 -14
4649 -26
4650 -10
4651 -22
4652 -18
4653 -10
4654 -18
4655 -10
4656 -18
4657 -22
4658 -18
4659 -18
4660 -18
4661 -14
4662 -6
4663 -30
4664 -26
4665 -22
4666 -26
4667 -26
4668 -30
4669 -18
4670 -30
4671 -26
4672 -18
4673 -14
4674 -22
4675 -22
4676 -30
4677 -26
4678 -22
4679 -26
4680 -22
4681 -14
4682 -22
4683 -26
4684 -22
4685 -30
4686 -34
4687 -22
4688 -22
4689 -30
4690 -34
4691 -26
4692 -18
4693 -18
4694 -18
4695 -30
4696 -10
4697 -22
4698 -26
4699 -18
4700 -14
4701 -22
4702 -18
4703 -14
4704 -30
4705 -26
4706 -22
4707 -26
4708 -30
4709 -38
4710 -34
4711 -34
4712 -26
4713 -26
4714 -26
4715 -18
4716 -26
4717 -22
4718 -26
4719 -30
4720 -26
4721 -22
4722 -26
4723 -26
4724 -26
4725 -22
4726 -26
4727 -26
4728 -30
4729 -34
4730 -22
4731 -22
4732 -22
4733 -22
4734 -26
4735 -26
4736 -30
4737 -22
4738 -22
4739 -26
4740 -26
4741 -18
4742 -14
4743 -26
4744 -30
4745 -26
4746 -30
4747 -14
4748 -18
4749 -30
4750 -22
4751 -26
4752 -22
4753 -18
4754 -18
4755 -26
4756 -30
4757 -30
4758 -22
4759 -26
4760 -14
4761 -18
4762 -22
4763 -18
4764 -34
4765 -34
4766 -22
4767 -30
4768 -30
4769 -34
4770 -26
4771 -30
4772 -30
4773 -18
4774 -22
4775 -30
4776 -30
4777 -26
4778 -30
4779 -18
4780 -18
4781 -26
4782 -22
4783 -30
4784 -30
4785 -22
4786 -22
4787 -18
4788 -14
4789 -26
4790 -30
4791 -26
4792 -26
4793 -26
4794 -38
4795 -26
4796 -26
4797 -18
4798 -22
4799 -26
4800 -30
4801 -26
4802 -26
4803 -34
4804 -30
4805 -30
4806 -22
4807 -22
4808 -30
4809 -30
4810 -22
4811 -18
4812 -22
4813 -14
4814 -18
4815 -18
4816 -14
4817 -18
4818 -18
4819 -18
4820 -18
4821 -26
4822 -26
4823 -30
4824 -22
4825 -30
4826 -30
4827 -22
4828 -26
4829 -10
4830 -18
4831 -30
4832 -18
4833 -26
4834 -22
4835 -30
4836 -30
4837 -30
4838 -34
4839 -18
4840 -26
4841 -22
4842 -34
4843 -26
4844 -30
4845 -34
4846 -18
4847 -22
4848 -26
4849 -18
4850 -22
4851 -30
4852 -18
4853 -14
4854 -22
4855 -30
4856 -14
4857 -22
4858 -18
4859 -10
4860 -18
4861 -2
4862 -22
4863 -26
4864 -22
4865 -22
4866 -10
4867 -26
4868 -26
4869 -26
4870 -14
4871 -26
4872 -18
4873 -26
4874 -30
4875 -26
4876 -22
4877 -26
4878 -14
4879 -22
4880 -26
4881 -30
4882 -34
4883 -22
4884 -22
4885 -34
4886 -34
4887 -22
4888 -14
4889 -30
4890 -26
4891 -26
4892 -30
4893 -22
4894 -18
4895 -30
4896 -26
4897 -26
4898 -26
4899 -22
4900 -14
4901 -10
4902 -22
4903 -18
4904 -30
4905 -14
4906 -34
4907 -38
4908 -30
4909 -26
4910 -26
4911 -22
4912 -26
4913 -14
4914 -34
4915 -26
4916 -14
4917 -18
4918 -2
4919 -18
4920 -18
4921 -10
4922 -22
4923 -14
4924 -18
4925 -26
4926 -30
4927 -26
4928 -26
4929 -14
4930 -22
4931 -18
4932 -30
4933 -22
4934 -18
4935 -22
4936 -18
4937 -18
4938 -22
4939 -30
4940 -34
4941 -2
4942 -18
4943 -22
4944 -22
4945 -22
4946 -22
4947 -14
4948 -22
4949 -18
4950 -18
4951 -26
4952 -22
4953 -22
4954 -10
4955 -26
4956 -22
4957 -18
4958 -22
4959 -26
4960 -26
4961 -14
4962 -26
4963 -18
4964 -30
4965 -30
4966 -30
4967 -30
4968 -34
4969 -22
4970 -18
4971 -22
4972 -22
4973 -22
4974 -26
4975 -22
4976 -26
4977 -22
4978 -22
4979 -30
4980 -26
4981 -18
4982 -26
4983 -22
4984 -30
4985 -30
4986 -18
4987 -18
4988 -22
4989 -22
4990 -14
4991 -18
4992 -30
4993 -34
4994 -26
4995 -18
4996 -18
4997 -26
4998 -10
4999 -22
5000 -14
