1 -5.4795
2 -5.46415
3 -5.49444
4 -5.61124
5 -5.59597
6 -5.56234
7 -5.60371
8 -5.5146
9 -5.49343
10 -5.42021
11 -5.46004
12 -5.52
13 -5.527
14 -5.50363
15 -5.49578
16 -5.52478
17 -5.48156
18 -5.58152
19 -5.57281
20 -5.49452
21 -5.54979
22 -5.55646
23 -5.56183
24 -5.54133
25 -5.4159
26 -5.41376
27 -5.42605
28 -5.45077
29 -5.46753
30 -5.50995
31 -5.45367
32 -5.50891
33 -5.47952
34 -5.44204
35 -5.46379
36 -5.43143
37 -5.36777
38 -5.48072
39 -5.44047
40 -5.43177
41 -5.40591
42 -5.38321
43 -5.34676
44 -5.4452
45 -5.46525
46 -5.52272
47 -5.41598
48 -5.48767
49 -5.48145
50 -5.45296
51 -5.42874
52 -5.49557
53 -5.48308
54 -5.50972
55 -5.47086
56 -5.50588
57 -5.45343
58 -5.54166
59 -5.5545
60 -5.56123
61 -5.47979
62 -5.44642
63 -5.39895
64 -5.45729
65 -5.57661
66 -5.50022
67 -5.50767
68 -5.49251
69 -5.53586
70 -5.55301
71 -5.38543
72 -5.34464
73 -5.288
74 -5.37067
75 -5.30287
76 -5.35222
77 -5.24264
78 -5.36684
79 -5.35717
80 -5.21018
81 -5.21591
82 -5.16353
83 -5.32724
84 -5.30697
85 -5.42542
86 -5.37714
87 -5.28245
88 -5.34485
89 -5.35439
90 -5.44786
91 -5.43192
92 -5.35
93 -5.29104
94 -5.31603
95 -5.36822
96 -5.39733
97 -5.44154
98 -5.45199
99 -5.50353
100 -5.49761
101 -5.46342
102 -5.46767
103 -5.40877
104 -5.50844
105 -5.51924
106 -5.50317
107 -5.56002
108 -5.54035
109 -5.59614
110 -5.56978
111 -5.53046
112 -5.53178
113 -5.49635
114 -5.42692
115 -5.45358
116 -5.46534
117 -5.60925
118 -5.60431
119 -5.59969
120 -5.61693
121 -5.56936
122 -5.47471
123 -5.5123
124 -5.6051
125 -5.51831
126 -5.48851
127 -5.4115
128 -5.33063
129 -5.29869
130 -5.18535
131 -5.19874
132 -5.2929
133 -5.32097
134 -5.24437
135 -5.16279
136 -5.20381
137 -5.25127
138 -5.30703
139 -5.40534
140 -5.36647
141 -5.32986
142 -5.42951
143 -5.45502
144 -5.34601
145 -5.46508
146 -5.41527
147 -5.44187
148 -5.52486
149 -5.44068
150 -5.44497
151 -5.38787
152 -5.35434
153 -5.33587
154 -5.37723
155 -5.30439
156 -5.24632
157 -5.36702
158 -5.26604
159 -5.20774
160 -5.26695
161 -5.19559
162 -5.2974
163 -5.28285
164 -5.13099
165 -5.2579
166 -5.35063
167 -5.3398
168 -5.43788
169 -5.4614
170 -5.44288
171 -5.48625
172 -5.43867
173 -5.44431
174 -5.47753
175 -5.43156
176 -5.43815
177 -5.52842
178 -5.56617
179 -5.55675
180 -5.52433
181 -5.49414
182 -5.4826
183 -5.48986
184 -5.42133
185 -5.47625
186 -5.40616
187 -5.38944
188 -5.37813
189 -5.34344
190 -5.36146
191 -5.32438
192 -5.29341
193 -5.40037
194 -5.52742
195 -5.51827
196 -5.49527
197 -5.59315
198 -5.48288
199 -5.41249
200 -5.48477
201 -5.55952
202 -5.53761
203 -5.43733
204 -5.40595
205 -5.32928
206 -5.36158
207 -5.21885
208 -5.20354
209 -5.30736
210 -5.45517
211 -5.35587
212 -5.38569
213 -5.45135
214 -5.34204
215 -5.42639
216 -5.44465
217 -5.53369
218 -5.52752
219 -5.51894
220 -5.5615
221 -5.56068
222 -5.50999
223 -5.52574
224 -5.43138
225 -5.44535
226 -5.43519
227 -5.47085
228 -5.55174
229 -5.60716
230 -5.55718
231 -5.46039
232 -5.44836
233 -5.44308
234 -5.41646
235 -5.48639
236 -5.53645
237 -5.57287
238 -5.53016
239 -5.59894
240 -5.59551
241 -5.61569
242 -5.65974
243 -5.56385
244 -5.54615
245 -5.53067
246 -5.46279
247 -5.53756
248 -5.64206
249 -5.65095
250 -5.61342
251 -5.67884
252 -5.65455
253 -5.72351
254 -5.77911
255 -5.70319
256 -5.64371
257 -5.59416
258 -5.58664
259 -5.60198
260 -5.63338
261 -5.63281
262 -5.64498
263 -5.59266
264 -5.59556
265 -5.63239
266 -5.63301
267 -5.68571
268 -5.72214
269 -5.63093
270 -5.61173
271 -5.64093
272 -5.63341
273 -5.61262
274 -5.60204
275 -5.53083
276 -5.6036
277 -5.63334
278 -5.54084
279 -5.42575
280 -5.4223
281 -5.34853
282 -5.23503
283 -5.30769
284 -5.39013
285 -5.42438
286 -5.50881
287 -5.49068
288 -5.45696
289 -5.53651
290 -5.5169
291 -5.56028
292 -5.53128
293 -5.61521
294 -5.57736
295 -5.57507
296 -5.59086
297 -5.52855
298 -5.62581
299 -5.67119
300 -5.56679
301 -5.63386
302 -5.70766
303 -5.68518
304 -5.65977
305 -5.6977
306 -5.68031
307 -5.61022
308 -5.55139
309 -5.51571
310 -5.51221
311 -5.43982
312 -5.38044
313 -5.52647
314 -5.50799
315 -5.60133
316 -5.50428
317 -5.49783
318 -5.4109
319 -5.38253
320 -5.48818
321 -5.4764
322 -5.49649
323 -5.41432
324 -5.38888
325 -5.4354
326 -5.41288
327 -5.48275
328 -5.48345
329 -5.42039
330 -5.45577
331 -5.45268
332 -5.43614
333 -5.32834
334 -5.343
335 -5.29074
336 -5.29363
337 -5.32483
338 -5.25433
339 -5.31773
340 -5.33513
341 -5.44726
342 -5.53941
343 -5.48382
344 -5.39853
345 -5.40617
346 -5.40246
347 -5.40746
348 -5.3966
349 -5.45547
350 -5.44836
351 -5.46869
352 -5.39785
353 -5.41054
354 -5.55271
355 -5.5834
356 -5.49449
357 -5.45548
358 -5.4524
359 -5.3716
360 -5.42
361 -5.38978
362 -5.40684
363 -5.4078
364 -5.32013
365 -5.26588
366 -5.28625
367 -5.28615
368 -5.32026
369 -5.36812
370 -5.33745
371 -5.33888
372 -5.34715
373 -5.27877
374 -5.35746
375 -5.33562
376 -5.37268
377 -5.2533
378 -5.19512
379 -5.2264
380 -5.16944
381 -5.28077
382 -5.3531
383 -5.36304
384 -5.41639
385 -5.55881
386 -5.51228
387 -5.44501
388 -5.44842
389 -5.44671
390 -5.37105
391 -5.38827
392 -5.41818
393 -5.41142
394 -5.2993
395 -5.32126
396 -5.36163
397 -5.34915
398 -5.4182
399 -5.52841
400 -5.44319
401 -5.3863
402 -5.43553
403 -5.56635
404 -5.5109
405 -5.55718
406 -5.47803
407 -5.46583
408 -5.43959
409 -5.39502
410 -5.37339
411 -5.35302
412 -5.53827
413 -5.50426
414 -5.49119
415 -5.45325
416 -5.5157
417 -5.26368
418 -5.27805
419 -5.33334
420 -5.34577
421 -5.44315
422 -5.51471
423 -5.49615
424 -5.45589
425 -5.53617
426 -5.54092
427 -5.59626
428 -5.59902
429 -5.52008
430 -5.44712
431 -5.44975
432 -5.47578
433 -5.50798
434 -5.511
435 -5.57094
436 -5.57104
437 -5.60104
438 -5.59706
439 -5.60489
440 -5.54313
441 -5.55354
442 -5.5304
443 -5.47729
444 -5.44639
445 -5.42811
446 -5.45922
447 -5.5579
448 -5.61462
449 -5.63743
450 -5.59314
451 -5.51347
452 -5.44197
453 -5.53762
454 -5.5074
455 -5.48588
456 -5.57475
457 -5.53982
458 -5.55586
459 -5.54257
460 -5.61016
461 -5.61737
462 -5.60041
463 -5.58453
464 -5.53619
465 -5.56506
466 -5.50674
467 -5.56605
468 -5.4786
469 -5.43273
470 -5.55991
471 -5.52909
472 -5.42884
473 -5.41388
474 -5.44843
475 -5.41995
476 -5.46645
477 -5.55179
478 -5.50213
479 -5.52795
480 -5.52449
481 -5.58512
482 -5.5801
483 -5.53077
484 -5.45766
485 -5.43678
486 -5.44129
487 -5.46952
488 -5.41508
489 -5.3893
490 -5.38624
491 -5.44555
492 -5.5961
493 -5.61331
494 -5.60455
495 -5.52067
496 -5.48206
497 -5.48639
498 -5.48895
499 -5.57857
500 -5.51789
501 -5.49533
502 -5.46457
503 -5.47655
504 -5.47649
505 -5.42984
506 -5.45323
507 -5.53129
508 -5.49784
509 -5.50537
510 -5.52481
511 -5.50539
512 -5.52945
513 -5.45658
514 -5.43933
515 -5.48878
516 -5.49664
517 -5.51788
518 -5.55766
519 -5.5044
520 -5.53512
521 -5.54724
522 -5.50169
523 -5.51415
524 -5.52324
525 -5.52113
526 -5.56229
527 -5.54991
528 -5.4825
529 -5.51471
530 -5.52692
531 -5.48066
532 -5.50075
533 -5.51735
534 -5.54364
535 -5.44092
536 -5.41604
537 -5.38395
538 -5.35879
539 -5.33975
540 -5.41783
541 -5.46118
542 -5.43575
543 -5.45631
544 -5.44681
545 -5.46579
546 -5.45528
547 -5.4268
548 -5.39104
549 -5.35509
550 -5.40401
551 -5.443
552 -5.40101
553 -5.49818
554 -5.37481
555 -5.39459
556 -5.45901
557 -5.32459
558 -5.42868
559 -5.50319
560 -5.49727
561 -5.52972
562 -5.61025
563 -5.58166
564 -5.50565
565 -5.5399
566 -5.5607
567 -5.54726
568 -5.49354
569 -5.50435
570 -5.39936
571 -5.39669
572 -5.51698
573 -5.58441
574 -5.56233
575 -5.49494
576 -5.58458
577 -5.53927
578 -5.54346
579 -5.49136
580 -5.5104
581 -5.45531
582 -5.41455
583 -5.38436
584 -5.49952
585 -5.42738
586 -5.4406
587 -5.35811
588 -5.4422
589 -5.43933
590 -5.39586
591 -5.40055
592 -5.46747
593 -5.44665
594 -5.43596
595 -5.33588
596 -5.41888
597 -5.40993
598 -5.40391
599 -5.37127
600 -5.28683
601 -5.32168
602 -5.35011
603 -5.44778
604 -5.42873
605 -5.40585
606 -5.33145
607 -5.31552
608 -5.27408
609 -5.17553
610 -5.30977
611 -5.29295
612 -5.35981
613 -5.34864
614 -5.42488
615 -5.38168
616 -5.41447
617 -5.37328
618 -5.31182
619 -5.37197
620 -5.31931
621 -5.34145
622 -5.43684
623 -5.54044
624 -5.60157
625 -5.5684
626 -5.45202
627 -5.4654
628 -5.46449
629 -5.47647
630 -5.45148
631 -5.35621
632 -5.37456
633 -5.3408
634 -5.42502
635 -5.47317
636 -5.48592
637 -5.44675
638 -5.46334
639 -5.36543
640 -5.33598
641 -5.31038
642 -5.47046
643 -5.54805
644 -5.44494
645 -5.37353
646 -5.41053
647 -5.43095
648 -5.50516
649 -5.41393
650 -5.46829
651 -5.5446
652 -5.51137
653 -5.51911
654 -5.52818
655 -5.39738
656 -5.45598
657 -5.41987
658 -5.3774
659 -5.41805
660 -5.39874
661 -5.28663
662 -5.30229
663 -5.3424
664 -5.40571
665 -5.32193
666 -5.32619
667 -5.29533
668 -5.32844
669 -5.47084
670 -5.48093
671 -5.51962
672 -5.54675
673 -5.49293
674 -5.51895
675 -5.36954
676 -5.43029
677 -5.45271
678 -5.53013
679 -5.52781
680 -5.45233
681 -5.42178
682 -5.55101
683 -5.49032
684 -5.4748
685 -5.4631
686 -5.46782
687 -5.46055
688 -5.48876
689 -5.47386
690 -5.50548
691 -5.41411
692 -5.45661
693 -5.47956
694 -5.62302
695 -5.58877
696 -5.57943
697 -5.57074
698 -5.55817
699 -5.52832
700 -5.48465
701 -5.47886
702 -5.46774
703 -5.50517
704 -5.51726
705 -5.48849
706 -5.47428
707 -5.47992
708 -5.53593
709 -5.4323
710 -5.37651
711 -5.39446
712 -5.3652
713 -5.40662
714 -5.44783
715 -5.44309
716 -5.47162
717 -5.49585
718 -5.48263
719 -5.52814
720 -5.5549
721 -5.53794
722 -5.56917
723 -5.5045
724 -5.419
725 -5.35316
726 -5.37427
727 -5.48029
728 -5.41037
729 -5.42966
730 -5.42866
731 -5.46778
732 -5.50159
733 -5.43208
734 -5.52651
735 -5.51064
736 -5.51885
737 -5.49388
738 -5.47706
739 -5.47566
740 -5.43154
741 -5.49438
742 -5.49257
743 -5.50549
744 -5.54746
745 -5.4619
746 -5.54287
747 -5.37828
748 -5.43756
749 -5.43591
750 -5.34338
751 -5.37582
752 -5.38444
753 -5.45277
754 -5.51038
755 -5.52315
756 -5.58279
757 -5.55735
758 -5.52466
759 -5.50366
760 -5.48341
761 -5.49856
762 -5.50719
763 -5.36968
764 -5.43894
765 -5.41883
766 -5.40486
767 -5.42618
768 -5.42377
769 -5.38635
770 -5.39067
771 -5.36098
772 -5.27113
773 -5.33891
774 -5.47995
775 -5.50791
776 -5.48259
777 -5.45286
778 -5.50918
779 -5.57431
780 -5.57918
781 -5.47236
782 -5.48282
783 -5.46348
784 -5.46452
785 -5.40507
786 -5.32914
787 -5.44586
788 -5.38905
789 -5.43292
790 -5.45732
791 -5.41301
792 -5.36134
793 -5.38508
794 -5.41878
795 -5.42022
796 -5.5064
797 -5.50727
798 -5.47517
799 -5.34833
800 -5.41359
801 -5.30975
802 -5.4077
803 -5.39526
804 -5.4459
805 -5.49757
806 -5.46274
807 -5.44031
808 -5.48536
809 -5.44155
810 -5.45391
811 -5.34446
812 -5.44646
813 -5.35973
814 -5.40715
815 -5.39345
816 -5.36304
817 -5.32718
818 -5.36186
819 -5.30502
820 -5.37105
821 -5.36721
822 -5.39111
823 -5.3218
824 -5.30387
825 -5.28595
826 -5.26908
827 -5.31319
828 -5.30027
829 -5.25186
830 -5.21261
831 -5.32972
832 -5.27835
833 -5.32008
834 -5.36432
835 -5.37664
836 -5.32895
837 -5.28925
838 -5.25979
839 -5.32291
840 -5.30702
841 -5.28625
842 -5.24014
843 -5.33558
844 -5.29119
845 -5.32492
846 -5.35086
847 -5.36063
848 -5.25022
849 -5.38876
850 -5.40659
851 -5.39953
852 -5.37036
853 -5.32601
854 -5.42336
855 -5.34668
856 -5.3498
857 -5.35936
858 -5.40846
859 -5.39895
860 -5.41639
861 -5.40548
862 -5.35517
863 -5.30001
864 -5.43627
865 -5.38079
866 -5.35927
867 -5.31428
868 -5.37754
869 -5.39938
870 -5.2836
871 -5.3191
872 -5.32828
873 -5.3676
874 -5.39588
875 -5.45242
876 -5.40925
877 -5.46194
878 -5.34256
879 -5.37359
880 -5.31076
881 -5.21609
882 -5.24538
883 -5.36472
884 -5.37743
885 -5.38883
886 -5.32363
887 -5.30813
888 -5.31634
889 -5.37437
890 -5.39445
891 -5.36794
892 -5.31277
893 -5.34926
894 -5.3686
895 -5.35155
896 -5.29256
897 -5.32072
898 -5.35287
899 -5.30383
900 -5.18326
901 -5.2191
902 -5.28181
903 -5.33552
904 -5.34561
905 -5.36354
906 -5.3889
907 -5.31938
908 -5.34917
909 -5.33878
910 -5.37819
911 -5.37029
912 -5.29216
913 -5.27074
914 -5.34156
915 -5.32599
916 -5.35412
917 -5.31127
918 -5.29634
919 -5.32657
920 -5.43653
921 -5.34815
922 -5.32852
923 -5.44412
924 -5.42105
925 -5.35708
926 -5.42872
927 -5.44105
928 -5.3918
929 -5.33758
930 -5.36643
931 -5.34219
932 -5.36262
933 -5.26967
934 -5.21722
935 -5.19723
936 -5.23195
937 -5.25957
938 -5.2793
939 -5.29398
940 -5.34356
941 -5.30046
942 -5.3738
943 -5.49179
944 -5.46782
945 -5.4676
946 -5.39556
947 -5.43225
948 -5.42994
949 -5.47499
950 -5.37881
951 -5.38308
952 -5.39966
953 -5.42063
954 -5.36685
955 -5.42123
956 -5.46897
957 -5.52035
958 -5.43906
959 -5.41856
960 -5.50305
961 -5.5111
962 -5.56718
963 -5.61468
964 -5.59513
965 -5.52899
966 -5.50648
967 -5.49706
968 -5.52129
969 -5.54776
970 -5.50962
971 -5.57534
972 -5.53048
973 -5.47334
974 -5.44488
975 -5.4145
976 -5.38404
977 -5.44036
978 -5.42693
979 -5.40304
980 -5.50273
981 -5.59311
982 -5.66349
983 -5.5794
984 -5.52083
985 -5.45654
986 -5.50308
987 -5.56035
988 -5.47399
989 -5.41233
990 -5.36043
991 -5.39717
992 -5.39121
993 -5.45013
994 -5.40106
995 -5.409
996 -5.38917
997 -5.43115
998 -5.23918
999 -5.38587
1000 -5.42129
1001 -5.36175
1002 -5.37148
1003 -5.32826
1004 -5.30109
1005 -5.28644
1006 -5.3135
1007 -5.28135
1008 -5.42577
1009 -5.28506
1010 -5.33705
1011 -5.37567
1012 -5.40017
1013 -5.44418
1014 -5.433
1015 -5.43617
1016 -5.47219
1017 -5.4605
1018 -5.51041
1019 -5.46974
1020 -5.45578
1021 -5.3679
1022 -5.32318
1023 -5.41943
1024 -5.38934
1025 -5.50859
1026 -5.49934
1027 -5.36298
1028 -5.34666
1029 -5.36362
1030 -5.34735
1031 -5.35959
1032 -5.43688
1033 -5.42178
1034 -5.40518
1035 -5.35956
1036 -5.33085
1037 -5.32911
1038 -5.36925
1039 -5.38426
1040 -5.43073
1041 -5.39514
1042 -5.39793
1043 -5.40173
1044 -5.41915
1045 -5.40318
1046 -5.50363
1047 -5.48045
1048 -5.51213
1049 -5.5268
1050 -5.60957
1051 -5.48366
1052 -5.4298
1053 -5.44079
1054 -5.3592
1055 -5.30878
1056 -5.37418
1057 -5.43033
1058 -5.38285
1059 -5.39311
1060 -5.36376
1061 -5.42436
1062 -5.48274
1063 -5.53509
1064 -5.44757
1065 -5.42577
1066 -5.43106
1067 -5.45654
1068 -5.45368
1069 -5.45965
1070 -5.43454
1071 -5.41853
1072 -5.39622
1073 -5.44783
1074 -5.51308
1075 -5.58658
1076 -5.6325
1077 -5.55264
1078 -5.48913
1079 -5.28105
1080 -5.38135
1081 -5.35725
1082 -5.31919
1083 -5.35784
1084 -5.28016
1085 -5.31691
1086 -5.31842
1087 -5.40865
1088 -5.49804
1089 -5.45336
1090 -5.4819
1091 -5.41349
1092 -5.43036
1093 -5.41518
1094 -5.44419
1095 -5.52143
1096 -5.6327
1097 -5.59371
1098 -5.64601
1099 -5.55028
1100 -5.60876
1101 -5.6021
1102 -5.58168
1103 -5.46048
1104 -5.4257
1105 -5.40191
1106 -5.54449
1107 -5.55176
1108 -5.49986
1109 -5.46273
1110 -5.54385
1111 -5.53787
1112 -5.49222
1113 -5.43671
1114 -5.43823
1115 -5.37262
1116 -5.38937
1117 -5.32428
1118 -5.36595
1119 -5.14671
1120 -5.26247
1121 -5.30809
1122 -5.29044
1123 -5.26131
1124 -5.30894
1125 -5.27478
1126 -5.39238
1127 -5.4066
1128 -5.38376
1129 -5.40092
1130 -5.44848
1131 -5.43794
1132 -5.47341
1133 -5.44566
1134 -5.38457
1135 -5.44171
1136 -5.40134
1137 -5.42971
1138 -5.47428
1139 -5.43162
1140 -5.3568
1141 -5.31663
1142 -5.38432
1143 -5.42447
1144 -5.46298
1145 -5.41376
1146 -5.33131
1147 -5.29608
1148 -5.29043
1149 -5.32236
1150 -5.39511
1151 -5.50301
1152 -5.53968
1153 -5.60707
1154 -5.54016
1155 -5.50391
1156 -5.45473
1157 -5.54204
1158 -5.57355
1159 -5.53586
1160 -5.5868
1161 -5.60945
1162 -5.68199
1163 -5.65278
1164 -5.65473
1165 -5.49942
1166 -5.53841
1167 -5.54105
1168 -5.61637
1169 -5.66274
1170 -5.58203
1171 -5.58592
1172 -5.66262
1173 -5.66974
1174 -5.68312
1175 -5.63037
1176 -5.6039
1177 -5.61057
1178 -5.55909
1179 -5.51157
1180 -5.46982
1181 -5.57943
1182 -5.54791
1183 -5.50774
1184 -5.48283
1185 -5.46739
1186 -5.54362
1187 -5.48354
1188 -5.54091
1189 -5.55896
1190 -5.55738
1191 -5.60446
1192 -5.56703
1193 -5.62282
1194 -5.53295
1195 -5.61372
1196 -5.6206
1197 -5.58227
1198 -5.57614
1199 -5.65074
1200 -5.61445
1201 -5.68357
1202 -5.69589
1203 -5.68347
1204 -5.6602
1205 -5.57025
1206 -5.55313
1207 -5.61366
1208 -5.58347
1209 -5.6288
1210 -5.60596
1211 -5.5542
1212 -5.55199
1213 -5.63555
1214 -5.66274
1215 -5.6323
1216 -5.62959
1217 -5.57877
1218 -5.52715
1219 -5.55362
1220 -5.4683
1221 -5.50549
1222 -5.56363
1223 -5.54736
1224 -5.48574
1225 -5.38319
1226 -5.34945
1227 -5.41065
1228 -5.39983
1229 -5.32332
1230 -5.48903
1231 -5.50514
1232 -5.56377
1233 -5.58756
1234 -5.50063
1235 -5.41031
1236 -5.4671
1237 -5.42646
1238 -5.30529
1239 -5.44432
1240 -5.49696
1241 -5.42691
1242 -5.44885
1243 -5.40019
1244 -5.38342
1245 -5.34596
1246 -5.33708
1247 -5.36965
1248 -5.39573
1249 -5.4331
1250 -5.50703
1251 -5.49494
1252 -5.51063
1253 -5.44414
1254 -5.42263
1255 -5.44069
1256 -5.52271
1257 -5.54302
1258 -5.51014
1259 -5.44058
1260 -5.48775
1261 -5.39505
1262 -5.35507
1263 -5.4044
1264 -5.47264
1265 -5.49016
1266 -5.48104
1267 -5.4484
1268 -5.25958
1269 -5.23944
1270 -5.32722
1271 -5.39155
1272 -5.3579
1273 -5.39457
1274 -5.38527
1275 -5.44179
1276 -5.31967
1277 -5.35416
1278 -5.32962
1279 -5.33845
1280 -5.42803
1281 -5.47452
1282 -5.44945
1283 -5.44704
1284 -5.41386
1285 -5.53102
1286 -5.5103
1287 -5.52391
1288 -5.47557
1289 -5.42647
1290 -5.52685
1291 -5.52615
1292 -5.35608
1293 -5.37588
1294 -5.3736
1295 -5.42702
1296 -5.44918
1297 -5.37129
1298 -5.36694
1299 -5.43761
1300 -5.43293
1301 -5.44552
1302 -5.45804
1303 -5.42745
1304 -5.42707
1305 -5.50319
1306 -5.58179
1307 -5.52187
1308 -5.46272
1309 -5.38691
1310 -5.42362
1311 -5.50668
1312 -5.53948
1313 -5.43195
1314 -5.4759
1315 -5.48382
1316 -5.5107
1317 -5.48637
1318 -5.39724
1319 -5.36968
1320 -5.52005
1321 -5.47027
1322 -5.44653
1323 -5.51492
1324 -5.52656
1325 -5.57967
1326 -5.59601
1327 -5.59189
1328 -5.59726
1329 -5.53965
1330 -5.53373
1331 -5.5882
1332 -5.45766
1333 -5.4092
1334 -5.37875
1335 -5.33136
1336 -5.40457
1337 -5.39876
1338 -5.37855
1339 -5.43506
1340 -5.57368
1341 -5.44027
1342 -5.33305
1343 -5.37653
1344 -5.50783
1345 -5.4928
1346 -5.4932
1347 -5.54152
1348 -5.51303
1349 -5.51914
1350 -5.46883
1351 -5.54011
1352 -5.48811
1353 -5.44333
1354 -5.49743
1355 -5.46892
1356 -5.44233
1357 -5.49291
1358 -5.45212
1359 -5.46653
1360 -5.40786
1361 -5.43221
1362 -5.35834
1363 -5.40215
1364 -5.28914
1365 -5.24554
1366 -5.29989
1367 -5.32695
1368 -5.39344
1369 -5.32292
1370 -5.35506
1371 -5.40249
1372 -5.33315
1373 -5.36981
1374 -5.45184
1375 -5.52175
1376 -5.41756
1377 -5.48997
1378 -5.47147
1379 -5.47541
1380 -5.46821
1381 -5.55464
1382 -5.51231
1383 -5.52605
1384 -5.58662
1385 -5.66285
1386 -5.55849
1387 -5.53554
1388 -5.50589
1389 -5.41778
1390 -5.39022
1391 -5.40073
1392 -5.44185
1393 -5.51354
1394 -5.42204
1395 -5.35368
1396 -5.43245
1397 -5.4419
1398 -5.49801
1399 -5.48635
1400 -5.50967
1401 -5.44096
1402 -5.4269
1403 -5.46906
1404 -5.3715
1405 -5.37521
1406 -5.41987
1407 -5.35475
1408 -5.37819
1409 -5.50658
1410 -5.45621
1411 -5.46667
1412 -5.54719
1413 -5.56663
1414 -5.5359
1415 -5.54043
1416 -5.54485
1417 -5.52565
1418 -5.48955
1419 -5.47529
1420 -5.50735
1421 -5.43212
1422 -5.44951
1423 -5.50821
1424 -5.4657
1425 -5.46124
1426 -5.4254
1427 -5.41378
1428 -5.46132
1429 -5.43793
1430 -5.4416
1431 -5.46969
1432 -5.36665
1433 -5.26069
1434 -5.28369
1435 -5.3665
1436 -5.33136
1437 -5.24538
1438 -5.28726
1439 -5.43244
1440 -5.51389
1441 -5.61762
1442 -5.5988
1443 -5.51984
1444 -5.63034
1445 -5.56096
1446 -5.50829
1447 -5.45869
1448 -5.49897
1449 -5.48608
1450 -5.50403
1451 -5.34103
1452 -5.30417
1453 -5.35211
1454 -5.36707
1455 -5.42706
1456 -5.38011
1457 -5.4191
1458 -5.46131
1459 -5.44811
1460 -5.38963
1461 -5.35364
1462 -5.37207
1463 -5.39999
1464 -5.3806
1465 -5.45545
1466 -5.35993
1467 -5.28573
1468 -5.29801
1469 -5.35181
1470 -5.3738
1471 -5.4047
1472 -5.34167
1473 -5.36251
1474 -5.46694
1475 -5.47799
1476 -5.42983
1477 -5.42694
1478 -5.38722
1479 -5.35818
1480 -5.37366
1481 -5.28924
1482 -5.33706
1483 -5.37952
1484 -5.31089
1485 -5.38878
1486 -5.35083
1487 -5.29112
1488 -5.38006
1489 -5.40341
1490 -5.42019
1491 -5.37994
1492 -5.36624
1493 -5.4599
1494 -5.37663
1495 -5.32747
1496 -5.39496
1497 -5.35551
1498 -5.41263
1499 -5.51521
1500 -5.4023
1501 -5.33727
1502 -5.34329
1503 -5.34239
1504 -5.40544
1505 -5.43284
1506 -5.41926
1507 -5.55835
1508 -5.57626
1509 -5.64454
1510 -5.72224
1511 -5.67383
1512 -5.6553
1513 -5.55078
1514 -5.59609
1515 -5.62369
1516 -5.56265
1517 -5.50133
1518 -5.55542
1519 -5.52054
1520 -5.52566
1521 -5.55429
1522 -5.56374
1523 -5.65264
1524 -5.64407
1525 -5.62169
1526 -5.57681
1527 -5.57464
1528 -5.53246
1529 -5.4914
1530 -5.55119
1531 -5.51243
1532 -5.53621
1533 -5.59981
1534 -5.63591
1535 -5.63415
1536 -5.5989
1537 -5.6332
1538 -5.61518
1539 -5.58404
1540 -5.52426
1541 -5.54288
1542 -5.4352
1543 -5.47322
1544 -5.50868
1545 -5.57642
1546 -5.32824
1547 -5.42488
1548 -5.47832
1549 -5.5574
1550 -5.48322
1551 -5.44521
1552 -5.44196
1553 -5.47094
1554 -5.52304
1555 -5.46631
1556 -5.5369
1557 -5.53694
1558 -5.64989
1559 -5.68028
1560 -5.63547
1561 -5.57681
1562 -5.5528
1563 -5.58165
1564 -5.54998
1565 -5.52257
1566 -5.43299
1567 -5.431
1568 -5.48801
1569 -5.66531
1570 -5.59783
1571 -5.58833
1572 -5.62407
1573 -5.59557
1574 -5.47907
1575 -5.55808
1576 -5.62337
1577 -5.54981
1578 -5.49858
1579 -5.56815
1580 -5.62838
1581 -5.56925
1582 -5.53127
1583 -5.42901
1584 -5.45927
1585 -5.45564
1586 -5.47724
1587 -5.45292
1588 -5.3934
1589 -5.38365
1590 -5.4072
1591 -5.42054
1592 -5.48493
1593 -5.48997
1594 -5.5738
1595 -5.57454
1596 -5.44681
1597 -5.48294
1598 -5.37628
1599 -5.44277
1600 -5.49373
1601 -5.445
1602 -5.45595
1603 -5.42757
1604 -5.45068
1605 -5.38266
1606 -5.38987
1607 -5.46996
1608 -5.519
1609 -5.50698
1610 -5.44007
1611 -5.35193
1612 -5.4082
1613 -5.42601
1614 -5.3802
1615 -5.4493
1616 -5.47668
1617 -5.40843
1618 -5.36673
1619 -5.35502
1620 -5.30048
1621 -5.32441
1622 -5.33112
1623 -5.31747
1624 -5.37758
1625 -5.39842
1626 -5.3395
1627 -5.36874
1628 -5.525
1629 -5.59191
1630 -5.54685
1631 -5.45649
1632 -5.42466
1633 -5.54829
1634 -5.5209
1635 -5.43158
1636 -5.37382
1637 -5.36302
1638 -5.34966
1639 -5.40229
1640 -5.46073
1641 -5.44947
1642 -5.47326
1643 -5.46062
1644 -5.50229
1645 -5.46483
1646 -5.42228
1647 -5.39999
1648 -5.40886
1649 -5.41206
1650 -5.28828
1651 -5.40654
1652 -5.3783
1653 -5.3922
1654 -5.39636
1655 -5.47887
1656 -5.52584
1657 -5.55668
1658 -5.46447
1659 -5.31663
1660 -5.37933
1661 -5.35233
1662 -5.3621
1663 -5.44587
1664 -5.48838
1665 -5.44471
1666 -5.42488
1667 -5.42334
1668 -5.37271
1669 -5.33724
1670 -5.39886
1671 -5.46943
1672 -5.46252
1673 -5.46196
1674 -5.55079
1675 -5.56225
1676 -5.53757
1677 -5.58103
1678 -5.75634
1679 -5.761
1680 -5.64666
1681 -5.68129
1682 -5.65103
1683 -5.57402
1684 -5.4312
1685 -5.49228
1686 -5.57509
1687 -5.59416
1688 -5.53591
1689 -5.61414
1690 -5.55542
1691 -5.53528
1692 -5.44381
1693 -5.45274
1694 -5.37698
1695 -5.50319
1696 -5.4853
1697 -5.43693
1698 -5.51399
1699 -5.50163
1700 -5.57782
1701 -5.61005
1702 -5.62946
1703 -5.66441
1704 -5.58797
1705 -5.47949
1706 -5.57457
1707 -5.46392
1708 -5.49175
1709 -5.55663
1710 -5.54698
1711 -5.52567
1712 -5.50556
1713 -5.61284
1714 -5.64123
1715 -5.6019
1716 -5.57537
1717 -5.54257
1718 -5.57942
1719 -5.60759
1720 -5.63782
1721 -5.62393
1722 -5.72254
1723 -5.66073
1724 -5.57259
1725 -5.45456
1726 -5.5752
1727 -5.52643
1728 -5.45968
1729 -5.36434
1730 -5.35282
1731 -5.37052
1732 -5.53559
1733 -5.5491
1734 -5.56396
1735 -5.52919
1736 -5.57301
1737 -5.62063
1738 -5.61761
1739 -5.57895
1740 -5.4262
1741 -5.37685
1742 -5.46981
1743 -5.45893
1744 -5.46032
1745 -5.41574
1746 -5.47008
1747 -5.46667
1748 -5.5816
1749 -5.71341
1750 -5.68294
1751 -5.5934
1752 -5.56118
1753 -5.49694
1754 -5.54792
1755 -5.58794
1756 -5.48658
1757 -5.48896
1758 -5.65984
1759 -5.66308
1760 -5.62209
1761 -5.62501
1762 -5.63547
1763 -5.52423
1764 -5.48816
1765 -5.50575
1766 -5.4606
1767 -5.50278
1768 -5.51562
1769 -5.44879
1770 -5.45282
1771 -5.42478
1772 -5.54237
1773 -5.60206
1774 -5.52078
1775 -5.52943
1776 -5.57668
1777 -5.64672
1778 -5.61894
1779 -5.64293
1780 -5.65922
1781 -5.59962
1782 -5.56469
1783 -5.66947
1784 -5.68588
1785 -5.58641
1786 -5.64672
1787 -5.63412
1788 -5.6052
1789 -5.71997
1790 -5.63589
1791 -5.60467
1792 -5.58602
1793 -5.60658
1794 -5.61486
1795 -5.61231
1796 -5.63758
1797 -5.64615
1798 -5.64015
1799 -5.54343
1800 -5.61968
1801 -5.58518
1802 -5.52747
1803 -5.46205
1804 -5.49167
1805 -5.50933
1806 -5.58508
1807 -5.49497
1808 -5.48425
1809 -5.52848
1810 -5.41588
1811 -5.37973
1812 -5.4098
1813 -5.43981
1814 -5.49888
1815 -5.5579
1816 -5.48601
1817 -5.51044
1818 -5.52647
1819 -5.5404
1820 -5.6423
1821 -5.65693
1822 -5.56944
1823 -5.60648
1824 -5.6503
1825 -5.63608
1826 -5.57654
1827 -5.54667
1828 -5.58284
1829 -5.53142
1830 -5.50883
1831 -5.53683
1832 -5.55567
1833 -5.54767
1834 -5.5235
1835 -5.5205
1836 -5.54055
1837 -5.42953
1838 -5.46936
1839 -5.51699
1840 -5.53785
1841 -5.43836
1842 -5.39691
1843 -5.37341
1844 -5.4015
1845 -5.40156
1846 -5.38714
1847 -5.3962
1848 -5.37575
1849 -5.37831
1850 -5.41471
1851 -5.4613
1852 -5.4898
1853 -5.45264
1854 -5.50342
1855 -5.45719
1856 -5.46169
1857 -5.43483
1858 -5.54189
1859 -5.54579
1860 -5.58886
1861 -5.49842
1862 -5.41504
1863 -5.46859
1864 -5.3622
1865 -5.34418
1866 -5.42092
1867 -5.46417
1868 -5.56784
1869 -5.55507
1870 -5.50612
1871 -5.52638
1872 -5.4513
1873 -5.51399
1874 -5.42334
1875 -5.42652
1876 -5.53269
1877 -5.55158
1878 -5.56353
1879 -5.54039
1880 -5.57229
1881 -5.53659
1882 -5.49537
1883 -5.52435
1884 -5.49787
1885 -5.46301
1886 -5.44936
1887 -5.3819
1888 -5.36723
1889 -5.38858
1890 -5.36805
1891 -5.43732
1892 -5.57831
1893 -5.61796
1894 -5.62414
1895 -5.57875
1896 -5.56359
1897 -5.53488
1898 -5.48805
1899 -5.49538
1900 -5.54255
1901 -5.54594
1902 -5.56209
1903 -5.53463
1904 -5.52997
1905 -5.55834
1906 -5.60286
1907 -5.62925
1908 -5.66634
1909 -5.63355
1910 -5.6062
1911 -5.56977
1912 -5.4696
1913 -5.4985
1914 -5.5143
1915 -5.53761
1916 -5.52181
1917 -5.48267
1918 -5.45925
1919 -5.55183
1920 -5.59564
1921 -5.60188
1922 -5.56765
1923 -5.53433
1924 -5.49122
1925 -5.46233
1926 -5.46892
1927 -5.53158
1928 -5.55399
1929 -5.5518
1930 -5.46886
1931 -5.4601
1932 -5.50122
1933 -5.48833
1934 -5.49083
1935 -5.40309
1936 -5.45584
1937 -5.56509
1938 -5.53606
1939 -5.57262
1940 -5.57671
1941 -5.58984
1942 -5.48228
1943 -5.47592
1944 -5.54436
1945 -5.55102
1946 -5.54299
1947 -5.43963
1948 -5.42054
1949 -5.45403
1950 -5.50112
1951 -5.58259
1952 -5.59198
1953 -5.5849
1954 -5.49505
1955 -5.4745
1956 -5.42626
1957 -5.43984
1958 -5.43023
1959 -5.45231
1960 -5.50446
1961 -5.59324
1962 -5.57177
1963 -5.52922
1964 -5.59141
1965 -5.63107
1966 -5.58397
1967 -5.595
1968 -5.67529
1969 -5.67698
1970 -5.59227
1971 -5.59197
1972 -5.60285
1973 -5.60101
1974 -5.57975
1975 -5.50961
1976 -5.51612
1977 -5.55383
1978 -5.52483
1979 -5.5977
1980 -5.61397
1981 -5.61676
1982 -5.57968
1983 -5.45067
1984 -5.41204
1985 -5.47511
1986 -5.56203
1987 -5.48466
1988 -5.4532
1989 -5.49281
1990 -5.5009
1991 -5.5161
1992 -5.47706
1993 -5.47963
1994 -5.531
1995 -5.50296
1996 -5.4948
1997 -5.45782
1998 -5.49161
1999 -5.50399
2000 -5.54036
2001 -5.54738
2002 -5.67388
2003 -5.5867
2004 -5.65002
2005 -5.58509
2006 -5.55081
2007 -5.51443
2008 -5.54636
2009 -5.477
2010 -5.56302
2011 -5.55519
2012 -5.47976
2013 -5.41501
2014 -5.51278
2015 -5.48691
2016 -5.53684
2017 -5.56532
2018 -5.51316
2019 -5.49156
2020 -5.46585
2021 -5.45427
2022 -5.43228
2023 -5.42333
2024 -5.48166
2025 -5.40131
2026 -5.40053
2027 -5.41237
2028 -5.51784
2029 -5.62811
2030 -5.5893
2031 -5.57864
2032 -5.49466
2033 -5.51849
2034 -5.50952
2035 -5.47028
2036 -5.42816
2037 -5.47962
2038 -5.46504
2039 -5.4721
2040 -5.42512
2041 -5.37284
2042 -5.36801
2043 -5.50418
2044 -5.45624
2045 -5.53503
2046 -5.51608
2047 -5.47624
2048 -5.5603
2049 -5.47058
2050 -5.46055
2051 -5.50293
2052 -5.56339
2053 -5.61939
2054 -5.54353
2055 -5.54647
2056 -5.58091
2057 -5.58078
2058 -5.65532
2059 -5.62241
2060 -5.67463
2061 -5.67413
2062 -5.61448
2063 -5.503
2064 -5.55015
2065 -5.57755
2066 -5.52798
2067 -5.57603
2068 -5.62828
2069 -5.57867
2070 -5.53373
2071 -5.49178
2072 -5.50589
2073 -5.5152
2074 -5.44595
2075 -5.4612
2076 -5.52699
2077 -5.49702
2078 -5.58526
2079 -5.61539
2080 -5.55624
2081 -5.4916
2082 -5.46461
2083 -5.40806
2084 -5.46468
2085 -5.54037
2086 -5.5438
2087 -5.42641
2088 -5.40554
2089 -5.41285
2090 -5.21443
2091 -5.29451
2092 -5.32556
2093 -5.35345
2094 -5.3205
2095 -5.32931
2096 -5.43842
2097 -5.43692
2098 -5.45792
2099 -5.4043
2100 -5.31766
2101 -5.39898
2102 -5.45623
2103 -5.43819
2104 -5.32907
2105 -5.25443
2106 -5.23888
2107 -5.27611
2108 -5.36237
2109 -5.37538
2110 -5.37356
2111 -5.38814
2112 -5.48599
2113 -5.48288
2114 -5.37366
2115 -5.36576
2116 -5.27928
2117 -5.41041
2118 -5.4256
2119 -5.48641
2120 -5.37398
2121 -5.40579
2122 -5.31058
2123 -5.29845
2124 -5.26175
2125 -5.28839
2126 -5.24329
2127 -5.25801
2128 -5.34491
2129 -5.44153
2130 -5.40459
2131 -5.44516
2132 -5.52138
2133 -5.55215
2134 -5.5007
2135 -5.48809
2136 -5.47204
2137 -5.46155
2138 -5.40524
2139 -5.45906
2140 -5.37126
2141 -5.38382
2142 -5.42347
2143 -5.50256
2144 -5.46487
2145 -5.43384
2146 -5.46567
2147 -5.43328
2148 -5.513
2149 -5.51253
2150 -5.55817
2151 -5.51541
2152 -5.57377
2153 -5.50233
2154 -5.44369
2155 -5.53528
2156 -5.49264
2157 -5.50353
2158 -5.43459
2159 -5.45948
2160 -5.56224
2161 -5.50154
2162 -5.56629
2163 -5.58249
2164 -5.58918
2165 -5.5715
2166 -5.49314
2167 -5.55072
2168 -5.5463
2169 -5.5037
2170 -5.52738
2171 -5.58068
2172 -5.56651
2173 -5.59689
2174 -5.5591
2175 -5.59133
2176 -5.59583
2177 -5.51522
2178 -5.57967
2179 -5.59577
2180 -5.49916
2181 -5.43008
2182 -5.45905
2183 -5.42884
2184 -5.4104
2185 -5.41979
2186 -5.50698
2187 -5.38354
2188 -5.3543
2189 -5.4168
2190 -5.35157
2191 -5.38998
2192 -5.38142
2193 -5.3579
2194 -5.33142
2195 -5.37308
2196 -5.3448
2197 -5.44869
2198 -5.42373
2199 -5.43723
2200 -5.41885
2201 -5.37456
2202 -5.39661
2203 -5.43573
2204 -5.40825
2205 -5.43297
2206 -5.52595
2207 -5.6116
2208 -5.62988
2209 -5.61855
2210 -5.55025
2211 -5.57946
2212 -5.49543
2213 -5.52095
2214 -5.57849
2215 -5.47026
2216 -5.52031
2217 -5.45306
2218 -5.41276
2219 -5.37722
2220 -5.46926
2221 -5.42371
2222 -5.49008
2223 -5.48883
2224 -5.42777
2225 -5.32887
2226 -5.37579
2227 -5.4105
2228 -5.59015
2229 -5.49404
2230 -5.53762
2231 -5.49012
2232 -5.46909
2233 -5.45647
2234 -5.54835
2235 -5.47131
2236 -5.52886
2237 -5.49151
2238 -5.63367
2239 -5.54893
2240 -5.59143
2241 -5.50163
2242 -5.53551
2243 -5.53414
2244 -5.45656
2245 -5.51847
2246 -5.61553
2247 -5.59701
2248 -5.49958
2249 -5.51447
2250 -5.37212
2251 -5.41848
2252 -5.4204
2253 -5.57293
2254 -5.6168
2255 -5.58176
2256 -5.57626
2257 -5.58771
2258 -5.65882
2259 -5.69233
2260 -5.63972
2261 -5.571
2262 -5.52123
2263 -5.48169
2264 -5.47087
2265 -5.58006
2266 -5.63587
2267 -5.59824
2268 -5.6475
2269 -5.49843
2270 -5.56918
2271 -5.49866
2272 -5.46303
2273 -5.45565
2274 -5.55595
2275 -5.62579
2276 -5.57886
2277 -5.56846
2278 -5.4576
2279 -5.48022
2280 -5.47251
2281 -5.47831
2282 -5.61197
2283 -5.57756
2284 -5.49757
2285 -5.52336
2286 -5.54923
2287 -5.54865
2288 -5.5504
2289 -5.49631
2290 -5.56742
2291 -5.42477
2292 -5.48076
2293 -5.43875
2294 -5.38354
2295 -5.36512
2296 -5.49709
2297 -5.51312
2298 -5.49574
2299 -5.50805
2300 -5.52596
2301 -5.46673
2302 -5.43525
2303 -5.63456
2304 -5.57607
2305 -5.56088
2306 -5.59638
2307 -5.62731
2308 -5.56209
2309 -5.51985
2310 -5.51013
2311 -5.57079
2312 -5.49526
2313 -5.4645
2314 -5.45394
2315 -5.41736
2316 -5.34333
2317 -5.41611
2318 -5.4997
2319 -5.391
2320 -5.43683
2321 -5.38065
2322 -5.376
2323 -5.39153
2324 -5.39443
2325 -5.42785
2326 -5.38965
2327 -5.40694
2328 -5.38492
2329 -5.42636
2330 -5.33919
2331 -5.4715
2332 -5.47185
2333 -5.54627
2334 -5.50996
2335 -5.49385
2336 -5.4867
2337 -5.55402
2338 -5.58949
2339 -5.60951
2340 -5.58022
2341 -5.61078
2342 -5.63359
2343 -5.65556
2344 -5.68306
2345 -5.5909
2346 -5.50406
2347 -5.60605
2348 -5.59201
2349 -5.52891
2350 -5.53222
2351 -5.49958
2352 -5.45003
2353 -5.44689
2354 -5.54128
2355 -5.48447
2356 -5.54229
2357 -5.59618
2358 -5.49449
2359 -5.5972
2360 -5.49721
2361 -5.5222
2362 -5.52251
2363 -5.52158
2364 -5.57158
2365 -5.53378
2366 -5.63442
2367 -5.59535
2368 -5.59509
2369 -5.4983
2370 -5.45472
2371 -5.37905
2372 -5.43873
2373 -5.53648
2374 -5.49573
2375 -5.5089
2376 -5.54661
2377 -5.46437
2378 -5.48815
2379 -5.41223
2380 -5.36365
2381 -5.4006
2382 -5.42574
2383 -5.30293
2384 -5.44587
2385 -5.51819
2386 -5.53581
2387 -5.49245
2388 -5.45203
2389 -5.47326
2390 -5.45195
2391 -5.4266
2392 -5.44534
2393 -5.49416
2394 -5.51632
2395 -5.48175
2396 -5.5605
2397 -5.49979
2398 -5.53412
2399 -5.50716
2400 -5.48179
2401 -5.44872
2402 -5.49997
2403 -5.49147
2404 -5.53075
2405 -5.42292
2406 -5.39025
2407 -5.38938
2408 -5.46077
2409 -5.48058
2410 -5.39437
2411 -5.37189
2412 -5.56765
2413 -5.49306
2414 -5.4727
2415 -5.37894
2416 -5.3857
2417 -5.40323
2418 -5.49336
2419 -5.45994
2420 -5.37828
2421 -5.36281
2422 -5.49985
2423 -5.42243
2424 -5.43442
2425 -5.43712
2426 -5.54479
2427 -5.47515
2428 -5.52551
2429 -5.56539
2430 -5.60431
2431 -5.57802
2432 -5.56052
2433 -5.48332
2434 -5.44717
2435 -5.46445
2436 -5.40331
2437 -5.56738
2438 -5.47901
2439 -5.50528
2440 -5.48935
2441 -5.48569
2442 -5.53115
2443 -5.47726
2444 -5.58283
2445 -5.62287
2446 -5.64868
2447 -5.60621
2448 -5.62244
2449 -5.49699
2450 -5.55407
2451 -5.4478
2452 -5.37373
2453 -5.43716
2454 -5.44718
2455 -5.48481
2456 -5.48451
2457 -5.49719
2458 -5.47898
2459 -5.5735
2460 -5.50578
2461 -5.5578
2462 -5.50437
2463 -5.54377
2464 -5.47288
2465 -5.53753
2466 -5.56094
2467 -5.57041
2468 -5.60072
2469 -5.60131
2470 -5.55487
2471 -5.57469
2472 -5.50327
2473 -5.56723
2474 -5.50949
2475 -5.56233
2476 -5.54803
2477 -5.60617
2478 -5.57133
2479 -5.49552
2480 -5.51045
2481 -5.57147
2482 -5.53326
2483 -5.44807
2484 -5.38203
2485 -5.41166
2486 -5.45592
2487 -5.52842
2488 -5.47213
2489 -5.53181
2490 -5.50161
2491 -5.50394
2492 -5.52745
2493 -5.53952
2494 -5.42246
2495 -5.44401
2496 -5.51309
2497 -5.5242
2498 -5.56514
2499 -5.62287
2500 -5.50892
2501 -5.44685
2502 -5.44642
2503 -5.44603
2504 -5.41589
2505 -5.3677
2506 -5.33656
2507 -5.24013
2508 -5.33503
2509 -5.34981
2510 -5.32364
2511 -5.31801
2512 -5.34077
2513 -5.19603
2514 -5.31969
2515 -5.39739
2516 -5.46218
2517 -5.40447
2518 -5.46108
2519 -5.47168
2520 -5.50369
2521 -5.52969
2522 -5.48588
2523 -5.30859
2524 -5.40457
2525 -5.37747
2526 -5.38787
2527 -5.39431
2528 -5.44925
2529 -5.48001
2530 -5.47167
2531 -5.38462
2532 -5.29006
2533 -5.2096
2534 -5.34726
2535 -5.37667
2536 -5.34259
2537 -5.31135
2538 -5.22194
2539 -5.31949
2540 -5.29622
2541 -5.31392
2542 -5.36776
2543 -5.30027
2544 -5.39061
2545 -5.31437
2546 -5.31588
2547 -5.37148
2548 -5.38559
2549 -5.45825
2550 -5.43701
2551 -5.46936
2552 -5.50214
2553 -5.48672
2554 -5.49827
2555 -5.44385
2556 -5.44812
2557 -5.32115
2558 -5.23897
2559 -5.26407
2560 -5.35058
2561 -5.32532
2562 -5.30387
2563 -5.38388
2564 -5.31498
2565 -5.28816
2566 -5.29936
2567 -5.29219
2568 -5.23824
2569 -5.35455
2570 -5.33114
2571 -5.32961
2572 -5.34798
2573 -5.40631
2574 -5.36578
2575 -5.33967
2576 -5.46431
2577 -5.44173
2578 -5.41899
2579 -5.4005
2580 -5.43133
2581 -5.35832
2582 -5.28049
2583 -5.31423
2584 -5.2899
2585 -5.31546
2586 -5.17099
2587 -5.19037
2588 -5.23053
2589 -5.17387
2590 -5.23289
2591 -5.25876
2592 -5.17912
2593 -5.29768
2594 -5.3684
2595 -5.14489
2596 -5.10287
2597 -5.14403
2598 -5.18761
2599 -5.25098
2600 -5.25255
2601 -5.21277
2602 -5.30079
2603 -5.19882
2604 -5.33123
2605 -5.29811
2606 -5.38373
2607 -5.47954
2608 -5.5201
2609 -5.45836
2610 -5.48184
2611 -5.45098
2612 -5.43077
2613 -5.45728
2614 -5.43953
2615 -5.43175
2616 -5.56831
2617 -5.54206
2618 -5.40347
2619 -5.40863
2620 -5.45774
2621 -5.36215
2622 -5.42682
2623 -5.43085
2624 -5.31877
2625 -5.22628
2626 -5.27278
2627 -5.28647
2628 -5.2492
2629 -5.38351
2630 -5.31061
2631 -5.44203
2632 -5.42175
2633 -5.48071
2634 -5.44301
2635 -5.46489
2636 -5.4706
2637 -5.45714
2638 -5.54539
2639 -5.51999
2640 -5.55043
2641 -5.46698
2642 -5.34409
2643 -5.26116
2644 -5.32043
2645 -5.10359
2646 -5.24708
2647 -5.28854
2648 -5.24784
2649 -5.38784
2650 -5.42713
2651 -5.38384
2652 -5.37254
2653 -5.38584
2654 -5.38327
2655 -5.43194
2656 -5.40768
2657 -5.35582
2658 -5.34075
2659 -5.37861
2660 -5.33309
2661 -5.40133
2662 -5.44442
2663 -5.4539
2664 -5.45172
2665 -5.53527
2666 -5.41615
2667 -5.35387
2668 -5.43514
2669 -5.49434
2670 -5.51252
2671 -5.47606
2672 -5.46042
2673 -5.51788
2674 -5.46354
2675 -5.4467
2676 -5.35543
2677 -5.27812
2678 -5.30672
2679 -5.37148
2680 -5.28862
2681 -5.3691
2682 -5.37685
2683 -5.482
2684 -5.58702
2685 -5.56094
2686 -5.57015
2687 -5.58928
2688 -5.55038
2689 -5.50662
2690 -5.51375
2691 -5.57605
2692 -5.64972
2693 -5.68755
2694 -5.62752
2695 -5.68128
2696 -5.67591
2697 -5.58632
2698 -5.66649
2699 -5.60683
2700 -5.56647
2701 -5.57509
2702 -5.50099
2703 -5.5193
2704 -5.37715
2705 -5.37304
2706 -5.41034
2707 -5.37459
2708 -5.32468
2709 -5.37117
2710 -5.34809
2711 -5.49624
2712 -5.50927
2713 -5.52484
2714 -5.49934
2715 -5.50327
2716 -5.38036
2717 -5.46893
2718 -5.48537
2719 -5.58119
2720 -5.57741
2721 -5.61766
2722 -5.56634
2723 -5.55511
2724 -5.63929
2725 -5.62978
2726 -5.58886
2727 -5.55859
2728 -5.4901
2729 -5.34754
2730 -5.33341
2731 -5.33307
2732 -5.48548
2733 -5.43667
2734 -5.35802
2735 -5.37649
2736 -5.37806
2737 -5.34997
2738 -5.31577
2739 -5.34407
2740 -5.33014
2741 -5.4377
2742 -5.47429
2743 -5.53973
2744 -5.58169
2745 -5.53313
2746 -5.45008
2747 -5.44123
2748 -5.42478
2749 -5.35461
2750 -5.4307
2751 -5.50507
2752 -5.43679
2753 -5.5027
2754 -5.54574
2755 -5.55485
2756 -5.59269
2757 -5.51662
2758 -5.50542
2759 -5.47937
2760 -5.48935
2761 -5.4653
2762 -5.54561
2763 -5.60751
2764 -5.58437
2765 -5.64461
2766 -5.61891
2767 -5.60144
2768 -5.59958
2769 -5.66521
2770 -5.59456
2771 -5.62662
2772 -5.58175
2773 -5.58421
2774 -5.54312
2775 -5.52079
2776 -5.55485
2777 -5.51308
2778 -5.46534
2779 -5.39083
2780 -5.45248
2781 -5.52045
2782 -5.48019
2783 -5.49764
2784 -5.38275
2785 -5.33725
2786 -5.37872
2787 -5.37009
2788 -5.44951
2789 -5.44366
2790 -5.55503
2791 -5.61737
2792 -5.59379
2793 -5.55724
2794 -5.60518
2795 -5.59714
2796 -5.56831
2797 -5.61394
2798 -5.6098
2799 -5.59701
2800 -5.65101
2801 -5.66203
2802 -5.56005
2803 -5.55584
2804 -5.5597
2805 -5.53377
2806 -5.49763
2807 -5.44449
2808 -5.41092
2809 -5.36189
2810 -5.35657
2811 -5.37183
2812 -5.39268
2813 -5.46257
2814 -5.49028
2815 -5.49568
2816 -5.39186
2817 -5.36992
2818 -5.42097
2819 -5.48028
2820 -5.43835
2821 -5.36951
2822 -5.43963
2823 -5.50622
2824 -5.50853
2825 -5.32297
2826 -5.28699
2827 -5.38702
2828 -5.31286
2829 -5.33181
2830 -5.35304
2831 -5.30981
2832 -5.21205
2833 -5.29617
2834 -5.30086
2835 -5.35244
2836 -5.39013
2837 -5.43241
2838 -5.40611
2839 -5.42399
2840 -5.46174
2841 -5.37008
2842 -5.52228
2843 -5.46882
2844 -5.46016
2845 -5.38443
2846 -5.3979
2847 -5.31083
2848 -5.23249
2849 -5.36844
2850 -5.30848
2851 -5.35467
2852 -5.39597
2853 -5.38143
2854 -5.37255
2855 -5.31605
2856 -5.25994
2857 -5.35676
2858 -5.33311
2859 -5.36224
2860 -5.35166
2861 -5.44767
2862 -5.45655
2863 -5.4036
2864 -5.51504
2865 -5.47896
2866 -5.39873
2867 -5.37819
2868 -5.39855
2869 -5.27908
2870 -5.3898
2871 -5.42558
2872 -5.44957
2873 -5.40192
2874 -5.44617
2875 -5.50112
2876 -5.50948
2877 -5.40458
2878 -5.31556
2879 -5.34159
2880 -5.39916
2881 -5.32089
2882 -5.2519
2883 -5.34558
2884 -5.33549
2885 -5.28884
2886 -5.35462
2887 -5.30943
2888 -5.28289
2889 -5.32581
2890 -5.29804
2891 -5.32974
2892 -5.30636
2893 -5.35575
2894 -5.48378
2895 -5.53671
2896 -5.48535
2897 -5.62205
2898 -5.59047
2899 -5.59384
2900 -5.5958
2901 -5.6009
2902 -5.619
2903 -5.53692
2904 -5.54308
2905 -5.50655
2906 -5.44789
2907 -5.48408
2908 -5.53824
2909 -5.50985
2910 -5.46145
2911 -5.4388
2912 -5.41563
2913 -5.49237
2914 -5.62551
2915 -5.39838
2916 -5.45178
2917 -5.47047
2918 -5.37605
2919 -5.31939
2920 -5.367
2921 -5.29197
2922 -5.35312
2923 -5.47255
2924 -5.54731
2925 -5.50712
2926 -5.49188
2927 -5.50006
2928 -5.60034
2929 -5.54529
2930 -5.42971
2931 -5.4159
2932 -5.46997
2933 -5.45821
2934 -5.42705
2935 -5.45779
2936 -5.51822
2937 -5.36725
2938 -5.41223
2939 -5.45834
2940 -5.48903
2941 -5.38219
2942 -5.34548
2943 -5.39761
2944 -5.41877
2945 -5.49702
2946 -5.43372
2947 -5.38042
2948 -5.39545
2949 -5.40652
2950 -5.39696
2951 -5.38546
2952 -5.44148
2953 -5.5215
2954 -5.51786
2955 -5.61877
2956 -5.56115
2957 -5.45445
2958 -5.42928
2959 -5.43613
2960 -5.41911
2961 -5.43994
2962 -5.49524
2963 -5.50496
2964 -5.52463
2965 -5.56292
2966 -5.53567
2967 -5.50054
2968 -5.52559
2969 -5.45211
2970 -5.49923
2971 -5.54465
2972 -5.61642
2973 -5.59819
2974 -5.50657
2975 -5.40081
2976 -5.35512
2977 -5.35366
2978 -5.30061
2979 -5.22753
2980 -5.08664
2981 -5.16288
2982 -5.30249
2983 -5.23617
2984 -5.12255
2985 -5.18237
2986 -5.19458
2987 -5.23744
2988 -5.23764
2989 -5.21345
2990 -5.2129
2991 -5.18437
2992 -5.20931
2993 -5.19026
2994 -5.34444
2995 -5.32559
2996 -5.36773
2997 -5.39516
2998 -5.35032
2999 -5.44262
3000 -5.46061
