1 1.3143
2 1.26681
3 1.14632
4 0.658615
5 0.655691
6 0.854553
7 0.640334
8 0.95913
9 1.13555
10 1.49382
11 1.23425
12 1.03108
13 0.967037
14 1.13229
15 1.0978
16 0.974238
17 1.14259
18 0.768018
19 0.747308
20 0.998723
21 0.719984
22 0.656363
23 0.637415
24 0.776914
25 1.38127
26 1.52937
27 1.64592
28 1.47163
29 1.39534
30 1.23583
31 1.40288
32 1.07514
33 1.24865
34 1.30892
35 1.26745
36 1.37527
37 1.6358
38 1.12124
39 1.31467
40 1.38741
41 1.4805
42 1.51718
43 1.65285
44 1.19035
45 1.18437
46 1.02945
47 1.62898
48 1.356
49 1.33918
50 1.4514
51 1.60819
52 1.30788
53 1.33765
54 1.06787
55 1.24425
56 1.12027
57 1.4092
58 0.885354
59 0.930049
60 0.903446
61 1.27331
62 1.4074
63 1.60948
64 1.28921
65 0.729073
66 1.1079
67 1.00926
68 1.18962
69 1.13483
70 1.09761
71 1.72349
72 1.93363
73 2.12271
74 1.90801
75 2.15746
76 2.01865
77 2.40403
78 1.7299
79 1.81796
80 2.39028
81 2.49512
82 2.72946
83 2.04447
84 2.03049
85 1.62946
86 1.84349
87 2.34506
88 2.13991
89 2.04859
90 1.57934
91 1.6521
92 1.94101
93 2.02922
94 1.96637
95 1.7987
96 1.6058
97 1.37585
98 1.30788
99 1.06119
100 1.02882
101 1.21662
102 1.21888
103 1.55282
104 1.13947
105 1.12168
106 1.11691
107 0.802454
108 0.90038
109 0.758832
110 0.793716
111 0.979217
112 0.974475
113 1.16747
114 1.47348
115 1.27763
116 1.195
117 0.569733
118 0.695881
119 0.834729
120 0.679646
121 0.95648
122 1.26818
123 1.14555
124 0.673812
125 1.11104
126 1.15473
127 1.58206
128 1.91886
129 2.14308
130 2.55642
131 2.56115
132 2.214
133 2.01707
134 2.32333
135 2.773
136 2.57993
137 2.38173
138 2.20862
139 1.644
140 1.76634
141 1.89284
142 1.43994
143 1.35151
144 1.82215
145 1.40943
146 1.77627
147 1.57686
148 1.18566
149 1.57061
150 1.59326
151 1.88177
152 2.00631
153 2.12015
154 1.91942
155 2.37632
156 2.52569
157 2.05557
158 2.47727
159 2.68376
160 2.39643
161 2.64507
162 2.1537
163 2.30884
164 2.92012
165 2.37348
166 1.94892
167 1.91803
168 1.6259
169 1.38463
170 1.45056
171 1.18929
172 1.44661
173 1.43306
174 1.28699
175 1.61472
176 1.5705
177 1.27054
178 1.02743
179 1.05531
180 1.07494
181 1.28175
182 1.20308
183 1.26788
184 1.71831
185 1.47879
186 1.75455
187 1.7233
188 1.84042
189 1.99988
190 1.93334
191 2.07311
192 2.05148
193 1.71214
194 1.17395
195 1.26595
196 1.42888
197 0.890631
198 1.25141
199 1.54238
200 1.3
201 0.972156
202 1.03026
203 1.56521
204 1.69617
205 2.12835
206 2.0821
207 2.67131
208 2.72383
209 2.38406
210 1.80014
211 2.12957
212 1.91653
213 1.58649
214 2.04152
215 1.69246
216 1.62421
217 1.22667
218 1.24994
219 1.24179
220 0.987448
221 1.02975
222 1.23443
223 1.11511
224 1.58156
225 1.52911
226 1.55938
227 1.41642
228 0.987212
229 0.762983
230 1.02059
231 1.30349
232 1.37134
233 1.4335
234 1.66849
235 1.34715
236 1.15478
237 0.98633
238 1.16857
239 0.869209
240 0.846738
241 0.734697
242 0.474692
243 0.959415
244 1.07052
245 1.10016
246 1.39235
247 1.20174
248 0.712016
249 0.612681
250 0.722139
251 0.458699
252 0.457752
253 0.169339
254 -0.0809744
255 0.265759
256 0.513249
257 0.619133
258 0.726339
259 0.761806
260 0.542323
261 0.557072
262 0.505166
263 0.704192
264 0.731747
265 0.622823
266 0.576897
267 0.387809
268 0.264493
269 0.653922
270 0.69817
271 0.529191
272 0.606227
273 0.656864
274 0.696296
275 1.02022
276 0.781206
277 0.680295
278 1.06827
279 1.53647
280 1.59982
281 1.98594
282 2.41675
283 2.09541
284 1.76785
285 1.64218
286 1.30994
287 1.46337
288 1.64398
289 1.30711
290 1.46493
291 1.25213
292 1.26419
293 0.865391
294 1.03699
295 1.08715
296 0.98889
297 1.39581
298 0.901311
299 0.698922
300 1.04538
301 0.741465
302 0.41171
303 0.483231
304 0.470631
305 0.405432
306 0.411894
307 0.755599
308 0.963395
309 1.2269
310 1.34044
311 1.66898
312 1.82622
313 1.2093
314 1.25522
315 0.776577
316 1.30645
317 1.40597
318 1.77625
319 1.91054
320 1.38408
321 1.45544
322 1.35637
323 1.76265
324 1.86979
325 1.53451
326 1.66189
327 1.39539
328 1.32682
329 1.6474
330 1.5045
331 1.54703
332 1.56949
333 2.03957
334 2.02094
335 2.22459
336 2.20752
337 2.06834
338 2.40792
339 2.13226
340 1.93368
341 1.50935
342 1.06831
343 1.36889
344 1.76249
345 1.7243
346 1.74005
347 1.75805
348 1.70456
349 1.43464
350 1.47821
351 1.36289
352 1.72358
353 1.62163
354 1.05066
355 0.905851
356 1.32888
357 1.52472
358 1.41431
359 1.832
360 1.56666
361 1.71186
362 1.66868
363 1.71075
364 2.10397
365 2.19509
366 2.13071
367 2.15314
368 2.05521
369 1.83233
370 1.93231
371 1.98328
372 2.00484
373 2.31869
374 2.03884
375 2.14747
376 2.00831
377 2.47229
378 2.83751
379 2.69087
380 2.90248
381 2.45575
382 2.09775
383 2.07163
384 1.75092
385 0.984424
386 1.25727
387 1.59532
388 1.44227
389 1.41978
390 1.72247
391 1.72276
392 1.57615
393 1.65772
394 2.01243
395 1.93615
396 1.7771
397 1.85974
398 1.47941
399 0.998907
400 1.27344
401 1.55127
402 1.35038
403 0.804273
404 0.981294
405 0.856852
406 1.27591
407 1.26619
408 1.45179
409 1.5349
410 1.58284
411 1.66606
412 0.946749
413 1.08977
414 1.20503
415 1.34872
416 1.07316
417 2.23334
418 2.20672
419 1.95333
420 1.90781
421 1.40934
422 1.15786
423 1.13338
424 1.25944
425 0.9515
426 0.966858
427 0.816628
428 0.807188
429 1.11866
430 1.442
431 1.44738
432 1.33293
433 1.14554
434 1.15104
435 0.880692
436 0.824611
437 0.672994
438 0.706153
439 0.681675
440 0.84992
441 0.82717
442 1.01994
443 1.33418
444 1.44606
445 1.56058
446 1.46304
447 1.09158
448 0.744843
449 0.617463
450 0.85185
451 1.13131
452 1.43385
453 0.9558
454 1.06988
455 1.29121
456 0.915821
457 1.1129
458 1.0547
459 1.14423
460 0.8723
461 0.781098
462 0.928294
463 0.990001
464 1.25699
465 1.25454
466 1.55878
467 1.30054
468 1.70728
469 1.88116
470 1.26742
471 1.27494
472 1.69097
473 1.71606
474 1.53098
475 1.65558
476 1.40496
477 1.011
478 1.19328
479 1.07075
480 1.12876
481 0.796712
482 0.91052
483 1.05147
484 1.22667
485 1.34746
486 1.27694
487 1.14252
488 1.45466
489 1.58916
490 1.6352
491 1.43897
492 0.827141
493 0.723845
494 0.768237
495 1.11727
496 1.21083
497 1.17954
498 1.32267
499 1.02718
500 1.30311
501 1.47531
502 1.54476
503 1.43994
504 1.44014
505 1.56012
506 1.40481
507 1.13042
508 1.31896
509 1.2874
510 1.28956
511 1.43428
512 1.26728
513 1.50183
514 1.54262
515 1.26768
516 1.24149
517 1.02906
518 0.852812
519 1.08238
520 0.898495
521 0.953606
522 1.21815
523 1.24251
524 1.19575
525 1.23676
526 0.944012
527 0.970603
528 1.24876
529 1.0802
530 1.18765
531 1.42638
532 1.37597
533 1.26185
534 1.24762
535 1.68948
536 1.87342
537 1.94055
538 1.95801
539 2.05398
540 1.84243
541 1.55583
542 1.67803
543 1.56474
544 1.66682
545 1.50048
546 1.51595
547 1.69878
548 1.87681
549 2.16765
550 1.90412
551 1.73135
552 1.87384
553 1.39879
554 1.93823
555 1.80345
556 1.51222
557 2.14975
558 1.54369
559 1.14039
560 1.2342
561 1.11469
562 0.765092
563 0.922042
564 1.16187
565 1.03432
566 0.917318
567 0.944997
568 1.12225
569 1.15243
570 1.63748
571 1.70317
572 1.1864
573 0.917652
574 0.994679
575 1.33047
576 0.960823
577 1.14552
578 1.13451
579 1.26981
580 1.23474
581 1.52936
582 1.67923
583 1.77891
584 1.32944
585 1.61893
586 1.57367
587 1.90182
588 1.60456
589 1.57546
590 1.71082
591 1.64088
592 1.42229
593 1.5562
594 1.59471
595 1.9504
596 1.56616
597 1.59818
598 1.63475
599 1.73782
600 2.08065
601 1.94411
602 1.80326
603 1.51539
604 1.63029
605 1.74335
606 2.07574
607 2.13164
608 2.13165
609 2.62067
610 2.06147
611 2.13039
612 1.8411
613 1.91099
614 1.54636
615 1.74315
616 1.61397
617 1.83738
618 2.13556
619 1.92063
620 2.16905
621 2.08254
622 1.70231
623 1.20429
624 0.93442
625 1.13607
626 1.55217
627 1.50069
628 1.54213
629 1.51598
630 1.60962
631 2.01741
632 1.92502
633 2.00193
634 1.68677
635 1.42293
636 1.46704
637 1.62327
638 1.63479
639 2.10271
640 2.17148
641 2.21803
642 1.53925
643 1.27418
644 1.73999
645 2.04642
646 1.9253
647 1.83532
648 1.44204
649 1.77657
650 1.55018
651 1.07803
652 1.17716
653 1.2053
654 1.28196
655 1.78458
656 1.6058
657 1.79935
658 1.94646
659 1.82823
660 1.86153
661 2.39853
662 2.28313
663 2.12676
664 1.83473
665 2.14849
666 2.1365
667 2.19221
668 2.09474
669 1.45185
670 1.36262
671 1.18525
672 1.06157
673 1.22254
674 1.09015
675 1.73692
676 1.52598
677 1.4839
678 1.08027
679 1.13424
680 1.50163
681 1.60053
682 1.05905
683 1.44141
684 1.55034
685 1.60062
686 1.6192
687 1.63703
688 1.47905
689 1.51478
690 1.32462
691 1.6719
692 1.52043
693 1.45227
694 0.818195
695 0.851471
696 0.989012
697 1.07556
698 1.16114
699 1.39263
700 1.49602
701 1.51013
702 1.58216
703 1.44418
704 1.36617
705 1.49665
706 1.55318
707 1.54554
708 1.22577
709 1.72056
710 1.90509
711 1.80333
712 1.91941
713 1.69312
714 1.51595
715 1.61304
716 1.47121
717 1.43145
718 1.45645
719 1.25673
720 1.22667
721 1.34152
722 1.06601
723 1.4925
724 1.80554
725 2.10738
726 2.10072
727 1.6108
728 1.97995
729 1.84674
730 1.78147
731 1.69466
732 1.51958
733 1.79706
734 1.37841
735 1.51249
736 1.36029
737 1.31837
738 1.35916
739 1.34279
740 1.65288
741 1.39347
742 1.38685
743 1.37971
744 1.11854
745 1.45677
746 1.17176
747 1.87542
748 1.67059
749 1.68174
750 2.1084
751 2.00534
752 2.04527
753 1.83025
754 1.49809
755 1.42598
756 1.17285
757 1.25855
758 1.29193
759 1.40387
760 1.48358
761 1.47537
762 1.49055
763 2.17556
764 1.81024
765 1.93492
766 2.05185
767 1.87558
768 1.81842
769 2.04992
770 2.06716
771 2.06868
772 2.4661
773 2.12567
774 1.59843
775 1.51134
776 1.55114
777 1.55422
778 1.27864
779 1.01588
780 1.04915
781 1.49213
782 1.46334
783 1.51714
784 1.48322
785 1.66386
786 1.98286
787 1.45782
788 1.70066
789 1.6281
790 1.47689
791 1.68827
792 1.97623
793 1.76839
794 1.48958
795 1.6673
796 1.21704
797 1.09909
798 1.22522
799 1.74923
800 1.55198
801 2.03248
802 1.69195
803 1.72795
804 1.54373
805 1.33691
806 1.476
807 1.62113
808 1.43217
809 1.64807
810 1.58048
811 2.03514
812 1.56958
813 1.96902
814 1.72246
815 1.7723
816 1.95261
817 2.17627
818 2.10479
819 2.31444
820 1.99747
821 1.9135
822 1.74087
823 1.99997
824 2.09812
825 2.2211
826 2.34245
827 2.13467
828 2.19923
829 2.36392
830 2.51771
831 2.16022
832 2.38964
833 2.15331
834 2.09704
835 2.00038
836 2.19294
837 2.30346
838 2.40207
839 2.11798
840 2.04491
841 2.14451
842 2.29949
843 1.90396
844 2.04761
845 2.00458
846 1.87029
847 1.89191
848 2.348
849 1.72544
850 1.57461
851 1.66368
852 1.78186
853 1.97174
854 1.59787
855 1.75913
856 1.76804
857 1.73487
858 1.52605
859 1.67368
860 1.61812
861 1.756
862 1.96539
863 2.239
864 1.67633
865 1.95427
866 2.06759
867 2.23224
868 1.90898
869 1.83278
870 2.16166
871 1.96155
872 1.94444
873 1.76701
874 1.77373
875 1.5454
876 1.76898
877 1.55942
878 2.03779
879 1.78306
880 2.07152
881 2.4111
882 2.33942
883 1.78651
884 1.70761
885 1.73996
886 2.02152
887 2.06334
888 2.09879
889 1.8567
890 1.88534
891 2.10585
892 2.30575
893 2.03468
894 1.96442
895 2.05703
896 2.34826
897 2.07957
898 1.89703
899 2.02292
900 2.68396
901 2.4644
902 2.32249
903 2.12024
904 2.00118
905 1.98909
906 1.87281
907 2.20953
908 2.10258
909 2.09823
910 2.05959
911 2.06091
912 2.37516
913 2.43461
914 2.15905
915 2.20444
916 2.09295
917 2.24535
918 2.32857
919 2.19813
920 1.70028
921 1.9793
922 2.11497
923 1.56747
924 1.71329
925 2.03638
926 1.70949
927 1.54958
928 1.70922
929 1.95731
930 1.83865
931 1.97465
932 1.98016
933 2.42222
934 2.59857
935 2.67979
936 2.5385
937 2.40281
938 2.28894
939 2.32061
940 2.1611
941 2.33357
942 1.94593
943 1.33358
944 1.46005
945 1.44224
946 1.68419
947 1.61812
948 1.67382
949 1.51178
950 1.99123
951 2.06575
952 1.95512
953 1.92311
954 2.12616
955 1.77361
956 1.47576
957 1.18509
958 1.50185
959 1.56906
960 1.18823
961 1.20006
962 1.05927
963 0.826746
964 0.848224
965 1.20322
966 1.28777
967 1.36016
968 1.31829
969 1.23937
970 1.29987
971 1.03313
972 1.18462
973 1.49422
974 1.61715
975 1.73572
976 1.891
977 1.63797
978 1.63888
979 1.83078
980 1.31777
981 0.891068
982 0.604372
983 1.06111
984 1.22922
985 1.49058
986 1.27929
987 1.05798
988 1.48919
989 1.8034
990 2.0587
991 1.88479
992 1.77562
993 1.53513
994 1.74123
995 1.75146
996 1.80303
997 1.5821
998 2.41295
999 1.75536
1000 1.53482
1001 1.81925
1002 1.7903
1003 2.01594
1004 2.01132
1005 2.09139
1006 1.96525
1007 2.06434
1008 1.59362
1009 2.19757
1010 1.99624
1011 1.7975
1012 1.67771
1013 1.55335
1014 1.5046
1015 1.45775
1016 1.34004
1017 1.44222
1018 1.13147
1019 1.41419
1020 1.54805
1021 1.82824
1022 1.99846
1023 1.60371
1024 1.68833
1025 1.19697
1026 1.20421
1027 1.7925
1028 1.7847
1029 1.7254
1030 1.80199
1031 1.78657
1032 1.49434
1033 1.45335
1034 1.55667
1035 1.73844
1036 1.93231
1037 2.02358
1038 1.82896
1039 1.71259
1040 1.41871
1041 1.64998
1042 1.70705
1043 1.68527
1044 1.55851
1045 1.64815
1046 1.19561
1047 1.27385
1048 1.14592
1049 1.13531
1050 0.853348
1051 1.33092
1052 1.70641
1053 1.68787
1054 2.01119
1055 2.11894
1056 1.91823
1057 1.61355
1058 1.8765
1059 1.77048
1060 1.93341
1061 1.64846
1062 1.34953
1063 1.18936
1064 1.5345
1065 1.61455
1066 1.60524
1067 1.5484
1068 1.52234
1069 1.42427
1070 1.59423
1071 1.70559
1072 1.6329
1073 1.37782
1074 1.10009
1075 0.74711
1076 0.501931
1077 0.987789
1078 1.27973
1079 2.14348
1080 1.64452
1081 1.86521
1082 1.95421
1083 1.86
1084 2.2006
1085 2.02704
1086 2.0912
1087 1.58971
1088 1.24447
1089 1.39806
1090 1.16735
1091 1.46404
1092 1.4409
1093 1.42735
1094 1.33883
1095 0.971858
1096 0.452237
1097 0.68561
1098 0.395199
1099 0.846073
1100 0.553669
1101 0.549076
1102 0.575491
1103 1.19661
1104 1.29464
1105 1.43569
1106 0.808195
1107 0.815782
1108 1.05731
1109 1.23537
1110 0.897555
1111 0.967809
1112 1.2486
1113 1.50415
1114 1.53466
1115 1.76457
1116 1.62648
1117 2.05706
1118 1.87727
1119 2.72386
1120 2.26125
1121 2.13115
1122 2.17908
1123 2.37592
1124 2.16058
1125 2.29076
1126 1.90594
1127 1.69813
1128 1.80867
1129 1.67381
1130 1.4588
1131 1.41118
1132 1.25674
1133 1.39223
1134 1.62661
1135 1.389
1136 1.60537
1137 1.50704
1138 1.4011
1139 1.58895
1140 1.81855
1141 1.89141
1142 1.63474
1143 1.43056
1144 1.31199
1145 1.58067
1146 1.85465
1147 1.95374
1148 1.90623
1149 1.73569
1150 1.4117
1151 0.95622
1152 0.826161
1153 0.594253
1154 0.911072
1155 1.03484
1156 1.27657
1157 0.929626
1158 0.748471
1159 1.01954
1160 0.720213
1161 0.56193
1162 0.346676
1163 0.506799
1164 0.461267
1165 1.19644
1166 0.973927
1167 0.961316
1168 0.61116
1169 0.328851
1170 0.671409
1171 0.597358
1172 0.246091
1173 0.293609
1174 0.156285
1175 0.382711
1176 0.59756
1177 0.547344
1178 0.809386
1179 1.04896
1180 1.19727
1181 0.776324
1182 0.861116
1183 1.11918
1184 1.18765
1185 1.31574
1186 1.02188
1187 1.17211
1188 0.97403
1189 0.818371
1190 0.901077
1191 0.734681
1192 0.840171
1193 0.609221
1194 0.97088
1195 0.518752
1196 0.43892
1197 0.601676
1198 0.596341
1199 0.272941
1200 0.370641
1201 0.17877
1202 0.202262
1203 0.189063
1204 0.270809
1205 0.627786
1206 0.686824
1207 0.441434
1208 0.67734
1209 0.489347
1210 0.520805
1211 0.737972
1212 0.860114
1213 0.544339
1214 0.391908
1215 0.591583
1216 0.486859
1217 0.785397
1218 1.00071
1219 0.854264
1220 1.17299
1221 1.08336
1222 0.842991
1223 0.853148
1224 1.06677
1225 1.55226
1226 1.78739
1227 1.65804
1228 1.78612
1229 2.06173
1230 1.37706
1231 1.26474
1232 0.979841
1233 0.929263
1234 1.26903
1235 1.7721
1236 1.37259
1237 1.62477
1238 2.09013
1239 1.39804
1240 1.185
1241 1.54
1242 1.38392
1243 1.65689
1244 1.70113
1245 1.92216
1246 1.9277
1247 1.73657
1248 1.6379
1249 1.45443
1250 1.1412
1251 1.19721
1252 1.10107
1253 1.57815
1254 1.52085
1255 1.50253
1256 1.05751
1257 0.992879
1258 1.18605
1259 1.59063
1260 1.30657
1261 1.69465
1262 1.92641
1263 1.70785
1264 1.5571
1265 1.57087
1266 1.59517
1267 1.69065
1268 2.48427
1269 2.59339
1270 2.28787
1271 1.86194
1272 1.9936
1273 1.90674
1274 1.89657
1275 1.69577
1276 2.19699
1277 2.09076
1278 2.26525
1279 2.24146
1280 1.77001
1281 1.53468
1282 1.57673
1283 1.52684
1284 1.76553
1285 1.18591
1286 1.38599
1287 1.32398
1288 1.50088
1289 1.71379
1290 1.28026
1291 1.29675
1292 1.95976
1293 1.87266
1294 1.99715
1295 1.76922
1296 1.64932
1297 2.01828
1298 2.01199
1299 1.79321
1300 1.85239
1301 1.69852
1302 1.72202
1303 1.84674
1304 1.8297
1305 1.47104
1306 1.12213
1307 1.4092
1308 1.57424
1309 1.85363
1310 1.69417
1311 1.37913
1312 1.25729
1313 1.61088
1314 1.46474
1315 1.40731
1316 1.25781
1317 1.30651
1318 1.78498
1319 1.88548
1320 1.23964
1321 1.45197
1322 1.57005
1323 1.27319
1324 1.09161
1325 0.939929
1326 0.788018
1327 0.920475
1328 0.849272
1329 0.939118
1330 0.957126
1331 0.815616
1332 1.4946
1333 1.68533
1334 1.73454
1335 1.93145
1336 1.59346
1337 1.64123
1338 1.7477
1339 1.38788
1340 0.800681
1341 1.4256
1342 1.88454
1343 1.76209
1344 1.20218
1345 1.26428
1346 1.28511
1347 1.01334
1348 1.05336
1349 1.07104
1350 1.33981
1351 1.10218
1352 1.33362
1353 1.56206
1354 1.33596
1355 1.46547
1356 1.70374
1357 1.54807
1358 1.6836
1359 1.50277
1360 1.72608
1361 1.63731
1362 1.94235
1363 1.7698
1364 2.37328
1365 2.47515
1366 2.18297
1367 2.09432
1368 1.82224
1369 2.11562
1370 1.90818
1371 1.64925
1372 1.97743
1373 1.91543
1374 1.53173
1375 1.21794
1376 1.61757
1377 1.40475
1378 1.46059
1379 1.45169
1380 1.4482
1381 1.03521
1382 1.17308
1383 1.00546
1384 0.836115
1385 0.524953
1386 1.05969
1387 1.0865
1388 1.21056
1389 1.60774
1390 1.75782
1391 1.63863
1392 1.47113
1393 1.25817
1394 1.63696
1395 1.96596
1396 1.61544
1397 1.48395
1398 1.25106
1399 1.32593
1400 1.23337
1401 1.44719
1402 1.394
1403 1.25112
1404 1.71597
1405 1.65338
1406 1.57923
1407 1.87109
1408 1.68435
1409 1.21227
1410 1.44696
1411 1.32822
1412 0.970738
1413 0.891453
1414 0.981613
1415 0.955088
1416 0.905464
1417 1.02089
1418 1.21183
1419 1.35611
1420 1.25516
1421 1.56492
1422 1.51963
1423 1.22742
1424 1.34827
1425 1.48509
1426 1.57908
1427 1.71487
1428 1.4168
1429 1.64866
1430 1.56633
1431 1.38193
1432 1.81056
1433 2.25149
1434 2.18228
1435 1.7611
1436 1.85448
1437 2.27443
1438 2.12103
1439 1.53164
1440 1.17945
1441 0.8003
1442 0.94947
1443 1.24208
1444 0.65854
1445 0.925993
1446 1.1613
1447 1.3663
1448 1.19401
1449 1.25654
1450 1.1955
1451 1.90322
1452 1.99068
1453 1.84649
1454 1.74893
1455 1.42781
1456 1.63609
1457 1.57777
1458 1.2911
1459 1.35513
1460 1.66037
1461 1.71488
1462 1.74247
1463 1.62661
1464 1.78128
1465 1.47413
1466 1.92002
1467 2.25512
1468 2.15096
1469 1.95904
1470 1.89856
1471 1.77603
1472 2.04025
1473 1.92857
1474 1.40574
1475 1.28449
1476 1.46092
1477 1.54093
1478 1.81485
1479 2.04949
1480 1.95149
1481 2.28121
1482 2.05163
1483 1.82202
1484 2.09899
1485 1.68782
1486 1.79355
1487 2.04857
1488 1.70158
1489 1.62523
1490 1.5526
1491 1.7127
1492 1.81036
1493 1.40645
1494 1.90048
1495 2.14931
1496 1.77796
1497 1.95351
1498 1.89956
1499 1.41353
1500 1.79467
1501 2.02593
1502 1.94089
1503 1.83411
1504 1.62074
1505 1.40718
1506 1.4274
1507 0.764442
1508 0.698945
1509 0.374033
1510 0.0533538
1511 0.224897
1512 0.328886
1513 0.785369
1514 0.655255
1515 0.585675
1516 0.789156
1517 1.07939
1518 0.806149
1519 0.987472
1520 0.971643
1521 0.836895
1522 0.804203
1523 0.466422
1524 0.601402
1525 0.687725
1526 0.859483
1527 0.777995
1528 0.898277
1529 1.11713
1530 0.92192
1531 1.18142
1532 1.13669
1533 0.786839
1534 0.654932
1535 0.687835
1536 0.859059
1537 0.568439
1538 0.685061
1539 0.754886
1540 0.993212
1541 0.993216
1542 1.44231
1543 1.18733
1544 1.09082
1545 0.853662
1546 1.86239
1547 1.48973
1548 1.18605
1549 0.836371
1550 1.20505
1551 1.32823
1552 1.42286
1553 1.27292
1554 1.01378
1555 1.36289
1556 1.04686
1557 1.07144
1558 0.511505
1559 0.379972
1560 0.627295
1561 0.925331
1562 1.18592
1563 1.02792
1564 1.13774
1565 1.34823
1566 1.69524
1567 1.72421
1568 1.3876
1569 0.627737
1570 0.865853
1571 0.853948
1572 0.729968
1573 0.851157
1574 1.24988
1575 0.841872
1576 0.626281
1577 0.868042
1578 1.11262
1579 0.88318
1580 0.621223
1581 0.877708
1582 1.0712
1583 1.54319
1584 1.34332
1585 1.47122
1586 1.38911
1587 1.52906
1588 1.75475
1589 1.82407
1590 1.70247
1591 1.59136
1592 1.34528
1593 1.3165
1594 0.839887
1595 0.914291
1596 1.51586
1597 1.31448
1598 1.76627
1599 1.49359
1600 1.2435
1601 1.4293
1602 1.3805
1603 1.45668
1604 1.35703
1605 1.66767
1606 1.68201
1607 1.33621
1608 1.04703
1609 1.1449
1610 1.46928
1611 1.91328
1612 1.62673
1613 1.50301
1614 1.76077
1615 1.42309
1616 1.24396
1617 1.49536
1618 1.70665
1619 1.69872
1620 1.93185
1621 1.77266
1622 1.81487
1623 1.8406
1624 1.67787
1625 1.58118
1626 1.94501
1627 1.76749
1628 1.05783
1629 0.766872
1630 0.917727
1631 1.32572
1632 1.38301
1633 0.897377
1634 1.05805
1635 1.40653
1636 1.5855
1637 1.69714
1638 1.77479
1639 1.59104
1640 1.39628
1641 1.3711
1642 1.29807
1643 1.37636
1644 1.21599
1645 1.33836
1646 1.57038
1647 1.65831
1648 1.59115
1649 1.60437
1650 2.15117
1651 1.67302
1652 1.8122
1653 1.80182
1654 1.67565
1655 1.2504
1656 1.05423
1657 1.00582
1658 1.38221
1659 2.02415
1660 1.71248
1661 1.71669
1662 1.68926
1663 1.31754
1664 1.10948
1665 1.26948
1666 1.39988
1667 1.33179
1668 1.67867
1669 1.84083
1670 1.57358
1671 1.25787
1672 1.27992
1673 1.2352
1674 0.89511
1675 0.798859
1676 0.850164
1677 0.751065
1678 0.0846064
1679 0.0771046
1680 0.655599
1681 0.327066
1682 0.543918
1683 0.888507
1684 1.41406
1685 1.19124
1686 0.937538
1687 0.833248
1688 1.09115
1689 0.766552
1690 0.964993
1691 1.07297
1692 1.43571
1693 1.50086
1694 1.86647
1695 1.31358
1696 1.2813
1697 1.59314
1698 1.22609
1699 1.27746
1700 0.985769
1701 0.813592
1702 0.647601
1703 0.55358
1704 0.874289
1705 1.40097
1706 1.02979
1707 1.61444
1708 1.39601
1709 1.10522
1710 1.10778
1711 1.26905
1712 1.34739
1713 0.873731
1714 0.696759
1715 0.701186
1716 0.723048
1717 0.846434
1718 0.66938
1719 0.506601
1720 0.354485
1721 0.476707
1722 0.117678
1723 0.405418
1724 0.791253
1725 1.33786
1726 0.874905
1727 1.10677
1728 1.39584
1729 1.82342
1730 1.89421
1731 1.77151
1732 1.06866
1733 1.03101
1734 1.02432
1735 1.18476
1736 0.955576
1737 0.797931
1738 0.816342
1739 0.95961
1740 1.57553
1741 1.85377
1742 1.47328
1743 1.44147
1744 1.40608
1745 1.59775
1746 1.33381
1747 1.37286
1748 0.945754
1749 0.318296
1750 0.527769
1751 0.912604
1752 1.01081
1753 1.28179
1754 1.10447
1755 0.911809
1756 1.26411
1757 1.21686
1758 0.494113
1759 0.432288
1760 0.623264
1761 0.556355
1762 0.541206
1763 1.03665
1764 1.20376
1765 1.00792
1766 1.24448
1767 1.06826
1768 0.980897
1769 1.32956
1770 1.31603
1771 1.43654
1772 0.835589
1773 0.580373
1774 0.896301
1775 0.889295
1776 0.778539
1777 0.555297
1778 0.645558
1779 0.580089
1780 0.551525
1781 0.78337
1782 0.937321
1783 0.502866
1784 0.35055
1785 0.783805
1786 0.621148
1787 0.60031
1788 0.811402
1789 0.333017
1790 0.685399
1791 0.793636
1792 0.846742
1793 0.687173
1794 0.600489
1795 0.745857
1796 0.536827
1797 0.494799
1798 0.620249
1799 1.08545
1800 0.677095
1801 0.816644
1802 0.96072
1803 1.24475
1804 1.01497
1805 0.996343
1806 0.73437
1807 1.10636
1808 1.10593
1809 0.90321
1810 1.33758
1811 1.54503
1812 1.38167
1813 1.26009
1814 1.0248
1815 0.766565
1816 1.10988
1817 1.04822
1818 1.00242
1819 0.939303
1820 0.418766
1821 0.391028
1822 0.785714
1823 0.608059
1824 0.415688
1825 0.517947
1826 0.839789
1827 0.90193
1828 0.807443
1829 1.06043
1830 1.20165
1831 1.04451
1832 1.04494
1833 1.12099
1834 1.20326
1835 1.20238
1836 1.02146
1837 1.53332
1838 1.41891
1839 1.32775
1840 1.15232
1841 1.51839
1842 1.70792
1843 1.7879
1844 1.66465
1845 1.66965
1846 1.78082
1847 1.73722
1848 1.79137
1849 1.80007
1850 1.60933
1851 1.46514
1852 1.2808
1853 1.42597
1854 1.2477
1855 1.44239
1856 1.37913
1857 1.48111
1858 1.02291
1859 1.01653
1860 0.861818
1861 1.29156
1862 1.59644
1863 1.44628
1864 1.96628
1865 2.04481
1866 1.63228
1867 1.39239
1868 0.867773
1869 1.00228
1870 1.15171
1871 1.00333
1872 1.22411
1873 1.0166
1874 1.41211
1875 1.41093
1876 0.882829
1877 0.783257
1878 0.749439
1879 0.875474
1880 0.743265
1881 0.880131
1882 0.981533
1883 0.963868
1884 1.08213
1885 1.1721
1886 1.21565
1887 1.55778
1888 1.63732
1889 1.48172
1890 1.54641
1891 1.20798
1892 0.663466
1893 0.57879
1894 0.612339
1895 0.800328
1896 0.822378
1897 0.901046
1898 1.00258
1899 0.983637
1900 0.826828
1901 0.794171
1902 0.797719
1903 0.944803
1904 0.946138
1905 0.772407
1906 0.633059
1907 0.485928
1908 0.354475
1909 0.458384
1910 0.626572
1911 0.733129
1912 1.19173
1913 1.19544
1914 1.09869
1915 0.957162
1916 1.07181
1917 1.20806
1918 1.28906
1919 0.85901
1920 0.75322
1921 0.694921
1922 0.925563
1923 1.04352
1924 1.27435
1925 1.40354
1926 1.33809
1927 1.10505
1928 0.996859
1929 1.12225
1930 1.46373
1931 1.36822
1932 1.28453
1933 1.35164
1934 1.39086
1935 1.70152
1936 1.4267
1937 1.02465
1938 1.11316
1939 0.849104
1940 0.864596
1941 0.826882
1942 1.32694
1943 1.32178
1944 0.975478
1945 0.954645
1946 1.04989
1947 1.50775
1948 1.62476
1949 1.5311
1950 1.29911
1951 0.855662
1952 0.792957
1953 0.817706
1954 1.22701
1955 1.36757
1956 1.47442
1957 1.36275
1958 1.45438
1959 1.28966
1960 1.16834
1961 0.763198
1962 0.824059
1963 1.0389
1964 0.790087
1965 0.620501
1966 0.690109
1967 0.790216
1968 0.380132
1969 0.45373
1970 0.867713
1971 0.822336
1972 0.753868
1973 0.734827
1974 0.813157
1975 1.18173
1976 1.13319
1977 0.899531
1978 1.07234
1979 0.797572
1980 0.616926
1981 0.615881
1982 0.785411
1983 1.27689
1984 1.51993
1985 1.26044
1986 0.874074
1987 1.18817
1988 1.32239
1989 1.2057
1990 1.21359
1991 1.06027
1992 1.1778
1993 1.15691
1994 0.935434
1995 1.02721
1996 1.06145
1997 1.24688
1998 1.12267
1999 1.09214
2000 0.931597
2001 0.825012
2002 0.267609
2003 0.601183
2004 0.311743
2005 0.542046
2006 0.794151
2007 1.01533
2008 0.924244
2009 1.26447
2010 0.992451
2011 1.05083
2012 1.3289
2013 1.61075
2014 1.19897
2015 1.28991
2016 1.15756
2017 1.06822
2018 1.28395
2019 1.41456
2020 1.48385
2021 1.56261
2022 1.6012
2023 1.61709
2024 1.26838
2025 1.65024
2026 1.62382
2027 1.497
2028 1.10486
2029 0.568506
2030 0.714718
2031 0.757611
2032 1.12208
2033 1.02068
2034 1.10121
2035 1.28415
2036 1.47618
2037 1.23132
2038 1.3296
2039 1.30164
2040 1.51549
2041 1.79267
2042 1.87164
2043 1.22535
2044 1.43677
2045 1.06008
2046 1.08179
2047 1.25931
2048 0.829968
2049 1.22571
2050 1.14415
2051 0.909851
2052 0.735523
2053 0.568982
2054 0.986275
2055 0.942573
2056 0.787925
2057 0.774695
2058 0.515623
2059 0.587885
2060 0.338897
2061 0.416362
2062 0.691692
2063 1.02949
2064 0.84105
2065 0.779646
2066 0.962124
2067 0.743409
2068 0.566727
2069 0.797389
2070 0.918611
2071 1.12885
2072 1.05637
2073 1.00199
2074 1.31229
2075 1.27496
2076 1.01142
2077 1.04121
2078 0.714363
2079 0.659269
2080 0.932349
2081 1.16511
2082 1.43391
2083 1.67838
2084 1.4296
2085 1.07514
2086 1.13986
2087 1.63815
2088 1.73153
2089 1.70111
2090 2.61733
2091 2.24738
2092 2.04405
2093 1.98493
2094 2.0676
2095 1.96126
2096 1.57479
2097 1.5635
2098 1.50905
2099 1.67259
2100 2.14812
2101 1.83203
2102 1.56708
2103 1.72903
2104 2.21079
2105 2.51953
2106 2.58093
2107 2.42921
2108 1.9828
2109 1.969
2110 1.96913
2111 1.76132
2112 1.38342
2113 1.29674
2114 1.76215
2115 1.80298
2116 2.1434
2117 1.55206
2118 1.61286
2119 1.36153
2120 1.83904
2121 1.67626
2122 2.10076
2123 2.1285
2124 2.29812
2125 2.21145
2126 2.45127
2127 2.41833
2128 2.04383
2129 1.58275
2130 1.60752
2131 1.52312
2132 1.1922
2133 0.935487
2134 1.22638
2135 1.29187
2136 1.33046
2137 1.34923
2138 1.54744
2139 1.37955
2140 1.79055
2141 1.70919
2142 1.58004
2143 1.17085
2144 1.40177
2145 1.46411
2146 1.34417
2147 1.45419
2148 1.04377
2149 1.06148
2150 0.853135
2151 1.09549
2152 0.882027
2153 1.25926
2154 1.44419
2155 1.07962
2156 1.20321
2157 1.23476
2158 1.5531
2159 1.39926
2160 0.968131
2161 1.17653
2162 0.835755
2163 0.901377
2164 0.858425
2165 0.922972
2166 1.27036
2167 1.02317
2168 0.999761
2169 1.02351
2170 0.906246
2171 0.633956
2172 0.701464
2173 0.571877
2174 0.750382
2175 0.585183
2176 0.608823
2177 0.920324
2178 0.701089
2179 0.594902
2180 1.09226
2181 1.39531
2182 1.35468
2183 1.53653
2184 1.60056
2185 1.5286
2186 1.16861
2187 1.69741
2188 1.71532
2189 1.51395
2190 1.78613
2191 1.58226
2192 1.6146
2193 1.72084
2194 1.84846
2195 1.67687
2196 1.80488
2197 1.41763
2198 1.55159
2199 1.42894
2200 1.4599
2201 1.69634
2202 1.58218
2203 1.42623
2204 1.54412
2205 1.47039
2206 1.02318
2207 0.665568
2208 0.593027
2209 0.575984
2210 0.844629
2211 0.799314
2212 1.19329
2213 1.02655
2214 0.756938
2215 1.22701
2216 1.01443
2217 1.34217
2218 1.52662
2219 1.60262
2220 1.24419
2221 1.4752
2222 1.18879
2223 1.30802
2224 1.55797
2225 1.86907
2226 1.70666
2227 1.58639
2228 0.751409
2229 1.25354
2230 1.10351
2231 1.30716
2232 1.47108
2233 1.5216
2234 1.04685
2235 1.27901
2236 1.09902
2237 1.26047
2238 0.631767
2239 0.974423
2240 0.850497
2241 1.24744
2242 1.06608
2243 1.04676
2244 1.39196
2245 1.13024
2246 0.733887
2247 0.769139
2248 1.11155
2249 1.03113
2250 1.64558
2251 1.41585
2252 1.38733
2253 0.842669
2254 0.629292
2255 0.808617
2256 0.794622
2257 0.680653
2258 0.344618
2259 0.112034
2260 0.401351
2261 0.722882
2262 0.955613
2263 1.11057
2264 1.21595
2265 0.711949
2266 0.506716
2267 0.643098
2268 0.38379
2269 0.923316
2270 0.633326
2271 0.957626
2272 1.18327
2273 1.25565
2274 0.880729
2275 0.592165
2276 0.818148
2277 0.8171
2278 1.30015
2279 1.23476
2280 1.30769
2281 1.25522
2282 0.651749
2283 0.75351
2284 1.14627
2285 1.10374
2286 1.0207
2287 1.01397
2288 1.01124
2289 1.35247
2290 0.968455
2291 1.59201
2292 1.28622
2293 1.44919
2294 1.70869
2295 1.87218
2296 1.28799
2297 1.15733
2298 1.24862
2299 1.268
2300 1.11825
2301 1.40014
2302 1.50678
2303 0.656381
2304 0.946095
2305 0.954174
2306 0.80449
2307 0.680542
2308 0.90391
2309 1.14237
2310 1.17807
2311 0.946854
2312 1.2594
2313 1.308
2314 1.43343
2315 1.74829
2316 2.06383
2317 1.74802
2318 1.28428
2319 1.81598
2320 1.62809
2321 1.80864
2322 1.84073
2323 1.8435
2324 1.81086
2325 1.66046
2326 1.91682
2327 1.80468
2328 1.90715
2329 1.75852
2330 2.1513
2331 1.53615
2332 1.5225
2333 1.19359
2334 1.38965
2335 1.47622
2336 1.34883
2337 1.08009
2338 0.956442
2339 0.805153
2340 1.06472
2341 0.947723
2342 0.861543
2343 0.756131
2344 0.673378
2345 1.09562
2346 1.39637
2347 1.01017
2348 0.995472
2349 1.21541
2350 1.19449
2351 1.37128
2352 1.64845
2353 1.71552
2354 1.27474
2355 1.47897
2356 1.3021
2357 1.12009
2358 1.62763
2359 1.0882
2360 1.51914
2361 1.47772
2362 1.43332
2363 1.39488
2364 1.27303
2365 1.38388
2366 0.889791
2367 0.988404
2368 1.03153
2369 1.43728
2370 1.52114
2371 1.75673
2372 1.56967
2373 1.17531
2374 1.37045
2375 1.33369
2376 1.14381
2377 1.51865
2378 1.37853
2379 1.74171
2380 1.94393
2381 1.79795
2382 1.67373
2383 2.12663
2384 1.60701
2385 1.21602
2386 1.06985
2387 1.17796
2388 1.44347
2389 1.38443
2390 1.43741
2391 1.59743
2392 1.45484
2393 1.26708
2394 1.17373
2395 1.37117
2396 1.02212
2397 1.23442
2398 1.13637
2399 1.1544
2400 1.3028
2401 1.55448
2402 1.30081
2403 1.46198
2404 1.2575
2405 1.74312
2406 1.89073
2407 1.85222
2408 1.52447
2409 1.40265
2410 1.81851
2411 1.98095
2412 0.963277
2413 1.26938
2414 1.33388
2415 1.72628
2416 1.75374
2417 1.66063
2418 1.21061
2419 1.40414
2420 1.66339
2421 1.8086
2422 1.25928
2423 1.58814
2424 1.41081
2425 1.46808
2426 0.92757
2427 1.25721
2428 1.0802
2429 0.949679
2430 0.817758
2431 0.924633
2432 0.986518
2433 1.27004
2434 1.31954
2435 1.27107
2436 1.55553
2437 0.966899
2438 1.28664
2439 1.2175
2440 1.38869
2441 1.42194
2442 1.13377
2443 1.40796
2444 0.974448
2445 0.711374
2446 0.640006
2447 0.928384
2448 0.892258
2449 1.35418
2450 1.11586
2451 1.58512
2452 1.90982
2453 1.67133
2454 1.64463
2455 1.59263
2456 1.59418
2457 1.54464
2458 1.49482
2459 1.11622
2460 1.46818
2461 1.1477
2462 1.34726
2463 1.23951
2464 1.5305
2465 1.20944
2466 1.13098
2467 1.09869
2468 0.896359
2469 0.907094
2470 1.1754
2471 1.05137
2472 1.34351
2473 1.09818
2474 1.26657
2475 1.00638
2476 1.10091
2477 0.77117
2478 0.991673
2479 1.42148
2480 1.35502
2481 1.00664
2482 1.20574
2483 1.67531
2484 1.95637
2485 1.82562
2486 1.6429
2487 1.30321
2488 1.56281
2489 1.30686
2490 1.41166
2491 1.38399
2492 1.28036
2493 1.11585
2494 1.65742
2495 1.62935
2496 1.4362
2497 1.3845
2498 1.27588
2499 0.910623
2500 1.2972
2501 1.4962
2502 1.45774
2503 1.53473
2504 1.69486
2505 1.9036
2506 1.99984
2507 2.49968
2508 2.12075
2509 2.15798
2510 2.26337
2511 2.32785
2512 2.19066
2513 2.87309
2514 2.37712
2515 2.05351
2516 1.66295
2517 1.89126
2518 1.60501
2519 1.53504
2520 1.36962
2521 1.3328
2522 1.49326
2523 2.32258
2524 1.80766
2525 2.01403
2526 1.97817
2527 1.89941
2528 1.6799
2529 1.53435
2530 1.45451
2531 1.84055
2532 2.20635
2533 2.65627
2534 1.98004
2535 1.86678
2536 2.02832
2537 2.17736
2538 2.70641
2539 2.30286
2540 2.38119
2541 2.24974
2542 2.01002
2543 2.26466
2544 1.93323
2545 2.25871
2546 2.29564
2547 2.12196
2548 1.98322
2549 1.67754
2550 1.84443
2551 1.6009
2552 1.54498
2553 1.58038
2554 1.57916
2555 1.71836
2556 1.79659
2557 2.37645
2558 2.74257
2559 2.56955
2560 2.0618
2561 2.18923
2562 2.26776
2563 1.83066
2564 2.11225
2565 2.19586
2566 2.09559
2567 2.19984
2568 2.36214
2569 1.97273
2570 2.0366
2571 1.98256
2572 1.84656
2573 1.65106
2574 1.84996
2575 1.94871
2576 1.37962
2577 1.40099
2578 1.52013
2579 1.50801
2580 1.46398
2581 1.82707
2582 2.19129
2583 2.11191
2584 2.27637
2585 2.12939
2586 2.88782
2587 2.7162
2588 2.47524
2589 2.72359
2590 2.40336
2591 2.31885
2592 2.65546
2593 2.14378
2594 1.87418
2595 2.8464
2596 3.06505
2597 2.85014
2598 2.75076
2599 2.47378
2600 2.52079
2601 2.70959
2602 2.27759
2603 2.6898
2604 2.03299
2605 2.16054
2606 1.77384
2607 1.39661
2608 1.15101
2609 1.43016
2610 1.41092
2611 1.54837
2612 1.68989
2613 1.5236
2614 1.52464
2615 1.52935
2616 0.937005
2617 0.982402
2618 1.60848
2619 1.63461
2620 1.37933
2621 1.75132
2622 1.49346
2623 1.4517
2624 1.98132
2625 2.34244
2626 2.193
2627 2.25169
2628 2.42446
2629 1.88219
2630 2.22312
2631 1.57368
2632 1.75243
2633 1.63108
2634 1.74892
2635 1.63253
2636 1.58377
2637 1.65197
2638 1.29769
2639 1.42986
2640 1.20083
2641 1.54948
2642 2.15165
2643 2.47675
2644 2.30668
2645 3.17362
2646 2.51152
2647 2.38688
2648 2.58671
2649 1.93884
2650 1.76859
2651 1.94156
2652 2.0045
2653 1.93614
2654 1.93425
2655 1.69431
2656 1.84855
2657 2.0997
2658 2.18668
2659 2.04349
2660 2.17134
2661 1.79396
2662 1.60062
2663 1.54198
2664 1.68279
2665 1.39384
2666 1.86797
2667 2.11218
2668 1.80777
2669 1.53963
2670 1.53956
2671 1.63206
2672 1.72017
2673 1.44382
2674 1.63835
2675 1.61617
2676 2.01187
2677 2.26249
2678 2.17387
2679 1.92596
2680 2.2379
2681 1.88047
2682 1.86643
2683 1.33794
2684 0.898774
2685 1.03188
2686 0.878614
2687 0.83145
2688 1.09173
2689 1.18736
2690 1.15318
2691 0.77573
2692 0.452649
2693 0.277053
2694 0.479326
2695 0.307493
2696 0.320235
2697 0.777246
2698 0.388121
2699 0.656701
2700 0.823047
2701 0.810345
2702 1.07529
2703 0.944734
2704 1.50821
2705 1.55031
2706 1.38444
2707 1.56232
2708 1.83731
2709 1.69742
2710 1.83879
2711 1.20482
2712 1.22104
2713 1.01453
2714 1.23415
2715 1.1589
2716 1.64023
2717 1.3601
2718 1.32121
2719 0.89831
2720 1.0786
2721 0.894205
2722 1.10996
2723 1.2156
2724 0.826285
2725 0.799759
2726 0.946001
2727 1.1502
2728 1.39127
2729 1.98237
2730 2.08707
2731 2.18388
2732 1.57712
2733 1.69086
2734 2.04151
2735 1.95133
2736 1.8943
2737 2.12101
2738 2.20906
2739 1.99005
2740 2.00579
2741 1.68354
2742 1.52865
2743 1.11339
2744 0.899213
2745 1.00339
2746 1.26132
2747 1.34998
2748 1.48492
2749 1.80436
2750 1.47483
2751 1.21081
2752 1.48118
2753 1.15949
2754 0.982888
2755 0.951406
2756 0.687778
2757 1.07305
2758 1.14809
2759 1.30105
2760 1.19736
2761 1.30454
2762 1.04737
2763 0.761273
2764 0.884523
2765 0.594026
2766 0.79725
2767 0.818991
2768 0.736529
2769 0.382619
2770 0.715075
2771 0.581581
2772 0.830712
2773 0.791667
2774 0.827738
2775 0.9674
2776 0.824769
2777 0.969817
2778 1.19644
2779 1.56706
2780 1.35098
2781 1.11235
2782 1.41999
2783 1.29143
2784 1.82113
2785 2.00967
2786 1.83398
2787 1.82306
2788 1.39458
2789 1.38097
2790 0.901622
2791 0.598032
2792 0.755815
2793 0.892626
2794 0.688915
2795 0.793184
2796 0.885458
2797 0.656786
2798 0.793213
2799 0.799857
2800 0.543985
2801 0.569324
2802 0.945252
2803 0.964251
2804 0.928531
2805 1.13066
2806 1.28058
2807 1.54012
2808 1.69385
2809 1.77202
2810 1.80629
2811 1.68727
2812 1.5325
2813 1.2837
2814 1.24926
2815 1.25192
2816 1.68707
2817 1.8167
2818 1.69332
2819 1.46115
2820 1.6384
2821 1.93185
2822 1.56405
2823 1.37424
2824 1.3406
2825 2.15615
2826 2.3374
2827 1.95149
2828 2.18192
2829 2.05146
2830 1.86436
2831 2.10667
2832 2.51145
2833 2.21252
2834 2.14462
2835 1.87981
2836 1.77855
2837 1.67217
2838 1.72509
2839 1.6907
2840 1.53193
2841 1.88932
2842 1.2091
2843 1.447
2844 1.55869
2845 1.84047
2846 1.82436
2847 2.24442
2848 2.54002
2849 1.99719
2850 2.16257
2851 2.05495
2852 1.96459
2853 2.01801
2854 2.00856
2855 2.22165
2856 2.43726
2857 2.1066
2858 2.2012
2859 2.09528
2860 2.09808
2861 1.7244
2862 1.66619
2863 1.90507
2864 1.43263
2865 1.56786
2866 1.95418
2867 1.9891
2868 1.90214
2869 2.58839
2870 2.13168
2871 1.92571
2872 1.73164
2873 1.93225
2874 1.69252
2875 1.36686
2876 1.33638
2877 1.73412
2878 1.9868
2879 1.94902
2880 1.7718
2881 2.13055
2882 2.36978
2883 1.935
2884 1.96062
2885 2.16227
2886 2.01552
2887 2.24943
2888 2.31991
2889 2.05327
2890 2.13482
2891 1.88222
2892 1.97013
2893 1.75041
2894 1.28296
2895 1.08745
2896 1.216
2897 0.663082
2898 0.890494
2899 0.887794
2900 0.80657
2901 0.644635
2902 0.473483
2903 0.759052
2904 0.843038
2905 0.972284
2906 1.29701
2907 1.08488
2908 0.923276
2909 0.967302
2910 1.2702
2911 1.33414
2912 1.48645
2913 1.13858
2914 0.557382
2915 1.50716
2916 1.26212
2917 1.15778
2918 1.59814
2919 1.8422
2920 1.57762
2921 1.87839
2922 1.70624
2923 1.24647
2924 1.00441
2925 1.19606
2926 1.23213
2927 1.19043
2928 0.730826
2929 0.987345
2930 1.46979
2931 1.39652
2932 1.22484
2933 1.35398
2934 1.56241
2935 1.48604
2936 1.23221
2937 1.91349
2938 1.71761
2939 1.64604
2940 1.51047
2941 1.99642
2942 2.04971
2943 1.66894
2944 1.45683
2945 1.06654
2946 1.35081
2947 1.59915
2948 1.51382
2949 1.46449
2950 1.55419
2951 1.66039
2952 1.44971
2953 1.07529
2954 1.04933
2955 0.650483
2956 0.993082
2957 1.42792
2958 1.4814
2959 1.43811
2960 1.48696
2961 1.43851
2962 1.19589
2963 1.15476
2964 1.05065
2965 0.874078
2966 1.01135
2967 1.28205
2968 1.16075
2969 1.50203
2970 1.39624
2971 1.1774
2972 0.756628
2973 0.775866
2974 1.23829
2975 1.58508
2976 1.83774
2977 1.83576
2978 2.09042
2979 2.42594
2980 3.0873
2981 2.70903
2982 2.09612
2983 2.43563
2984 2.94429
2985 2.61254
2986 2.57913
2987 2.44805
2988 2.5688
2989 2.63892
2990 2.54425
2991 2.63021
2992 2.49773
2993 2.49533
2994 1.9097
2995 2.05191
2996 1.77361
2997 1.62504
2998 1.84121
2999 1.51633
3000 1.49735
