
0 0 0 0 0 0 0 0 0 0 0 0 0 0 0 0 0 0 0 0 0 0 0 0 0 0 0 0 0 0 0 0 0 0 0 0 0 0 0 0 0 0 0 0 0 0 0 0 0 0 0 0 0 0 0 0 0 0 0 0 0 0 0 0 0 0 0 0 0 0 0 0 0 0 0 0 0 0 0 0 0 0 0 0 0 0 0 0 0 0 0 0 0 0 0 0 0 0 0 0 

0 0 0 0 0 0 0 0 0 0 0 0 0 0 2.38888e-05 0.000205582 0.000334158 0.000299902 0.000267286 0.000317732 8.73008e-05 0.000200343 0.000199696 4.23278e-05 0.000186392 0.000160769 5.45337e-05 0.000100744 4.43286e-05 0.000147323 6.40133e-06 9.23921e-05 3.851e-05 5.60171e-05 0.000153022 5.31037e-06 9.93121e-06 6.24672e-05 7.03016e-05 3.09847e-05 1.87373e-05 7.90818e-05 8.6163e-05 5.80326e-05 5.72945e-05 0.000118941 8.38078e-05 8.19305e-05 8.15579e-05 9.8966e-05 1.66175e-05 4.54736e-05 8.83987e-05 3.46403e-05 6.27713e-05 6.2749e-05 2.74847e-05 3.13167e-05 9.55021e-06 5.89701e-06 3.6199e-05 3.12104e-05 5.67372e-05 1.78921e-05 1.41276e-05 5.03915e-05 3.22642e-05 1.68065e-05 2.33457e-05 1.87906e-05 1.63609e-05 6.05815e-06 3.1894e-05 3.93704e-05 0.000103341 1.43115e-06 3.48961e-05 4.58992e-05 1.68349e-06 5.15496e-05 8.40703e-06 6.24193e-07 6.98874e-06 4.81892e-05 5.11574e-05 1.93774e-05 3.36568e-05 6.20659e-05 2.93206e-06 1.22732e-05 8.78979e-06 1.06e-05 3.73906e-05 3.32905e-05 1.01903e-05 7.53439e-06 2.16713e-05 9.4707e-06 1.75213e-06 2.82638e-05 

0 0 0 0 0 0 0 0 0 0 0 0 0 0 1.13222e-05 9.94615e-05 0.000182173 0.000161524 0.000160541 0.000156958 0.000133578 0.000107965 0.000101444 2.0232e-05 8.39353e-05 8.76537e-05 4.76983e-05 6.01675e-05 2.82012e-05 7.43591e-05 2.51485e-05 7.58446e-05 4.36448e-05 2.56434e-05 9.66423e-05 1.06809e-05 1.07267e-05 4.30794e-05 0.000100637 3.57108e-05 2.40844e-05 3.77928e-05 4.58039e-05 3.94247e-05 2.69808e-05 5.48087e-05 3.74317e-05 7.19456e-05 3.63235e-05 4.41733e-05 8.24242e-06 2.89308e-05 3.95643e-05 2.0699e-05 5.43009e-05 3.68655e-05 1.42309e-05 1.40241e-05 7.71097e-06 1.98788e-05 1.65541e-05 3.60534e-05 2.82176e-05 8.06549e-06 1.09333e-05 2.70168e-05 1.60276e-05 1.47573e-05 2.61234e-05 9.9652e-06 1.10009e-05 4.26395e-06 1.82909e-05 2.04458e-05 5.35135e-05 1.18392e-06 1.64834e-05 2.17977e-05 2.75056e-05 3.55077e-05 1.12126e-05 1.80346e-05 6.5906e-06 3.64314e-05 2.2917e-05 1.05944e-05 2.15473e-05 2.79384e-05 7.43745e-06 1.29769e-05 2.28931e-05 1.32672e-05 1.68639e-05 1.58937e-05 9.70945e-06 1.71125e-05 2.0391e-05 1.30355e-05 5.82565e-06 1.65925e-05 

0 0 0 0 0 0 0 0 0 0 0 0 0 1.57917e-06 7.00564e-06 5.67669e-05 0.000112988 9.75587e-05 0.000101059 9.28073e-05 7.66383e-05 0.000126588 6.91364e-05 3.99637e-05 7.06607e-05 5.17552e-05 2.8861e-05 3.56623e-05 1.9396e-05 4.67201e-05 1.78171e-05 4.7794e-05 4.13565e-05 5.44732e-05 5.45109e-05 2.74226e-05 4.48835e-05 2.94224e-05 6.53118e-05 2.05127e-05 5.3598e-05 3.29035e-05 2.8224e-05 3.52084e-05 2.56009e-05 4.25982e-05 2.10552e-05 4.19922e-05 2.06766e-05 2.8808e-05 1.21379e-05 1.66038e-05 3.0475e-05 1.79705e-05 3.27518e-05 3.51885e-05 2.20756e-05 1.42551e-05 1.11835e-05 1.12634e-05 1.28089e-05 2.24267e-05 1.65426e-05 4.80616e-06 2.41435e-05 1.87144e-05 1.39393e-05 8.50333e-06 1.55246e-05 8.2676e-06 1.12291e-05 7.3106e-06 1.09581e-05 1.36343e-05 3.07427e-05 1.88137e-05 1.05471e-05 1.2996e-05 1.58753e-05 1.99971e-05 2.0095e-05 1.06554e-05 5.27554e-06 2.04874e-05 1.33607e-05 6.99844e-06 1.83636e-05 1.60734e-05 4.54119e-06 2.05666e-05 1.34058e-05 7.96497e-06 1.31636e-05 1.56792e-05 8.415e-06 1.18835e-05 1.42138e-05 1.25528e-05 8.01406e-06 1.60414e-05 

0 0 0 0 0 0 0 0 0 0 0 0 0 1.04317e-06 5.5303e-06 4.54186e-05 7.23105e-05 8.02157e-05 7.43174e-05 6.20402e-05 6.32117e-05 8.55227e-05 5.86285e-05 3.82604e-05 4.68295e-05 3.83354e-05 3.86443e-05 2.28737e-05 2.87698e-05 3.20108e-05 2.54429e-05 3.39815e-05 2.65021e-05 3.72356e-05 3.50586e-05 1.80421e-05 3.01763e-05 3.124e-05 4.29519e-05 1.33606e-05 3.43182e-05 2.10738e-05 1.80606e-05 2.26011e-05 1.63926e-05 2.81646e-05 2.07518e-05 2.81661e-05 1.53624e-05 1.85194e-05 7.84409e-06 1.067e-05 2.02936e-05 1.38772e-05 2.11789e-05 2.42114e-05 1.54693e-05 1.44239e-05 7.16065e-06 1.25951e-05 8.64395e-06 1.43708e-05 1.23349e-05 3.34265e-06 1.84128e-05 1.29574e-05 9.94752e-06 9.84791e-06 9.96876e-06 5.8489e-06 1.7111e-05 6.58979e-06 9.64616e-06 1.15984e-05 1.96809e-05 1.6893e-05 8.13862e-06 8.58677e-06 1.03528e-05 1.28088e-05 1.38606e-05 8.20699e-06 5.92582e-06 1.35068e-05 1.27989e-05 6.81776e-06 1.21398e-05 1.02864e-05 7.30784e-06 1.36462e-05 8.62472e-06 1.1241e-05 9.16285e-06 1.04543e-05 5.79196e-06 9.84663e-06 1.11352e-05 1.18449e-05 5.29506e-06 1.15043e-05 

0 0 0 0 0 0 0 0 0 0 0 0 0 9.62352e-07 3.9427e-06 3.21888e-05 5.02624e-05 8.49339e-05 6.92367e-05 5.524e-05 4.38408e-05 6.04867e-05 4.13473e-05 2.67832e-05 3.26296e-05 4.66366e-05 3.09274e-05 2.66928e-05 1.99556e-05 2.22069e-05 2.18332e-05 3.35974e-05 1.84008e-05 3.47902e-05 2.47485e-05 1.29849e-05 2.16799e-05 2.16675e-05 3.06429e-05 2.15003e-05 2.94366e-05 1.59862e-05 1.31592e-05 1.58515e-05 1.38212e-05 2.00958e-05 1.45116e-05 1.97136e-05 1.31995e-05 1.3963e-05 8.17212e-06 8.08575e-06 1.41321e-05 1.03753e-05 1.49259e-05 2.08133e-05 1.56702e-05 1.0054e-05 1.49565e-05 1.05673e-05 6.55633e-06 1.01122e-05 8.90158e-06 2.3183e-06 1.70703e-05 9.48455e-06 1.25864e-05 6.90568e-06 6.91506e-06 4.98276e-06 1.35257e-05 8.01376e-06 1.09107e-05 8.04556e-06 1.36801e-05 1.27444e-05 5.8899e-06 6.45615e-06 7.18663e-06 9.23516e-06 9.62187e-06 6.34512e-06 5.48293e-06 9.38594e-06 8.98657e-06 4.73328e-06 8.4618e-06 7.21841e-06 5.23936e-06 9.65772e-06 9.32781e-06 7.97322e-06 7.84052e-06 7.27326e-06 4.37307e-06 7.20135e-06 8.00172e-06 1.05182e-05 6.21503e-06 8.02116e-06 

0 0 0 0 0 0 0 0 0 0 0 0 0 7.31022e-07 2.89477e-06 3.02149e-05 3.74223e-05 9.6678e-05 5.70545e-05 4.0599e-05 3.63867e-05 4.64797e-05 3.32903e-05 2.14797e-05 2.54255e-05 3.54012e-05 2.81054e-05 2.28287e-05 1.68851e-05 1.79366e-05 1.67994e-05 2.47611e-05 1.77257e-05 2.55829e-05 2.01141e-05 1.04078e-05 1.77545e-05 1.71959e-05 2.47414e-05 1.80629e-05 2.26972e-05 1.38511e-05 1.0169e-05 1.27513e-05 1.24963e-05 1.52621e-05 1.24587e-05 1.45699e-05 9.70107e-06 1.08337e-05 7.73826e-06 6.07149e-06 1.03752e-05 1.02262e-05 1.37322e-05 1.54542e-05 1.27886e-05 7.44656e-06 1.09942e-05 7.85688e-06 5.10562e-06 7.71637e-06 1.06474e-05 3.42523e-06 1.25279e-05 7.04399e-06 9.23711e-06 5.11565e-06 6.9186e-06 7.02954e-06 1.01206e-05 5.88164e-06 1.09665e-05 5.95424e-06 1.01682e-05 9.39257e-06 4.50287e-06 6.40657e-06 6.00701e-06 7.39759e-06 7.44358e-06 4.98087e-06 4.49264e-06 6.88867e-06 6.83219e-06 3.64028e-06 6.2121e-06 6.92992e-06 4.2558e-06 7.16332e-06 7.3868e-06 5.95335e-06 8.16824e-06 6.14836e-06 4.6053e-06 5.33619e-06 5.91876e-06 7.72437e-06 4.64454e-06 5.93239e-06 

0 0 0 0 0 0 0 0 0 0 0 0 0 9.24468e-07 2.65035e-06 3.87388e-05 3.35672e-05 7.4125e-05 4.46694e-05 3.5269e-05 2.89693e-05 3.56039e-05 2.55407e-05 2.43187e-05 1.97316e-05 2.74077e-05 2.18502e-05 2.12424e-05 1.63275e-05 1.50316e-05 1.5151e-05 1.90116e-05 1.42252e-05 1.96255e-05 1.95523e-05 9.21981e-06 1.60909e-05 1.436e-05 1.91672e-05 1.61596e-05 1.79415e-05 1.09253e-05 7.81697e-06 1.03248e-05 1.01022e-05 1.19638e-05 9.56403e-06 1.13435e-05 7.50722e-06 8.68862e-06 7.61899e-06 4.88691e-06 8.8364e-06 8.60163e-06 1.05333e-05 1.23233e-05 9.86623e-06 5.96112e-06 8.42388e-06 6.01819e-06 4.4146e-06 7.45659e-06 8.34536e-06 2.80267e-06 9.59897e-06 5.92893e-06 7.53514e-06 4.27454e-06 5.37005e-06 5.78724e-06 7.85246e-06 4.66697e-06 8.44685e-06 5.2664e-06 7.7994e-06 7.20207e-06 3.93321e-06 5.46955e-06 4.60197e-06 7.38766e-06 5.70636e-06 3.92699e-06 3.44354e-06 5.43905e-06 5.94319e-06 2.84728e-06 4.79319e-06 5.3082e-06 3.54925e-06 5.64342e-06 5.66749e-06 4.77475e-06 6.26179e-06 5.14384e-06 3.67935e-06 4.1064e-06 4.97174e-06 6.90638e-06 4.69173e-06 5.01325e-06 

0 0 0 0 0 0 0 0 0 0 0 0 0 7.49014e-07 3.9344e-06 3.11047e-05 3.11902e-05 5.92816e-05 3.70032e-05 2.78646e-05 2.29714e-05 2.85023e-05 2.08988e-05 2.03418e-05 1.59568e-05 2.1725e-05 1.72986e-05 1.67827e-05 1.29391e-05 1.25637e-05 1.20132e-05 1.51116e-05 1.12441e-05 1.55058e-05 1.54848e-05 7.30183e-06 1.28676e-05 1.40148e-05 1.51547e-05 1.27769e-05 1.41825e-05 8.7517e-06 6.73081e-06 8.27868e-06 8.24946e-06 1.19916e-05 8.53282e-06 9.04215e-06 6.43418e-06 7.45488e-06 6.0251e-06 3.87918e-06 1.09576e-05 7.36424e-06 8.45007e-06 9.75302e-06 7.81919e-06 4.71067e-06 6.86283e-06 5.02418e-06 3.78566e-06 5.89208e-06 6.59336e-06 2.26656e-06 7.77215e-06 6.6762e-06 6.47254e-06 3.38931e-06 4.46066e-06 4.61019e-06 6.22231e-06 3.83038e-06 7.32476e-06 4.23862e-06 6.93398e-06 5.6906e-06 3.12765e-06 4.36345e-06 4.91563e-06 6.08186e-06 4.51039e-06 3.12264e-06 2.73151e-06 4.32557e-06 4.8103e-06 2.25385e-06 4.34748e-06 4.63903e-06 3.79148e-06 5.75935e-06 4.5183e-06 4.20968e-06 5.07128e-06 4.09077e-06 3.13542e-06 5.41693e-06 3.9307e-06 5.54303e-06 3.75085e-06 4.127e-06 

0 0 0 0 0 0 0 0 0 0 0 0 0 6.25779e-07 3.31034e-06 2.51892e-05 2.88096e-05 4.80373e-05 3.08364e-05 2.28857e-05 2.18948e-05 2.46634e-05 1.77292e-05 1.6669e-05 1.31137e-05 1.76224e-05 1.40616e-05 1.39008e-05 1.25191e-05 1.09296e-05 9.91748e-06 1.22465e-05 9.50378e-06 1.25779e-05 1.2606e-05 6.26519e-06 1.31805e-05 1.13454e-05 1.28897e-05 1.07573e-05 1.16469e-05 7.56229e-06 5.44701e-06 9.88096e-06 6.78158e-06 9.90453e-06 7.54556e-06 7.31723e-06 5.26063e-06 6.4801e-06 4.92633e-06 3.15463e-06 9.3028e-06 6.05641e-06 6.98786e-06 8.00032e-06 6.32836e-06 4.0933e-06 7.09252e-06 5.25319e-06 3.43592e-06 4.77318e-06 5.33577e-06 1.89146e-06 6.44282e-06 6.74609e-06 5.41218e-06 2.74903e-06 3.81141e-06 3.83015e-06 5.2568e-06 3.43206e-06 5.97787e-06 3.81459e-06 5.64911e-06 4.84717e-06 2.66476e-06 4.03673e-06 4.09778e-06 5.23656e-06 4.11895e-06 2.77993e-06 3.3167e-06 3.54946e-06 3.92877e-06 1.86611e-06 3.51793e-06 3.75406e-06 3.10837e-06 4.8711e-06 3.78201e-06 3.41182e-06 4.10443e-06 3.32949e-06 2.63578e-06 4.43322e-06 3.47025e-06 4.48528e-06 3.03739e-06 3.34827e-06 
