0.0195955 -0.476457 0.195147
0.43741 -0.241632 0.22617
0.251248 0.298303 0.0649007
0.0603499 -0.00312817 0.122802
-0.0782586 -0.129737 0.405957
0.103503 0.256178 -0.423662
-0.036077 0.493986 0.374693
0.204084 -0.204323 -0.19715
0.390032 0.104028 -0.301109
0.393046 -0.148538 -0.329971
-0.0651138 0.2063 0.428242
-0.34279 0.17271 0.117586
0.0857905 -0.296882 -0.354449
0.0827645 0.354313 0.491578
-0.181493 0.198414 0.0736536
0.220418 0.298148 -0.296118
-0.346695 0.463286 -0.231956
-0.203185 -0.00187173 -0.467021
-0.41743 -0.469845 0.0142509
-0.0450118 -0.287225 -0.33904
0.375762 -0.194549 0.246445
0.383077 -0.341421 0.136982
-0.133229 0.445552 0.0591564
-0.267115 -0.45843 0.446904
0.286507 0.175025 0.0530271
0.2183 0.425546 0.244584
-0.431883 -0.388349 -0.489481
0.388397 -0.0875461 0.0503393
-0.25838 -0.0775978 -0.483858
0.0403393 -0.0452785 -0.0133278
-0.061801 -0.0288719 -0.461779
-0.175735 0.166766 0.308307
-0.229445 -0.461212 -0.331582
-0.0273335 -0.12653 -0.480077
0.191958 0.256082 0.356973
0.379112 -0.154144 -0.435537
-0.275772 -0.364082 -0.204842
0.182024 0.347705 -0.189877
-0.320889 0.334703 0.0242612
-0.0981973 0.484354 0.151079
0.347999 -0.329167 0.250525
0.420131 -0.0543239 0.336525
0.382972 0.24179 0.204302
-0.0654391 0.209814 0.00902044
0.00942129 -0.257566 0.183554
-0.314334 0.440491 0.332442
0.302118 0.3025 -0.0761843
-0.291404 0.308051 -0.18755
-0.318789 0.0120554 0.20356
0.118841 0.198818 -0.144935
-0.364798 0.10305 -0.447045
0.422807 0.256024 -0.232936
-0.434828 0.492298 0.155267
0.122558 -0.141198 0.412803
-0.269623 0.223579 0.338251
-0.0460297 -0.323612 0.231173
-0.250608 0.0615242 -0.0829026
0.129688 0.485451 -0.375252
0.471107 -0.194853 -0.124386
0.48304 -0.425919 -0.248522
0.46923 0.186584 0.0486601
-0.269838 0.0540181 -0.44765
0.148538 0.166506 0.278395
-0.435573 0.129449 0.493467
0.312861 0.148273 -0.101098
-0.405279 -0.0451768 0.108724
0.243615 0.265525 -0.0232808
-0.371299 -0.026513 -0.225
-0.386575 0.22143 0.18946
-0.0540172 0.293024 -0.359099
0.140538 -0.475533 -0.448305
-0.479003 0.184627 -0.299226
-0.193813 0.0877802 -0.190347
-0.341621 -0.0127264 0.427358
0.164631 -0.382903 -0.34509
-0.241603 0.126425 0.0393224
0.396195 0.33155 0.425544
0.292407 -0.281754 0.477382
-0.18213 0.404053 0.185167
0.352755 0.436029 0.0459691
-0.185555 -0.188739 -0.349355
0.34218 -0.214411 0.37579
0.478982 0.074453 -0.358437
0.235239 0.427556 0.33398
0.407144 0.4412 -0.0499802
0.315994 0.181992 -0.226279
-0.473666 0.128824 -0.159998
0.483832 -0.185943 0.303162
-0.366407 0.36284 0.462561
-0.0228261 0.33022 -0.476233
-0.443776 -0.28145 0.089002
0.427476 0.266167 0.0458213
-0.316713 -0.168775 -0.441328
0.211795 -0.0579473 -0.0470145
-0.195538 -0.0452084 -0.365083
0.377104 0.156654 -0.00527754
-0.292677 -0.0268542 0.123529
0.331579 -0.105134 -0.240125
0.235204 0.0951341 -0.43297
-0.0247724 -0.0967404 0.171982
-0.449667 0.248485 0.49354
0.378749 -0.29511 0.0650803
0.0186414 -0.348274 -0.156508
-0.344587 0.293771 0.100781
0.0799046 0.445802 0.150918
-0.0964873 0.162075 0.358298
-0.0550552 -0.183333 0.236139
-0.322668 -0.446186 0.0655333
