10.1469
10.0093
9.82599
9.61236
9.38213
9.16307
8.96643
8.80734
8.69833
8.63983
8.62888
8.63349
8.65674
8.6852
8.71153
8.73406
8.76717
8.80763
8.87476
8.95167
9.03819
9.13023
9.21143
9.27219
9.3036
9.30303
9.26667
9.21318
9.14993
9.08132
9.03448
8.997
8.98095
8.98984
9.00656
9.028
9.03661
9.04115
9.03697
9.04023
9.06739
9.12202
9.20514
9.30506
9.41846
9.53483
9.62954
9.69698
9.72682
9.71888
9.68104
9.62906
9.56842
9.51351
9.45259
9.39157
9.3343
9.28258
9.24113
9.20686
9.18783
9.18048
9.178
9.17891
9.17611
9.16295
9.14409
9.12741
9.10322
9.07102
9.03473
8.98176
8.92544
8.86595
8.80831
8.76954
8.75777
8.78833
8.86711
8.98404
9.1329
9.30285
9.47523
9.63769
9.7765
9.88151
9.94131
9.95656
9.92305
9.85202
9.76269
9.659
9.55287
9.45268
9.36054
9.28513
9.22713
9.18937
9.16288
9.14797
