-5.59607
-5.59413
-5.59413
-5.59413
-5.59543
-5.59446
-5.59511
-5.59738
-5.599
-5.59932
-5.59608
-5.59834
-5.59866
-5.59834
-5.59834
-5.59996
-5.59931
-5.60093
-5.59802
-5.59834
-5.59964
-5.59931
-5.59931
-5.59866
-5.59769
-5.5964
-5.59801
-5.59769
-5.59705
-5.59931
-5.59672
-5.59834
-5.59996
-5.59867
-5.59867
-5.59672
-5.59737
-5.59608
-5.59769
-5.59964
-5.59931
-5.59834
-5.59673
-5.59737
-5.59705
-5.59445
-5.59445
-5.5938
-5.59348
-5.59348
-5.59413
-5.59413
-5.59575
-5.59446
-5.59575
-5.59672
-5.5964
-5.59575
-5.59478
-5.5964
-5.59705
-5.59705
-5.59737
-5.5964
-5.59575
-5.5977
-5.59996
-5.59899
-5.59899
-5.59964
-5.59834
-5.60029
-5.59964
-5.59835
-5.59835
-5.5977
-5.59867
-5.59867
-5.59673
-5.59608
-5.59543
-5.59381
-5.59316
-5.59284
-5.59316
-5.59316
-5.59348
-5.59186
-5.59186
-5.59284
-5.59154
-5.59155
-5.59187
-5.59219
-5.59414
-5.59544
-5.59673
-5.59673
-5.59802
-5.59705
