-0.303131
-0.302645
-0.301676
-0.300112
-0.297891
-0.294983
-0.291508
-0.287674
-0.283788
-0.280197
-0.277167
-0.274823
-0.273115
-0.271891
-0.271003
-0.270349
-0.269929
-0.269796
-0.270041
-0.270722
-0.271853
-0.273374
-0.275174
-0.277088
-0.278928
-0.280479
-0.281585
-0.282109
-0.282061
-0.281507
-0.280635
-0.279651
-0.278776
-0.278143
-0.277784
-0.277619
-0.277507
-0.277303
-0.27689
-0.276257
-0.27546
-0.274589
-0.273768
-0.273125
-0.272738
-0.272611
-0.272697
-0.272899
-0.273068
-0.273086
-0.272789
-0.272075
-0.270855
-0.269113
-0.266879
-0.264298
-0.261554
-0.258893
-0.256605
-0.25493
-0.253997
-0.25378
-0.25411
-0.254739
-0.255381
-0.255774
-0.255738
-0.255169
-0.254051
-0.25243
-0.25039
-0.248058
-0.245574
-0.243037
-0.240539
-0.238144
-0.235905
-0.233861
-0.232103
-0.230783
-0.230184
-0.230583
-0.232196
-0.235067
-0.238982
-0.243485
-0.248032
-0.252072
-0.255183
-0.257118
-0.257843
-0.257528
-0.256542
-0.255391
-0.254654
-0.254794
-0.256038
-0.258301
-0.261266
-0.264539
