-0.469601 0.190911 -0.301335
0.373072 -0.407019 -0.473049
-0.302147 0.355079 -0.178851
0.0579181 0.482507 -0.0204402
-0.0965577 0.321531 0.431877
0.198693 -0.33791 -0.460898
-0.382841 -0.175469 0.386187
0.224229 0.236891 0.463182
0.0555881 -0.245129 -0.47797
0.293428 -0.379597 0.483683
0.192402 -0.22978 -0.18964
0.365502 0.0445715 -0.445609
-0.378102 -0.0702147 0.494954
0.266316 0.149043 0.219223
-0.261613 -0.310427 -0.143483
0.362463 -0.429619 -0.10722
-0.0951578 0.148111 0.104517
-0.0046907 0.163393 -0.04593
-0.380558 0.457798 0.0446112
0.360951 0.0619544 0.447878
-0.125491 0.426911 -0.336349
0.0570561 0.224067 0.478826
-0.0733476 -0.128118 -0.28068
0.157018 -0.152985 0.270754
0.377437 -0.169297 0.204441
-0.438809 0.234908 0.180621
-0.212596 0.00696726 -0.450264
-0.34329 0.451196 -0.0926722
-0.352032 0.138174 -0.481216
-0.0220948 0.101316 -0.427031
0.0321127 -0.467137 -0.366424
-0.114245 0.110299 -0.364517
0.254275 0.335162 -0.305188
-0.371723 0.189196 -0.146469
-0.257692 -0.488584 -0.287211
0.420787 0.114137 -0.439582
0.405987 -0.469321 -0.00927422
-0.37565 -0.12804 0.325342
0.423077 -0.290567 -0.17923
-0.490589 -0.343628 0.38023
-0.362578 -0.325491 0.472047
0.0601644 0.452606 -0.122178
0.15361 0.0866074 -0.372841
-0.200517 0.20429 0.420298
0.244612 0.280929 0.0505052
0.404555 -0.302089 0.0166934
0.441619 0.313072 -0.265727
0.25618 -0.168723 0.0624316
0.42706 -0.310078 -0.375264
-0.369782 -0.237451 -0.388607
0.0772125 -0.00202233 -0.277182
-0.196418 -0.0879705 0.407531
0.290192 0.220982 -0.112325
-0.0705671 -0.0976047 -0.467362
0.0268582 -0.0344116 0.0506774
0.280223 -0.284014 -0.291456
0.252971 -0.293197 0.201696
0.265489 0.0527278 -0.0439079
0.428674 0.0590006 -0.272676
-0.384572 -0.294719 0.0063294
-0.494133 0.323666 -0.43468
-0.203281 0.343507 0.263679
-0.467145 0.458077 0.249175
-0.446264 0.458773 -0.206916
-0.15256 0.268386 -0.0978844
0.28219 0.331743 0.498558
-0.22658 0.239952 0.110991
-0.097982 0.302948 -0.283178
0.114573 -0.0138242 -0.179816
0.0415051 0.33171 0.362889
0.0296939 0.117542 0.0033037
0.381733 0.308502 0.0552977
0.14931 0.403434 0.290943
0.333312 0.449264 0.0126272
0.367186 0.394413 0.0793339
0.377587 0.191245 0.36391
-0.145691 -0.391793 0.348098
-0.206465 0.338365 -0.196986
-0.0967341 -0.320916 0.449593
-0.27926 -0.427985 -0.35052
0.119498 0.42493 0.454028
0.0871119 -0.0255568 -0.0206288
-0.474531 -0.102655 0.392296
-0.413211 0.423888 0.471986
0.373097 -0.0436121 0.466114
-0.392535 -0.105519 0.132809
-0.341592 0.0096984 -0.495739
0.332224 -0.0118767 0.24896
-0.47415 0.00334041 0.0922259
0.053604 -0.0774517 0.335018
-0.160182 0.249168 0.30642
-0.362975 0.460308 0.300917
-0.046088 -0.187669 0.0760089
0.245095 -0.0386674 -0.190601
0.469047 0.293543 -0.350961
-0.492826 -0.31468 0.126905
-0.466352 0.00790944 0.242855
-0.154722 -0.286967 0.384794
-0.311542 0.42661 0.143957
0.479235 0.170776 0.149261
-0.156621 0.163041 -0.427973
-0.0699802 -0.217249 -0.222678
0.1097 0.385161 0.180944
0.0142408 0.091448 0.111091
0.396985 -0.0560298 -0.0898181
0.478126 -0.350219 -0.4475
0.0333575 -0.46155 -0.486263
-0.454973 0.111386 0.157526
