-0.391266 -0.386805 0.248721
-0.406652 -0.194096 -0.297601
0.408359 -0.298295 -0.274809
-0.283689 0.427547 -0.317026
-0.212363 -0.44244 0.496877
-0.00181385 -0.465711 0.321355
-0.221799 -0.336847 -0.249012
-0.0783916 -0.494846 -0.32867
0.355509 0.471897 -0.418449
-0.391574 -0.494242 0.413575
0.0292223 -0.306235 -0.329514
-0.409276 -0.399486 -0.31379
0.238912 -0.321381 -0.426342
-0.394909 0.113272 0.487583
0.463055 0.226251 0.41085
0.42344 -0.241753 -0.44352
-0.257051 -0.228114 -0.432246
0.105303 0.193389 -0.494411
-0.0419315 0.0302104 -0.453358
-0.0918461 -0.130477 -0.280119
0.0655032 -0.109566 0.451039
0.34034 0.0423664 -0.447614
0.18932 -0.123657 -0.38268
0.371502 -0.0705425 -0.278039
0.405476 0.0685193 0.30649
-0.152988 0.320942 -0.1862
0.40859 0.37963 -0.215574
-0.250493 0.297531 0.479131
-0.0628246 0.19815 -0.327382
-0.0567468 0.41239 0.473509
-0.251287 -0.468984 -0.104398
0.0563228 0.346153 -0.378718
0.229648 0.341679 0.414728
-0.46824 0.345126 -0.444957
0.255713 0.266142 -0.383734
0.256543 0.108326 -0.14589
-0.489955 -0.421133 -0.153817
-0.417328 -0.204368 -0.078368
-0.399536 -0.378984 0.0339889
-0.223482 -0.275514 -0.041633
-0.420916 0.412916 -0.066596
-0.0560978 -0.265079 -0.138891
-0.110116 -0.424372 0.0312335
-0.249002 0.315922 -0.0118117
0.201554 0.464133 -0.275681
0.296187 0.492396 -0.0752436
0.0208621 -0.244609 0.0536049
0.336718 -0.449309 0.123279
0.324953 -0.0775372 -0.0380994
-0.476451 -0.027312 -0.408271
0.490428 0.00459486 -0.129726
-0.320029 -0.0617684 0.0211863
-0.255972 -0.103562 -0.180222
0.152623 -0.123861 -0.147841
-0.275716 0.00253992 -0.355694
-0.10821 -0.0515482 -0.0297036
0.141823 -0.333356 -0.161023
0.356139 -0.305798 -0.0386543
0.145147 0.00818085 0.0373866
0.2348 -0.2951 0.150677
0.450508 0.172261 -0.304889
-0.0111322 0.372648 0.172136
-0.365828 0.269881 0.139419
-0.3032 0.190208 -0.346672
0.18546 0.0826228 -0.339786
0.119297 0.26169 -0.214427
-0.0418555 0.0998367 0.245322
0.0110092 0.0312998 -0.210706
0.237559 0.274984 -0.0218367
-0.481076 0.227231 -0.0716699
0.0300622 -0.491233 -0.103786
0.351518 0.0890298 0.0736433
-0.256656 0.436381 0.150978
-0.331598 -0.0454521 0.229734
-0.400886 -0.307158 0.460972
-0.387639 0.350193 0.310834
0.0756377 -0.442532 0.118999
-0.018836 -0.250631 0.261646
-0.170762 -0.394276 0.228774
0.124224 -0.494998 -0.474855
0.174801 0.348649 0.161235
0.207777 -0.49449 0.305267
-0.0436669 -0.32144 0.471937
0.365339 -0.387373 0.433374
-0.492961 -0.189423 0.112856
-0.367674 0.136773 0.289899
0.418627 -0.270814 0.296244
-0.486427 -0.0888788 0.392845
-0.306375 -0.225581 0.136403
-0.103146 -0.10137 0.161362
-0.109211 -0.047207 0.376899
-0.251774 -0.225758 0.334266
0.0814034 -0.0819447 0.237938
0.281621 -0.0803742 0.168915
0.222664 -0.00507341 0.375681
0.215808 -0.198024 0.390697
-0.46212 0.0767708 0.0817988
-0.179383 0.135184 0.0974588
-0.495945 0.466225 0.140677
-0.189554 0.149593 0.367713
-0.220701 0.123152 -0.128607
-0.058296 0.355123 -0.0337052
-0.193338 0.409316 0.322514
0.0334456 0.269184 0.332788
0.0415738 0.189895 -0.0347576
0.417558 0.233875 0.202777
0.397418 0.408829 0.304769
0.211889 0.144015 0.215873
