0.487754 0.466616 -0.487803
-0.413516 -0.328517 -0.496151
-0.466575 -0.380199 -0.278193
-0.369378 0.428343 -0.344656
-0.193596 0.453212 -0.449034
-0.0387513 -0.338676 0.482153
-0.230081 -0.301806 -0.405683
0.00726827 0.496746 -0.408512
0.157335 -0.455178 0.481318
0.403648 -0.327868 -0.441313
0.202197 -0.347238 -0.338896
0.361954 0.478415 -0.313656
0.480889 -0.127687 0.492031
-0.336568 -0.0323742 -0.468905
0.438458 0.0166259 -0.367865
-0.375182 -0.177096 -0.313825
-0.173381 -0.148373 0.464351
-0.0155067 -0.0351533 -0.482774
-0.135326 0.0217814 -0.279501
-0.0442319 -0.223512 -0.354527
0.129857 -0.221361 -0.495439
0.296949 0.0271909 0.488974
0.201216 0.0104152 -0.340418
0.308979 -0.146346 -0.431678
0.472553 0.143455 0.436603
-0.299744 0.29211 0.455851
-0.463974 0.255634 -0.402187
-0.290956 0.214488 -0.282272
-0.187649 0.141242 -0.45441
-0.0445394 0.316521 -0.477204
-0.162314 0.439726 -0.239364
-0.0313268 0.230972 -0.300698
0.134085 0.166419 -0.461153
0.3266 0.33833 0.422948
0.177362 0.365991 -0.392298
0.330087 0.181047 -0.36828
-0.491485 0.453934 -0.145362
-0.373605 -0.27183 -0.0713344
0.497257 -0.335914 0.0469586
-0.308202 -0.448791 0.0760315
-0.270776 -0.395853 -0.216069
0.0128198 -0.346728 -0.229154
-0.138518 -0.281548 -0.0558229
-0.0706669 -0.48808 -0.0381194
0.254542 0.47717 -0.138718
0.386591 -0.354197 -0.120464
0.172768 -0.370395 -0.0221668
0.285074 0.463801 0.0623738
0.491595 -0.167482 -0.165001
-0.364013 0.00667757 -0.26936
-0.378361 0.0398693 -0.0296927
-0.236375 -0.117198 0.019135
-0.219914 -0.169072 -0.201055
0.051454 0.0115615 -0.197949
-0.0753016 -0.0019718 -0.0237626
0.0479686 -0.191428 -0.0946471
0.305376 -0.186695 -0.214312
0.409778 0.00671333 -0.0927924
0.200557 -0.0206922 -0.0221079
0.310137 -0.189989 -0.00836537
0.499044 0.152321 -0.226015
-0.30419 0.41015 -0.0536263
0.443505 0.34516 0.0633781
-0.41517 0.258038 -0.0825353
-0.174265 0.204145 -0.0999023
0.0523746 0.370657 -0.147652
-0.0609903 0.327289 0.0612882
0.0311437 0.200741 -0.0767524
0.204213 0.222634 -0.215502
0.394822 0.264692 -0.122407
0.203632 0.299619 -0.0210376
0.318487 0.13508 0.030031
0.492878 -0.486992 0.175216
-0.359653 -0.281319 0.201354
0.473145 -0.252951 0.320345
-0.317823 0.495534 0.38286
-0.142367 -0.4478 0.170996
0.0455268 -0.357491 0.123386
-0.218841 -0.306314 0.338193
0.0104589 -0.493793 0.320931
0.213604 0.45699 0.286083
0.317955 -0.382145 0.170758
0.174479 -0.343251 0.304796
0.355561 -0.409765 0.387424
-0.437888 -0.139255 0.0995114
-0.330728 0.0136584 0.191043
0.482179 -0.058801 0.286095
-0.355327 -0.129343 0.356108
-0.223626 -0.140371 0.211465
-0.0422553 -0.0437469 0.170806
-0.161941 0.019111 0.378606
-0.0261809 -0.212413 0.292644
0.160961 -0.16728 0.151182
0.312116 -0.0204784 0.166862
0.132343 -0.0583009 0.322366
0.285575 -0.179464 0.353692
0.48156 0.143494 0.183343
-0.35117 0.33078 0.18156
-0.46977 0.310702 0.33814
-0.35304 0.11465 0.348494
-0.216413 0.197852 0.108415
0.0797078 0.331361 0.198217
-0.151751 0.371055 0.317402
0.0145177 0.0991029 0.373028
0.0935398 0.112922 0.104237
0.285623 0.263618 0.167752
0.123888 0.305975 0.388869
0.287256 0.138183 0.322781
