1 -26
2 -26
3 -34
4 -42
5 -46
6 -46
7 -42
8 -42
9 -42
10 -42
11 -42
12 -46
13 -46
14 -46
15 -46
16 -46
17 -42
18 -46
19 -46
20 -46
21 -46
22 -46
23 -46
24 -46
25 -46
26 -46
27 -46
28 -46
29 -46
30 -46
31 -46
32 -46
33 -46
34 -46
35 -46
36 -46
37 -46
38 -46
39 -46
40 -46
41 -46
42 -46
43 -46
44 -46
45 -46
46 -46
47 -46
48 -46
49 -46
50 -46
51 -46
52 -46
53 -46
54 -46
55 -46
56 -46
57 -46
58 -46
59 -46
60 -46
61 -46
62 -46
63 -46
64 -46
65 -46
66 -46
67 -46
68 -46
69 -46
70 -46
71 -46
72 -46
73 -46
74 -46
75 -46
76 -46
77 -42
78 -42
79 -42
80 -38
81 -46
82 -46
83 -46
84 -46
85 -46
86 -46
87 -46
88 -46
89 -46
90 -46
91 -46
92 -46
93 -46
94 -46
95 -46
96 -46
97 -46
98 -46
99 -46
100 -46
101 -46
102 -46
103 -46
104 -46
105 -46
106 -46
107 -46
108 -46
109 -46
110 -46
111 -46
112 -46
113 -46
114 -46
115 -46
116 -46
117 -46
118 -46
119 -46
120 -46
121 -46
122 -46
123 -46
124 -46
125 -46
126 -46
127 -46
128 -46
129 -46
130 -46
131 -46
132 -46
133 -46
134 -46
135 -46
136 -46
137 -46
138 -46
139 -46
140 -46
141 -46
142 -46
143 -46
144 -46
145 -46
146 -46
147 -46
148 -46
149 -46
150 -46
151 -46
152 -46
153 -46
154 -46
155 -46
156 -46
157 -46
158 -46
159 -46
160 -46
161 -46
162 -46
163 -46
164 -46
165 -46
166 -46
167 -46
168 -46
169 -46
170 -46
171 -46
172 -46
173 -46
174 -46
175 -46
176 -46
177 -46
178 -46
179 -46
180 -46
181 -46
182 -46
183 -46
184 -46
185 -46
186 -46
187 -46
188 -46
189 -46
190 -46
191 -46
192 -46
193 -46
194 -46
195 -46
196 -46
197 -46
198 -46
199 -46
200 -46
201 -46
202 -46
203 -46
204 -46
205 -42
206 -46
207 -46
208 -46
209 -46
210 -46
211 -46
212 -46
213 -46
214 -46
215 -46
216 -46
217 -46
218 -46
219 -46
220 -42
221 -42
222 -42
223 -42
224 -42
225 -42
226 -42
227 -38
228 -38
229 -38
230 -38
231 -42
232 -42
233 -42
234 -42
235 -42
236 -42
237 -42
238 -42
239 -42
240 -42
241 -42
242 -42
243 -42
244 -42
245 -42
246 -42
247 -42
248 -42
249 -42
250 -42
251 -42
252 -42
253 -42
254 -46
255 -46
256 -46
257 -46
258 -46
259 -46
260 -46
261 -46
262 -46
263 -46
264 -46
265 -46
266 -46
267 -46
268 -46
269 -46
270 -46
271 -46
272 -46
273 -46
274 -46
275 -46
276 -46
277 -46
278 -46
279 -46
280 -46
281 -46
282 -46
283 -46
284 -46
285 -46
286 -46
287 -46
288 -46
289 -46
290 -46
291 -46
292 -46
293 -46
294 -46
295 -46
296 -46
297 -46
298 -46
299 -46
300 -46
301 -46
302 -46
303 -46
304 -46
305 -46
306 -46
307 -46
308 -46
309 -46
310 -46
311 -46
312 -46
313 -46
314 -46
315 -46
316 -46
317 -46
318 -46
319 -46
320 -46
321 -46
322 -46
323 -46
324 -46
325 -46
326 -46
327 -46
328 -46
329 -46
330 -46
331 -46
332 -46
333 -46
334 -46
335 -46
336 -46
337 -46
338 -46
339 -46
340 -46
341 -46
342 -46
343 -46
344 -46
345 -46
346 -46
347 -46
348 -46
349 -46
350 -46
351 -46
352 -46
353 -46
354 -46
355 -46
356 -46
357 -46
358 -46
359 -46
360 -46
361 -46
362 -46
363 -46
364 -46
365 -46
366 -46
367 -46
368 -46
369 -46
370 -46
371 -46
372 -46
373 -46
374 -46
375 -46
376 -46
377 -46
378 -46
379 -46
380 -46
381 -46
382 -46
383 -46
384 -46
385 -46
386 -46
387 -46
388 -46
389 -46
390 -46
391 -46
392 -46
393 -46
394 -46
395 -46
396 -46
397 -46
398 -46
399 -46
400 -46
401 -46
402 -42
403 -46
404 -46
405 -46
406 -46
407 -46
408 -46
409 -46
410 -46
411 -46
412 -46
413 -46
414 -46
415 -46
416 -46
417 -46
418 -46
419 -46
420 -46
421 -46
422 -46
423 -46
424 -46
425 -46
426 -46
427 -46
428 -46
429 -46
430 -46
431 -46
432 -46
433 -46
434 -46
435 -46
436 -46
437 -46
438 -46
439 -46
440 -46
441 -46
442 -46
443 -46
444 -46
445 -46
446 -46
447 -46
448 -46
449 -46
450 -46
451 -46
452 -46
453 -46
454 -46
455 -46
456 -46
457 -46
458 -46
459 -46
460 -46
461 -46
462 -46
463 -46
464 -46
465 -46
466 -46
467 -46
468 -46
469 -46
470 -46
471 -46
472 -46
473 -46
474 -46
475 -46
476 -46
477 -46
478 -46
479 -46
480 -46
481 -46
482 -46
483 -46
484 -46
485 -46
486 -46
487 -46
488 -46
489 -46
490 -46
491 -46
492 -46
493 -46
494 -46
495 -46
496 -46
497 -46
498 -46
499 -46
500 -46
501 -46
502 -46
503 -46
504 -46
505 -46
506 -46
507 -46
508 -46
509 -46
510 -46
511 -46
512 -46
513 -46
514 -46
515 -46
516 -46
517 -46
518 -46
519 -46
520 -46
521 -46
522 -46
523 -46
524 -46
525 -46
526 -46
527 -46
528 -46
529 -46
530 -46
531 -46
532 -46
533 -46
534 -46
535 -46
536 -46
537 -46
538 -46
539 -46
540 -46
541 -46
542 -46
543 -46
544 -46
545 -46
546 -46
547 -46
548 -50
549 -50
550 -50
551 -50
552 -50
553 -50
554 -50
555 -50
556 -50
557 -50
558 -50
559 -50
560 -50
561 -50
562 -50
563 -50
564 -50
565 -50
566 -50
567 -50
568 -50
569 -50
570 -50
571 -50
572 -50
573 -50
574 -50
575 -50
576 -50
577 -50
578 -50
579 -50
580 -50
581 -50
582 -50
583 -50
584 -50
585 -50
586 -50
587 -50
588 -50
589 -50
590 -50
591 -50
592 -50
593 -50
594 -50
595 -50
596 -50
597 -50
598 -50
599 -50
600 -50
601 -50
602 -50
603 -50
604 -50
605 -50
606 -50
607 -50
608 -50
609 -50
610 -50
611 -50
612 -50
613 -50
614 -50
615 -50
616 -50
617 -50
618 -50
619 -50
620 -50
621 -50
622 -50
623 -50
624 -50
625 -50
626 -50
627 -50
628 -50
629 -50
630 -50
631 -50
632 -50
633 -50
634 -50
635 -50
636 -50
637 -50
638 -50
639 -50
640 -50
641 -50
642 -50
643 -50
644 -50
645 -50
646 -50
647 -50
648 -50
649 -50
650 -50
651 -50
652 -50
653 -50
654 -50
655 -50
656 -50
657 -50
658 -50
659 -50
660 -50
661 -50
662 -50
663 -50
664 -50
665 -50
666 -50
667 -50
668 -50
669 -50
670 -50
671 -50
672 -50
673 -50
674 -46
675 -46
676 -46
677 -50
678 -50
679 -50
680 -50
681 -50
682 -50
683 -50
684 -50
685 -50
686 -50
687 -50
688 -50
689 -50
690 -50
691 -50
692 -50
693 -50
694 -50
695 -50
696 -50
697 -50
698 -50
699 -50
700 -50
701 -50
702 -50
703 -50
704 -50
705 -50
706 -50
707 -50
708 -50
709 -50
710 -50
711 -50
712 -50
713 -46
714 -46
715 -46
716 -46
717 -46
718 -46
719 -46
720 -46
721 -46
722 -50
723 -50
724 -50
725 -50
726 -50
727 -50
728 -50
729 -50
730 -50
731 -50
732 -50
733 -50
734 -50
735 -50
736 -50
737 -50
738 -50
739 -50
740 -50
741 -50
742 -50
743 -50
744 -50
745 -50
746 -50
747 -50
748 -50
749 -50
750 -50
751 -50
752 -50
753 -50
754 -50
755 -50
756 -50
757 -50
758 -50
759 -50
760 -50
761 -50
762 -50
763 -50
764 -50
765 -50
766 -50
767 -50
768 -50
769 -50
770 -50
771 -50
772 -50
773 -50
774 -50
775 -50
776 -50
777 -50
778 -50
779 -50
780 -50
781 -50
782 -50
783 -50
784 -50
785 -50
786 -50
787 -50
788 -50
789 -50
790 -50
791 -50
792 -50
793 -50
794 -50
795 -50
796 -50
797 -50
798 -50
799 -50
800 -50
801 -50
802 -50
803 -50
804 -50
805 -50
806 -50
807 -50
808 -50
809 -50
810 -50
811 -50
812 -50
813 -50
814 -50
815 -50
816 -50
817 -50
818 -50
819 -50
820 -50
821 -50
822 -50
823 -50
824 -50
825 -50
826 -50
827 -50
828 -50
829 -50
830 -50
831 -50
832 -50
833 -50
834 -50
835 -50
836 -50
837 -50
838 -50
839 -50
840 -50
841 -50
842 -50
843 -50
844 -50
845 -50
846 -50
847 -50
848 -50
849 -50
850 -50
851 -50
852 -50
853 -50
854 -50
855 -50
856 -50
857 -50
858 -50
859 -50
860 -50
861 -50
862 -50
863 -50
864 -50
865 -50
866 -50
867 -46
868 -46
869 -46
870 -50
871 -50
872 -50
873 -50
874 -50
875 -50
876 -50
877 -50
878 -50
879 -50
880 -50
881 -50
882 -50
883 -50
884 -50
885 -50
886 -50
887 -50
888 -50
889 -50
890 -50
891 -50
892 -50
893 -50
894 -50
895 -50
896 -50
897 -50
898 -50
899 -50
900 -50
901 -50
902 -50
903 -50
904 -50
905 -50
906 -50
907 -50
908 -50
909 -50
910 -50
911 -50
912 -50
913 -50
914 -46
915 -42
916 -42
917 -46
918 -46
919 -46
920 -46
921 -50
922 -50
923 -46
924 -46
925 -46
926 -46
927 -46
928 -46
929 -50
930 -50
931 -50
932 -50
933 -50
934 -50
935 -50
936 -50
937 -50
938 -50
939 -50
940 -50
941 -50
942 -50
943 -50
944 -50
945 -50
946 -50
947 -50
948 -50
949 -50
950 -50
951 -50
952 -50
953 -50
954 -50
955 -50
956 -50
957 -50
958 -50
959 -50
960 -50
961 -50
962 -50
963 -50
964 -50
965 -50
966 -50
967 -50
968 -50
969 -50
970 -50
971 -50
972 -50
973 -50
974 -50
975 -50
976 -50
977 -50
978 -50
979 -50
980 -50
981 -50
982 -50
983 -50
984 -50
985 -50
986 -50
987 -50
988 -50
989 -50
990 -50
991 -50
992 -50
993 -50
994 -50
995 -50
996 -50
997 -50
998 -50
999 -50
1000 -50
1001 -50
1002 -50
1003 -50
1004 -50
1005 -50
1006 -50
1007 -50
1008 -50
1009 -50
1010 -50
1011 -50
1012 -50
1013 -50
1014 -50
1015 -50
1016 -50
1017 -50
1018 -50
1019 -50
1020 -50
1021 -50
1022 -50
1023 -50
1024 -50
1025 -50
1026 -50
1027 -50
1028 -50
1029 -50
1030 -50
1031 -50
1032 -50
1033 -50
1034 -50
1035 -50
1036 -50
1037 -50
1038 -50
1039 -50
1040 -50
1041 -50
1042 -50
1043 -50
1044 -50
1045 -50
1046 -50
1047 -50
1048 -50
1049 -50
1050 -50
1051 -50
1052 -50
1053 -50
1054 -50
1055 -50
1056 -46
1057 -46
1058 -50
1059 -50
1060 -50
1061 -50
1062 -50
1063 -50
1064 -50
1065 -50
1066 -50
1067 -50
1068 -50
1069 -50
1070 -50
1071 -50
1072 -50
1073 -50
1074 -50
1075 -50
1076 -50
1077 -50
1078 -50
1079 -50
1080 -50
1081 -50
1082 -50
1083 -50
1084 -50
1085 -50
1086 -50
1087 -50
1088 -50
1089 -50
1090 -50
1091 -50
1092 -50
1093 -50
1094 -50
1095 -50
1096 -50
1097 -50
1098 -50
1099 -50
1100 -50
1101 -50
1102 -50
1103 -50
1104 -50
1105 -50
1106 -50
1107 -50
1108 -50
1109 -50
1110 -50
1111 -50
1112 -50
1113 -50
1114 -50
1115 -50
1116 -50
1117 -50
1118 -50
1119 -50
1120 -50
1121 -50
1122 -50
1123 -50
1124 -50
1125 -50
1126 -50
1127 -50
1128 -50
1129 -50
1130 -50
1131 -50
1132 -50
1133 -50
1134 -50
1135 -50
1136 -50
1137 -50
1138 -50
1139 -50
1140 -50
1141 -50
1142 -50
1143 -50
1144 -50
1145 -50
1146 -50
1147 -50
1148 -50
1149 -50
1150 -50
1151 -50
1152 -50
1153 -50
1154 -50
1155 -50
1156 -50
1157 -50
1158 -50
1159 -50
1160 -50
1161 -50
1162 -50
1163 -50
1164 -50
1165 -50
1166 -50
1167 -50
1168 -50
1169 -50
1170 -50
1171 -50
1172 -50
1173 -50
1174 -50
1175 -50
1176 -50
1177 -50
1178 -50
1179 -50
1180 -50
1181 -50
1182 -50
1183 -50
1184 -50
1185 -50
1186 -50
1187 -50
1188 -50
1189 -50
1190 -50
1191 -50
1192 -50
1193 -50
1194 -50
1195 -50
1196 -50
1197 -50
1198 -50
1199 -50
1200 -50
1201 -50
1202 -50
1203 -50
1204 -50
1205 -50
1206 -50
1207 -50
1208 -50
1209 -50
1210 -50
1211 -50
1212 -50
1213 -50
1214 -50
1215 -50
1216 -50
1217 -50
1218 -50
1219 -50
1220 -50
1221 -50
1222 -50
1223 -50
1224 -50
1225 -50
1226 -50
1227 -50
1228 -50
1229 -50
1230 -50
1231 -50
1232 -50
1233 -50
1234 -50
1235 -50
1236 -50
1237 -50
1238 -50
1239 -50
1240 -50
1241 -46
1242 -50
1243 -50
1244 -50
1245 -50
1246 -50
1247 -50
1248 -50
1249 -50
1250 -50
1251 -50
1252 -50
1253 -50
1254 -50
1255 -50
1256 -50
1257 -50
1258 -50
1259 -50
1260 -50
1261 -50
1262 -50
1263 -50
1264 -50
1265 -50
1266 -50
1267 -50
1268 -50
1269 -50
1270 -50
1271 -50
1272 -50
1273 -50
1274 -50
1275 -50
1276 -46
1277 -46
1278 -46
1279 -46
1280 -46
1281 -46
1282 -46
1283 -50
1284 -50
1285 -50
1286 -50
1287 -50
1288 -50
1289 -50
1290 -50
1291 -50
1292 -50
1293 -50
1294 -50
1295 -50
1296 -50
1297 -50
1298 -50
1299 -50
1300 -50
1301 -50
1302 -50
1303 -50
1304 -50
1305 -50
1306 -50
1307 -50
1308 -50
1309 -50
1310 -50
1311 -50
1312 -50
1313 -50
1314 -50
1315 -50
1316 -50
1317 -50
1318 -50
1319 -50
1320 -50
1321 -50
1322 -50
1323 -50
1324 -50
1325 -50
1326 -50
1327 -50
1328 -50
1329 -50
1330 -50
1331 -50
1332 -50
1333 -50
1334 -50
1335 -50
1336 -50
1337 -50
1338 -50
1339 -50
1340 -50
1341 -50
1342 -50
1343 -50
1344 -50
1345 -50
1346 -50
1347 -50
1348 -50
1349 -50
1350 -50
1351 -50
1352 -50
1353 -50
1354 -50
1355 -50
1356 -50
1357 -50
1358 -50
1359 -50
1360 -50
1361 -50
1362 -50
1363 -50
1364 -50
1365 -50
1366 -46
1367 -46
1368 -46
1369 -46
1370 -46
1371 -46
1372 -46
1373 -46
1374 -46
1375 -50
1376 -50
1377 -50
1378 -50
1379 -50
1380 -50
1381 -50
1382 -50
1383 -50
1384 -50
1385 -50
1386 -50
1387 -50
1388 -50
1389 -50
1390 -50
1391 -50
1392 -50
1393 -50
1394 -50
1395 -50
1396 -50
1397 -50
1398 -50
1399 -50
1400 -50
1401 -50
1402 -50
1403 -50
1404 -50
1405 -50
1406 -50
1407 -50
1408 -50
1409 -50
1410 -50
1411 -50
1412 -50
1413 -50
1414 -50
1415 -50
1416 -50
1417 -50
1418 -50
1419 -50
1420 -50
1421 -50
1422 -50
1423 -50
1424 -50
1425 -50
1426 -50
1427 -50
1428 -50
1429 -50
1430 -50
1431 -50
1432 -50
1433 -50
1434 -50
1435 -50
1436 -50
1437 -50
1438 -50
1439 -50
1440 -50
1441 -50
1442 -50
1443 -50
1444 -50
1445 -50
1446 -50
1447 -50
1448 -50
1449 -50
1450 -50
1451 -46
1452 -46
1453 -46
1454 -46
1455 -46
1456 -46
1457 -46
1458 -46
1459 -50
1460 -50
1461 -50
1462 -50
1463 -50
1464 -50
1465 -50
1466 -50
1467 -50
1468 -50
1469 -50
1470 -50
1471 -50
1472 -50
1473 -50
1474 -50
1475 -50
1476 -50
1477 -50
1478 -50
1479 -50
1480 -50
1481 -50
1482 -50
1483 -50
1484 -50
1485 -50
1486 -50
1487 -50
1488 -50
1489 -50
1490 -50
1491 -50
1492 -50
1493 -50
1494 -50
1495 -50
1496 -50
1497 -50
1498 -50
1499 -50
1500 -50
1501 -50
1502 -50
1503 -50
1504 -50
1505 -50
1506 -50
1507 -50
1508 -50
1509 -50
1510 -46
1511 -46
1512 -50
1513 -50
1514 -50
1515 -50
1516 -50
1517 -50
1518 -50
1519 -50
1520 -50
1521 -50
1522 -50
1523 -50
1524 -50
1525 -50
1526 -50
1527 -50
1528 -50
1529 -50
1530 -50
1531 -50
1532 -50
1533 -50
1534 -50
1535 -50
1536 -50
1537 -50
1538 -50
1539 -50
1540 -50
1541 -50
1542 -50
1543 -50
1544 -50
1545 -50
1546 -50
1547 -50
1548 -50
1549 -50
1550 -50
1551 -50
1552 -50
1553 -50
1554 -50
1555 -50
1556 -50
1557 -50
1558 -50
1559 -50
1560 -50
1561 -50
1562 -50
1563 -50
1564 -50
1565 -50
1566 -50
1567 -50
1568 -50
1569 -50
1570 -46
1571 -50
1572 -50
1573 -50
1574 -50
1575 -50
1576 -50
1577 -50
1578 -50
1579 -50
1580 -50
1581 -50
1582 -50
1583 -50
1584 -50
1585 -50
1586 -50
1587 -50
1588 -50
1589 -50
1590 -50
1591 -50
1592 -50
1593 -50
1594 -46
1595 -46
1596 -46
1597 -50
1598 -50
1599 -50
1600 -50
1601 -50
1602 -50
1603 -50
1604 -50
1605 -50
1606 -50
1607 -50
1608 -50
1609 -50
1610 -50
1611 -50
1612 -50
1613 -50
1614 -50
1615 -50
1616 -50
1617 -50
1618 -50
1619 -50
1620 -50
1621 -50
1622 -50
1623 -50
1624 -50
1625 -50
1626 -50
1627 -50
1628 -50
1629 -50
1630 -50
1631 -50
1632 -50
1633 -50
1634 -50
1635 -50
1636 -50
1637 -50
1638 -46
1639 -46
1640 -46
1641 -46
1642 -50
1643 -50
1644 -50
1645 -50
1646 -50
1647 -50
1648 -50
1649 -50
1650 -50
1651 -50
1652 -50
1653 -50
1654 -50
1655 -50
1656 -50
1657 -46
1658 -46
1659 -46
1660 -46
1661 -46
1662 -46
1663 -46
1664 -46
1665 -46
1666 -46
1667 -46
1668 -46
1669 -46
1670 -46
1671 -46
1672 -46
1673 -46
1674 -46
1675 -46
1676 -46
1677 -46
1678 -46
1679 -46
1680 -46
1681 -46
1682 -46
1683 -46
1684 -46
1685 -46
1686 -46
1687 -46
1688 -46
1689 -46
1690 -46
1691 -46
1692 -46
1693 -46
1694 -46
1695 -46
1696 -46
1697 -46
1698 -46
1699 -46
1700 -46
1701 -46
1702 -46
1703 -46
1704 -46
1705 -46
1706 -46
1707 -46
1708 -46
1709 -46
1710 -46
1711 -46
1712 -46
1713 -46
1714 -46
1715 -46
1716 -46
1717 -46
1718 -46
1719 -46
1720 -46
1721 -46
1722 -46
1723 -42
1724 -42
1725 -42
1726 -42
1727 -42
1728 -42
1729 -42
1730 -42
1731 -42
1732 -42
1733 -42
1734 -42
1735 -42
1736 -42
1737 -42
1738 -42
1739 -42
1740 -42
1741 -42
1742 -42
1743 -46
1744 -46
1745 -46
1746 -46
1747 -46
1748 -46
1749 -46
1750 -46
1751 -46
1752 -46
1753 -46
1754 -46
1755 -46
1756 -46
1757 -46
1758 -46
1759 -46
1760 -46
1761 -46
1762 -46
1763 -42
1764 -42
1765 -42
1766 -42
1767 -42
1768 -42
1769 -42
1770 -42
1771 -42
1772 -46
1773 -46
1774 -46
1775 -46
1776 -46
1777 -46
1778 -46
1779 -46
1780 -46
1781 -46
1782 -46
1783 -46
1784 -46
1785 -46
1786 -46
1787 -46
1788 -46
1789 -46
1790 -46
1791 -46
1792 -46
1793 -46
1794 -46
1795 -46
1796 -46
1797 -46
1798 -46
1799 -46
1800 -46
1801 -46
1802 -46
1803 -46
1804 -46
1805 -42
1806 -42
1807 -46
1808 -46
1809 -46
1810 -46
1811 -46
1812 -46
1813 -46
1814 -46
1815 -46
1816 -46
1817 -46
1818 -46
1819 -46
1820 -46
1821 -46
1822 -46
1823 -46
1824 -46
1825 -46
1826 -46
1827 -46
1828 -46
1829 -46
1830 -46
1831 -46
1832 -46
1833 -46
1834 -46
1835 -46
1836 -46
1837 -46
1838 -46
1839 -46
1840 -46
1841 -46
1842 -46
1843 -46
1844 -46
1845 -46
1846 -46
1847 -46
1848 -46
1849 -46
1850 -46
1851 -46
1852 -46
1853 -46
1854 -46
1855 -46
1856 -46
1857 -46
1858 -46
1859 -46
1860 -46
1861 -46
1862 -46
1863 -46
1864 -46
1865 -46
1866 -46
1867 -46
1868 -46
1869 -46
1870 -46
1871 -46
1872 -46
1873 -46
1874 -46
1875 -46
1876 -46
1877 -46
1878 -46
1879 -46
1880 -46
1881 -46
1882 -46
1883 -46
1884 -46
1885 -46
1886 -46
1887 -46
1888 -46
1889 -46
1890 -46
1891 -46
1892 -46
1893 -46
1894 -46
1895 -46
1896 -46
1897 -46
1898 -42
1899 -42
1900 -42
1901 -46
1902 -46
1903 -46
1904 -46
1905 -46
1906 -46
1907 -46
1908 -46
1909 -46
1910 -46
1911 -46
1912 -46
1913 -46
1914 -46
1915 -46
1916 -46
1917 -46
1918 -46
1919 -46
1920 -46
1921 -46
1922 -46
1923 -46
1924 -46
1925 -46
1926 -46
1927 -46
1928 -46
1929 -46
1930 -46
1931 -46
1932 -46
1933 -46
1934 -46
1935 -46
1936 -46
1937 -46
1938 -46
1939 -46
1940 -46
1941 -46
1942 -46
1943 -46
1944 -46
1945 -46
1946 -46
1947 -46
1948 -46
1949 -46
1950 -46
1951 -46
1952 -46
1953 -46
1954 -46
1955 -46
1956 -46
1957 -46
1958 -46
1959 -46
1960 -46
1961 -46
1962 -46
1963 -46
1964 -46
1965 -46
1966 -46
1967 -42
1968 -46
1969 -46
1970 -46
1971 -46
1972 -46
1973 -46
1974 -46
1975 -46
1976 -46
1977 -46
1978 -46
1979 -46
1980 -46
1981 -46
1982 -46
1983 -46
1984 -46
1985 -46
1986 -46
1987 -46
1988 -46
1989 -46
1990 -46
1991 -46
1992 -46
1993 -46
1994 -46
1995 -46
1996 -46
1997 -46
1998 -46
1999 -46
2000 -46
2001 -46
2002 -46
2003 -46
2004 -46
2005 -46
2006 -46
2007 -46
2008 -46
2009 -46
2010 -46
2011 -46
2012 -46
2013 -46
2014 -46
2015 -46
2016 -46
2017 -46
2018 -46
2019 -46
2020 -46
2021 -46
2022 -46
2023 -42
2024 -46
2025 -46
2026 -42
2027 -42
2028 -46
2029 -46
2030 -46
2031 -46
2032 -46
2033 -46
2034 -46
2035 -46
2036 -46
2037 -46
2038 -46
2039 -46
2040 -46
2041 -46
2042 -46
2043 -46
2044 -46
2045 -46
2046 -46
2047 -46
2048 -46
2049 -46
2050 -46
2051 -46
2052 -46
2053 -46
2054 -46
2055 -46
2056 -46
2057 -46
2058 -46
2059 -46
2060 -46
2061 -46
2062 -46
2063 -46
2064 -46
2065 -46
2066 -46
2067 -46
2068 -46
2069 -46
2070 -46
2071 -46
2072 -46
2073 -46
2074 -46
2075 -46
2076 -46
2077 -46
2078 -46
2079 -46
2080 -46
2081 -46
2082 -46
2083 -46
2084 -46
2085 -46
2086 -46
2087 -46
2088 -46
2089 -46
2090 -46
2091 -46
2092 -46
2093 -46
2094 -46
2095 -46
2096 -46
2097 -46
2098 -46
2099 -46
2100 -46
2101 -46
2102 -42
2103 -42
2104 -46
2105 -46
2106 -46
2107 -42
2108 -42
2109 -46
2110 -46
2111 -46
2112 -46
2113 -46
2114 -46
2115 -46
2116 -46
2117 -46
2118 -46
2119 -46
2120 -46
2121 -46
2122 -46
2123 -46
2124 -46
2125 -46
2126 -46
2127 -46
2128 -46
2129 -46
2130 -46
2131 -46
2132 -46
2133 -46
2134 -46
2135 -46
2136 -46
2137 -46
2138 -46
2139 -46
2140 -46
2141 -46
2142 -46
2143 -46
2144 -46
2145 -46
2146 -46
2147 -46
2148 -46
2149 -46
2150 -46
2151 -46
2152 -46
2153 -46
2154 -46
2155 -46
2156 -46
2157 -46
2158 -46
2159 -46
2160 -46
2161 -46
2162 -46
2163 -46
2164 -46
2165 -46
2166 -46
2167 -46
2168 -46
2169 -46
2170 -46
2171 -46
2172 -46
2173 -46
2174 -46
2175 -46
2176 -46
2177 -46
2178 -46
2179 -46
2180 -46
2181 -46
2182 -46
2183 -46
2184 -46
2185 -46
2186 -46
2187 -46
2188 -46
2189 -46
2190 -46
2191 -46
2192 -46
2193 -46
2194 -46
2195 -46
2196 -46
2197 -46
2198 -46
2199 -46
2200 -46
2201 -46
2202 -46
2203 -46
2204 -46
2205 -46
2206 -46
2207 -46
2208 -46
2209 -46
2210 -46
2211 -46
2212 -46
2213 -46
2214 -46
2215 -46
2216 -46
2217 -46
2218 -46
2219 -46
2220 -46
2221 -46
2222 -46
2223 -46
2224 -46
2225 -46
2226 -46
2227 -46
2228 -46
2229 -46
2230 -46
2231 -46
2232 -46
2233 -46
2234 -46
2235 -46
2236 -46
2237 -46
2238 -46
2239 -46
2240 -46
2241 -46
2242 -46
2243 -46
2244 -46
2245 -46
2246 -46
2247 -46
2248 -50
2249 -50
2250 -50
2251 -50
2252 -50
2253 -50
2254 -50
2255 -50
2256 -50
2257 -50
2258 -50
2259 -50
2260 -50
2261 -50
2262 -50
2263 -50
2264 -50
2265 -50
2266 -50
2267 -50
2268 -50
2269 -50
2270 -50
2271 -50
2272 -50
2273 -50
2274 -50
2275 -50
2276 -50
2277 -50
2278 -50
2279 -50
2280 -50
2281 -50
2282 -50
2283 -50
2284 -50
2285 -50
2286 -50
2287 -50
2288 -50
2289 -50
2290 -50
2291 -50
2292 -50
2293 -50
2294 -50
2295 -50
2296 -50
2297 -50
2298 -50
2299 -50
2300 -50
2301 -50
2302 -50
2303 -50
2304 -50
2305 -50
2306 -50
2307 -50
2308 -50
2309 -50
2310 -50
2311 -50
2312 -50
2313 -50
2314 -50
2315 -50
2316 -50
2317 -50
2318 -50
2319 -50
2320 -50
2321 -50
2322 -50
2323 -50
2324 -50
2325 -50
2326 -50
2327 -50
2328 -46
2329 -50
2330 -50
2331 -50
2332 -50
2333 -50
2334 -50
2335 -50
2336 -50
2337 -50
2338 -50
2339 -50
2340 -50
2341 -50
2342 -50
2343 -50
2344 -50
2345 -50
2346 -50
2347 -50
2348 -50
2349 -50
2350 -50
2351 -50
2352 -50
2353 -50
2354 -50
2355 -50
2356 -50
2357 -50
2358 -50
2359 -50
2360 -50
2361 -50
2362 -50
2363 -50
2364 -50
2365 -50
2366 -50
2367 -50
2368 -50
2369 -50
2370 -50
2371 -50
2372 -50
2373 -50
2374 -50
2375 -50
2376 -50
2377 -50
2378 -50
2379 -50
2380 -50
2381 -50
2382 -50
2383 -50
2384 -50
2385 -50
2386 -50
2387 -50
2388 -50
2389 -50
2390 -50
2391 -50
2392 -50
2393 -50
2394 -50
2395 -46
2396 -50
2397 -50
2398 -50
2399 -50
2400 -50
2401 -50
2402 -50
2403 -50
2404 -50
2405 -50
2406 -50
2407 -50
2408 -50
2409 -50
2410 -50
2411 -50
2412 -50
2413 -50
2414 -50
2415 -50
2416 -50
2417 -50
2418 -50
2419 -50
2420 -50
2421 -50
2422 -50
2423 -50
2424 -50
2425 -50
2426 -50
2427 -50
2428 -50
2429 -50
2430 -50
2431 -50
2432 -50
2433 -50
2434 -50
2435 -50
2436 -50
2437 -50
2438 -50
2439 -50
2440 -50
2441 -50
2442 -50
2443 -50
2444 -50
2445 -50
2446 -50
2447 -50
2448 -46
2449 -50
2450 -50
2451 -50
2452 -50
2453 -50
2454 -50
2455 -50
2456 -50
2457 -50
2458 -50
2459 -50
2460 -50
2461 -50
2462 -50
2463 -50
2464 -50
2465 -50
2466 -50
2467 -50
2468 -50
2469 -50
2470 -50
2471 -50
2472 -46
2473 -46
2474 -50
2475 -50
2476 -50
2477 -50
2478 -50
2479 -50
2480 -50
2481 -50
2482 -50
2483 -50
2484 -50
2485 -50
2486 -50
2487 -50
2488 -50
2489 -50
2490 -50
2491 -50
2492 -50
2493 -50
2494 -46
2495 -50
2496 -50
2497 -50
2498 -50
2499 -50
2500 -50
2501 -50
2502 -50
2503 -50
2504 -50
2505 -50
2506 -50
2507 -50
2508 -50
2509 -50
2510 -50
2511 -50
2512 -50
2513 -50
2514 -50
2515 -50
2516 -50
2517 -50
2518 -50
2519 -50
2520 -50
2521 -50
2522 -50
2523 -50
2524 -50
2525 -50
2526 -50
2527 -50
2528 -50
2529 -50
2530 -50
2531 -50
2532 -50
2533 -50
2534 -50
2535 -50
2536 -50
2537 -50
2538 -50
2539 -50
2540 -50
2541 -50
2542 -50
2543 -50
2544 -50
2545 -50
2546 -50
2547 -50
2548 -50
2549 -50
2550 -50
2551 -50
2552 -50
2553 -50
2554 -50
2555 -50
2556 -50
2557 -50
2558 -50
2559 -50
2560 -50
2561 -50
2562 -50
2563 -50
2564 -50
2565 -50
2566 -50
2567 -50
2568 -50
2569 -50
2570 -50
2571 -50
2572 -50
2573 -50
2574 -50
2575 -50
2576 -50
2577 -50
2578 -50
2579 -50
2580 -50
2581 -50
2582 -50
2583 -50
2584 -50
2585 -50
2586 -50
2587 -50
2588 -50
2589 -50
2590 -50
2591 -50
2592 -50
2593 -50
2594 -50
2595 -50
2596 -50
2597 -50
2598 -50
2599 -50
2600 -50
2601 -50
2602 -50
2603 -50
2604 -50
2605 -50
2606 -50
2607 -50
2608 -50
2609 -50
2610 -50
2611 -50
2612 -50
2613 -50
2614 -50
2615 -50
2616 -50
2617 -50
2618 -50
2619 -50
2620 -50
2621 -50
2622 -50
2623 -50
2624 -50
2625 -50
2626 -50
2627 -50
2628 -50
2629 -50
2630 -50
2631 -50
2632 -50
2633 -50
2634 -50
2635 -50
2636 -50
2637 -50
2638 -50
2639 -50
2640 -50
2641 -50
2642 -50
2643 -50
2644 -50
2645 -50
2646 -50
2647 -50
2648 -50
2649 -50
2650 -50
2651 -50
2652 -50
2653 -50
2654 -50
2655 -50
2656 -50
2657 -50
2658 -50
2659 -50
2660 -50
2661 -50
2662 -50
2663 -50
2664 -50
2665 -50
2666 -50
2667 -50
2668 -50
2669 -50
2670 -50
2671 -50
2672 -50
2673 -50
2674 -50
2675 -50
2676 -50
2677 -50
2678 -50
2679 -50
2680 -50
2681 -50
2682 -50
2683 -50
2684 -50
2685 -50
2686 -50
2687 -50
2688 -50
2689 -50
2690 -50
2691 -46
2692 -50
2693 -50
2694 -50
2695 -50
2696 -50
2697 -50
2698 -50
2699 -50
2700 -50
2701 -50
2702 -50
2703 -50
2704 -50
2705 -50
2706 -50
2707 -50
2708 -50
2709 -50
2710 -50
2711 -50
2712 -50
2713 -50
2714 -50
2715 -50
2716 -50
2717 -50
2718 -50
2719 -50
2720 -50
2721 -50
2722 -50
2723 -50
2724 -50
2725 -50
2726 -50
2727 -50
2728 -50
2729 -50
2730 -50
2731 -50
2732 -50
2733 -50
2734 -50
2735 -50
2736 -50
2737 -50
2738 -50
2739 -50
2740 -50
2741 -50
2742 -50
2743 -50
2744 -50
2745 -50
2746 -50
2747 -50
2748 -50
2749 -50
2750 -50
2751 -50
2752 -50
2753 -50
2754 -50
2755 -50
2756 -50
2757 -50
2758 -50
2759 -50
2760 -50
2761 -50
2762 -50
2763 -50
2764 -50
2765 -50
2766 -50
2767 -50
2768 -50
2769 -50
2770 -50
2771 -50
2772 -50
2773 -50
2774 -50
2775 -50
2776 -50
2777 -50
2778 -50
2779 -50
2780 -50
2781 -50
2782 -50
2783 -50
2784 -50
2785 -50
2786 -50
2787 -50
2788 -50
2789 -50
2790 -50
2791 -50
2792 -50
2793 -50
2794 -50
2795 -50
2796 -50
2797 -50
2798 -50
2799 -50
2800 -50
2801 -50
2802 -50
2803 -50
2804 -50
2805 -50
2806 -50
2807 -50
2808 -50
2809 -50
2810 -50
2811 -50
2812 -50
2813 -50
2814 -50
2815 -50
2816 -50
2817 -50
2818 -50
2819 -50
2820 -50
2821 -50
2822 -50
2823 -50
2824 -50
2825 -50
2826 -50
2827 -50
2828 -50
2829 -50
2830 -50
2831 -50
2832 -50
2833 -50
2834 -50
2835 -50
2836 -50
2837 -46
2838 -46
2839 -50
2840 -50
2841 -50
2842 -50
2843 -50
2844 -50
2845 -50
2846 -50
2847 -50
2848 -50
2849 -50
2850 -50
2851 -50
2852 -50
2853 -50
2854 -50
2855 -50
2856 -50
2857 -50
2858 -50
2859 -50
2860 -50
2861 -50
2862 -50
2863 -50
2864 -50
2865 -50
2866 -50
2867 -50
2868 -50
2869 -50
2870 -50
2871 -50
2872 -50
2873 -50
2874 -50
2875 -50
2876 -50
2877 -50
2878 -50
2879 -50
2880 -50
2881 -50
2882 -50
2883 -50
2884 -50
2885 -50
2886 -50
2887 -50
2888 -50
2889 -50
2890 -50
2891 -50
2892 -50
2893 -50
2894 -50
2895 -50
2896 -50
2897 -50
2898 -50
2899 -50
2900 -50
2901 -50
2902 -50
2903 -50
2904 -50
2905 -50
2906 -50
2907 -50
2908 -50
2909 -50
2910 -50
2911 -50
2912 -46
2913 -46
2914 -50
2915 -50
2916 -50
2917 -50
2918 -50
2919 -50
2920 -50
2921 -50
2922 -50
2923 -50
2924 -50
2925 -50
2926 -50
2927 -50
2928 -50
2929 -50
2930 -50
2931 -46
2932 -46
2933 -50
2934 -50
2935 -50
2936 -50
2937 -50
2938 -50
2939 -50
2940 -50
2941 -50
2942 -50
2943 -50
2944 -50
2945 -50
2946 -50
2947 -50
2948 -50
2949 -50
2950 -50
2951 -50
2952 -50
2953 -50
2954 -50
2955 -50
2956 -50
2957 -50
2958 -50
2959 -50
2960 -50
2961 -50
2962 -50
2963 -50
2964 -50
2965 -50
2966 -50
2967 -50
2968 -50
2969 -50
2970 -50
2971 -50
2972 -50
2973 -50
2974 -50
2975 -50
2976 -50
2977 -50
2978 -50
2979 -50
2980 -50
2981 -50
2982 -50
2983 -50
2984 -50
2985 -50
2986 -50
2987 -50
2988 -50
2989 -50
2990 -50
2991 -50
2992 -50
2993 -50
2994 -50
2995 -50
2996 -50
2997 -50
2998 -50
2999 -50
3000 -50
3001 -50
3002 -50
3003 -50
3004 -50
3005 -50
3006 -50
3007 -50
3008 -50
3009 -50
3010 -50
3011 -50
3012 -50
3013 -50
3014 -50
3015 -50
3016 -50
3017 -50
3018 -50
3019 -50
3020 -50
3021 -50
3022 -50
3023 -50
3024 -50
3025 -50
3026 -50
3027 -50
3028 -50
3029 -50
3030 -50
3031 -50
3032 -50
3033 -50
3034 -50
3035 -50
3036 -50
3037 -50
3038 -50
3039 -50
3040 -50
3041 -50
3042 -50
3043 -50
3044 -50
3045 -50
3046 -50
3047 -50
3048 -50
3049 -50
3050 -50
3051 -50
3052 -50
3053 -50
3054 -50
3055 -50
3056 -50
3057 -50
3058 -50
3059 -50
3060 -50
3061 -50
3062 -50
3063 -50
3064 -50
3065 -50
3066 -50
3067 -50
3068 -50
3069 -50
3070 -50
3071 -50
3072 -50
3073 -50
3074 -50
3075 -50
3076 -50
3077 -50
3078 -50
3079 -50
3080 -50
3081 -50
3082 -50
3083 -50
3084 -50
3085 -50
3086 -50
3087 -50
3088 -50
3089 -50
3090 -50
3091 -50
3092 -50
3093 -50
3094 -50
3095 -50
3096 -50
3097 -50
3098 -50
3099 -50
3100 -50
3101 -50
3102 -50
3103 -50
3104 -50
3105 -50
3106 -50
3107 -50
3108 -50
3109 -50
3110 -50
3111 -50
3112 -50
3113 -46
3114 -50
3115 -50
3116 -50
3117 -50
3118 -50
3119 -50
3120 -50
3121 -50
3122 -50
3123 -50
3124 -50
3125 -50
3126 -50
3127 -50
3128 -50
3129 -50
3130 -50
3131 -50
3132 -50
3133 -50
3134 -50
3135 -50
3136 -50
3137 -50
3138 -50
3139 -50
3140 -50
3141 -50
3142 -50
3143 -50
3144 -50
3145 -50
3146 -50
3147 -50
3148 -50
3149 -50
3150 -50
3151 -50
3152 -50
3153 -50
3154 -50
3155 -50
3156 -50
3157 -50
3158 -50
3159 -50
3160 -50
3161 -50
3162 -50
3163 -50
3164 -50
3165 -50
3166 -50
3167 -50
3168 -50
3169 -50
3170 -50
3171 -50
3172 -50
3173 -50
3174 -50
3175 -50
3176 -50
3177 -50
3178 -50
3179 -50
3180 -50
3181 -50
3182 -46
3183 -46
3184 -46
3185 -46
3186 -46
3187 -46
3188 -46
3189 -46
3190 -46
3191 -46
3192 -46
3193 -46
3194 -46
3195 -46
3196 -46
3197 -46
3198 -46
3199 -46
3200 -46
3201 -46
3202 -46
3203 -46
3204 -46
3205 -46
3206 -46
3207 -46
3208 -46
3209 -46
3210 -46
3211 -46
3212 -46
3213 -46
3214 -46
3215 -46
3216 -46
3217 -46
3218 -46
3219 -46
3220 -46
3221 -46
3222 -46
3223 -46
3224 -46
3225 -46
3226 -46
3227 -46
3228 -46
3229 -46
3230 -46
3231 -46
3232 -46
3233 -46
3234 -46
3235 -46
3236 -46
3237 -46
3238 -46
3239 -46
3240 -46
3241 -46
3242 -46
3243 -46
3244 -46
3245 -46
3246 -46
3247 -42
3248 -38
3249 -38
3250 -46
3251 -46
3252 -46
3253 -46
3254 -46
3255 -46
3256 -46
3257 -46
3258 -46
3259 -46
3260 -46
3261 -46
3262 -46
3263 -46
3264 -46
3265 -46
3266 -46
3267 -46
3268 -46
3269 -42
3270 -46
3271 -46
3272 -46
3273 -46
3274 -46
3275 -46
3276 -46
3277 -46
3278 -46
3279 -46
3280 -46
3281 -46
3282 -46
3283 -46
3284 -46
3285 -46
3286 -46
3287 -46
3288 -46
3289 -46
3290 -46
3291 -46
3292 -46
3293 -46
3294 -46
3295 -46
3296 -46
3297 -46
3298 -46
3299 -46
3300 -46
3301 -46
3302 -46
3303 -46
3304 -46
3305 -46
3306 -46
3307 -46
3308 -46
3309 -46
3310 -46
3311 -46
3312 -46
3313 -46
3314 -46
3315 -46
3316 -46
3317 -46
3318 -46
3319 -46
3320 -46
3321 -46
3322 -46
3323 -46
3324 -46
3325 -46
3326 -46
3327 -46
3328 -46
3329 -46
3330 -46
3331 -46
3332 -46
3333 -46
3334 -46
3335 -46
3336 -46
3337 -46
3338 -46
3339 -46
3340 -46
3341 -46
3342 -46
3343 -46
3344 -46
3345 -46
3346 -46
3347 -46
3348 -46
3349 -46
3350 -46
3351 -46
3352 -46
3353 -46
3354 -46
3355 -46
3356 -46
3357 -46
3358 -46
3359 -46
3360 -46
3361 -46
3362 -46
3363 -46
3364 -46
3365 -46
3366 -46
3367 -46
3368 -46
3369 -46
3370 -46
3371 -46
3372 -46
3373 -46
3374 -46
3375 -46
3376 -46
3377 -46
3378 -46
3379 -46
3380 -46
3381 -46
3382 -46
3383 -46
3384 -46
3385 -46
3386 -46
3387 -46
3388 -46
3389 -46
3390 -46
3391 -46
3392 -46
3393 -46
3394 -46
3395 -46
3396 -46
3397 -46
3398 -46
3399 -46
3400 -46
3401 -46
3402 -46
3403 -46
3404 -46
3405 -46
3406 -46
3407 -46
3408 -46
3409 -46
3410 -46
3411 -46
3412 -46
3413 -46
3414 -46
3415 -46
3416 -46
3417 -46
3418 -46
3419 -46
3420 -46
3421 -46
3422 -46
3423 -46
3424 -46
3425 -42
3426 -42
3427 -46
3428 -46
3429 -46
3430 -46
3431 -46
3432 -46
3433 -46
3434 -46
3435 -46
3436 -46
3437 -46
3438 -46
3439 -46
3440 -46
3441 -46
3442 -46
3443 -46
3444 -42
3445 -46
3446 -46
3447 -46
3448 -46
3449 -46
3450 -46
3451 -46
3452 -46
3453 -46
3454 -46
3455 -46
3456 -46
3457 -46
3458 -46
3459 -46
3460 -46
3461 -46
3462 -46
3463 -46
3464 -46
3465 -46
3466 -46
3467 -46
3468 -46
3469 -46
3470 -46
3471 -46
3472 -46
3473 -46
3474 -46
3475 -46
3476 -46
3477 -46
3478 -46
3479 -46
3480 -46
3481 -46
3482 -46
3483 -46
3484 -46
3485 -46
3486 -46
3487 -46
3488 -46
3489 -46
3490 -46
3491 -46
3492 -46
3493 -46
3494 -46
3495 -46
3496 -46
3497 -46
3498 -46
3499 -46
3500 -46
3501 -46
3502 -46
3503 -46
3504 -46
3505 -46
3506 -46
3507 -46
3508 -46
3509 -46
3510 -46
3511 -46
3512 -46
3513 -46
3514 -46
3515 -46
3516 -46
3517 -46
3518 -46
3519 -46
3520 -46
3521 -46
3522 -46
3523 -46
3524 -46
3525 -46
3526 -46
3527 -46
3528 -46
3529 -46
3530 -46
3531 -46
3532 -46
3533 -46
3534 -46
3535 -46
3536 -46
3537 -46
3538 -46
3539 -46
3540 -46
3541 -46
3542 -46
3543 -46
3544 -46
3545 -46
3546 -46
3547 -46
3548 -46
3549 -46
3550 -46
3551 -46
3552 -46
3553 -46
3554 -46
3555 -46
3556 -46
3557 -46
3558 -46
3559 -46
3560 -46
3561 -46
3562 -46
3563 -46
3564 -46
3565 -46
3566 -46
3567 -46
3568 -46
3569 -46
3570 -46
3571 -46
3572 -46
3573 -46
3574 -46
3575 -46
3576 -46
3577 -46
3578 -46
3579 -46
3580 -46
3581 -46
3582 -46
3583 -46
3584 -46
3585 -46
3586 -46
3587 -46
3588 -46
3589 -46
3590 -46
3591 -46
3592 -46
3593 -46
3594 -46
3595 -46
3596 -46
3597 -46
3598 -46
3599 -46
3600 -46
3601 -46
3602 -46
3603 -46
3604 -46
3605 -46
3606 -46
3607 -46
3608 -42
3609 -46
3610 -46
3611 -46
3612 -46
3613 -46
3614 -46
3615 -46
3616 -46
3617 -46
3618 -46
3619 -46
3620 -46
3621 -46
3622 -46
3623 -46
3624 -46
3625 -46
3626 -46
3627 -46
3628 -46
3629 -46
3630 -46
3631 -46
3632 -46
3633 -46
3634 -46
3635 -46
3636 -46
3637 -46
3638 -46
3639 -46
3640 -46
3641 -46
3642 -46
3643 -46
3644 -46
3645 -46
3646 -46
3647 -46
3648 -46
3649 -46
3650 -46
3651 -46
3652 -46
3653 -46
3654 -46
3655 -46
3656 -46
3657 -46
3658 -46
3659 -46
3660 -46
3661 -46
3662 -46
3663 -46
3664 -46
3665 -46
3666 -46
3667 -46
3668 -46
3669 -46
3670 -46
3671 -46
3672 -46
3673 -46
3674 -46
3675 -46
3676 -46
3677 -46
3678 -46
3679 -46
3680 -46
3681 -46
3682 -46
3683 -46
3684 -46
3685 -46
3686 -46
3687 -46
3688 -46
3689 -46
3690 -46
3691 -46
3692 -46
3693 -46
3694 -46
3695 -46
3696 -46
3697 -46
3698 -46
3699 -46
3700 -46
3701 -46
3702 -46
3703 -46
3704 -46
3705 -42
3706 -46
3707 -46
3708 -46
3709 -46
3710 -46
3711 -46
3712 -46
3713 -46
3714 -46
3715 -46
3716 -46
3717 -46
3718 -46
3719 -46
3720 -46
3721 -46
3722 -46
3723 -46
3724 -46
3725 -46
3726 -46
3727 -46
3728 -46
3729 -46
3730 -46
3731 -46
3732 -46
3733 -46
3734 -46
3735 -46
3736 -46
3737 -46
3738 -46
3739 -46
3740 -46
3741 -46
3742 -46
3743 -46
3744 -46
3745 -46
3746 -46
3747 -46
3748 -46
3749 -46
3750 -46
3751 -46
3752 -50
3753 -50
3754 -50
3755 -50
3756 -50
3757 -50
3758 -50
3759 -50
3760 -50
3761 -50
3762 -50
3763 -50
3764 -50
3765 -50
3766 -50
3767 -50
3768 -50
3769 -50
3770 -50
3771 -50
3772 -50
3773 -50
3774 -50
3775 -50
3776 -50
3777 -50
3778 -50
3779 -50
3780 -50
3781 -50
3782 -50
3783 -50
3784 -50
3785 -50
3786 -50
3787 -50
3788 -50
3789 -50
3790 -50
3791 -50
3792 -50
3793 -50
3794 -50
3795 -50
3796 -50
3797 -50
3798 -50
3799 -50
3800 -50
3801 -50
3802 -50
3803 -50
3804 -50
3805 -50
3806 -50
3807 -46
3808 -46
3809 -46
3810 -46
3811 -46
3812 -50
3813 -50
3814 -50
3815 -50
3816 -50
3817 -50
3818 -50
3819 -50
3820 -50
3821 -50
3822 -50
3823 -50
3824 -50
3825 -50
3826 -50
3827 -50
3828 -50
3829 -50
3830 -50
3831 -50
3832 -50
3833 -50
3834 -50
3835 -50
3836 -50
3837 -50
3838 -50
3839 -50
3840 -50
3841 -50
3842 -50
3843 -50
3844 -50
3845 -50
3846 -50
3847 -50
3848 -50
3849 -50
3850 -50
3851 -50
3852 -50
3853 -50
3854 -50
3855 -50
3856 -50
3857 -50
3858 -50
3859 -50
3860 -50
3861 -50
3862 -50
3863 -50
3864 -50
3865 -50
3866 -50
3867 -50
3868 -50
3869 -50
3870 -50
3871 -50
3872 -50
3873 -50
3874 -50
3875 -50
3876 -50
3877 -50
3878 -50
3879 -50
3880 -50
3881 -50
3882 -50
3883 -50
3884 -50
3885 -50
3886 -50
3887 -50
3888 -50
3889 -50
3890 -50
3891 -50
3892 -50
3893 -50
3894 -50
3895 -50
3896 -50
3897 -50
3898 -50
3899 -50
3900 -50
3901 -50
3902 -50
3903 -50
3904 -50
3905 -50
3906 -50
3907 -50
3908 -50
3909 -50
3910 -50
3911 -50
3912 -50
3913 -50
3914 -50
3915 -50
3916 -50
3917 -50
3918 -50
3919 -50
3920 -50
3921 -50
3922 -50
3923 -50
3924 -50
3925 -50
3926 -50
3927 -50
3928 -50
3929 -50
3930 -50
3931 -50
3932 -50
3933 -50
3934 -50
3935 -50
3936 -50
3937 -50
3938 -50
3939 -50
3940 -50
3941 -50
3942 -50
3943 -50
3944 -50
3945 -50
3946 -50
3947 -50
3948 -50
3949 -50
3950 -50
3951 -50
3952 -50
3953 -50
3954 -50
3955 -50
3956 -50
3957 -50
3958 -50
3959 -50
3960 -50
3961 -50
3962 -50
3963 -50
3964 -50
3965 -50
3966 -50
3967 -50
3968 -50
3969 -50
3970 -50
3971 -50
3972 -50
3973 -50
3974 -50
3975 -50
3976 -50
3977 -50
3978 -50
3979 -50
3980 -50
3981 -50
3982 -50
3983 -50
3984 -50
3985 -50
3986 -50
3987 -50
3988 -50
3989 -50
3990 -50
3991 -50
3992 -50
3993 -50
3994 -50
3995 -50
3996 -50
3997 -50
3998 -50
3999 -50
4000 -50
4001 -50
4002 -50
4003 -50
4004 -50
4005 -50
4006 -50
4007 -50
4008 -50
4009 -50
4010 -50
4011 -50
4012 -50
4013 -50
4014 -50
4015 -50
4016 -50
4017 -50
4018 -50
4019 -50
4020 -50
4021 -50
4022 -50
4023 -50
4024 -50
4025 -50
4026 -50
4027 -50
4028 -50
4029 -50
4030 -50
4031 -50
4032 -50
4033 -50
4034 -50
4035 -50
4036 -50
4037 -50
4038 -50
4039 -50
4040 -50
4041 -50
4042 -50
4043 -50
4044 -50
4045 -50
4046 -50
4047 -50
4048 -50
4049 -50
4050 -50
4051 -50
4052 -50
4053 -50
4054 -50
4055 -50
4056 -50
4057 -50
4058 -50
4059 -50
4060 -50
4061 -50
4062 -50
4063 -50
4064 -50
4065 -50
4066 -50
4067 -50
4068 -50
4069 -50
4070 -50
4071 -50
4072 -50
4073 -50
4074 -50
4075 -50
4076 -50
4077 -50
4078 -50
4079 -50
4080 -50
4081 -50
4082 -50
4083 -50
4084 -50
4085 -50
4086 -50
4087 -50
4088 -50
4089 -50
4090 -50
4091 -50
4092 -50
4093 -50
4094 -50
4095 -50
4096 -50
4097 -50
4098 -50
4099 -50
4100 -50
4101 -50
4102 -50
4103 -50
4104 -50
4105 -50
4106 -50
4107 -50
4108 -50
4109 -50
4110 -50
4111 -50
4112 -50
4113 -50
4114 -46
4115 -50
4116 -50
4117 -50
4118 -50
4119 -50
4120 -50
4121 -50
4122 -50
4123 -50
4124 -50
4125 -50
4126 -46
4127 -46
4128 -46
4129 -46
4130 -46
4131 -50
4132 -50
4133 -50
4134 -50
4135 -50
4136 -50
4137 -50
4138 -50
4139 -50
4140 -50
4141 -50
4142 -50
4143 -50
4144 -50
4145 -50
4146 -50
4147 -50
4148 -50
4149 -50
4150 -50
4151 -50
4152 -50
4153 -50
4154 -50
4155 -50
4156 -50
4157 -50
4158 -50
4159 -50
4160 -50
4161 -50
4162 -50
4163 -50
4164 -50
4165 -50
4166 -50
4167 -50
4168 -50
4169 -50
4170 -50
4171 -50
4172 -50
4173 -50
4174 -50
4175 -50
4176 -50
4177 -50
4178 -50
4179 -50
4180 -50
4181 -50
4182 -50
4183 -50
4184 -50
4185 -50
4186 -50
4187 -50
4188 -50
4189 -50
4190 -50
4191 -50
4192 -50
4193 -50
4194 -50
4195 -50
4196 -50
4197 -50
4198 -50
4199 -50
4200 -50
4201 -50
4202 -50
4203 -50
4204 -50
4205 -50
4206 -50
4207 -50
4208 -50
4209 -50
4210 -50
4211 -50
4212 -50
4213 -50
4214 -50
4215 -50
4216 -50
4217 -50
4218 -50
4219 -50
4220 -50
4221 -50
4222 -50
4223 -50
4224 -50
4225 -50
4226 -50
4227 -50
4228 -50
4229 -50
4230 -50
4231 -50
4232 -50
4233 -50
4234 -50
4235 -50
4236 -50
4237 -50
4238 -50
4239 -50
4240 -50
4241 -50
4242 -50
4243 -50
4244 -50
4245 -50
4246 -50
4247 -50
4248 -50
4249 -50
4250 -50
4251 -50
4252 -50
4253 -50
4254 -50
4255 -50
4256 -50
4257 -50
4258 -50
4259 -50
4260 -50
4261 -50
4262 -50
4263 -50
4264 -50
4265 -50
4266 -50
4267 -50
4268 -50
4269 -50
4270 -50
4271 -50
4272 -50
4273 -50
4274 -50
4275 -50
4276 -50
4277 -50
4278 -50
4279 -50
4280 -50
4281 -50
4282 -50
4283 -50
4284 -50
4285 -50
4286 -50
4287 -50
4288 -50
4289 -50
4290 -50
4291 -50
4292 -50
4293 -50
4294 -50
4295 -50
4296 -50
4297 -50
4298 -50
4299 -50
4300 -50
4301 -50
4302 -50
4303 -50
4304 -50
4305 -50
4306 -50
4307 -50
4308 -50
4309 -50
4310 -50
4311 -50
4312 -50
4313 -50
4314 -50
4315 -50
4316 -50
4317 -46
4318 -46
4319 -46
4320 -50
4321 -50
4322 -50
4323 -46
4324 -46
4325 -50
4326 -50
4327 -50
4328 -50
4329 -50
4330 -50
4331 -50
4332 -50
4333 -50
4334 -50
4335 -50
4336 -50
4337 -50
4338 -50
4339 -50
4340 -50
4341 -50
4342 -50
4343 -50
4344 -50
4345 -50
4346 -50
4347 -50
4348 -50
4349 -46
4350 -46
4351 -46
4352 -50
4353 -50
4354 -50
4355 -50
4356 -50
4357 -50
4358 -50
4359 -50
4360 -50
4361 -50
4362 -50
4363 -50
4364 -50
4365 -50
4366 -50
4367 -50
4368 -50
4369 -50
4370 -50
4371 -46
4372 -50
4373 -50
4374 -50
4375 -50
4376 -50
4377 -50
4378 -50
4379 -50
4380 -50
4381 -50
4382 -50
4383 -50
4384 -50
4385 -50
4386 -50
4387 -50
4388 -50
4389 -50
4390 -50
4391 -50
4392 -50
4393 -50
4394 -50
4395 -46
4396 -50
4397 -50
4398 -50
4399 -50
4400 -50
4401 -50
4402 -50
4403 -50
4404 -50
4405 -50
4406 -50
4407 -50
4408 -50
4409 -50
4410 -50
4411 -50
4412 -50
4413 -50
4414 -50
4415 -50
4416 -50
4417 -50
4418 -50
4419 -50
4420 -50
4421 -50
4422 -50
4423 -50
4424 -50
4425 -50
4426 -50
4427 -50
4428 -50
4429 -50
4430 -50
4431 -50
4432 -50
4433 -50
4434 -50
4435 -50
4436 -50
4437 -50
4438 -50
4439 -50
4440 -50
4441 -50
4442 -50
4443 -50
4444 -50
4445 -50
4446 -50
4447 -50
4448 -50
4449 -50
4450 -50
4451 -50
4452 -50
4453 -50
4454 -50
4455 -50
4456 -50
4457 -50
4458 -50
4459 -50
4460 -50
4461 -50
4462 -50
4463 -50
4464 -50
4465 -50
4466 -46
4467 -46
4468 -46
4469 -46
4470 -46
4471 -46
4472 -46
4473 -46
4474 -46
4475 -46
4476 -42
4477 -42
4478 -42
4479 -42
4480 -42
4481 -42
4482 -42
4483 -42
4484 -42
4485 -42
4486 -42
4487 -46
4488 -46
4489 -46
4490 -46
4491 -46
4492 -46
4493 -46
4494 -46
4495 -46
4496 -50
4497 -50
4498 -50
4499 -50
4500 -50
4501 -50
4502 -50
4503 -50
4504 -50
4505 -50
4506 -50
4507 -50
4508 -50
4509 -50
4510 -50
4511 -50
4512 -50
4513 -50
4514 -50
4515 -50
4516 -50
4517 -50
4518 -50
4519 -50
4520 -50
4521 -50
4522 -50
4523 -50
4524 -50
4525 -50
4526 -50
4527 -50
4528 -50
4529 -50
4530 -50
4531 -50
4532 -50
4533 -50
4534 -50
4535 -50
4536 -50
4537 -50
4538 -50
4539 -50
4540 -50
4541 -50
4542 -50
4543 -50
4544 -50
4545 -50
4546 -50
4547 -50
4548 -50
4549 -50
4550 -50
4551 -50
4552 -50
4553 -50
4554 -50
4555 -50
4556 -50
4557 -50
4558 -50
4559 -50
4560 -50
4561 -50
4562 -50
4563 -46
4564 -50
4565 -50
4566 -50
4567 -50
4568 -50
4569 -50
4570 -50
4571 -50
4572 -50
4573 -50
4574 -50
4575 -50
4576 -50
4577 -50
4578 -50
4579 -50
4580 -50
4581 -50
4582 -50
4583 -50
4584 -50
4585 -50
4586 -50
4587 -50
4588 -50
4589 -50
4590 -50
4591 -50
4592 -46
4593 -50
4594 -50
4595 -50
4596 -50
4597 -50
4598 -50
4599 -50
4600 -50
4601 -50
4602 -50
4603 -50
4604 -50
4605 -50
4606 -50
4607 -50
4608 -50
4609 -50
4610 -50
4611 -50
4612 -50
4613 -50
4614 -50
4615 -50
4616 -50
4617 -50
4618 -50
4619 -50
4620 -50
4621 -50
4622 -50
4623 -50
4624 -50
4625 -50
4626 -50
4627 -50
4628 -50
4629 -50
4630 -50
4631 -50
4632 -50
4633 -50
4634 -50
4635 -50
4636 -50
4637 -50
4638 -50
4639 -50
4640 -50
4641 -50
4642 -50
4643 -50
4644 -50
4645 -50
4646 -50
4647 -50
4648 -50
4649 -50
4650 -50
4651 -50
4652 -50
4653 -50
4654 -50
4655 -50
4656 -50
4657 -50
4658 -50
4659 -50
4660 -50
4661 -50
4662 -50
4663 -50
4664 -50
4665 -50
4666 -50
4667 -50
4668 -50
4669 -50
4670 -50
4671 -50
4672 -50
4673 -50
4674 -50
4675 -50
4676 -50
4677 -50
4678 -50
4679 -50
4680 -50
4681 -50
4682 -50
4683 -50
4684 -50
4685 -50
4686 -50
4687 -50
4688 -50
4689 -50
4690 -50
4691 -50
4692 -50
4693 -50
4694 -50
4695 -50
4696 -50
4697 -50
4698 -50
4699 -50
4700 -50
4701 -50
4702 -50
4703 -50
4704 -50
4705 -50
4706 -50
4707 -50
4708 -50
4709 -50
4710 -50
4711 -50
4712 -50
4713 -50
4714 -50
4715 -50
4716 -50
4717 -50
4718 -50
4719 -50
4720 -50
4721 -50
4722 -50
4723 -50
4724 -50
4725 -50
4726 -50
4727 -50
4728 -50
4729 -50
4730 -50
4731 -50
4732 -50
4733 -50
4734 -50
4735 -50
4736 -50
4737 -50
4738 -50
4739 -50
4740 -50
4741 -50
4742 -50
4743 -50
4744 -50
4745 -50
4746 -50
4747 -50
4748 -50
4749 -50
4750 -50
4751 -50
4752 -50
4753 -50
4754 -50
4755 -50
4756 -50
4757 -50
4758 -50
4759 -50
4760 -50
4761 -50
4762 -50
4763 -50
4764 -50
4765 -50
4766 -50
4767 -50
4768 -50
4769 -50
4770 -50
4771 -50
4772 -50
4773 -50
4774 -50
4775 -50
4776 -50
4777 -50
4778 -50
4779 -50
4780 -50
4781 -50
4782 -50
4783 -50
4784 -50
4785 -50
4786 -50
4787 -50
4788 -50
4789 -50
4790 -50
4791 -50
4792 -50
4793 -50
4794 -50
4795 -50
4796 -50
4797 -50
4798 -50
4799 -50
4800 -50
4801 -50
4802 -50
4803 -50
4804 -50
4805 -50
4806 -50
4807 -50
4808 -50
4809 -50
4810 -50
4811 -50
4812 -50
4813 -50
4814 -50
4815 -50
4816 -50
4817 -50
4818 -50
4819 -50
4820 -50
4821 -50
4822 -50
4823 -50
4824 -50
4825 -50
4826 -50
4827 -50
4828 -50
4829 -50
4830 -50
4831 -50
4832 -50
4833 -50
4834 -50
4835 -50
4836 -50
4837 -50
4838 -50
4839 -50
4840 -50
4841 -50
4842 -50
4843 -50
4844 -50
4845 -50
4846 -50
4847 -50
4848 -50
4849 -50
4850 -50
4851 -50
4852 -50
4853 -50
4854 -50
4855 -50
4856 -50
4857 -50
4858 -50
4859 -50
4860 -50
4861 -50
4862 -50
4863 -50
4864 -50
4865 -50
4866 -50
4867 -50
4868 -50
4869 -50
4870 -50
4871 -50
4872 -50
4873 -50
4874 -50
4875 -50
4876 -50
4877 -50
4878 -50
4879 -50
4880 -50
4881 -50
4882 -50
4883 -50
4884 -50
4885 -50
4886 -50
4887 -50
4888 -50
4889 -50
4890 -50
4891 -50
4892 -50
4893 -50
4894 -50
4895 -50
4896 -50
4897 -50
4898 -50
4899 -50
4900 -50
4901 -50
4902 -50
4903 -46
4904 -50
4905 -50
4906 -50
4907 -50
4908 -50
4909 -50
4910 -50
4911 -50
4912 -50
4913 -50
4914 -50
4915 -50
4916 -50
4917 -50
4918 -50
4919 -50
4920 -50
4921 -50
4922 -50
4923 -50
4924 -50
4925 -50
4926 -50
4927 -50
4928 -50
4929 -50
4930 -50
4931 -50
4932 -50
4933 -50
4934 -50
4935 -50
4936 -50
4937 -50
4938 -50
4939 -50
4940 -50
4941 -50
4942 -50
4943 -50
4944 -50
4945 -50
4946 -50
4947 -50
4948 -50
4949 -50
4950 -50
4951 -50
4952 -50
4953 -50
4954 -50
4955 -50
4956 -50
4957 -50
4958 -50
4959 -50
4960 -50
4961 -50
4962 -50
4963 -50
4964 -50
4965 -50
4966 -50
4967 -50
4968 -50
4969 -50
4970 -50
4971 -50
4972 -50
4973 -50
4974 -50
4975 -50
4976 -50
4977 -50
4978 -50
4979 -50
4980 -50
4981 -50
4982 -46
4983 -46
4984 -46
4985 -50
4986 -50
4987 -50
4988 -50
4989 -50
4990 -50
4991 -50
4992 -50
4993 -50
4994 -50
4995 -50
4996 -50
4997 -50
4998 -50
4999 -50
5000 -50
