1 0
2 4
3 4
4 12
5 16
6 16
7 12
8 8
9 6
10 6
11 10
12 18
13 18
14 18
15 18
16 22
17 18
18 20
19 20
20 20
21 16
22 18
23 18
24 16
25 16
26 14
27 12
28 10
29 10
30 8
31 8
32 8
33 14
34 16
35 18
36 18
37 18
38 20
39 22
40 22
41 20
42 22
43 22
44 28
45 28
46 24
47 22
48 22
49 24
50 28
51 28
52 28
53 28
54 32
55 34
56 32
57 32
58 30
59 28
60 34
61 34
62 34
63 32
64 30
65 30
66 34
67 34
68 32
69 34
70 34
71 34
72 30
73 28
74 28
75 30
76 28
77 30
78 30
79 34
80 28
81 36
82 34
83 32
84 32
85 32
86 28
87 28
88 28
89 28
90 32
91 32
92 32
93 28
94 30
95 28
96 28
97 28
98 26
99 22
100 22
101 20
102 20
103 22
104 20
105 20
106 22
107 18
108 20
109 18
110 20
111 22
112 22
113 30
114 28
115 30
116 28
117 24
118 22
119 18
120 16
121 14
122 20
123 20
124 20
125 18
126 20
127 18
128 16
129 16
130 16
131 10
132 8
133 6
134 6
135 0
136 -2
137 2
138 2
139 8
140 8
141 4
142 8
143 8
144 8
145 8
146 4
147 8
148 2
149 4
150 4
151 2
152 0
153 2
154 0
155 -2
156 -6
157 -4
158 2
159 -2
160 2
161 8
162 6
163 10
164 12
165 12
166 18
167 16
168 12
169 12
170 12
171 16
172 16
173 16
174 12
175 14
176 16
177 14
178 14
179 18
180 16
181 12
182 10
183 12
184 6
185 4
186 4
187 10
188 8
189 10
190 10
191 12
192 16
193 12
194 14
195 12
196 16
197 16
198 14
199 14
200 6
201 10
202 8
203 6
204 10
205 10
206 16
207 16
208 14
209 14
210 20
211 20
212 26
213 28
214 30
215 32
216 28
217 26
218 26
219 28
220 22
221 22
222 16
223 20
224 22
225 22
226 22
227 20
228 20
229 24
230 22
231 34
232 26
233 26
234 30
235 26
236 28
237 32
238 28
239 22
240 24
241 20
242 20
243 20
244 18
245 22
246 26
247 24
248 28
249 28
250 30
251 26
252 30
253 32
254 34
255 32
256 28
257 30
258 28
259 26
260 22
261 26
262 26
263 24
264 22
265 24
266 22
267 26
268 24
269 22
270 26
271 28
272 28
273 26
274 24
275 26
276 24
277 26
278 26
279 30
280 26
281 24
282 24
283 18
284 22
285 18
286 18
287 16
288 16
289 18
290 16
291 22
292 24
293 24
294 18
295 16
296 18
297 24
298 24
299 22
300 18
301 18
302 14
303 12
304 14
305 16
306 16
307 16
308 18
309 18
310 18
311 18
312 20
313 18
314 16
315 14
316 18
317 16
318 20
319 20
320 22
321 24
322 24
323 26
324 24
325 20
326 20
327 20
328 18
329 16
330 18
331 18
332 16
333 14
334 18
335 16
336 16
337 12
338 14
339 10
340 10
341 14
342 14
343 16
344 20
345 18
346 12
347 8
348 14
349 18
350 14
351 20
352 16
353 14
354 10
355 12
356 4
357 8
358 10
359 6
360 8
361 10
362 12
363 10
364 12
365 16
366 14
367 12
368 14
369 18
370 16
371 14
372 12
373 12
374 14
375 14
376 12
377 6
378 4
379 4
380 2
381 2
382 2
383 2
384 0
385 2
386 2
387 4
388 4
389 6
390 2
391 2
392 2
393 2
394 2
395 0
396 -4
397 -10
398 -12
399 -12
400 -8
401 -10
402 -8
403 -10
404 -14
405 -18
406 -16
407 -10
408 -6
409 -8
410 -8
411 -12
412 -10
413 -16
414 -16
415 -16
416 -16
417 -18
418 -20
419 -18
420 -18
421 -18
422 -18
423 -20
424 -16
425 -16
426 -16
427 -18
428 -18
429 -18
430 -18
431 -12
432 -10
433 -8
434 -8
435 -6
436 -8
437 -4
438 -6
439 -8
440 -4
441 2
442 8
443 12
444 12
445 4
446 4
447 4
448 6
449 10
450 8
451 6
452 10
453 10
454 10
455 12
456 12
457 16
458 14
459 16
460 14
461 10
462 10
463 10
464 10
465 12
466 14
467 10
468 16
469 16
470 16
471 20
472 22
473 22
474 24
475 26
476 28
477 30
478 26
479 24
480 24
481 22
482 22
483 22
484 26
485 28
486 28
487 30
488 32
489 30
490 30
491 32
492 34
493 34
494 34
495 30
496 30
497 28
498 26
499 26
500 32
501 32
502 30
503 36
504 36
505 34
506 36
507 32
508 36
509 34
510 36
511 34
512 32
513 36
514 32
515 34
516 34
517 36
518 36
519 38
520 40
521 42
522 44
523 42
524 42
525 38
526 34
527 32
528 32
529 36
530 34
531 28
532 26
533 24
534 28
535 28
536 34
537 32
538 38
539 36
540 38
541 40
542 42
543 40
544 40
545 40
546 44
547 48
548 50
549 50
550 50
551 50
552 50
553 50
554 50
555 50
556 50
557 50
558 50
559 50
560 50
561 50
562 50
563 50
564 50
565 50
566 50
567 50
568 50
569 50
570 50
571 50
572 50
573 50
574 50
575 50
576 50
577 50
578 50
579 50
580 50
581 50
582 50
583 50
584 50
585 50
586 50
587 50
588 50
589 50
590 50
591 50
592 50
593 50
594 50
595 50
596 50
597 50
598 50
599 50
600 50
601 50
602 50
603 50
604 50
605 50
606 50
607 50
608 50
609 50
610 50
611 50
612 50
613 50
614 50
615 50
616 50
617 50
618 50
619 50
620 50
621 50
622 50
623 50
624 50
625 50
626 50
627 50
628 50
629 50
630 50
631 50
632 50
633 50
634 50
635 50
636 50
637 50
638 50
639 50
640 50
641 50
642 50
643 50
644 50
645 50
646 50
647 50
648 50
649 50
650 50
651 50
652 50
653 50
654 50
655 50
656 50
657 50
658 50
659 50
660 50
661 50
662 50
663 50
664 50
665 50
666 50
667 50
668 50
669 50
670 50
671 50
672 50
673 50
674 46
675 46
676 46
677 50
678 50
679 50
680 50
681 50
682 50
683 50
684 50
685 50
686 50
687 50
688 50
689 50
690 50
691 50
692 50
693 50
694 50
695 50
696 50
697 50
698 50
699 50
700 50
701 50
702 50
703 50
704 50
705 50
706 50
707 50
708 50
709 50
710 50
711 50
712 50
713 48
714 48
715 48
716 44
717 42
718 42
719 42
720 42
721 46
722 50
723 50
724 50
725 50
726 50
727 50
728 50
729 50
730 50
731 50
732 50
733 50
734 50
735 50
736 50
737 50
738 50
739 50
740 50
741 50
742 50
743 50
744 50
745 50
746 50
747 50
748 50
749 50
750 50
751 50
752 50
753 50
754 50
755 50
756 50
757 50
758 50
759 50
760 50
761 50
762 50
763 50
764 50
765 50
766 50
767 50
768 50
769 50
770 50
771 50
772 50
773 50
774 50
775 50
776 50
777 50
778 50
779 50
780 50
781 50
782 50
783 50
784 50
785 50
786 50
787 50
788 50
789 50
790 50
791 50
792 50
793 50
794 50
795 50
796 50
797 50
798 50
799 50
800 50
801 50
802 50
803 50
804 50
805 50
806 50
807 50
808 50
809 50
810 50
811 50
812 50
813 50
814 50
815 50
816 50
817 50
818 50
819 50
820 50
821 50
822 50
823 50
824 50
825 50
826 50
827 50
828 50
829 50
830 50
831 50
832 50
833 50
834 50
835 50
836 50
837 50
838 50
839 50
840 50
841 50
842 50
843 50
844 50
845 50
846 50
847 50
848 50
849 50
850 50
851 50
852 50
853 50
854 50
855 50
856 50
857 50
858 50
859 50
860 50
861 50
862 50
863 50
864 50
865 50
866 50
867 46
868 48
869 46
870 50
871 50
872 50
873 50
874 50
875 50
876 50
877 50
878 50
879 50
880 50
881 50
882 50
883 50
884 50
885 50
886 50
887 50
888 50
889 50
890 50
891 50
892 50
893 50
894 50
895 50
896 50
897 50
898 50
899 50
900 50
901 50
902 50
903 50
904 50
905 50
906 50
907 50
908 50
909 50
910 50
911 50
912 50
913 50
914 48
915 42
916 44
917 46
918 46
919 46
920 48
921 50
922 50
923 46
924 46
925 46
926 48
927 46
928 48
929 50
930 50
931 50
932 50
933 50
934 50
935 50
936 50
937 50
938 50
939 50
940 50
941 50
942 50
943 50
944 50
945 50
946 50
947 50
948 50
949 50
950 50
951 50
952 50
953 50
954 50
955 50
956 50
957 50
958 50
959 50
960 50
961 50
962 50
963 50
964 50
965 50
966 50
967 50
968 50
969 50
970 50
971 50
972 50
973 50
974 50
975 50
976 50
977 50
978 50
979 50
980 50
981 50
982 50
983 50
984 50
985 50
986 50
987 50
988 50
989 50
990 50
991 50
992 50
993 50
994 50
995 50
996 50
997 50
998 50
999 50
1000 50
1001 50
1002 50
1003 50
1004 50
1005 50
1006 50
1007 50
1008 50
1009 50
1010 50
1011 50
1012 50
1013 50
1014 50
1015 50
1016 50
1017 50
1018 50
1019 50
1020 50
1021 50
1022 50
1023 50
1024 50
1025 50
1026 50
1027 50
1028 50
1029 50
1030 50
1031 50
1032 50
1033 50
1034 50
1035 50
1036 50
1037 50
1038 50
1039 50
1040 50
1041 50
1042 50
1043 50
1044 50
1045 50
1046 50
1047 50
1048 50
1049 50
1050 50
1051 50
1052 50
1053 50
1054 50
1055 50
1056 48
1057 48
1058 50
1059 50
1060 50
1061 50
1062 50
1063 50
1064 50
1065 50
1066 50
1067 50
1068 50
1069 50
1070 50
1071 50
1072 50
1073 50
1074 50
1075 50
1076 50
1077 50
1078 50
1079 50
1080 50
1081 50
1082 50
1083 50
1084 50
1085 50
1086 50
1087 50
1088 50
1089 50
1090 50
1091 50
1092 50
1093 50
1094 50
1095 50
1096 50
1097 50
1098 50
1099 50
1100 50
1101 50
1102 50
1103 50
1104 50
1105 50
1106 50
1107 50
1108 50
1109 50
1110 50
1111 50
1112 50
1113 50
1114 50
1115 50
1116 50
1117 50
1118 50
1119 50
1120 50
1121 50
1122 50
1123 50
1124 50
1125 50
1126 50
1127 50
1128 50
1129 50
1130 50
1131 50
1132 50
1133 50
1134 50
1135 50
1136 50
1137 50
1138 50
1139 50
1140 50
1141 50
1142 50
1143 50
1144 50
1145 50
1146 50
1147 50
1148 50
1149 50
1150 50
1151 50
1152 50
1153 50
1154 50
1155 50
1156 50
1157 50
1158 50
1159 50
1160 50
1161 50
1162 50
1163 50
1164 50
1165 50
1166 50
1167 50
1168 50
1169 50
1170 50
1171 50
1172 50
1173 50
1174 50
1175 50
1176 50
1177 50
1178 50
1179 50
1180 50
1181 50
1182 50
1183 50
1184 50
1185 50
1186 50
1187 50
1188 50
1189 50
1190 50
1191 50
1192 50
1193 50
1194 50
1195 50
1196 50
1197 50
1198 50
1199 50
1200 50
1201 50
1202 50
1203 50
1204 50
1205 50
1206 50
1207 50
1208 50
1209 50
1210 50
1211 50
1212 50
1213 50
1214 50
1215 50
1216 50
1217 50
1218 50
1219 50
1220 50
1221 50
1222 50
1223 50
1224 50
1225 50
1226 50
1227 50
1228 50
1229 50
1230 50
1231 50
1232 50
1233 50
1234 50
1235 50
1236 50
1237 50
1238 50
1239 50
1240 50
1241 48
1242 50
1243 50
1244 50
1245 50
1246 50
1247 50
1248 50
1249 50
1250 50
1251 50
1252 50
1253 50
1254 50
1255 50
1256 50
1257 50
1258 50
1259 50
1260 50
1261 50
1262 50
1263 50
1264 50
1265 50
1266 50
1267 50
1268 50
1269 50
1270 50
1271 50
1272 50
1273 50
1274 50
1275 50
1276 44
1277 44
1278 44
1279 42
1280 44
1281 46
1282 48
1283 50
1284 50
1285 50
1286 50
1287 50
1288 50
1289 50
1290 50
1291 50
1292 50
1293 50
1294 50
1295 50
1296 50
1297 50
1298 50
1299 50
1300 50
1301 50
1302 50
1303 50
1304 50
1305 50
1306 50
1307 50
1308 50
1309 50
1310 50
1311 50
1312 50
1313 50
1314 50
1315 50
1316 50
1317 50
1318 50
1319 50
1320 50
1321 50
1322 50
1323 50
1324 50
1325 50
1326 50
1327 50
1328 50
1329 50
1330 50
1331 50
1332 50
1333 50
1334 50
1335 50
1336 50
1337 50
1338 50
1339 50
1340 50
1341 50
1342 50
1343 50
1344 50
1345 50
1346 50
1347 50
1348 50
1349 50
1350 50
1351 50
1352 50
1353 50
1354 50
1355 50
1356 50
1357 50
1358 50
1359 50
1360 50
1361 50
1362 50
1363 50
1364 50
1365 50
1366 44
1367 44
1368 42
1369 42
1370 44
1371 44
1372 46
1373 46
1374 46
1375 50
1376 50
1377 50
1378 50
1379 50
1380 50
1381 50
1382 50
1383 50
1384 50
1385 50
1386 50
1387 50
1388 50
1389 50
1390 50
1391 50
1392 50
1393 50
1394 50
1395 50
1396 50
1397 50
1398 50
1399 50
1400 50
1401 50
1402 50
1403 50
1404 50
1405 50
1406 50
1407 50
1408 50
1409 50
1410 50
1411 50
1412 50
1413 50
1414 50
1415 50
1416 50
1417 50
1418 50
1419 50
1420 50
1421 50
1422 50
1423 50
1424 50
1425 50
1426 50
1427 50
1428 50
1429 50
1430 50
1431 50
1432 50
1433 50
1434 50
1435 50
1436 50
1437 50
1438 50
1439 50
1440 50
1441 50
1442 50
1443 50
1444 50
1445 50
1446 50
1447 50
1448 50
1449 50
1450 50
1451 46
1452 46
1453 46
1454 46
1455 46
1456 48
1457 46
1458 46
1459 50
1460 50
1461 50
1462 50
1463 50
1464 50
1465 50
1466 50
1467 50
1468 50
1469 50
1470 50
1471 50
1472 50
1473 50
1474 50
1475 50
1476 50
1477 50
1478 50
1479 50
1480 50
1481 50
1482 50
1483 50
1484 50
1485 50
1486 50
1487 50
1488 50
1489 50
1490 50
1491 50
1492 50
1493 50
1494 50
1495 50
1496 50
1497 50
1498 50
1499 50
1500 50
1501 50
1502 50
1503 50
1504 50
1505 50
1506 50
1507 50
1508 50
1509 50
1510 48
1511 46
1512 50
1513 50
1514 50
1515 50
1516 50
1517 50
1518 50
1519 50
1520 50
1521 50
1522 50
1523 50
1524 50
1525 50
1526 50
1527 50
1528 50
1529 50
1530 50
1531 50
1532 50
1533 50
1534 50
1535 50
1536 50
1537 50
1538 50
1539 50
1540 50
1541 50
1542 50
1543 50
1544 50
1545 50
1546 50
1547 50
1548 50
1549 50
1550 50
1551 50
1552 50
1553 50
1554 50
1555 50
1556 50
1557 50
1558 50
1559 50
1560 50
1561 50
1562 50
1563 50
1564 50
1565 50
1566 50
1567 50
1568 50
1569 50
1570 48
1571 50
1572 50
1573 50
1574 50
1575 50
1576 50
1577 50
1578 50
1579 50
1580 50
1581 50
1582 50
1583 50
1584 50
1585 50
1586 50
1587 50
1588 50
1589 50
1590 50
1591 50
1592 50
1593 50
1594 48
1595 46
1596 48
1597 50
1598 50
1599 50
1600 50
1601 50
1602 50
1603 50
1604 50
1605 50
1606 50
1607 50
1608 50
1609 50
1610 50
1611 50
1612 50
1613 50
1614 50
1615 50
1616 50
1617 50
1618 50
1619 50
1620 50
1621 50
1622 50
1623 50
1624 50
1625 50
1626 50
1627 50
1628 50
1629 50
1630 50
1631 50
1632 50
1633 50
1634 50
1635 50
1636 50
1637 50
1638 46
1639 46
1640 46
1641 46
1642 50
1643 50
1644 50
1645 50
1646 50
1647 50
1648 50
1649 50
1650 50
1651 50
1652 50
1653 50
1654 50
1655 50
1656 50
1657 46
1658 44
1659 38
1660 38
1661 36
1662 38
1663 36
1664 32
1665 36
1666 38
1667 36
1668 34
1669 34
1670 32
1671 34
1672 32
1673 34
1674 38
1675 36
1676 36
1677 34
1678 26
1679 26
1680 32
1681 32
1682 30
1683 32
1684 32
1685 30
1686 28
1687 28
1688 28
1689 28
1690 30
1691 22
1692 22
1693 20
1694 20
1695 20
1696 18
1697 18
1698 16
1699 16
1700 10
1701 8
1702 6
1703 4
1704 10
1705 10
1706 8
1707 4
1708 4
1709 4
1710 4
1711 4
1712 0
1713 -2
1714 -2
1715 -2
1716 -4
1717 -8
1718 -14
1719 -14
1720 -14
1721 -14
1722 -14
1723 -22
1724 -18
1725 -20
1726 -18
1727 -18
1728 -26
1729 -22
1730 -24
1731 -30
1732 -22
1733 -20
1734 -20
1735 -20
1736 -18
1737 -16
1738 -20
1739 -18
1740 -16
1741 -16
1742 -16
1743 -20
1744 -22
1745 -24
1746 -22
1747 -22
1748 -20
1749 -20
1750 -22
1751 -22
1752 -20
1753 -22
1754 -26
1755 -28
1756 -26
1757 -30
1758 -30
1759 -30
1760 -32
1761 -30
1762 -30
1763 -24
1764 -24
1765 -18
1766 -18
1767 -18
1768 -12
1769 -10
1770 -8
1771 -14
1772 -14
1773 -14
1774 -10
1775 -10
1776 -12
1777 -12
1778 -6
1779 -6
1780 -6
1781 -10
1782 -6
1783 -2
1784 0
1785 6
1786 8
1787 10
1788 8
1789 8
1790 6
1791 12
1792 10
1793 12
1794 12
1795 12
1796 6
1797 6
1798 6
1799 2
1800 4
1801 2
1802 2
1803 0
1804 0
1805 -4
1806 -2
1807 2
1808 -2
1809 -4
1810 -2
1811 -6
1812 -8
1813 -8
1814 -10
1815 -12
1816 -12
1817 -14
1818 -14
1819 -16
1820 -24
1821 -24
1822 -22
1823 -24
1824 -24
1825 -24
1826 -24
1827 -24
1828 -24
1829 -20
1830 -20
1831 -14
1832 -14
1833 -12
1834 -14
1835 -26
1836 -26
1837 -28
1838 -28
1839 -30
1840 -30
1841 -28
1842 -28
1843 -26
1844 -24
1845 -22
1846 -22
1847 -22
1848 -16
1849 -14
1850 -12
1851 -4
1852 -8
1853 -8
1854 -6
1855 -10
1856 -10
1857 -12
1858 -14
1859 -16
1860 -18
1861 -16
1862 -14
1863 -14
1864 -12
1865 -14
1866 -16
1867 -18
1868 -16
1869 -14
1870 -10
1871 -6
1872 -10
1873 -10
1874 -14
1875 -12
1876 -14
1877 -14
1878 -18
1879 -20
1880 -20
1881 -22
1882 -24
1883 -22
1884 -22
1885 -26
1886 -22
1887 -18
1888 -18
1889 -14
1890 -20
1891 -26
1892 -28
1893 -24
1894 -22
1895 -26
1896 -28
1897 -30
1898 -32
1899 -30
1900 -28
1901 -36
1902 -36
1903 -42
1904 -42
1905 -40
1906 -42
1907 -36
1908 -36
1909 -34
1910 -36
1911 -38
1912 -36
1913 -40
1914 -44
1915 -40
1916 -40
1917 -38
1918 -38
1919 -38
1920 -38
1921 -34
1922 -30
1923 -30
1924 -26
1925 -26
1926 -22
1927 -18
1928 -16
1929 -16
1930 -12
1931 -14
1932 -16
1933 -16
1934 -12
1935 -6
1936 -14
1937 -14
1938 -16
1939 -16
1940 -18
1941 -16
1942 -20
1943 -20
1944 -18
1945 -18
1946 -22
1947 -22
1948 -26
1949 -18
1950 -14
1951 -16
1952 -14
1953 -14
1954 -10
1955 -8
1956 -12
1957 -12
1958 -8
1959 -6
1960 -8
1961 -12
1962 -16
1963 -16
1964 -20
1965 -20
1966 -22
1967 -20
1968 -20
1969 -16
1970 -12
1971 -12
1972 -14
1973 -14
1974 -16
1975 -12
1976 -12
1977 -12
1978 -10
1979 -10
1980 -8
1981 -10
1982 -10
1983 -6
1984 -2
1985 -4
1986 -2
1987 -2
1988 -2
1989 6
1990 10
1991 10
1992 8
1993 14
1994 14
1995 18
1996 22
1997 20
1998 28
1999 20
2000 20
2001 18
2002 18
2003 18
2004 20
2005 22
2006 22
2007 20
2008 16
2009 12
2010 16
2011 18
2012 20
2013 16
2014 10
2015 4
2016 4
2017 0
2018 -2
2019 0
2020 -2
2021 -2
2022 -4
2023 -2
2024 -2
2025 0
2026 0
2027 -6
2028 -10
2029 -8
2030 -8
2031 -8
2032 -8
2033 -8
2034 -10
2035 -6
2036 -4
2037 -10
2038 -10
2039 -8
2040 -12
2041 -14
2042 -14
2043 -16
2044 -14
2045 -20
2046 -20
2047 -18
2048 -20
2049 -20
2050 -22
2051 -20
2052 -24
2053 -28
2054 -30
2055 -26
2056 -26
2057 -26
2058 -26
2059 -22
2060 -18
2061 -18
2062 -18
2063 -20
2064 -20
2065 -18
2066 -16
2067 -18
2068 -16
2069 -14
2070 -16
2071 -16
2072 -12
2073 -14
2074 -12
2075 -12
2076 -12
2077 -8
2078 -14
2079 -10
2080 -10
2081 -14
2082 -10
2083 -10
2084 -8
2085 -6
2086 -6
2087 -6
2088 -6
2089 -6
2090 -4
2091 -6
2092 -4
2093 -2
2094 -2
2095 2
2096 2
2097 4
2098 4
2099 4
2100 4
2101 4
2102 8
2103 6
2104 10
2105 12
2106 12
2107 4
2108 0
2109 2
2110 -4
2111 -4
2112 -6
2113 -6
2114 -4
2115 -2
2116 0
2117 4
2118 6
2119 6
2120 6
2121 8
2122 6
2123 8
2124 10
2125 8
2126 8
2127 10
2128 16
2129 10
2130 4
2131 4
2132 6
2133 12
2134 12
2135 8
2136 8
2137 8
2138 8
2139 12
2140 12
2141 8
2142 8
2143 4
2144 4
2145 4
2146 4
2147 4
2148 2
2149 6
2150 4
2151 8
2152 10
2153 8
2154 6
2155 8
2156 4
2157 0
2158 0
2159 -2
2160 -4
2161 -2
2162 -4
2163 -2
2164 0
2165 4
2166 4
2167 4
2168 2
2169 0
2170 0
2171 -6
2172 -6
2173 -4
2174 -2
2175 2
2176 2
2177 0
2178 -4
2179 -2
2180 0
2181 -4
2182 -6
2183 -6
2184 -6
2185 -6
2186 -8
2187 -6
2188 0
2189 -4
2190 -8
2191 -6
2192 0
2193 2
2194 0
2195 6
2196 10
2197 8
2198 6
2199 4
2200 6
2201 6
2202 8
2203 12
2204 14
2205 12
2206 10
2207 10
2208 8
2209 14
2210 14
2211 18
2212 14
2213 12
2214 16
2215 14
2216 20
2217 24
2218 28
2219 30
2220 26
2221 26
2222 24
2223 26
2224 20
2225 18
2226 22
2227 26
2228 28
2229 28
2230 28
2231 26
2232 20
2233 24
2234 26
2235 32
2236 32
2237 34
2238 38
2239 42
2240 44
2241 44
2242 44
2243 46
2244 46
2245 46
2246 46
2247 48
2248 50
2249 50
2250 50
2251 50
2252 50
2253 50
2254 50
2255 50
2256 50
2257 50
2258 50
2259 50
2260 50
2261 50
2262 50
2263 50
2264 50
2265 50
2266 50
2267 50
2268 50
2269 50
2270 50
2271 50
2272 50
2273 50
2274 50
2275 50
2276 50
2277 50
2278 50
2279 50
2280 50
2281 50
2282 50
2283 50
2284 50
2285 50
2286 50
2287 50
2288 50
2289 50
2290 50
2291 50
2292 50
2293 50
2294 50
2295 50
2296 50
2297 50
2298 50
2299 50
2300 50
2301 50
2302 50
2303 50
2304 50
2305 50
2306 50
2307 50
2308 50
2309 50
2310 50
2311 50
2312 50
2313 50
2314 50
2315 50
2316 50
2317 50
2318 50
2319 50
2320 50
2321 50
2322 50
2323 50
2324 50
2325 50
2326 50
2327 50
2328 48
2329 50
2330 50
2331 50
2332 50
2333 50
2334 50
2335 50
2336 50
2337 50
2338 50
2339 50
2340 50
2341 50
2342 50
2343 50
2344 50
2345 50
2346 50
2347 50
2348 50
2349 50
2350 50
2351 50
2352 50
2353 50
2354 50
2355 50
2356 50
2357 50
2358 50
2359 50
2360 50
2361 50
2362 50
2363 50
2364 50
2365 50
2366 50
2367 50
2368 50
2369 50
2370 50
2371 50
2372 50
2373 50
2374 50
2375 50
2376 50
2377 50
2378 50
2379 50
2380 50
2381 50
2382 50
2383 50
2384 50
2385 50
2386 50
2387 50
2388 50
2389 50
2390 50
2391 50
2392 50
2393 50
2394 50
2395 48
2396 50
2397 50
2398 50
2399 50
2400 50
2401 50
2402 50
2403 50
2404 50
2405 50
2406 50
2407 50
2408 50
2409 50
2410 50
2411 50
2412 50
2413 50
2414 50
2415 50
2416 50
2417 50
2418 50
2419 50
2420 50
2421 50
2422 50
2423 50
2424 50
2425 50
2426 50
2427 50
2428 50
2429 50
2430 50
2431 50
2432 50
2433 50
2434 50
2435 50
2436 50
2437 50
2438 50
2439 50
2440 50
2441 50
2442 50
2443 50
2444 50
2445 50
2446 50
2447 50
2448 48
2449 50
2450 50
2451 50
2452 50
2453 50
2454 50
2455 50
2456 50
2457 50
2458 50
2459 50
2460 50
2461 50
2462 50
2463 50
2464 50
2465 50
2466 50
2467 50
2468 50
2469 50
2470 50
2471 50
2472 48
2473 48
2474 50
2475 50
2476 50
2477 50
2478 50
2479 50
2480 50
2481 50
2482 50
2483 50
2484 50
2485 50
2486 50
2487 50
2488 50
2489 50
2490 50
2491 50
2492 50
2493 50
2494 48
2495 50
2496 50
2497 50
2498 50
2499 50
2500 50
2501 50
2502 50
2503 50
2504 50
2505 50
2506 50
2507 50
2508 50
2509 50
2510 50
2511 50
2512 50
2513 50
2514 50
2515 50
2516 50
2517 50
2518 50
2519 50
2520 50
2521 50
2522 50
2523 50
2524 50
2525 50
2526 50
2527 50
2528 50
2529 50
2530 50
2531 50
2532 50
2533 50
2534 50
2535 50
2536 50
2537 50
2538 50
2539 50
2540 50
2541 50
2542 50
2543 50
2544 50
2545 50
2546 50
2547 50
2548 50
2549 50
2550 50
2551 50
2552 50
2553 50
2554 50
2555 50
2556 50
2557 50
2558 50
2559 50
2560 50
2561 50
2562 50
2563 50
2564 50
2565 50
2566 50
2567 50
2568 50
2569 50
2570 50
2571 50
2572 50
2573 50
2574 50
2575 50
2576 50
2577 50
2578 50
2579 50
2580 50
2581 50
2582 50
2583 50
2584 50
2585 50
2586 50
2587 50
2588 50
2589 50
2590 50
2591 50
2592 50
2593 50
2594 50
2595 50
2596 50
2597 50
2598 50
2599 50
2600 50
2601 50
2602 50
2603 50
2604 50
2605 50
2606 50
2607 50
2608 50
2609 50
2610 50
2611 50
2612 50
2613 50
2614 50
2615 50
2616 50
2617 50
2618 50
2619 50
2620 50
2621 50
2622 50
2623 50
2624 50
2625 50
2626 50
2627 50
2628 50
2629 50
2630 50
2631 50
2632 50
2633 50
2634 50
2635 50
2636 50
2637 50
2638 50
2639 50
2640 50
2641 50
2642 50
2643 50
2644 50
2645 50
2646 50
2647 50
2648 50
2649 50
2650 50
2651 50
2652 50
2653 50
2654 50
2655 50
2656 50
2657 50
2658 50
2659 50
2660 50
2661 50
2662 50
2663 50
2664 50
2665 50
2666 50
2667 50
2668 50
2669 50
2670 50
2671 50
2672 50
2673 50
2674 50
2675 50
2676 50
2677 50
2678 50
2679 50
2680 50
2681 50
2682 50
2683 50
2684 50
2685 50
2686 50
2687 50
2688 50
2689 50
2690 50
2691 48
2692 50
2693 50
2694 50
2695 50
2696 50
2697 50
2698 50
2699 50
2700 50
2701 50
2702 50
2703 50
2704 50
2705 50
2706 50
2707 50
2708 50
2709 50
2710 50
2711 50
2712 50
2713 50
2714 50
2715 50
2716 50
2717 50
2718 50
2719 50
2720 50
2721 50
2722 50
2723 50
2724 50
2725 50
2726 50
2727 50
2728 50
2729 50
2730 50
2731 50
2732 50
2733 50
2734 50
2735 50
2736 50
2737 50
2738 50
2739 50
2740 50
2741 50
2742 50
2743 50
2744 50
2745 50
2746 50
2747 50
2748 50
2749 50
2750 50
2751 50
2752 50
2753 50
2754 50
2755 50
2756 50
2757 50
2758 50
2759 50
2760 50
2761 50
2762 50
2763 50
2764 50
2765 50
2766 50
2767 50
2768 50
2769 50
2770 50
2771 50
2772 50
2773 50
2774 50
2775 50
2776 50
2777 50
2778 50
2779 50
2780 50
2781 50
2782 50
2783 50
2784 50
2785 50
2786 50
2787 50
2788 50
2789 50
2790 50
2791 50
2792 50
2793 50
2794 50
2795 50
2796 50
2797 50
2798 50
2799 50
2800 50
2801 50
2802 50
2803 50
2804 50
2805 50
2806 50
2807 50
2808 50
2809 50
2810 50
2811 50
2812 50
2813 50
2814 50
2815 50
2816 50
2817 50
2818 50
2819 50
2820 50
2821 50
2822 50
2823 50
2824 50
2825 50
2826 50
2827 50
2828 50
2829 50
2830 50
2831 50
2832 50
2833 50
2834 50
2835 50
2836 50
2837 48
2838 46
2839 50
2840 50
2841 50
2842 50
2843 50
2844 50
2845 50
2846 50
2847 50
2848 50
2849 50
2850 50
2851 50
2852 50
2853 50
2854 50
2855 50
2856 50
2857 50
2858 50
2859 50
2860 50
2861 50
2862 50
2863 50
2864 50
2865 50
2866 50
2867 50
2868 50
2869 50
2870 50
2871 50
2872 50
2873 50
2874 50
2875 50
2876 50
2877 50
2878 50
2879 50
2880 50
2881 50
2882 50
2883 50
2884 50
2885 50
2886 50
2887 50
2888 50
2889 50
2890 50
2891 50
2892 50
2893 50
2894 50
2895 50
2896 50
2897 50
2898 50
2899 50
2900 50
2901 50
2902 50
2903 50
2904 50
2905 50
2906 50
2907 50
2908 50
2909 50
2910 50
2911 50
2912 46
2913 46
2914 50
2915 50
2916 50
2917 50
2918 50
2919 50
2920 50
2921 50
2922 50
2923 50
2924 50
2925 50
2926 50
2927 50
2928 50
2929 50
2930 50
2931 46
2932 48
2933 50
2934 50
2935 50
2936 50
2937 50
2938 50
2939 50
2940 50
2941 50
2942 50
2943 50
2944 50
2945 50
2946 50
2947 50
2948 50
2949 50
2950 50
2951 50
2952 50
2953 50
2954 50
2955 50
2956 50
2957 50
2958 50
2959 50
2960 50
2961 50
2962 50
2963 50
2964 50
2965 50
2966 50
2967 50
2968 50
2969 50
2970 50
2971 50
2972 50
2973 50
2974 50
2975 50
2976 50
2977 50
2978 50
2979 50
2980 50
2981 50
2982 50
2983 50
2984 50
2985 50
2986 50
2987 50
2988 50
2989 50
2990 50
2991 50
2992 50
2993 50
2994 50
2995 50
2996 50
2997 50
2998 50
2999 50
3000 50
3001 50
3002 50
3003 50
3004 50
3005 50
3006 50
3007 50
3008 50
3009 50
3010 50
3011 50
3012 50
3013 50
3014 50
3015 50
3016 50
3017 50
3018 50
3019 50
3020 50
3021 50
3022 50
3023 50
3024 50
3025 50
3026 50
3027 50
3028 50
3029 50
3030 50
3031 50
3032 50
3033 50
3034 50
3035 50
3036 50
3037 50
3038 50
3039 50
3040 50
3041 50
3042 50
3043 50
3044 50
3045 50
3046 50
3047 50
3048 50
3049 50
3050 50
3051 50
3052 50
3053 50
3054 50
3055 50
3056 50
3057 50
3058 50
3059 50
3060 50
3061 50
3062 50
3063 50
3064 50
3065 50
3066 50
3067 50
3068 50
3069 50
3070 50
3071 50
3072 50
3073 50
3074 50
3075 50
3076 50
3077 50
3078 50
3079 50
3080 50
3081 50
3082 50
3083 50
3084 50
3085 50
3086 50
3087 50
3088 50
3089 50
3090 50
3091 50
3092 50
3093 50
3094 50
3095 50
3096 50
3097 50
3098 50
3099 50
3100 50
3101 50
3102 50
3103 50
3104 50
3105 50
3106 50
3107 50
3108 50
3109 50
3110 50
3111 50
3112 50
3113 48
3114 50
3115 50
3116 50
3117 50
3118 50
3119 50
3120 50
3121 50
3122 50
3123 50
3124 50
3125 50
3126 50
3127 50
3128 50
3129 50
3130 50
3131 50
3132 50
3133 50
3134 50
3135 50
3136 50
3137 50
3138 50
3139 50
3140 50
3141 50
3142 50
3143 50
3144 50
3145 50
3146 50
3147 50
3148 50
3149 50
3150 50
3151 50
3152 50
3153 50
3154 50
3155 50
3156 50
3157 50
3158 50
3159 50
3160 50
3161 50
3162 50
3163 50
3164 50
3165 50
3166 50
3167 50
3168 50
3169 50
3170 50
3171 50
3172 50
3173 50
3174 50
3175 50
3176 50
3177 50
3178 50
3179 50
3180 50
3181 50
3182 48
3183 38
3184 38
3185 38
3186 34
3187 36
3188 36
3189 38
3190 36
3191 44
3192 40
3193 34
3194 30
3195 24
3196 22
3197 24
3198 24
3199 24
3200 26
3201 24
3202 26
3203 24
3204 24
3205 26
3206 24
3207 20
3208 22
3209 22
3210 28
3211 26
3212 22
3213 18
3214 16
3215 16
3216 14
3217 14
3218 18
3219 20
3220 14
3221 14
3222 16
3223 18
3224 18
3225 18
3226 18
3227 22
3228 18
3229 20
3230 20
3231 22
3232 22
3233 24
3234 24
3235 20
3236 22
3237 22
3238 24
3239 22
3240 22
3241 24
3242 24
3243 20
3244 18
3245 14
3246 16
3247 14
3248 16
3249 12
3250 6
3251 6
3252 10
3253 2
3254 4
3255 2
3256 2
3257 0
3258 -4
3259 -2
3260 -2
3261 -4
3262 -8
3263 -4
3264 -8
3265 -6
3266 -6
3267 -4
3268 -2
3269 2
3270 -2
3271 4
3272 6
3273 2
3274 6
3275 8
3276 12
3277 10
3278 18
3279 24
3280 26
3281 24
3282 24
3283 24
3284 20
3285 22
3286 24
3287 18
3288 16
3289 6
3290 6
3291 6
3292 6
3293 6
3294 6
3295 6
3296 10
3297 8
3298 4
3299 8
3300 6
3301 6
3302 12
3303 16
3304 20
3305 20
3306 18
3307 18
3308 20
3309 20
3310 24
3311 16
3312 14
3313 18
3314 22
3315 18
3316 18
3317 18
3318 16
3319 16
3320 14
3321 16
3322 14
3323 14
3324 10
3325 12
3326 12
3327 12
3328 12
3329 12
3330 12
3331 12
3332 14
3333 14
3334 14
3335 14
3336 10
3337 12
3338 14
3339 12
3340 12
3341 16
3342 18
3343 22
3344 20
3345 20
3346 20
3347 20
3348 18
3349 20
3350 26
3351 26
3352 26
3353 26
3354 24
3355 24
3356 22
3357 20
3358 18
3359 20
3360 22
3361 18
3362 20
3363 18
3364 14
3365 14
3366 12
3367 6
3368 6
3369 6
3370 8
3371 8
3372 8
3373 6
3374 12
3375 14
3376 12
3377 14
3378 16
3379 12
3380 6
3381 0
3382 0
3383 0
3384 2
3385 -2
3386 -4
3387 0
3388 0
3389 6
3390 2
3391 0
3392 -4
3393 -6
3394 -2
3395 -2
3396 -2
3397 -4
3398 -4
3399 -2
3400 -2
3401 -2
3402 -2
3403 -2
3404 -2
3405 4
3406 6
3407 4
3408 6
3409 4
3410 4
3411 2
3412 6
3413 8
3414 6
3415 4
3416 8
3417 6
3418 10
3419 8
3420 14
3421 16
3422 16
3423 20
3424 20
3425 14
3426 16
3427 20
3428 18
3429 20
3430 22
3431 22
3432 20
3433 22
3434 22
3435 24
3436 26
3437 24
3438 24
3439 24
3440 18
3441 20
3442 16
3443 18
3444 22
3445 24
3446 28
3447 28
3448 28
3449 24
3450 20
3451 18
3452 20
3453 24
3454 28
3455 28
3456 26
3457 20
3458 20
3459 22
3460 28
3461 20
3462 18
3463 14
3464 22
3465 22
3466 20
3467 20
3468 24
3469 22
3470 24
3471 26
3472 24
3473 26
3474 30
3475 32
3476 32
3477 32
3478 38
3479 40
3480 34
3481 32
3482 28
3483 28
3484 26
3485 16
3486 20
3487 18
3488 22
3489 22
3490 20
3491 28
3492 30
3493 30
3494 28
3495 28
3496 26
3497 28
3498 28
3499 30
3500 26
3501 26
3502 32
3503 32
3504 30
3505 28
3506 20
3507 20
3508 22
3509 20
3510 24
3511 28
3512 28
3513 30
3514 38
3515 38
3516 34
3517 32
3518 30
3519 28
3520 24
3521 20
3522 20
3523 16
3524 16
3525 14
3526 14
3527 14
3528 14
3529 18
3530 16
3531 14
3532 10
3533 10
3534 6
3535 4
3536 8
3537 4
3538 0
3539 -6
3540 -4
3541 -4
3542 -2
3543 0
3544 -2
3545 2
3546 4
3547 2
3548 4
3549 0
3550 -8
3551 -10
3552 -14
3553 -16
3554 -16
3555 -20
3556 -20
3557 -14
3558 -12
3559 -12
3560 -12
3561 -16
3562 -18
3563 -16
3564 -16
3565 -10
3566 -12
3567 -12
3568 -14
3569 -10
3570 -14
3571 -14
3572 -16
3573 -14
3574 -14
3575 -14
3576 -16
3577 -16
3578 -18
3579 -18
3580 -18
3581 -16
3582 -22
3583 -26
3584 -24
3585 -24
3586 -24
3587 -28
3588 -30
3589 -32
3590 -34
3591 -26
3592 -24
3593 -24
3594 -22
3595 -20
3596 -22
3597 -22
3598 -22
3599 -20
3600 -20
3601 -22
3602 -24
3603 -16
3604 -14
3605 -10
3606 -12
3607 -14
3608 -10
3609 -12
3610 -10
3611 -8
3612 -6
3613 -4
3614 -6
3615 -6
3616 -8
3617 -8
3618 -8
3619 -6
3620 -6
3621 -4
3622 -2
3623 -2
3624 -4
3625 -6
3626 -4
3627 0
3628 0
3629 0
3630 8
3631 14
3632 12
3633 12
3634 12
3635 12
3636 12
3637 10
3638 12
3639 16
3640 16
3641 16
3642 14
3643 12
3644 14
3645 16
3646 10
3647 6
3648 4
3649 10
3650 8
3651 10
3652 14
3653 14
3654 14
3655 12
3656 10
3657 10
3658 6
3659 4
3660 2
3661 2
3662 4
3663 2
3664 0
3665 -4
3666 -6
3667 -6
3668 -6
3669 -8
3670 -6
3671 -8
3672 -8
3673 -10
3674 -10
3675 -8
3676 -6
3677 -4
3678 -2
3679 0
3680 -2
3681 -2
3682 4
3683 6
3684 6
3685 4
3686 10
3687 12
3688 14
3689 16
3690 16
3691 14
3692 12
3693 12
3694 18
3695 18
3696 18
3697 22
3698 22
3699 18
3700 16
3701 18
3702 18
3703 16
3704 16
3705 22
3706 20
3707 20
3708 20
3709 18
3710 14
3711 16
3712 18
3713 18
3714 16
3715 16
3716 20
3717 20
3718 18
3719 22
3720 26
3721 26
3722 22
3723 22
3724 22
3725 20
3726 20
3727 24
3728 22
3729 22
3730 28
3731 28
3732 28
3733 32
3734 32
3735 32
3736 34
3737 36
3738 38
3739 38
3740 40
3741 38
3742 40
3743 40
3744 42
3745 44
3746 40
3747 36
3748 36
3749 40
3750 46
3751 48
3752 50
3753 50
3754 50
3755 50
3756 50
3757 50
3758 50
3759 50
3760 50
3761 50
3762 50
3763 50
3764 50
3765 50
3766 50
3767 50
3768 50
3769 50
3770 50
3771 50
3772 50
3773 50
3774 50
3775 50
3776 50
3777 50
3778 50
3779 50
3780 50
3781 50
3782 50
3783 50
3784 50
3785 50
3786 50
3787 50
3788 50
3789 50
3790 50
3791 50
3792 50
3793 50
3794 50
3795 50
3796 50
3797 50
3798 50
3799 50
3800 50
3801 50
3802 50
3803 50
3804 50
3805 50
3806 50
3807 48
3808 48
3809 48
3810 48
3811 48
3812 50
3813 50
3814 50
3815 50
3816 50
3817 50
3818 50
3819 50
3820 50
3821 50
3822 50
3823 50
3824 50
3825 50
3826 50
3827 50
3828 50
3829 50
3830 50
3831 50
3832 50
3833 50
3834 50
3835 50
3836 50
3837 50
3838 50
3839 50
3840 50
3841 50
3842 50
3843 50
3844 50
3845 50
3846 50
3847 50
3848 50
3849 50
3850 50
3851 50
3852 50
3853 50
3854 50
3855 50
3856 50
3857 50
3858 50
3859 50
3860 50
3861 50
3862 50
3863 50
3864 50
3865 50
3866 50
3867 50
3868 50
3869 50
3870 50
3871 50
3872 50
3873 50
3874 50
3875 50
3876 50
3877 50
3878 50
3879 50
3880 50
3881 50
3882 50
3883 50
3884 50
3885 50
3886 50
3887 50
3888 50
3889 50
3890 50
3891 50
3892 50
3893 50
3894 50
3895 50
3896 50
3897 50
3898 50
3899 50
3900 50
3901 50
3902 50
3903 50
3904 50
3905 50
3906 50
3907 50
3908 50
3909 50
3910 50
3911 50
3912 50
3913 50
3914 50
3915 50
3916 50
3917 50
3918 50
3919 50
3920 50
3921 50
3922 50
3923 50
3924 50
3925 50
3926 50
3927 50
3928 50
3929 50
3930 50
3931 50
3932 50
3933 50
3934 50
3935 50
3936 50
3937 50
3938 50
3939 50
3940 50
3941 50
3942 50
3943 50
3944 50
3945 50
3946 50
3947 50
3948 50
3949 50
3950 50
3951 50
3952 50
3953 50
3954 50
3955 50
3956 50
3957 50
3958 50
3959 50
3960 50
3961 50
3962 50
3963 50
3964 50
3965 50
3966 50
3967 50
3968 50
3969 50
3970 50
3971 50
3972 50
3973 50
3974 50
3975 50
3976 50
3977 50
3978 50
3979 50
3980 50
3981 50
3982 50
3983 50
3984 50
3985 50
3986 50
3987 50
3988 50
3989 50
3990 50
3991 50
3992 50
3993 50
3994 50
3995 50
3996 50
3997 50
3998 50
3999 50
4000 50
4001 50
4002 50
4003 50
4004 50
4005 50
4006 50
4007 50
4008 50
4009 50
4010 50
4011 50
4012 50
4013 50
4014 50
4015 50
4016 50
4017 50
4018 50
4019 50
4020 50
4021 50
4022 50
4023 50
4024 50
4025 50
4026 50
4027 50
4028 50
4029 50
4030 50
4031 50
4032 50
4033 50
4034 50
4035 50
4036 50
4037 50
4038 50
4039 50
4040 50
4041 50
4042 50
4043 50
4044 50
4045 50
4046 50
4047 50
4048 50
4049 50
4050 50
4051 50
4052 50
4053 50
4054 50
4055 50
4056 50
4057 50
4058 50
4059 50
4060 50
4061 50
4062 50
4063 50
4064 50
4065 50
4066 50
4067 50
4068 50
4069 50
4070 50
4071 50
4072 50
4073 50
4074 50
4075 50
4076 50
4077 50
4078 50
4079 50
4080 50
4081 50
4082 50
4083 50
4084 50
4085 50
4086 50
4087 50
4088 50
4089 50
4090 50
4091 50
4092 50
4093 50
4094 50
4095 50
4096 50
4097 50
4098 50
4099 50
4100 50
4101 50
4102 50
4103 50
4104 50
4105 50
4106 50
4107 50
4108 50
4109 50
4110 50
4111 50
4112 50
4113 50
4114 48
4115 50
4116 50
4117 50
4118 50
4119 50
4120 50
4121 50
4122 50
4123 50
4124 50
4125 50
4126 48
4127 48
4128 46
4129 46
4130 46
4131 50
4132 50
4133 50
4134 50
4135 50
4136 50
4137 50
4138 50
4139 50
4140 50
4141 50
4142 50
4143 50
4144 50
4145 50
4146 50
4147 50
4148 50
4149 50
4150 50
4151 50
4152 50
4153 50
4154 50
4155 50
4156 50
4157 50
4158 50
4159 50
4160 50
4161 50
4162 50
4163 50
4164 50
4165 50
4166 50
4167 50
4168 50
4169 50
4170 50
4171 50
4172 50
4173 50
4174 50
4175 50
4176 50
4177 50
4178 50
4179 50
4180 50
4181 50
4182 50
4183 50
4184 50
4185 50
4186 50
4187 50
4188 50
4189 50
4190 50
4191 50
4192 50
4193 50
4194 50
4195 50
4196 50
4197 50
4198 50
4199 50
4200 50
4201 50
4202 50
4203 50
4204 50
4205 50
4206 50
4207 50
4208 50
4209 50
4210 50
4211 50
4212 50
4213 50
4214 50
4215 50
4216 50
4217 50
4218 50
4219 50
4220 50
4221 50
4222 50
4223 50
4224 50
4225 50
4226 50
4227 50
4228 50
4229 50
4230 50
4231 50
4232 50
4233 50
4234 50
4235 50
4236 50
4237 50
4238 50
4239 50
4240 50
4241 50
4242 50
4243 50
4244 50
4245 50
4246 50
4247 50
4248 50
4249 50
4250 50
4251 50
4252 50
4253 50
4254 50
4255 50
4256 50
4257 50
4258 50
4259 50
4260 50
4261 50
4262 50
4263 50
4264 50
4265 50
4266 50
4267 50
4268 50
4269 50
4270 50
4271 50
4272 50
4273 50
4274 50
4275 50
4276 50
4277 50
4278 50
4279 50
4280 50
4281 50
4282 50
4283 50
4284 50
4285 50
4286 50
4287 50
4288 50
4289 50
4290 50
4291 50
4292 50
4293 50
4294 50
4295 50
4296 50
4297 50
4298 50
4299 50
4300 50
4301 50
4302 50
4303 50
4304 50
4305 50
4306 50
4307 50
4308 50
4309 50
4310 50
4311 50
4312 50
4313 50
4314 50
4315 50
4316 50
4317 48
4318 44
4319 46
4320 50
4321 50
4322 50
4323 48
4324 48
4325 50
4326 50
4327 50
4328 50
4329 50
4330 50
4331 50
4332 50
4333 50
4334 50
4335 50
4336 50
4337 50
4338 50
4339 50
4340 50
4341 50
4342 50
4343 50
4344 50
4345 50
4346 50
4347 50
4348 50
4349 48
4350 40
4351 44
4352 50
4353 50
4354 50
4355 50
4356 50
4357 50
4358 50
4359 50
4360 50
4361 50
4362 50
4363 50
4364 50
4365 50
4366 50
4367 50
4368 50
4369 50
4370 50
4371 48
4372 50
4373 50
4374 50
4375 50
4376 50
4377 50
4378 50
4379 50
4380 50
4381 50
4382 50
4383 50
4384 50
4385 50
4386 50
4387 50
4388 50
4389 50
4390 50
4391 50
4392 50
4393 50
4394 50
4395 48
4396 50
4397 50
4398 50
4399 50
4400 50
4401 50
4402 50
4403 50
4404 50
4405 50
4406 50
4407 50
4408 50
4409 50
4410 50
4411 50
4412 50
4413 50
4414 50
4415 50
4416 50
4417 50
4418 50
4419 50
4420 50
4421 50
4422 50
4423 50
4424 50
4425 50
4426 50
4427 50
4428 50
4429 50
4430 50
4431 50
4432 50
4433 50
4434 50
4435 50
4436 50
4437 50
4438 50
4439 50
4440 50
4441 50
4442 50
4443 50
4444 50
4445 50
4446 50
4447 50
4448 50
4449 50
4450 50
4451 50
4452 50
4453 50
4454 50
4455 50
4456 50
4457 50
4458 50
4459 50
4460 50
4461 50
4462 50
4463 50
4464 50
4465 50
4466 46
4467 46
4468 48
4469 42
4470 42
4471 44
4472 44
4473 38
4474 38
4475 36
4476 32
4477 28
4478 26
4479 30
4480 26
4481 30
4482 28
4483 24
4484 22
4485 30
4486 34
4487 38
4488 38
4489 34
4490 32
4491 32
4492 38
4493 42
4494 42
4495 46
4496 50
4497 50
4498 50
4499 50
4500 50
4501 50
4502 50
4503 50
4504 50
4505 50
4506 50
4507 50
4508 50
4509 50
4510 50
4511 50
4512 50
4513 50
4514 50
4515 50
4516 50
4517 50
4518 50
4519 50
4520 50
4521 50
4522 50
4523 50
4524 50
4525 50
4526 50
4527 50
4528 50
4529 50
4530 50
4531 50
4532 50
4533 50
4534 50
4535 50
4536 50
4537 50
4538 50
4539 50
4540 50
4541 50
4542 50
4543 50
4544 50
4545 50
4546 50
4547 50
4548 50
4549 50
4550 50
4551 50
4552 50
4553 50
4554 50
4555 50
4556 50
4557 50
4558 50
4559 50
4560 50
4561 50
4562 50
4563 48
4564 50
4565 50
4566 50
4567 50
4568 50
4569 50
4570 50
4571 50
4572 50
4573 50
4574 50
4575 50
4576 50
4577 50
4578 50
4579 50
4580 50
4581 50
4582 50
4583 50
4584 50
4585 50
4586 50
4587 50
4588 50
4589 50
4590 50
4591 50
4592 48
4593 50
4594 50
4595 50
4596 50
4597 50
4598 50
4599 50
4600 50
4601 50
4602 50
4603 50
4604 50
4605 50
4606 50
4607 50
4608 50
4609 50
4610 50
4611 50
4612 50
4613 50
4614 50
4615 50
4616 50
4617 50
4618 50
4619 50
4620 50
4621 50
4622 50
4623 50
4624 50
4625 50
4626 50
4627 50
4628 50
4629 50
4630 50
4631 50
4632 50
4633 50
4634 50
4635 50
4636 50
4637 50
4638 50
4639 50
4640 50
4641 50
4642 50
4643 50
4644 50
4645 50
4646 50
4647 50
4648 50
4649 50
4650 50
4651 50
4652 50
4653 50
4654 50
4655 50
4656 50
4657 50
4658 50
4659 50
4660 50
4661 50
4662 50
4663 50
4664 50
4665 50
4666 50
4667 50
4668 50
4669 50
4670 50
4671 50
4672 50
4673 50
4674 50
4675 50
4676 50
4677 50
4678 50
4679 50
4680 50
4681 50
4682 50
4683 50
4684 50
4685 50
4686 50
4687 50
4688 50
4689 50
4690 50
4691 50
4692 50
4693 50
4694 50
4695 50
4696 50
4697 50
4698 50
4699 50
4700 50
4701 50
4702 50
4703 50
4704 50
4705 50
4706 50
4707 50
4708 50
4709 50
4710 50
4711 50
4712 50
4713 50
4714 50
4715 50
4716 50
4717 50
4718 50
4719 50
4720 50
4721 50
4722 50
4723 50
4724 50
4725 50
4726 50
4727 50
4728 50
4729 50
4730 50
4731 50
4732 50
4733 50
4734 50
4735 50
4736 50
4737 50
4738 50
4739 50
4740 50
4741 50
4742 50
4743 50
4744 50
4745 50
4746 50
4747 50
4748 50
4749 50
4750 50
4751 50
4752 50
4753 50
4754 50
4755 50
4756 50
4757 50
4758 50
4759 50
4760 50
4761 50
4762 50
4763 50
4764 50
4765 50
4766 50
4767 50
4768 50
4769 50
4770 50
4771 50
4772 50
4773 50
4774 50
4775 50
4776 50
4777 50
4778 50
4779 50
4780 50
4781 50
4782 50
4783 50
4784 50
4785 50
4786 50
4787 50
4788 50
4789 50
4790 50
4791 50
4792 50
4793 50
4794 50
4795 50
4796 50
4797 50
4798 50
4799 50
4800 50
4801 50
4802 50
4803 50
4804 50
4805 50
4806 50
4807 50
4808 50
4809 50
4810 50
4811 50
4812 50
4813 50
4814 50
4815 50
4816 50
4817 50
4818 50
4819 50
4820 50
4821 50
4822 50
4823 50
4824 50
4825 50
4826 50
4827 50
4828 50
4829 50
4830 50
4831 50
4832 50
4833 50
4834 50
4835 50
4836 50
4837 50
4838 50
4839 50
4840 50
4841 50
4842 50
4843 50
4844 50
4845 50
4846 50
4847 50
4848 50
4849 50
4850 50
4851 50
4852 50
4853 50
4854 50
4855 50
4856 50
4857 50
4858 50
4859 50
4860 50
4861 50
4862 50
4863 50
4864 50
4865 50
4866 50
4867 50
4868 50
4869 50
4870 50
4871 50
4872 50
4873 50
4874 50
4875 50
4876 50
4877 50
4878 50
4879 50
4880 50
4881 50
4882 50
4883 50
4884 50
4885 50
4886 50
4887 50
4888 50
4889 50
4890 50
4891 50
4892 50
4893 50
4894 50
4895 50
4896 50
4897 50
4898 50
4899 50
4900 50
4901 50
4902 50
4903 48
4904 50
4905 50
4906 50
4907 50
4908 50
4909 50
4910 50
4911 50
4912 50
4913 50
4914 50
4915 50
4916 50
4917 50
4918 50
4919 50
4920 50
4921 50
4922 50
4923 50
4924 50
4925 50
4926 50
4927 50
4928 50
4929 50
4930 50
4931 50
4932 50
4933 50
4934 50
4935 50
4936 50
4937 50
4938 50
4939 50
4940 50
4941 50
4942 50
4943 50
4944 50
4945 50
4946 50
4947 50
4948 50
4949 50
4950 50
4951 50
4952 50
4953 50
4954 50
4955 50
4956 50
4957 50
4958 50
4959 50
4960 50
4961 50
4962 50
4963 50
4964 50
4965 50
4966 50
4967 50
4968 50
4969 50
4970 50
4971 50
4972 50
4973 50
4974 50
4975 50
4976 50
4977 50
4978 50
4979 50
4980 50
4981 50
4982 48
4983 48
4984 46
4985 50
4986 50
4987 50
4988 50
4989 50
4990 50
4991 50
4992 50
4993 50
4994 50
4995 50
4996 50
4997 50
4998 50
4999 50
5000 50
