1 676
2 676
3 1156
4 1764
5 2116
6 2116
7 1764
8 1764
9 1764
10 1764
11 1764
12 2116
13 2116
14 2116
15 2116
16 2116
17 1764
18 2116
19 2116
20 2116
21 2116
22 2116
23 2116
24 2116
25 2116
26 2116
27 2116
28 2116
29 2116
30 2116
31 2116
32 2116
33 2116
34 2116
35 2116
36 2116
37 2116
38 2116
39 2116
40 2116
41 2116
42 2116
43 2116
44 2116
45 2116
46 2116
47 2116
48 2116
49 2116
50 2116
51 2116
52 2116
53 2116
54 2116
55 2116
56 2116
57 2116
58 2116
59 2116
60 2116
61 2116
62 2116
63 2116
64 2116
65 2116
66 2116
67 2116
68 2116
69 2116
70 2116
71 2116
72 2116
73 2116
74 2116
75 2116
76 2116
77 1764
78 1764
79 1764
80 1444
81 2116
82 2116
83 2116
84 2116
85 2116
86 2116
87 2116
88 2116
89 2116
90 2116
91 2116
92 2116
93 2116
94 2116
95 2116
96 2116
97 2116
98 2116
99 2116
100 2116
101 2116
102 2116
103 2116
104 2116
105 2116
106 2116
107 2116
108 2116
109 2116
110 2116
111 2116
112 2116
113 2116
114 2116
115 2116
116 2116
117 2116
118 2116
119 2116
120 2116
121 2116
122 2116
123 2116
124 2116
125 2116
126 2116
127 2116
128 2116
129 2116
130 2116
131 2116
132 2116
133 2116
134 2116
135 2116
136 2116
137 2116
138 2116
139 2116
140 2116
141 2116
142 2116
143 2116
144 2116
145 2116
146 2116
147 2116
148 2116
149 2116
150 2116
151 2116
152 2116
153 2116
154 2116
155 2116
156 2116
157 2116
158 2116
159 2116
160 2116
161 2116
162 2116
163 2116
164 2116
165 2116
166 2116
167 2116
168 2116
169 2116
170 2116
171 2116
172 2116
173 2116
174 2116
175 2116
176 2116
177 2116
178 2116
179 2116
180 2116
181 2116
182 2116
183 2116
184 2116
185 2116
186 2116
187 2116
188 2116
189 2116
190 2116
191 2116
192 2116
193 2116
194 2116
195 2116
196 2116
197 2116
198 2116
199 2116
200 2116
201 2116
202 2116
203 2116
204 2116
205 1764
206 2116
207 2116
208 2116
209 2116
210 2116
211 2116
212 2116
213 2116
214 2116
215 2116
216 2116
217 2116
218 2116
219 2116
220 1764
221 1764
222 1764
223 1764
224 1764
225 1764
226 1764
227 1444
228 1444
229 1444
230 1444
231 1764
232 1764
233 1764
234 1764
235 1764
236 1764
237 1764
238 1764
239 1764
240 1764
241 1764
242 1764
243 1764
244 1764
245 1764
246 1764
247 1764
248 1764
249 1764
250 1764
251 1764
252 1764
253 1764
254 2116
255 2116
256 2116
257 2116
258 2116
259 2116
260 2116
261 2116
262 2116
263 2116
264 2116
265 2116
266 2116
267 2116
268 2116
269 2116
270 2116
271 2116
272 2116
273 2116
274 2116
275 2116
276 2116
277 2116
278 2116
279 2116
280 2116
281 2116
282 2116
283 2116
284 2116
285 2116
286 2116
287 2116
288 2116
289 2116
290 2116
291 2116
292 2116
293 2116
294 2116
295 2116
296 2116
297 2116
298 2116
299 2116
300 2116
301 2116
302 2116
303 2116
304 2116
305 2116
306 2116
307 2116
308 2116
309 2116
310 2116
311 2116
312 2116
313 2116
314 2116
315 2116
316 2116
317 2116
318 2116
319 2116
320 2116
321 2116
322 2116
323 2116
324 2116
325 2116
326 2116
327 2116
328 2116
329 2116
330 2116
331 2116
332 2116
333 2116
334 2116
335 2116
336 2116
337 2116
338 2116
339 2116
340 2116
341 2116
342 2116
343 2116
344 2116
345 2116
346 2116
347 2116
348 2116
349 2116
350 2116
351 2116
352 2116
353 2116
354 2116
355 2116
356 2116
357 2116
358 2116
359 2116
360 2116
361 2116
362 2116
363 2116
364 2116
365 2116
366 2116
367 2116
368 2116
369 2116
370 2116
371 2116
372 2116
373 2116
374 2116
375 2116
376 2116
377 2116
378 2116
379 2116
380 2116
381 2116
382 2116
383 2116
384 2116
385 2116
386 2116
387 2116
388 2116
389 2116
390 2116
391 2116
392 2116
393 2116
394 2116
395 2116
396 2116
397 2116
398 2116
399 2116
400 2116
401 2116
402 1764
403 2116
404 2116
405 2116
406 2116
407 2116
408 2116
409 2116
410 2116
411 2116
412 2116
413 2116
414 2116
415 2116
416 2116
417 2116
418 2116
419 2116
420 2116
421 2116
422 2116
423 2116
424 2116
425 2116
426 2116
427 2116
428 2116
429 2116
430 2116
431 2116
432 2116
433 2116
434 2116
435 2116
436 2116
437 2116
438 2116
439 2116
440 2116
441 2116
442 2116
443 2116
444 2116
445 2116
446 2116
447 2116
448 2116
449 2116
450 2116
451 2116
452 2116
453 2116
454 2116
455 2116
456 2116
457 2116
458 2116
459 2116
460 2116
461 2116
462 2116
463 2116
464 2116
465 2116
466 2116
467 2116
468 2116
469 2116
470 2116
471 2116
472 2116
473 2116
474 2116
475 2116
476 2116
477 2116
478 2116
479 2116
480 2116
481 2116
482 2116
483 2116
484 2116
485 2116
486 2116
487 2116
488 2116
489 2116
490 2116
491 2116
492 2116
493 2116
494 2116
495 2116
496 2116
497 2116
498 2116
499 2116
500 2116
501 2116
502 2116
503 2116
504 2116
505 2116
506 2116
507 2116
508 2116
509 2116
510 2116
511 2116
512 2116
513 2116
514 2116
515 2116
516 2116
517 2116
518 2116
519 2116
520 2116
521 2116
522 2116
523 2116
524 2116
525 2116
526 2116
527 2116
528 2116
529 2116
530 2116
531 2116
532 2116
533 2116
534 2116
535 2116
536 2116
537 2116
538 2116
539 2116
540 2116
541 2116
542 2116
543 2116
544 2116
545 2116
546 2116
547 2116
548 2500
549 2500
550 2500
551 2500
552 2500
553 2500
554 2500
555 2500
556 2500
557 2500
558 2500
559 2500
560 2500
561 2500
562 2500
563 2500
564 2500
565 2500
566 2500
567 2500
568 2500
569 2500
570 2500
571 2500
572 2500
573 2500
574 2500
575 2500
576 2500
577 2500
578 2500
579 2500
580 2500
581 2500
582 2500
583 2500
584 2500
585 2500
586 2500
587 2500
588 2500
589 2500
590 2500
591 2500
592 2500
593 2500
594 2500
595 2500
596 2500
597 2500
598 2500
599 2500
600 2500
601 2500
602 2500
603 2500
604 2500
605 2500
606 2500
607 2500
608 2500
609 2500
610 2500
611 2500
612 2500
613 2500
614 2500
615 2500
616 2500
617 2500
618 2500
619 2500
620 2500
621 2500
622 2500
623 2500
624 2500
625 2500
626 2500
627 2500
628 2500
629 2500
630 2500
631 2500
632 2500
633 2500
634 2500
635 2500
636 2500
637 2500
638 2500
639 2500
640 2500
641 2500
642 2500
643 2500
644 2500
645 2500
646 2500
647 2500
648 2500
649 2500
650 2500
651 2500
652 2500
653 2500
654 2500
655 2500
656 2500
657 2500
658 2500
659 2500
660 2500
661 2500
662 2500
663 2500
664 2500
665 2500
666 2500
667 2500
668 2500
669 2500
670 2500
671 2500
672 2500
673 2500
674 2116
675 2116
676 2116
677 2500
678 2500
679 2500
680 2500
681 2500
682 2500
683 2500
684 2500
685 2500
686 2500
687 2500
688 2500
689 2500
690 2500
691 2500
692 2500
693 2500
694 2500
695 2500
696 2500
697 2500
698 2500
699 2500
700 2500
701 2500
702 2500
703 2500
704 2500
705 2500
706 2500
707 2500
708 2500
709 2500
710 2500
711 2500
712 2500
713 2116
714 2116
715 2116
716 2116
717 2116
718 2116
719 2116
720 2116
721 2116
722 2500
723 2500
724 2500
725 2500
726 2500
727 2500
728 2500
729 2500
730 2500
731 2500
732 2500
733 2500
734 2500
735 2500
736 2500
737 2500
738 2500
739 2500
740 2500
741 2500
742 2500
743 2500
744 2500
745 2500
746 2500
747 2500
748 2500
749 2500
750 2500
751 2500
752 2500
753 2500
754 2500
755 2500
756 2500
757 2500
758 2500
759 2500
760 2500
761 2500
762 2500
763 2500
764 2500
765 2500
766 2500
767 2500
768 2500
769 2500
770 2500
771 2500
772 2500
773 2500
774 2500
775 2500
776 2500
777 2500
778 2500
779 2500
780 2500
781 2500
782 2500
783 2500
784 2500
785 2500
786 2500
787 2500
788 2500
789 2500
790 2500
791 2500
792 2500
793 2500
794 2500
795 2500
796 2500
797 2500
798 2500
799 2500
800 2500
801 2500
802 2500
803 2500
804 2500
805 2500
806 2500
807 2500
808 2500
809 2500
810 2500
811 2500
812 2500
813 2500
814 2500
815 2500
816 2500
817 2500
818 2500
819 2500
820 2500
821 2500
822 2500
823 2500
824 2500
825 2500
826 2500
827 2500
828 2500
829 2500
830 2500
831 2500
832 2500
833 2500
834 2500
835 2500
836 2500
837 2500
838 2500
839 2500
840 2500
841 2500
842 2500
843 2500
844 2500
845 2500
846 2500
847 2500
848 2500
849 2500
850 2500
851 2500
852 2500
853 2500
854 2500
855 2500
856 2500
857 2500
858 2500
859 2500
860 2500
861 2500
862 2500
863 2500
864 2500
865 2500
866 2500
867 2116
868 2116
869 2116
870 2500
871 2500
872 2500
873 2500
874 2500
875 2500
876 2500
877 2500
878 2500
879 2500
880 2500
881 2500
882 2500
883 2500
884 2500
885 2500
886 2500
887 2500
888 2500
889 2500
890 2500
891 2500
892 2500
893 2500
894 2500
895 2500
896 2500
897 2500
898 2500
899 2500
900 2500
901 2500
902 2500
903 2500
904 2500
905 2500
906 2500
907 2500
908 2500
909 2500
910 2500
911 2500
912 2500
913 2500
914 2116
915 1764
916 1764
917 2116
918 2116
919 2116
920 2116
921 2500
922 2500
923 2116
924 2116
925 2116
926 2116
927 2116
928 2116
929 2500
930 2500
931 2500
932 2500
933 2500
934 2500
935 2500
936 2500
937 2500
938 2500
939 2500
940 2500
941 2500
942 2500
943 2500
944 2500
945 2500
946 2500
947 2500
948 2500
949 2500
950 2500
951 2500
952 2500
953 2500
954 2500
955 2500
956 2500
957 2500
958 2500
959 2500
960 2500
961 2500
962 2500
963 2500
964 2500
965 2500
966 2500
967 2500
968 2500
969 2500
970 2500
971 2500
972 2500
973 2500
974 2500
975 2500
976 2500
977 2500
978 2500
979 2500
980 2500
981 2500
982 2500
983 2500
984 2500
985 2500
986 2500
987 2500
988 2500
989 2500
990 2500
991 2500
992 2500
993 2500
994 2500
995 2500
996 2500
997 2500
998 2500
999 2500
1000 2500
1001 2500
1002 2500
1003 2500
1004 2500
1005 2500
1006 2500
1007 2500
1008 2500
1009 2500
1010 2500
1011 2500
1012 2500
1013 2500
1014 2500
1015 2500
1016 2500
1017 2500
1018 2500
1019 2500
1020 2500
1021 2500
1022 2500
1023 2500
1024 2500
1025 2500
1026 2500
1027 2500
1028 2500
1029 2500
1030 2500
1031 2500
1032 2500
1033 2500
1034 2500
1035 2500
1036 2500
1037 2500
1038 2500
1039 2500
1040 2500
1041 2500
1042 2500
1043 2500
1044 2500
1045 2500
1046 2500
1047 2500
1048 2500
1049 2500
1050 2500
1051 2500
1052 2500
1053 2500
1054 2500
1055 2500
1056 2116
1057 2116
1058 2500
1059 2500
1060 2500
1061 2500
1062 2500
1063 2500
1064 2500
1065 2500
1066 2500
1067 2500
1068 2500
1069 2500
1070 2500
1071 2500
1072 2500
1073 2500
1074 2500
1075 2500
1076 2500
1077 2500
1078 2500
1079 2500
1080 2500
1081 2500
1082 2500
1083 2500
1084 2500
1085 2500
1086 2500
1087 2500
1088 2500
1089 2500
1090 2500
1091 2500
1092 2500
1093 2500
1094 2500
1095 2500
1096 2500
1097 2500
1098 2500
1099 2500
1100 2500
1101 2500
1102 2500
1103 2500
1104 2500
1105 2500
1106 2500
1107 2500
1108 2500
1109 2500
1110 2500
1111 2500
1112 2500
1113 2500
1114 2500
1115 2500
1116 2500
1117 2500
1118 2500
1119 2500
1120 2500
1121 2500
1122 2500
1123 2500
1124 2500
1125 2500
1126 2500
1127 2500
1128 2500
1129 2500
1130 2500
1131 2500
1132 2500
1133 2500
1134 2500
1135 2500
1136 2500
1137 2500
1138 2500
1139 2500
1140 2500
1141 2500
1142 2500
1143 2500
1144 2500
1145 2500
1146 2500
1147 2500
1148 2500
1149 2500
1150 2500
1151 2500
1152 2500
1153 2500
1154 2500
1155 2500
1156 2500
1157 2500
1158 2500
1159 2500
1160 2500
1161 2500
1162 2500
1163 2500
1164 2500
1165 2500
1166 2500
1167 2500
1168 2500
1169 2500
1170 2500
1171 2500
1172 2500
1173 2500
1174 2500
1175 2500
1176 2500
1177 2500
1178 2500
1179 2500
1180 2500
1181 2500
1182 2500
1183 2500
1184 2500
1185 2500
1186 2500
1187 2500
1188 2500
1189 2500
1190 2500
1191 2500
1192 2500
1193 2500
1194 2500
1195 2500
1196 2500
1197 2500
1198 2500
1199 2500
1200 2500
1201 2500
1202 2500
1203 2500
1204 2500
1205 2500
1206 2500
1207 2500
1208 2500
1209 2500
1210 2500
1211 2500
1212 2500
1213 2500
1214 2500
1215 2500
1216 2500
1217 2500
1218 2500
1219 2500
1220 2500
1221 2500
1222 2500
1223 2500
1224 2500
1225 2500
1226 2500
1227 2500
1228 2500
1229 2500
1230 2500
1231 2500
1232 2500
1233 2500
1234 2500
1235 2500
1236 2500
1237 2500
1238 2500
1239 2500
1240 2500
1241 2116
1242 2500
1243 2500
1244 2500
1245 2500
1246 2500
1247 2500
1248 2500
1249 2500
1250 2500
1251 2500
1252 2500
1253 2500
1254 2500
1255 2500
1256 2500
1257 2500
1258 2500
1259 2500
1260 2500
1261 2500
1262 2500
1263 2500
1264 2500
1265 2500
1266 2500
1267 2500
1268 2500
1269 2500
1270 2500
1271 2500
1272 2500
1273 2500
1274 2500
1275 2500
1276 2116
1277 2116
1278 2116
1279 2116
1280 2116
1281 2116
1282 2116
1283 2500
1284 2500
1285 2500
1286 2500
1287 2500
1288 2500
1289 2500
1290 2500
1291 2500
1292 2500
1293 2500
1294 2500
1295 2500
1296 2500
1297 2500
1298 2500
1299 2500
1300 2500
1301 2500
1302 2500
1303 2500
1304 2500
1305 2500
1306 2500
1307 2500
1308 2500
1309 2500
1310 2500
1311 2500
1312 2500
1313 2500
1314 2500
1315 2500
1316 2500
1317 2500
1318 2500
1319 2500
1320 2500
1321 2500
1322 2500
1323 2500
1324 2500
1325 2500
1326 2500
1327 2500
1328 2500
1329 2500
1330 2500
1331 2500
1332 2500
1333 2500
1334 2500
1335 2500
1336 2500
1337 2500
1338 2500
1339 2500
1340 2500
1341 2500
1342 2500
1343 2500
1344 2500
1345 2500
1346 2500
1347 2500
1348 2500
1349 2500
1350 2500
1351 2500
1352 2500
1353 2500
1354 2500
1355 2500
1356 2500
1357 2500
1358 2500
1359 2500
1360 2500
1361 2500
1362 2500
1363 2500
1364 2500
1365 2500
1366 2116
1367 2116
1368 2116
1369 2116
1370 2116
1371 2116
1372 2116
1373 2116
1374 2116
1375 2500
1376 2500
1377 2500
1378 2500
1379 2500
1380 2500
1381 2500
1382 2500
1383 2500
1384 2500
1385 2500
1386 2500
1387 2500
1388 2500
1389 2500
1390 2500
1391 2500
1392 2500
1393 2500
1394 2500
1395 2500
1396 2500
1397 2500
1398 2500
1399 2500
1400 2500
1401 2500
1402 2500
1403 2500
1404 2500
1405 2500
1406 2500
1407 2500
1408 2500
1409 2500
1410 2500
1411 2500
1412 2500
1413 2500
1414 2500
1415 2500
1416 2500
1417 2500
1418 2500
1419 2500
1420 2500
1421 2500
1422 2500
1423 2500
1424 2500
1425 2500
1426 2500
1427 2500
1428 2500
1429 2500
1430 2500
1431 2500
1432 2500
1433 2500
1434 2500
1435 2500
1436 2500
1437 2500
1438 2500
1439 2500
1440 2500
1441 2500
1442 2500
1443 2500
1444 2500
1445 2500
1446 2500
1447 2500
1448 2500
1449 2500
1450 2500
1451 2116
1452 2116
1453 2116
1454 2116
1455 2116
1456 2116
1457 2116
1458 2116
1459 2500
1460 2500
1461 2500
1462 2500
1463 2500
1464 2500
1465 2500
1466 2500
1467 2500
1468 2500
1469 2500
1470 2500
1471 2500
1472 2500
1473 2500
1474 2500
1475 2500
1476 2500
1477 2500
1478 2500
1479 2500
1480 2500
1481 2500
1482 2500
1483 2500
1484 2500
1485 2500
1486 2500
1487 2500
1488 2500
1489 2500
1490 2500
1491 2500
1492 2500
1493 2500
1494 2500
1495 2500
1496 2500
1497 2500
1498 2500
1499 2500
1500 2500
1501 2500
1502 2500
1503 2500
1504 2500
1505 2500
1506 2500
1507 2500
1508 2500
1509 2500
1510 2116
1511 2116
1512 2500
1513 2500
1514 2500
1515 2500
1516 2500
1517 2500
1518 2500
1519 2500
1520 2500
1521 2500
1522 2500
1523 2500
1524 2500
1525 2500
1526 2500
1527 2500
1528 2500
1529 2500
1530 2500
1531 2500
1532 2500
1533 2500
1534 2500
1535 2500
1536 2500
1537 2500
1538 2500
1539 2500
1540 2500
1541 2500
1542 2500
1543 2500
1544 2500
1545 2500
1546 2500
1547 2500
1548 2500
1549 2500
1550 2500
1551 2500
1552 2500
1553 2500
1554 2500
1555 2500
1556 2500
1557 2500
1558 2500
1559 2500
1560 2500
1561 2500
1562 2500
1563 2500
1564 2500
1565 2500
1566 2500
1567 2500
1568 2500
1569 2500
1570 2116
1571 2500
1572 2500
1573 2500
1574 2500
1575 2500
1576 2500
1577 2500
1578 2500
1579 2500
1580 2500
1581 2500
1582 2500
1583 2500
1584 2500
1585 2500
1586 2500
1587 2500
1588 2500
1589 2500
1590 2500
1591 2500
1592 2500
1593 2500
1594 2116
1595 2116
1596 2116
1597 2500
1598 2500
1599 2500
1600 2500
1601 2500
1602 2500
1603 2500
1604 2500
1605 2500
1606 2500
1607 2500
1608 2500
1609 2500
1610 2500
1611 2500
1612 2500
1613 2500
1614 2500
1615 2500
1616 2500
1617 2500
1618 2500
1619 2500
1620 2500
1621 2500
1622 2500
1623 2500
1624 2500
1625 2500
1626 2500
1627 2500
1628 2500
1629 2500
1630 2500
1631 2500
1632 2500
1633 2500
1634 2500
1635 2500
1636 2500
1637 2500
1638 2116
1639 2116
1640 2116
1641 2116
1642 2500
1643 2500
1644 2500
1645 2500
1646 2500
1647 2500
1648 2500
1649 2500
1650 2500
1651 2500
1652 2500
1653 2500
1654 2500
1655 2500
1656 2500
1657 2116
1658 2116
1659 2116
1660 2116
1661 2116
1662 2116
1663 2116
1664 2116
1665 2116
1666 2116
1667 2116
1668 2116
1669 2116
1670 2116
1671 2116
1672 2116
1673 2116
1674 2116
1675 2116
1676 2116
1677 2116
1678 2116
1679 2116
1680 2116
1681 2116
1682 2116
1683 2116
1684 2116
1685 2116
1686 2116
1687 2116
1688 2116
1689 2116
1690 2116
1691 2116
1692 2116
1693 2116
1694 2116
1695 2116
1696 2116
1697 2116
1698 2116
1699 2116
1700 2116
1701 2116
1702 2116
1703 2116
1704 2116
1705 2116
1706 2116
1707 2116
1708 2116
1709 2116
1710 2116
1711 2116
1712 2116
1713 2116
1714 2116
1715 2116
1716 2116
1717 2116
1718 2116
1719 2116
1720 2116
1721 2116
1722 2116
1723 1764
1724 1764
1725 1764
1726 1764
1727 1764
1728 1764
1729 1764
1730 1764
1731 1764
1732 1764
1733 1764
1734 1764
1735 1764
1736 1764
1737 1764
1738 1764
1739 1764
1740 1764
1741 1764
1742 1764
1743 2116
1744 2116
1745 2116
1746 2116
1747 2116
1748 2116
1749 2116
1750 2116
1751 2116
1752 2116
1753 2116
1754 2116
1755 2116
1756 2116
1757 2116
1758 2116
1759 2116
1760 2116
1761 2116
1762 2116
1763 1764
1764 1764
1765 1764
1766 1764
1767 1764
1768 1764
1769 1764
1770 1764
1771 1764
1772 2116
1773 2116
1774 2116
1775 2116
1776 2116
1777 2116
1778 2116
1779 2116
1780 2116
1781 2116
1782 2116
1783 2116
1784 2116
1785 2116
1786 2116
1787 2116
1788 2116
1789 2116
1790 2116
1791 2116
1792 2116
1793 2116
1794 2116
1795 2116
1796 2116
1797 2116
1798 2116
1799 2116
1800 2116
1801 2116
1802 2116
1803 2116
1804 2116
1805 1764
1806 1764
1807 2116
1808 2116
1809 2116
1810 2116
1811 2116
1812 2116
1813 2116
1814 2116
1815 2116
1816 2116
1817 2116
1818 2116
1819 2116
1820 2116
1821 2116
1822 2116
1823 2116
1824 2116
1825 2116
1826 2116
1827 2116
1828 2116
1829 2116
1830 2116
1831 2116
1832 2116
1833 2116
1834 2116
1835 2116
1836 2116
1837 2116
1838 2116
1839 2116
1840 2116
1841 2116
1842 2116
1843 2116
1844 2116
1845 2116
1846 2116
1847 2116
1848 2116
1849 2116
1850 2116
1851 2116
1852 2116
1853 2116
1854 2116
1855 2116
1856 2116
1857 2116
1858 2116
1859 2116
1860 2116
1861 2116
1862 2116
1863 2116
1864 2116
1865 2116
1866 2116
1867 2116
1868 2116
1869 2116
1870 2116
1871 2116
1872 2116
1873 2116
1874 2116
1875 2116
1876 2116
1877 2116
1878 2116
1879 2116
1880 2116
1881 2116
1882 2116
1883 2116
1884 2116
1885 2116
1886 2116
1887 2116
1888 2116
1889 2116
1890 2116
1891 2116
1892 2116
1893 2116
1894 2116
1895 2116
1896 2116
1897 2116
1898 1764
1899 1764
1900 1764
1901 2116
1902 2116
1903 2116
1904 2116
1905 2116
1906 2116
1907 2116
1908 2116
1909 2116
1910 2116
1911 2116
1912 2116
1913 2116
1914 2116
1915 2116
1916 2116
1917 2116
1918 2116
1919 2116
1920 2116
1921 2116
1922 2116
1923 2116
1924 2116
1925 2116
1926 2116
1927 2116
1928 2116
1929 2116
1930 2116
1931 2116
1932 2116
1933 2116
1934 2116
1935 2116
1936 2116
1937 2116
1938 2116
1939 2116
1940 2116
1941 2116
1942 2116
1943 2116
1944 2116
1945 2116
1946 2116
1947 2116
1948 2116
1949 2116
1950 2116
1951 2116
1952 2116
1953 2116
1954 2116
1955 2116
1956 2116
1957 2116
1958 2116
1959 2116
1960 2116
1961 2116
1962 2116
1963 2116
1964 2116
1965 2116
1966 2116
1967 1764
1968 2116
1969 2116
1970 2116
1971 2116
1972 2116
1973 2116
1974 2116
1975 2116
1976 2116
1977 2116
1978 2116
1979 2116
1980 2116
1981 2116
1982 2116
1983 2116
1984 2116
1985 2116
1986 2116
1987 2116
1988 2116
1989 2116
1990 2116
1991 2116
1992 2116
1993 2116
1994 2116
1995 2116
1996 2116
1997 2116
1998 2116
1999 2116
2000 2116
2001 2116
2002 2116
2003 2116
2004 2116
2005 2116
2006 2116
2007 2116
2008 2116
2009 2116
2010 2116
2011 2116
2012 2116
2013 2116
2014 2116
2015 2116
2016 2116
2017 2116
2018 2116
2019 2116
2020 2116
2021 2116
2022 2116
2023 1764
2024 2116
2025 2116
2026 1764
2027 1764
2028 2116
2029 2116
2030 2116
2031 2116
2032 2116
2033 2116
2034 2116
2035 2116
2036 2116
2037 2116
2038 2116
2039 2116
2040 2116
2041 2116
2042 2116
2043 2116
2044 2116
2045 2116
2046 2116
2047 2116
2048 2116
2049 2116
2050 2116
2051 2116
2052 2116
2053 2116
2054 2116
2055 2116
2056 2116
2057 2116
2058 2116
2059 2116
2060 2116
2061 2116
2062 2116
2063 2116
2064 2116
2065 2116
2066 2116
2067 2116
2068 2116
2069 2116
2070 2116
2071 2116
2072 2116
2073 2116
2074 2116
2075 2116
2076 2116
2077 2116
2078 2116
2079 2116
2080 2116
2081 2116
2082 2116
2083 2116
2084 2116
2085 2116
2086 2116
2087 2116
2088 2116
2089 2116
2090 2116
2091 2116
2092 2116
2093 2116
2094 2116
2095 2116
2096 2116
2097 2116
2098 2116
2099 2116
2100 2116
2101 2116
2102 1764
2103 1764
2104 2116
2105 2116
2106 2116
2107 1764
2108 1764
2109 2116
2110 2116
2111 2116
2112 2116
2113 2116
2114 2116
2115 2116
2116 2116
2117 2116
2118 2116
2119 2116
2120 2116
2121 2116
2122 2116
2123 2116
2124 2116
2125 2116
2126 2116
2127 2116
2128 2116
2129 2116
2130 2116
2131 2116
2132 2116
2133 2116
2134 2116
2135 2116
2136 2116
2137 2116
2138 2116
2139 2116
2140 2116
2141 2116
2142 2116
2143 2116
2144 2116
2145 2116
2146 2116
2147 2116
2148 2116
2149 2116
2150 2116
2151 2116
2152 2116
2153 2116
2154 2116
2155 2116
2156 2116
2157 2116
2158 2116
2159 2116
2160 2116
2161 2116
2162 2116
2163 2116
2164 2116
2165 2116
2166 2116
2167 2116
2168 2116
2169 2116
2170 2116
2171 2116
2172 2116
2173 2116
2174 2116
2175 2116
2176 2116
2177 2116
2178 2116
2179 2116
2180 2116
2181 2116
2182 2116
2183 2116
2184 2116
2185 2116
2186 2116
2187 2116
2188 2116
2189 2116
2190 2116
2191 2116
2192 2116
2193 2116
2194 2116
2195 2116
2196 2116
2197 2116
2198 2116
2199 2116
2200 2116
2201 2116
2202 2116
2203 2116
2204 2116
2205 2116
2206 2116
2207 2116
2208 2116
2209 2116
2210 2116
2211 2116
2212 2116
2213 2116
2214 2116
2215 2116
2216 2116
2217 2116
2218 2116
2219 2116
2220 2116
2221 2116
2222 2116
2223 2116
2224 2116
2225 2116
2226 2116
2227 2116
2228 2116
2229 2116
2230 2116
2231 2116
2232 2116
2233 2116
2234 2116
2235 2116
2236 2116
2237 2116
2238 2116
2239 2116
2240 2116
2241 2116
2242 2116
2243 2116
2244 2116
2245 2116
2246 2116
2247 2116
2248 2500
2249 2500
2250 2500
2251 2500
2252 2500
2253 2500
2254 2500
2255 2500
2256 2500
2257 2500
2258 2500
2259 2500
2260 2500
2261 2500
2262 2500
2263 2500
2264 2500
2265 2500
2266 2500
2267 2500
2268 2500
2269 2500
2270 2500
2271 2500
2272 2500
2273 2500
2274 2500
2275 2500
2276 2500
2277 2500
2278 2500
2279 2500
2280 2500
2281 2500
2282 2500
2283 2500
2284 2500
2285 2500
2286 2500
2287 2500
2288 2500
2289 2500
2290 2500
2291 2500
2292 2500
2293 2500
2294 2500
2295 2500
2296 2500
2297 2500
2298 2500
2299 2500
2300 2500
2301 2500
2302 2500
2303 2500
2304 2500
2305 2500
2306 2500
2307 2500
2308 2500
2309 2500
2310 2500
2311 2500
2312 2500
2313 2500
2314 2500
2315 2500
2316 2500
2317 2500
2318 2500
2319 2500
2320 2500
2321 2500
2322 2500
2323 2500
2324 2500
2325 2500
2326 2500
2327 2500
2328 2116
2329 2500
2330 2500
2331 2500
2332 2500
2333 2500
2334 2500
2335 2500
2336 2500
2337 2500
2338 2500
2339 2500
2340 2500
2341 2500
2342 2500
2343 2500
2344 2500
2345 2500
2346 2500
2347 2500
2348 2500
2349 2500
2350 2500
2351 2500
2352 2500
2353 2500
2354 2500
2355 2500
2356 2500
2357 2500
2358 2500
2359 2500
2360 2500
2361 2500
2362 2500
2363 2500
2364 2500
2365 2500
2366 2500
2367 2500
2368 2500
2369 2500
2370 2500
2371 2500
2372 2500
2373 2500
2374 2500
2375 2500
2376 2500
2377 2500
2378 2500
2379 2500
2380 2500
2381 2500
2382 2500
2383 2500
2384 2500
2385 2500
2386 2500
2387 2500
2388 2500
2389 2500
2390 2500
2391 2500
2392 2500
2393 2500
2394 2500
2395 2116
2396 2500
2397 2500
2398 2500
2399 2500
2400 2500
2401 2500
2402 2500
2403 2500
2404 2500
2405 2500
2406 2500
2407 2500
2408 2500
2409 2500
2410 2500
2411 2500
2412 2500
2413 2500
2414 2500
2415 2500
2416 2500
2417 2500
2418 2500
2419 2500
2420 2500
2421 2500
2422 2500
2423 2500
2424 2500
2425 2500
2426 2500
2427 2500
2428 2500
2429 2500
2430 2500
2431 2500
2432 2500
2433 2500
2434 2500
2435 2500
2436 2500
2437 2500
2438 2500
2439 2500
2440 2500
2441 2500
2442 2500
2443 2500
2444 2500
2445 2500
2446 2500
2447 2500
2448 2116
2449 2500
2450 2500
2451 2500
2452 2500
2453 2500
2454 2500
2455 2500
2456 2500
2457 2500
2458 2500
2459 2500
2460 2500
2461 2500
2462 2500
2463 2500
2464 2500
2465 2500
2466 2500
2467 2500
2468 2500
2469 2500
2470 2500
2471 2500
2472 2116
2473 2116
2474 2500
2475 2500
2476 2500
2477 2500
2478 2500
2479 2500
2480 2500
2481 2500
2482 2500
2483 2500
2484 2500
2485 2500
2486 2500
2487 2500
2488 2500
2489 2500
2490 2500
2491 2500
2492 2500
2493 2500
2494 2116
2495 2500
2496 2500
2497 2500
2498 2500
2499 2500
2500 2500
2501 2500
2502 2500
2503 2500
2504 2500
2505 2500
2506 2500
2507 2500
2508 2500
2509 2500
2510 2500
2511 2500
2512 2500
2513 2500
2514 2500
2515 2500
2516 2500
2517 2500
2518 2500
2519 2500
2520 2500
2521 2500
2522 2500
2523 2500
2524 2500
2525 2500
2526 2500
2527 2500
2528 2500
2529 2500
2530 2500
2531 2500
2532 2500
2533 2500
2534 2500
2535 2500
2536 2500
2537 2500
2538 2500
2539 2500
2540 2500
2541 2500
2542 2500
2543 2500
2544 2500
2545 2500
2546 2500
2547 2500
2548 2500
2549 2500
2550 2500
2551 2500
2552 2500
2553 2500
2554 2500
2555 2500
2556 2500
2557 2500
2558 2500
2559 2500
2560 2500
2561 2500
2562 2500
2563 2500
2564 2500
2565 2500
2566 2500
2567 2500
2568 2500
2569 2500
2570 2500
2571 2500
2572 2500
2573 2500
2574 2500
2575 2500
2576 2500
2577 2500
2578 2500
2579 2500
2580 2500
2581 2500
2582 2500
2583 2500
2584 2500
2585 2500
2586 2500
2587 2500
2588 2500
2589 2500
2590 2500
2591 2500
2592 2500
2593 2500
2594 2500
2595 2500
2596 2500
2597 2500
2598 2500
2599 2500
2600 2500
2601 2500
2602 2500
2603 2500
2604 2500
2605 2500
2606 2500
2607 2500
2608 2500
2609 2500
2610 2500
2611 2500
2612 2500
2613 2500
2614 2500
2615 2500
2616 2500
2617 2500
2618 2500
2619 2500
2620 2500
2621 2500
2622 2500
2623 2500
2624 2500
2625 2500
2626 2500
2627 2500
2628 2500
2629 2500
2630 2500
2631 2500
2632 2500
2633 2500
2634 2500
2635 2500
2636 2500
2637 2500
2638 2500
2639 2500
2640 2500
2641 2500
2642 2500
2643 2500
2644 2500
2645 2500
2646 2500
2647 2500
2648 2500
2649 2500
2650 2500
2651 2500
2652 2500
2653 2500
2654 2500
2655 2500
2656 2500
2657 2500
2658 2500
2659 2500
2660 2500
2661 2500
2662 2500
2663 2500
2664 2500
2665 2500
2666 2500
2667 2500
2668 2500
2669 2500
2670 2500
2671 2500
2672 2500
2673 2500
2674 2500
2675 2500
2676 2500
2677 2500
2678 2500
2679 2500
2680 2500
2681 2500
2682 2500
2683 2500
2684 2500
2685 2500
2686 2500
2687 2500
2688 2500
2689 2500
2690 2500
2691 2116
2692 2500
2693 2500
2694 2500
2695 2500
2696 2500
2697 2500
2698 2500
2699 2500
2700 2500
2701 2500
2702 2500
2703 2500
2704 2500
2705 2500
2706 2500
2707 2500
2708 2500
2709 2500
2710 2500
2711 2500
2712 2500
2713 2500
2714 2500
2715 2500
2716 2500
2717 2500
2718 2500
2719 2500
2720 2500
2721 2500
2722 2500
2723 2500
2724 2500
2725 2500
2726 2500
2727 2500
2728 2500
2729 2500
2730 2500
2731 2500
2732 2500
2733 2500
2734 2500
2735 2500
2736 2500
2737 2500
2738 2500
2739 2500
2740 2500
2741 2500
2742 2500
2743 2500
2744 2500
2745 2500
2746 2500
2747 2500
2748 2500
2749 2500
2750 2500
2751 2500
2752 2500
2753 2500
2754 2500
2755 2500
2756 2500
2757 2500
2758 2500
2759 2500
2760 2500
2761 2500
2762 2500
2763 2500
2764 2500
2765 2500
2766 2500
2767 2500
2768 2500
2769 2500
2770 2500
2771 2500
2772 2500
2773 2500
2774 2500
2775 2500
2776 2500
2777 2500
2778 2500
2779 2500
2780 2500
2781 2500
2782 2500
2783 2500
2784 2500
2785 2500
2786 2500
2787 2500
2788 2500
2789 2500
2790 2500
2791 2500
2792 2500
2793 2500
2794 2500
2795 2500
2796 2500
2797 2500
2798 2500
2799 2500
2800 2500
2801 2500
2802 2500
2803 2500
2804 2500
2805 2500
2806 2500
2807 2500
2808 2500
2809 2500
2810 2500
2811 2500
2812 2500
2813 2500
2814 2500
2815 2500
2816 2500
2817 2500
2818 2500
2819 2500
2820 2500
2821 2500
2822 2500
2823 2500
2824 2500
2825 2500
2826 2500
2827 2500
2828 2500
2829 2500
2830 2500
2831 2500
2832 2500
2833 2500
2834 2500
2835 2500
2836 2500
2837 2116
2838 2116
2839 2500
2840 2500
2841 2500
2842 2500
2843 2500
2844 2500
2845 2500
2846 2500
2847 2500
2848 2500
2849 2500
2850 2500
2851 2500
2852 2500
2853 2500
2854 2500
2855 2500
2856 2500
2857 2500
2858 2500
2859 2500
2860 2500
2861 2500
2862 2500
2863 2500
2864 2500
2865 2500
2866 2500
2867 2500
2868 2500
2869 2500
2870 2500
2871 2500
2872 2500
2873 2500
2874 2500
2875 2500
2876 2500
2877 2500
2878 2500
2879 2500
2880 2500
2881 2500
2882 2500
2883 2500
2884 2500
2885 2500
2886 2500
2887 2500
2888 2500
2889 2500
2890 2500
2891 2500
2892 2500
2893 2500
2894 2500
2895 2500
2896 2500
2897 2500
2898 2500
2899 2500
2900 2500
2901 2500
2902 2500
2903 2500
2904 2500
2905 2500
2906 2500
2907 2500
2908 2500
2909 2500
2910 2500
2911 2500
2912 2116
2913 2116
2914 2500
2915 2500
2916 2500
2917 2500
2918 2500
2919 2500
2920 2500
2921 2500
2922 2500
2923 2500
2924 2500
2925 2500
2926 2500
2927 2500
2928 2500
2929 2500
2930 2500
2931 2116
2932 2116
2933 2500
2934 2500
2935 2500
2936 2500
2937 2500
2938 2500
2939 2500
2940 2500
2941 2500
2942 2500
2943 2500
2944 2500
2945 2500
2946 2500
2947 2500
2948 2500
2949 2500
2950 2500
2951 2500
2952 2500
2953 2500
2954 2500
2955 2500
2956 2500
2957 2500
2958 2500
2959 2500
2960 2500
2961 2500
2962 2500
2963 2500
2964 2500
2965 2500
2966 2500
2967 2500
2968 2500
2969 2500
2970 2500
2971 2500
2972 2500
2973 2500
2974 2500
2975 2500
2976 2500
2977 2500
2978 2500
2979 2500
2980 2500
2981 2500
2982 2500
2983 2500
2984 2500
2985 2500
2986 2500
2987 2500
2988 2500
2989 2500
2990 2500
2991 2500
2992 2500
2993 2500
2994 2500
2995 2500
2996 2500
2997 2500
2998 2500
2999 2500
3000 2500
3001 2500
3002 2500
3003 2500
3004 2500
3005 2500
3006 2500
3007 2500
3008 2500
3009 2500
3010 2500
3011 2500
3012 2500
3013 2500
3014 2500
3015 2500
3016 2500
3017 2500
3018 2500
3019 2500
3020 2500
3021 2500
3022 2500
3023 2500
3024 2500
3025 2500
3026 2500
3027 2500
3028 2500
3029 2500
3030 2500
3031 2500
3032 2500
3033 2500
3034 2500
3035 2500
3036 2500
3037 2500
3038 2500
3039 2500
3040 2500
3041 2500
3042 2500
3043 2500
3044 2500
3045 2500
3046 2500
3047 2500
3048 2500
3049 2500
3050 2500
3051 2500
3052 2500
3053 2500
3054 2500
3055 2500
3056 2500
3057 2500
3058 2500
3059 2500
3060 2500
3061 2500
3062 2500
3063 2500
3064 2500
3065 2500
3066 2500
3067 2500
3068 2500
3069 2500
3070 2500
3071 2500
3072 2500
3073 2500
3074 2500
3075 2500
3076 2500
3077 2500
3078 2500
3079 2500
3080 2500
3081 2500
3082 2500
3083 2500
3084 2500
3085 2500
3086 2500
3087 2500
3088 2500
3089 2500
3090 2500
3091 2500
3092 2500
3093 2500
3094 2500
3095 2500
3096 2500
3097 2500
3098 2500
3099 2500
3100 2500
3101 2500
3102 2500
3103 2500
3104 2500
3105 2500
3106 2500
3107 2500
3108 2500
3109 2500
3110 2500
3111 2500
3112 2500
3113 2116
3114 2500
3115 2500
3116 2500
3117 2500
3118 2500
3119 2500
3120 2500
3121 2500
3122 2500
3123 2500
3124 2500
3125 2500
3126 2500
3127 2500
3128 2500
3129 2500
3130 2500
3131 2500
3132 2500
3133 2500
3134 2500
3135 2500
3136 2500
3137 2500
3138 2500
3139 2500
3140 2500
3141 2500
3142 2500
3143 2500
3144 2500
3145 2500
3146 2500
3147 2500
3148 2500
3149 2500
3150 2500
3151 2500
3152 2500
3153 2500
3154 2500
3155 2500
3156 2500
3157 2500
3158 2500
3159 2500
3160 2500
3161 2500
3162 2500
3163 2500
3164 2500
3165 2500
3166 2500
3167 2500
3168 2500
3169 2500
3170 2500
3171 2500
3172 2500
3173 2500
3174 2500
3175 2500
3176 2500
3177 2500
3178 2500
3179 2500
3180 2500
3181 2500
3182 2116
3183 2116
3184 2116
3185 2116
3186 2116
3187 2116
3188 2116
3189 2116
3190 2116
3191 2116
3192 2116
3193 2116
3194 2116
3195 2116
3196 2116
3197 2116
3198 2116
3199 2116
3200 2116
3201 2116
3202 2116
3203 2116
3204 2116
3205 2116
3206 2116
3207 2116
3208 2116
3209 2116
3210 2116
3211 2116
3212 2116
3213 2116
3214 2116
3215 2116
3216 2116
3217 2116
3218 2116
3219 2116
3220 2116
3221 2116
3222 2116
3223 2116
3224 2116
3225 2116
3226 2116
3227 2116
3228 2116
3229 2116
3230 2116
3231 2116
3232 2116
3233 2116
3234 2116
3235 2116
3236 2116
3237 2116
3238 2116
3239 2116
3240 2116
3241 2116
3242 2116
3243 2116
3244 2116
3245 2116
3246 2116
3247 1764
3248 1444
3249 1444
3250 2116
3251 2116
3252 2116
3253 2116
3254 2116
3255 2116
3256 2116
3257 2116
3258 2116
3259 2116
3260 2116
3261 2116
3262 2116
3263 2116
3264 2116
3265 2116
3266 2116
3267 2116
3268 2116
3269 1764
3270 2116
3271 2116
3272 2116
3273 2116
3274 2116
3275 2116
3276 2116
3277 2116
3278 2116
3279 2116
3280 2116
3281 2116
3282 2116
3283 2116
3284 2116
3285 2116
3286 2116
3287 2116
3288 2116
3289 2116
3290 2116
3291 2116
3292 2116
3293 2116
3294 2116
3295 2116
3296 2116
3297 2116
3298 2116
3299 2116
3300 2116
3301 2116
3302 2116
3303 2116
3304 2116
3305 2116
3306 2116
3307 2116
3308 2116
3309 2116
3310 2116
3311 2116
3312 2116
3313 2116
3314 2116
3315 2116
3316 2116
3317 2116
3318 2116
3319 2116
3320 2116
3321 2116
3322 2116
3323 2116
3324 2116
3325 2116
3326 2116
3327 2116
3328 2116
3329 2116
3330 2116
3331 2116
3332 2116
3333 2116
3334 2116
3335 2116
3336 2116
3337 2116
3338 2116
3339 2116
3340 2116
3341 2116
3342 2116
3343 2116
3344 2116
3345 2116
3346 2116
3347 2116
3348 2116
3349 2116
3350 2116
3351 2116
3352 2116
3353 2116
3354 2116
3355 2116
3356 2116
3357 2116
3358 2116
3359 2116
3360 2116
3361 2116
3362 2116
3363 2116
3364 2116
3365 2116
3366 2116
3367 2116
3368 2116
3369 2116
3370 2116
3371 2116
3372 2116
3373 2116
3374 2116
3375 2116
3376 2116
3377 2116
3378 2116
3379 2116
3380 2116
3381 2116
3382 2116
3383 2116
3384 2116
3385 2116
3386 2116
3387 2116
3388 2116
3389 2116
3390 2116
3391 2116
3392 2116
3393 2116
3394 2116
3395 2116
3396 2116
3397 2116
3398 2116
3399 2116
3400 2116
3401 2116
3402 2116
3403 2116
3404 2116
3405 2116
3406 2116
3407 2116
3408 2116
3409 2116
3410 2116
3411 2116
3412 2116
3413 2116
3414 2116
3415 2116
3416 2116
3417 2116
3418 2116
3419 2116
3420 2116
3421 2116
3422 2116
3423 2116
3424 2116
3425 1764
3426 1764
3427 2116
3428 2116
3429 2116
3430 2116
3431 2116
3432 2116
3433 2116
3434 2116
3435 2116
3436 2116
3437 2116
3438 2116
3439 2116
3440 2116
3441 2116
3442 2116
3443 2116
3444 1764
3445 2116
3446 2116
3447 2116
3448 2116
3449 2116
3450 2116
3451 2116
3452 2116
3453 2116
3454 2116
3455 2116
3456 2116
3457 2116
3458 2116
3459 2116
3460 2116
3461 2116
3462 2116
3463 2116
3464 2116
3465 2116
3466 2116
3467 2116
3468 2116
3469 2116
3470 2116
3471 2116
3472 2116
3473 2116
3474 2116
3475 2116
3476 2116
3477 2116
3478 2116
3479 2116
3480 2116
3481 2116
3482 2116
3483 2116
3484 2116
3485 2116
3486 2116
3487 2116
3488 2116
3489 2116
3490 2116
3491 2116
3492 2116
3493 2116
3494 2116
3495 2116
3496 2116
3497 2116
3498 2116
3499 2116
3500 2116
3501 2116
3502 2116
3503 2116
3504 2116
3505 2116
3506 2116
3507 2116
3508 2116
3509 2116
3510 2116
3511 2116
3512 2116
3513 2116
3514 2116
3515 2116
3516 2116
3517 2116
3518 2116
3519 2116
3520 2116
3521 2116
3522 2116
3523 2116
3524 2116
3525 2116
3526 2116
3527 2116
3528 2116
3529 2116
3530 2116
3531 2116
3532 2116
3533 2116
3534 2116
3535 2116
3536 2116
3537 2116
3538 2116
3539 2116
3540 2116
3541 2116
3542 2116
3543 2116
3544 2116
3545 2116
3546 2116
3547 2116
3548 2116
3549 2116
3550 2116
3551 2116
3552 2116
3553 2116
3554 2116
3555 2116
3556 2116
3557 2116
3558 2116
3559 2116
3560 2116
3561 2116
3562 2116
3563 2116
3564 2116
3565 2116
3566 2116
3567 2116
3568 2116
3569 2116
3570 2116
3571 2116
3572 2116
3573 2116
3574 2116
3575 2116
3576 2116
3577 2116
3578 2116
3579 2116
3580 2116
3581 2116
3582 2116
3583 2116
3584 2116
3585 2116
3586 2116
3587 2116
3588 2116
3589 2116
3590 2116
3591 2116
3592 2116
3593 2116
3594 2116
3595 2116
3596 2116
3597 2116
3598 2116
3599 2116
3600 2116
3601 2116
3602 2116
3603 2116
3604 2116
3605 2116
3606 2116
3607 2116
3608 1764
3609 2116
3610 2116
3611 2116
3612 2116
3613 2116
3614 2116
3615 2116
3616 2116
3617 2116
3618 2116
3619 2116
3620 2116
3621 2116
3622 2116
3623 2116
3624 2116
3625 2116
3626 2116
3627 2116
3628 2116
3629 2116
3630 2116
3631 2116
3632 2116
3633 2116
3634 2116
3635 2116
3636 2116
3637 2116
3638 2116
3639 2116
3640 2116
3641 2116
3642 2116
3643 2116
3644 2116
3645 2116
3646 2116
3647 2116
3648 2116
3649 2116
3650 2116
3651 2116
3652 2116
3653 2116
3654 2116
3655 2116
3656 2116
3657 2116
3658 2116
3659 2116
3660 2116
3661 2116
3662 2116
3663 2116
3664 2116
3665 2116
3666 2116
3667 2116
3668 2116
3669 2116
3670 2116
3671 2116
3672 2116
3673 2116
3674 2116
3675 2116
3676 2116
3677 2116
3678 2116
3679 2116
3680 2116
3681 2116
3682 2116
3683 2116
3684 2116
3685 2116
3686 2116
3687 2116
3688 2116
3689 2116
3690 2116
3691 2116
3692 2116
3693 2116
3694 2116
3695 2116
3696 2116
3697 2116
3698 2116
3699 2116
3700 2116
3701 2116
3702 2116
3703 2116
3704 2116
3705 1764
3706 2116
3707 2116
3708 2116
3709 2116
3710 2116
3711 2116
3712 2116
3713 2116
3714 2116
3715 2116
3716 2116
3717 2116
3718 2116
3719 2116
3720 2116
3721 2116
3722 2116
3723 2116
3724 2116
3725 2116
3726 2116
3727 2116
3728 2116
3729 2116
3730 2116
3731 2116
3732 2116
3733 2116
3734 2116
3735 2116
3736 2116
3737 2116
3738 2116
3739 2116
3740 2116
3741 2116
3742 2116
3743 2116
3744 2116
3745 2116
3746 2116
3747 2116
3748 2116
3749 2116
3750 2116
3751 2116
3752 2500
3753 2500
3754 2500
3755 2500
3756 2500
3757 2500
3758 2500
3759 2500
3760 2500
3761 2500
3762 2500
3763 2500
3764 2500
3765 2500
3766 2500
3767 2500
3768 2500
3769 2500
3770 2500
3771 2500
3772 2500
3773 2500
3774 2500
3775 2500
3776 2500
3777 2500
3778 2500
3779 2500
3780 2500
3781 2500
3782 2500
3783 2500
3784 2500
3785 2500
3786 2500
3787 2500
3788 2500
3789 2500
3790 2500
3791 2500
3792 2500
3793 2500
3794 2500
3795 2500
3796 2500
3797 2500
3798 2500
3799 2500
3800 2500
3801 2500
3802 2500
3803 2500
3804 2500
3805 2500
3806 2500
3807 2116
3808 2116
3809 2116
3810 2116
3811 2116
3812 2500
3813 2500
3814 2500
3815 2500
3816 2500
3817 2500
3818 2500
3819 2500
3820 2500
3821 2500
3822 2500
3823 2500
3824 2500
3825 2500
3826 2500
3827 2500
3828 2500
3829 2500
3830 2500
3831 2500
3832 2500
3833 2500
3834 2500
3835 2500
3836 2500
3837 2500
3838 2500
3839 2500
3840 2500
3841 2500
3842 2500
3843 2500
3844 2500
3845 2500
3846 2500
3847 2500
3848 2500
3849 2500
3850 2500
3851 2500
3852 2500
3853 2500
3854 2500
3855 2500
3856 2500
3857 2500
3858 2500
3859 2500
3860 2500
3861 2500
3862 2500
3863 2500
3864 2500
3865 2500
3866 2500
3867 2500
3868 2500
3869 2500
3870 2500
3871 2500
3872 2500
3873 2500
3874 2500
3875 2500
3876 2500
3877 2500
3878 2500
3879 2500
3880 2500
3881 2500
3882 2500
3883 2500
3884 2500
3885 2500
3886 2500
3887 2500
3888 2500
3889 2500
3890 2500
3891 2500
3892 2500
3893 2500
3894 2500
3895 2500
3896 2500
3897 2500
3898 2500
3899 2500
3900 2500
3901 2500
3902 2500
3903 2500
3904 2500
3905 2500
3906 2500
3907 2500
3908 2500
3909 2500
3910 2500
3911 2500
3912 2500
3913 2500
3914 2500
3915 2500
3916 2500
3917 2500
3918 2500
3919 2500
3920 2500
3921 2500
3922 2500
3923 2500
3924 2500
3925 2500
3926 2500
3927 2500
3928 2500
3929 2500
3930 2500
3931 2500
3932 2500
3933 2500
3934 2500
3935 2500
3936 2500
3937 2500
3938 2500
3939 2500
3940 2500
3941 2500
3942 2500
3943 2500
3944 2500
3945 2500
3946 2500
3947 2500
3948 2500
3949 2500
3950 2500
3951 2500
3952 2500
3953 2500
3954 2500
3955 2500
3956 2500
3957 2500
3958 2500
3959 2500
3960 2500
3961 2500
3962 2500
3963 2500
3964 2500
3965 2500
3966 2500
3967 2500
3968 2500
3969 2500
3970 2500
3971 2500
3972 2500
3973 2500
3974 2500
3975 2500
3976 2500
3977 2500
3978 2500
3979 2500
3980 2500
3981 2500
3982 2500
3983 2500
3984 2500
3985 2500
3986 2500
3987 2500
3988 2500
3989 2500
3990 2500
3991 2500
3992 2500
3993 2500
3994 2500
3995 2500
3996 2500
3997 2500
3998 2500
3999 2500
4000 2500
4001 2500
4002 2500
4003 2500
4004 2500
4005 2500
4006 2500
4007 2500
4008 2500
4009 2500
4010 2500
4011 2500
4012 2500
4013 2500
4014 2500
4015 2500
4016 2500
4017 2500
4018 2500
4019 2500
4020 2500
4021 2500
4022 2500
4023 2500
4024 2500
4025 2500
4026 2500
4027 2500
4028 2500
4029 2500
4030 2500
4031 2500
4032 2500
4033 2500
4034 2500
4035 2500
4036 2500
4037 2500
4038 2500
4039 2500
4040 2500
4041 2500
4042 2500
4043 2500
4044 2500
4045 2500
4046 2500
4047 2500
4048 2500
4049 2500
4050 2500
4051 2500
4052 2500
4053 2500
4054 2500
4055 2500
4056 2500
4057 2500
4058 2500
4059 2500
4060 2500
4061 2500
4062 2500
4063 2500
4064 2500
4065 2500
4066 2500
4067 2500
4068 2500
4069 2500
4070 2500
4071 2500
4072 2500
4073 2500
4074 2500
4075 2500
4076 2500
4077 2500
4078 2500
4079 2500
4080 2500
4081 2500
4082 2500
4083 2500
4084 2500
4085 2500
4086 2500
4087 2500
4088 2500
4089 2500
4090 2500
4091 2500
4092 2500
4093 2500
4094 2500
4095 2500
4096 2500
4097 2500
4098 2500
4099 2500
4100 2500
4101 2500
4102 2500
4103 2500
4104 2500
4105 2500
4106 2500
4107 2500
4108 2500
4109 2500
4110 2500
4111 2500
4112 2500
4113 2500
4114 2116
4115 2500
4116 2500
4117 2500
4118 2500
4119 2500
4120 2500
4121 2500
4122 2500
4123 2500
4124 2500
4125 2500
4126 2116
4127 2116
4128 2116
4129 2116
4130 2116
4131 2500
4132 2500
4133 2500
4134 2500
4135 2500
4136 2500
4137 2500
4138 2500
4139 2500
4140 2500
4141 2500
4142 2500
4143 2500
4144 2500
4145 2500
4146 2500
4147 2500
4148 2500
4149 2500
4150 2500
4151 2500
4152 2500
4153 2500
4154 2500
4155 2500
4156 2500
4157 2500
4158 2500
4159 2500
4160 2500
4161 2500
4162 2500
4163 2500
4164 2500
4165 2500
4166 2500
4167 2500
4168 2500
4169 2500
4170 2500
4171 2500
4172 2500
4173 2500
4174 2500
4175 2500
4176 2500
4177 2500
4178 2500
4179 2500
4180 2500
4181 2500
4182 2500
4183 2500
4184 2500
4185 2500
4186 2500
4187 2500
4188 2500
4189 2500
4190 2500
4191 2500
4192 2500
4193 2500
4194 2500
4195 2500
4196 2500
4197 2500
4198 2500
4199 2500
4200 2500
4201 2500
4202 2500
4203 2500
4204 2500
4205 2500
4206 2500
4207 2500
4208 2500
4209 2500
4210 2500
4211 2500
4212 2500
4213 2500
4214 2500
4215 2500
4216 2500
4217 2500
4218 2500
4219 2500
4220 2500
4221 2500
4222 2500
4223 2500
4224 2500
4225 2500
4226 2500
4227 2500
4228 2500
4229 2500
4230 2500
4231 2500
4232 2500
4233 2500
4234 2500
4235 2500
4236 2500
4237 2500
4238 2500
4239 2500
4240 2500
4241 2500
4242 2500
4243 2500
4244 2500
4245 2500
4246 2500
4247 2500
4248 2500
4249 2500
4250 2500
4251 2500
4252 2500
4253 2500
4254 2500
4255 2500
4256 2500
4257 2500
4258 2500
4259 2500
4260 2500
4261 2500
4262 2500
4263 2500
4264 2500
4265 2500
4266 2500
4267 2500
4268 2500
4269 2500
4270 2500
4271 2500
4272 2500
4273 2500
4274 2500
4275 2500
4276 2500
4277 2500
4278 2500
4279 2500
4280 2500
4281 2500
4282 2500
4283 2500
4284 2500
4285 2500
4286 2500
4287 2500
4288 2500
4289 2500
4290 2500
4291 2500
4292 2500
4293 2500
4294 2500
4295 2500
4296 2500
4297 2500
4298 2500
4299 2500
4300 2500
4301 2500
4302 2500
4303 2500
4304 2500
4305 2500
4306 2500
4307 2500
4308 2500
4309 2500
4310 2500
4311 2500
4312 2500
4313 2500
4314 2500
4315 2500
4316 2500
4317 2116
4318 2116
4319 2116
4320 2500
4321 2500
4322 2500
4323 2116
4324 2116
4325 2500
4326 2500
4327 2500
4328 2500
4329 2500
4330 2500
4331 2500
4332 2500
4333 2500
4334 2500
4335 2500
4336 2500
4337 2500
4338 2500
4339 2500
4340 2500
4341 2500
4342 2500
4343 2500
4344 2500
4345 2500
4346 2500
4347 2500
4348 2500
4349 2116
4350 2116
4351 2116
4352 2500
4353 2500
4354 2500
4355 2500
4356 2500
4357 2500
4358 2500
4359 2500
4360 2500
4361 2500
4362 2500
4363 2500
4364 2500
4365 2500
4366 2500
4367 2500
4368 2500
4369 2500
4370 2500
4371 2116
4372 2500
4373 2500
4374 2500
4375 2500
4376 2500
4377 2500
4378 2500
4379 2500
4380 2500
4381 2500
4382 2500
4383 2500
4384 2500
4385 2500
4386 2500
4387 2500
4388 2500
4389 2500
4390 2500
4391 2500
4392 2500
4393 2500
4394 2500
4395 2116
4396 2500
4397 2500
4398 2500
4399 2500
4400 2500
4401 2500
4402 2500
4403 2500
4404 2500
4405 2500
4406 2500
4407 2500
4408 2500
4409 2500
4410 2500
4411 2500
4412 2500
4413 2500
4414 2500
4415 2500
4416 2500
4417 2500
4418 2500
4419 2500
4420 2500
4421 2500
4422 2500
4423 2500
4424 2500
4425 2500
4426 2500
4427 2500
4428 2500
4429 2500
4430 2500
4431 2500
4432 2500
4433 2500
4434 2500
4435 2500
4436 2500
4437 2500
4438 2500
4439 2500
4440 2500
4441 2500
4442 2500
4443 2500
4444 2500
4445 2500
4446 2500
4447 2500
4448 2500
4449 2500
4450 2500
4451 2500
4452 2500
4453 2500
4454 2500
4455 2500
4456 2500
4457 2500
4458 2500
4459 2500
4460 2500
4461 2500
4462 2500
4463 2500
4464 2500
4465 2500
4466 2116
4467 2116
4468 2116
4469 2116
4470 2116
4471 2116
4472 2116
4473 2116
4474 2116
4475 2116
4476 1764
4477 1764
4478 1764
4479 1764
4480 1764
4481 1764
4482 1764
4483 1764
4484 1764
4485 1764
4486 1764
4487 2116
4488 2116
4489 2116
4490 2116
4491 2116
4492 2116
4493 2116
4494 2116
4495 2116
4496 2500
4497 2500
4498 2500
4499 2500
4500 2500
4501 2500
4502 2500
4503 2500
4504 2500
4505 2500
4506 2500
4507 2500
4508 2500
4509 2500
4510 2500
4511 2500
4512 2500
4513 2500
4514 2500
4515 2500
4516 2500
4517 2500
4518 2500
4519 2500
4520 2500
4521 2500
4522 2500
4523 2500
4524 2500
4525 2500
4526 2500
4527 2500
4528 2500
4529 2500
4530 2500
4531 2500
4532 2500
4533 2500
4534 2500
4535 2500
4536 2500
4537 2500
4538 2500
4539 2500
4540 2500
4541 2500
4542 2500
4543 2500
4544 2500
4545 2500
4546 2500
4547 2500
4548 2500
4549 2500
4550 2500
4551 2500
4552 2500
4553 2500
4554 2500
4555 2500
4556 2500
4557 2500
4558 2500
4559 2500
4560 2500
4561 2500
4562 2500
4563 2116
4564 2500
4565 2500
4566 2500
4567 2500
4568 2500
4569 2500
4570 2500
4571 2500
4572 2500
4573 2500
4574 2500
4575 2500
4576 2500
4577 2500
4578 2500
4579 2500
4580 2500
4581 2500
4582 2500
4583 2500
4584 2500
4585 2500
4586 2500
4587 2500
4588 2500
4589 2500
4590 2500
4591 2500
4592 2116
4593 2500
4594 2500
4595 2500
4596 2500
4597 2500
4598 2500
4599 2500
4600 2500
4601 2500
4602 2500
4603 2500
4604 2500
4605 2500
4606 2500
4607 2500
4608 2500
4609 2500
4610 2500
4611 2500
4612 2500
4613 2500
4614 2500
4615 2500
4616 2500
4617 2500
4618 2500
4619 2500
4620 2500
4621 2500
4622 2500
4623 2500
4624 2500
4625 2500
4626 2500
4627 2500
4628 2500
4629 2500
4630 2500
4631 2500
4632 2500
4633 2500
4634 2500
4635 2500
4636 2500
4637 2500
4638 2500
4639 2500
4640 2500
4641 2500
4642 2500
4643 2500
4644 2500
4645 2500
4646 2500
4647 2500
4648 2500
4649 2500
4650 2500
4651 2500
4652 2500
4653 2500
4654 2500
4655 2500
4656 2500
4657 2500
4658 2500
4659 2500
4660 2500
4661 2500
4662 2500
4663 2500
4664 2500
4665 2500
4666 2500
4667 2500
4668 2500
4669 2500
4670 2500
4671 2500
4672 2500
4673 2500
4674 2500
4675 2500
4676 2500
4677 2500
4678 2500
4679 2500
4680 2500
4681 2500
4682 2500
4683 2500
4684 2500
4685 2500
4686 2500
4687 2500
4688 2500
4689 2500
4690 2500
4691 2500
4692 2500
4693 2500
4694 2500
4695 2500
4696 2500
4697 2500
4698 2500
4699 2500
4700 2500
4701 2500
4702 2500
4703 2500
4704 2500
4705 2500
4706 2500
4707 2500
4708 2500
4709 2500
4710 2500
4711 2500
4712 2500
4713 2500
4714 2500
4715 2500
4716 2500
4717 2500
4718 2500
4719 2500
4720 2500
4721 2500
4722 2500
4723 2500
4724 2500
4725 2500
4726 2500
4727 2500
4728 2500
4729 2500
4730 2500
4731 2500
4732 2500
4733 2500
4734 2500
4735 2500
4736 2500
4737 2500
4738 2500
4739 2500
4740 2500
4741 2500
4742 2500
4743 2500
4744 2500
4745 2500
4746 2500
4747 2500
4748 2500
4749 2500
4750 2500
4751 2500
4752 2500
4753 2500
4754 2500
4755 2500
4756 2500
4757 2500
4758 2500
4759 2500
4760 2500
4761 2500
4762 2500
4763 2500
4764 2500
4765 2500
4766 2500
4767 2500
4768 2500
4769 2500
4770 2500
4771 2500
4772 2500
4773 2500
4774 2500
4775 2500
4776 2500
4777 2500
4778 2500
4779 2500
4780 2500
4781 2500
4782 2500
4783 2500
4784 2500
4785 2500
4786 2500
4787 2500
4788 2500
4789 2500
4790 2500
4791 2500
4792 2500
4793 2500
4794 2500
4795 2500
4796 2500
4797 2500
4798 2500
4799 2500
4800 2500
4801 2500
4802 2500
4803 2500
4804 2500
4805 2500
4806 2500
4807 2500
4808 2500
4809 2500
4810 2500
4811 2500
4812 2500
4813 2500
4814 2500
4815 2500
4816 2500
4817 2500
4818 2500
4819 2500
4820 2500
4821 2500
4822 2500
4823 2500
4824 2500
4825 2500
4826 2500
4827 2500
4828 2500
4829 2500
4830 2500
4831 2500
4832 2500
4833 2500
4834 2500
4835 2500
4836 2500
4837 2500
4838 2500
4839 2500
4840 2500
4841 2500
4842 2500
4843 2500
4844 2500
4845 2500
4846 2500
4847 2500
4848 2500
4849 2500
4850 2500
4851 2500
4852 2500
4853 2500
4854 2500
4855 2500
4856 2500
4857 2500
4858 2500
4859 2500
4860 2500
4861 2500
4862 2500
4863 2500
4864 2500
4865 2500
4866 2500
4867 2500
4868 2500
4869 2500
4870 2500
4871 2500
4872 2500
4873 2500
4874 2500
4875 2500
4876 2500
4877 2500
4878 2500
4879 2500
4880 2500
4881 2500
4882 2500
4883 2500
4884 2500
4885 2500
4886 2500
4887 2500
4888 2500
4889 2500
4890 2500
4891 2500
4892 2500
4893 2500
4894 2500
4895 2500
4896 2500
4897 2500
4898 2500
4899 2500
4900 2500
4901 2500
4902 2500
4903 2116
4904 2500
4905 2500
4906 2500
4907 2500
4908 2500
4909 2500
4910 2500
4911 2500
4912 2500
4913 2500
4914 2500
4915 2500
4916 2500
4917 2500
4918 2500
4919 2500
4920 2500
4921 2500
4922 2500
4923 2500
4924 2500
4925 2500
4926 2500
4927 2500
4928 2500
4929 2500
4930 2500
4931 2500
4932 2500
4933 2500
4934 2500
4935 2500
4936 2500
4937 2500
4938 2500
4939 2500
4940 2500
4941 2500
4942 2500
4943 2500
4944 2500
4945 2500
4946 2500
4947 2500
4948 2500
4949 2500
4950 2500
4951 2500
4952 2500
4953 2500
4954 2500
4955 2500
4956 2500
4957 2500
4958 2500
4959 2500
4960 2500
4961 2500
4962 2500
4963 2500
4964 2500
4965 2500
4966 2500
4967 2500
4968 2500
4969 2500
4970 2500
4971 2500
4972 2500
4973 2500
4974 2500
4975 2500
4976 2500
4977 2500
4978 2500
4979 2500
4980 2500
4981 2500
4982 2116
4983 2116
4984 2116
4985 2500
4986 2500
4987 2500
4988 2500
4989 2500
4990 2500
4991 2500
4992 2500
4993 2500
4994 2500
4995 2500
4996 2500
4997 2500
4998 2500
4999 2500
5000 2500
