1 0
2 16
3 16
4 144
5 256
6 256
7 144
8 64
9 36
10 36
11 100
12 324
13 324
14 324
15 324
16 484
17 324
18 400
19 400
20 400
21 256
22 324
23 324
24 256
25 256
26 196
27 144
28 100
29 100
30 64
31 64
32 64
33 196
34 256
35 324
36 324
37 324
38 400
39 484
40 484
41 400
42 484
43 484
44 784
45 784
46 576
47 484
48 484
49 576
50 784
51 784
52 784
53 784
54 1024
55 1156
56 1024
57 1024
58 900
59 784
60 1156
61 1156
62 1156
63 1024
64 900
65 900
66 1156
67 1156
68 1024
69 1156
70 1156
71 1156
72 900
73 784
74 784
75 900
76 784
77 900
78 900
79 1156
80 784
81 1296
82 1156
83 1024
84 1024
85 1024
86 784
87 784
88 784
89 784
90 1024
91 1024
92 1024
93 784
94 900
95 784
96 784
97 784
98 676
99 484
100 484
101 400
102 400
103 484
104 400
105 400
106 484
107 324
108 400
109 324
110 400
111 484
112 484
113 900
114 784
115 900
116 784
117 576
118 484
119 324
120 256
121 196
122 400
123 400
124 400
125 324
126 400
127 324
128 256
129 256
130 256
131 100
132 64
133 36
134 36
135 0
136 4
137 4
138 4
139 64
140 64
141 16
142 64
143 64
144 64
145 64
146 16
147 64
148 4
149 16
150 16
151 4
152 0
153 4
154 0
155 4
156 36
157 16
158 4
159 4
160 4
161 64
162 36
163 100
164 144
165 144
166 324
167 256
168 144
169 144
170 144
171 256
172 256
173 256
174 144
175 196
176 256
177 196
178 196
179 324
180 256
181 144
182 100
183 144
184 36
185 16
186 16
187 100
188 64
189 100
190 100
191 144
192 256
193 144
194 196
195 144
196 256
197 256
198 196
199 196
200 36
201 100
202 64
203 36
204 100
205 100
206 256
207 256
208 196
209 196
210 400
211 400
212 676
213 784
214 900
215 1024
216 784
217 676
218 676
219 784
220 484
221 484
222 256
223 400
224 484
225 484
226 484
227 400
228 400
229 576
230 484
231 1156
232 676
233 676
234 900
235 676
236 784
237 1024
238 784
239 484
240 576
241 400
242 400
243 400
244 324
245 484
246 676
247 576
248 784
249 784
250 900
251 676
252 900
253 1024
254 1156
255 1024
256 784
257 900
258 784
259 676
260 484
261 676
262 676
263 576
264 484
265 576
266 484
267 676
268 576
269 484
270 676
271 784
272 784
273 676
274 576
275 676
276 576
277 676
278 676
279 900
280 676
281 576
282 576
283 324
284 484
285 324
286 324
287 256
288 256
289 324
290 256
291 484
292 576
293 576
294 324
295 256
296 324
297 576
298 576
299 484
300 324
301 324
302 196
303 144
304 196
305 256
306 256
307 256
308 324
309 324
310 324
311 324
312 400
313 324
314 256
315 196
316 324
317 256
318 400
319 400
320 484
321 576
322 576
323 676
324 576
325 400
326 400
327 400
328 324
329 256
330 324
331 324
332 256
333 196
334 324
335 256
336 256
337 144
338 196
339 100
340 100
341 196
342 196
343 256
344 400
345 324
346 144
347 64
348 196
349 324
350 196
351 400
352 256
353 196
354 100
355 144
356 16
357 64
358 100
359 36
360 64
361 100
362 144
363 100
364 144
365 256
366 196
367 144
368 196
369 324
370 256
371 196
372 144
373 144
374 196
375 196
376 144
377 36
378 16
379 16
380 4
381 4
382 4
383 4
384 0
385 4
386 4
387 16
388 16
389 36
390 4
391 4
392 4
393 4
394 4
395 0
396 16
397 100
398 144
399 144
400 64
401 100
402 64
403 100
404 196
405 324
406 256
407 100
408 36
409 64
410 64
411 144
412 100
413 256
414 256
415 256
416 256
417 324
418 400
419 324
420 324
421 324
422 324
423 400
424 256
425 256
426 256
427 324
428 324
429 324
430 324
431 144
432 100
433 64
434 64
435 36
436 64
437 16
438 36
439 64
440 16
441 4
442 64
443 144
444 144
445 16
446 16
447 16
448 36
449 100
450 64
451 36
452 100
453 100
454 100
455 144
456 144
457 256
458 196
459 256
460 196
461 100
462 100
463 100
464 100
465 144
466 196
467 100
468 256
469 256
470 256
471 400
472 484
473 484
474 576
475 676
476 784
477 900
478 676
479 576
480 576
481 484
482 484
483 484
484 676
485 784
486 784
487 900
488 1024
489 900
490 900
491 1024
492 1156
493 1156
494 1156
495 900
496 900
497 784
498 676
499 676
500 1024
501 1024
502 900
503 1296
504 1296
505 1156
506 1296
507 1024
508 1296
509 1156
510 1296
511 1156
512 1024
513 1296
514 1024
515 1156
516 1156
517 1296
518 1296
519 1444
520 1600
521 1764
522 1936
523 1764
524 1764
525 1444
526 1156
527 1024
528 1024
529 1296
530 1156
531 784
532 676
533 576
534 784
535 784
536 1156
537 1024
538 1444
539 1296
540 1444
541 1600
542 1764
543 1600
544 1600
545 1600
546 1936
547 2304
548 2500
549 2500
550 2500
551 2500
552 2500
553 2500
554 2500
555 2500
556 2500
557 2500
558 2500
559 2500
560 2500
561 2500
562 2500
563 2500
564 2500
565 2500
566 2500
567 2500
568 2500
569 2500
570 2500
571 2500
572 2500
573 2500
574 2500
575 2500
576 2500
577 2500
578 2500
579 2500
580 2500
581 2500
582 2500
583 2500
584 2500
585 2500
586 2500
587 2500
588 2500
589 2500
590 2500
591 2500
592 2500
593 2500
594 2500
595 2500
596 2500
597 2500
598 2500
599 2500
600 2500
601 2500
602 2500
603 2500
604 2500
605 2500
606 2500
607 2500
608 2500
609 2500
610 2500
611 2500
612 2500
613 2500
614 2500
615 2500
616 2500
617 2500
618 2500
619 2500
620 2500
621 2500
622 2500
623 2500
624 2500
625 2500
626 2500
627 2500
628 2500
629 2500
630 2500
631 2500
632 2500
633 2500
634 2500
635 2500
636 2500
637 2500
638 2500
639 2500
640 2500
641 2500
642 2500
643 2500
644 2500
645 2500
646 2500
647 2500
648 2500
649 2500
650 2500
651 2500
652 2500
653 2500
654 2500
655 2500
656 2500
657 2500
658 2500
659 2500
660 2500
661 2500
662 2500
663 2500
664 2500
665 2500
666 2500
667 2500
668 2500
669 2500
670 2500
671 2500
672 2500
673 2500
674 2116
675 2116
676 2116
677 2500
678 2500
679 2500
680 2500
681 2500
682 2500
683 2500
684 2500
685 2500
686 2500
687 2500
688 2500
689 2500
690 2500
691 2500
692 2500
693 2500
694 2500
695 2500
696 2500
697 2500
698 2500
699 2500
700 2500
701 2500
702 2500
703 2500
704 2500
705 2500
706 2500
707 2500
708 2500
709 2500
710 2500
711 2500
712 2500
713 2304
714 2304
715 2304
716 1936
717 1764
718 1764
719 1764
720 1764
721 2116
722 2500
723 2500
724 2500
725 2500
726 2500
727 2500
728 2500
729 2500
730 2500
731 2500
732 2500
733 2500
734 2500
735 2500
736 2500
737 2500
738 2500
739 2500
740 2500
741 2500
742 2500
743 2500
744 2500
745 2500
746 2500
747 2500
748 2500
749 2500
750 2500
751 2500
752 2500
753 2500
754 2500
755 2500
756 2500
757 2500
758 2500
759 2500
760 2500
761 2500
762 2500
763 2500
764 2500
765 2500
766 2500
767 2500
768 2500
769 2500
770 2500
771 2500
772 2500
773 2500
774 2500
775 2500
776 2500
777 2500
778 2500
779 2500
780 2500
781 2500
782 2500
783 2500
784 2500
785 2500
786 2500
787 2500
788 2500
789 2500
790 2500
791 2500
792 2500
793 2500
794 2500
795 2500
796 2500
797 2500
798 2500
799 2500
800 2500
801 2500
802 2500
803 2500
804 2500
805 2500
806 2500
807 2500
808 2500
809 2500
810 2500
811 2500
812 2500
813 2500
814 2500
815 2500
816 2500
817 2500
818 2500
819 2500
820 2500
821 2500
822 2500
823 2500
824 2500
825 2500
826 2500
827 2500
828 2500
829 2500
830 2500
831 2500
832 2500
833 2500
834 2500
835 2500
836 2500
837 2500
838 2500
839 2500
840 2500
841 2500
842 2500
843 2500
844 2500
845 2500
846 2500
847 2500
848 2500
849 2500
850 2500
851 2500
852 2500
853 2500
854 2500
855 2500
856 2500
857 2500
858 2500
859 2500
860 2500
861 2500
862 2500
863 2500
864 2500
865 2500
866 2500
867 2116
868 2304
869 2116
870 2500
871 2500
872 2500
873 2500
874 2500
875 2500
876 2500
877 2500
878 2500
879 2500
880 2500
881 2500
882 2500
883 2500
884 2500
885 2500
886 2500
887 2500
888 2500
889 2500
890 2500
891 2500
892 2500
893 2500
894 2500
895 2500
896 2500
897 2500
898 2500
899 2500
900 2500
901 2500
902 2500
903 2500
904 2500
905 2500
906 2500
907 2500
908 2500
909 2500
910 2500
911 2500
912 2500
913 2500
914 2304
915 1764
916 1936
917 2116
918 2116
919 2116
920 2304
921 2500
922 2500
923 2116
924 2116
925 2116
926 2304
927 2116
928 2304
929 2500
930 2500
931 2500
932 2500
933 2500
934 2500
935 2500
936 2500
937 2500
938 2500
939 2500
940 2500
941 2500
942 2500
943 2500
944 2500
945 2500
946 2500
947 2500
948 2500
949 2500
950 2500
951 2500
952 2500
953 2500
954 2500
955 2500
956 2500
957 2500
958 2500
959 2500
960 2500
961 2500
962 2500
963 2500
964 2500
965 2500
966 2500
967 2500
968 2500
969 2500
970 2500
971 2500
972 2500
973 2500
974 2500
975 2500
976 2500
977 2500
978 2500
979 2500
980 2500
981 2500
982 2500
983 2500
984 2500
985 2500
986 2500
987 2500
988 2500
989 2500
990 2500
991 2500
992 2500
993 2500
994 2500
995 2500
996 2500
997 2500
998 2500
999 2500
1000 2500
1001 2500
1002 2500
1003 2500
1004 2500
1005 2500
1006 2500
1007 2500
1008 2500
1009 2500
1010 2500
1011 2500
1012 2500
1013 2500
1014 2500
1015 2500
1016 2500
1017 2500
1018 2500
1019 2500
1020 2500
1021 2500
1022 2500
1023 2500
1024 2500
1025 2500
1026 2500
1027 2500
1028 2500
1029 2500
1030 2500
1031 2500
1032 2500
1033 2500
1034 2500
1035 2500
1036 2500
1037 2500
1038 2500
1039 2500
1040 2500
1041 2500
1042 2500
1043 2500
1044 2500
1045 2500
1046 2500
1047 2500
1048 2500
1049 2500
1050 2500
1051 2500
1052 2500
1053 2500
1054 2500
1055 2500
1056 2304
1057 2304
1058 2500
1059 2500
1060 2500
1061 2500
1062 2500
1063 2500
1064 2500
1065 2500
1066 2500
1067 2500
1068 2500
1069 2500
1070 2500
1071 2500
1072 2500
1073 2500
1074 2500
1075 2500
1076 2500
1077 2500
1078 2500
1079 2500
1080 2500
1081 2500
1082 2500
1083 2500
1084 2500
1085 2500
1086 2500
1087 2500
1088 2500
1089 2500
1090 2500
1091 2500
1092 2500
1093 2500
1094 2500
1095 2500
1096 2500
1097 2500
1098 2500
1099 2500
1100 2500
1101 2500
1102 2500
1103 2500
1104 2500
1105 2500
1106 2500
1107 2500
1108 2500
1109 2500
1110 2500
1111 2500
1112 2500
1113 2500
1114 2500
1115 2500
1116 2500
1117 2500
1118 2500
1119 2500
1120 2500
1121 2500
1122 2500
1123 2500
1124 2500
1125 2500
1126 2500
1127 2500
1128 2500
1129 2500
1130 2500
1131 2500
1132 2500
1133 2500
1134 2500
1135 2500
1136 2500
1137 2500
1138 2500
1139 2500
1140 2500
1141 2500
1142 2500
1143 2500
1144 2500
1145 2500
1146 2500
1147 2500
1148 2500
1149 2500
1150 2500
1151 2500
1152 2500
1153 2500
1154 2500
1155 2500
1156 2500
1157 2500
1158 2500
1159 2500
1160 2500
1161 2500
1162 2500
1163 2500
1164 2500
1165 2500
1166 2500
1167 2500
1168 2500
1169 2500
1170 2500
1171 2500
1172 2500
1173 2500
1174 2500
1175 2500
1176 2500
1177 2500
1178 2500
1179 2500
1180 2500
1181 2500
1182 2500
1183 2500
1184 2500
1185 2500
1186 2500
1187 2500
1188 2500
1189 2500
1190 2500
1191 2500
1192 2500
1193 2500
1194 2500
1195 2500
1196 2500
1197 2500
1198 2500
1199 2500
1200 2500
1201 2500
1202 2500
1203 2500
1204 2500
1205 2500
1206 2500
1207 2500
1208 2500
1209 2500
1210 2500
1211 2500
1212 2500
1213 2500
1214 2500
1215 2500
1216 2500
1217 2500
1218 2500
1219 2500
1220 2500
1221 2500
1222 2500
1223 2500
1224 2500
1225 2500
1226 2500
1227 2500
1228 2500
1229 2500
1230 2500
1231 2500
1232 2500
1233 2500
1234 2500
1235 2500
1236 2500
1237 2500
1238 2500
1239 2500
1240 2500
1241 2304
1242 2500
1243 2500
1244 2500
1245 2500
1246 2500
1247 2500
1248 2500
1249 2500
1250 2500
1251 2500
1252 2500
1253 2500
1254 2500
1255 2500
1256 2500
1257 2500
1258 2500
1259 2500
1260 2500
1261 2500
1262 2500
1263 2500
1264 2500
1265 2500
1266 2500
1267 2500
1268 2500
1269 2500
1270 2500
1271 2500
1272 2500
1273 2500
1274 2500
1275 2500
1276 1936
1277 1936
1278 1936
1279 1764
1280 1936
1281 2116
1282 2304
1283 2500
1284 2500
1285 2500
1286 2500
1287 2500
1288 2500
1289 2500
1290 2500
1291 2500
1292 2500
1293 2500
1294 2500
1295 2500
1296 2500
1297 2500
1298 2500
1299 2500
1300 2500
1301 2500
1302 2500
1303 2500
1304 2500
1305 2500
1306 2500
1307 2500
1308 2500
1309 2500
1310 2500
1311 2500
1312 2500
1313 2500
1314 2500
1315 2500
1316 2500
1317 2500
1318 2500
1319 2500
1320 2500
1321 2500
1322 2500
1323 2500
1324 2500
1325 2500
1326 2500
1327 2500
1328 2500
1329 2500
1330 2500
1331 2500
1332 2500
1333 2500
1334 2500
1335 2500
1336 2500
1337 2500
1338 2500
1339 2500
1340 2500
1341 2500
1342 2500
1343 2500
1344 2500
1345 2500
1346 2500
1347 2500
1348 2500
1349 2500
1350 2500
1351 2500
1352 2500
1353 2500
1354 2500
1355 2500
1356 2500
1357 2500
1358 2500
1359 2500
1360 2500
1361 2500
1362 2500
1363 2500
1364 2500
1365 2500
1366 1936
1367 1936
1368 1764
1369 1764
1370 1936
1371 1936
1372 2116
1373 2116
1374 2116
1375 2500
1376 2500
1377 2500
1378 2500
1379 2500
1380 2500
1381 2500
1382 2500
1383 2500
1384 2500
1385 2500
1386 2500
1387 2500
1388 2500
1389 2500
1390 2500
1391 2500
1392 2500
1393 2500
1394 2500
1395 2500
1396 2500
1397 2500
1398 2500
1399 2500
1400 2500
1401 2500
1402 2500
1403 2500
1404 2500
1405 2500
1406 2500
1407 2500
1408 2500
1409 2500
1410 2500
1411 2500
1412 2500
1413 2500
1414 2500
1415 2500
1416 2500
1417 2500
1418 2500
1419 2500
1420 2500
1421 2500
1422 2500
1423 2500
1424 2500
1425 2500
1426 2500
1427 2500
1428 2500
1429 2500
1430 2500
1431 2500
1432 2500
1433 2500
1434 2500
1435 2500
1436 2500
1437 2500
1438 2500
1439 2500
1440 2500
1441 2500
1442 2500
1443 2500
1444 2500
1445 2500
1446 2500
1447 2500
1448 2500
1449 2500
1450 2500
1451 2116
1452 2116
1453 2116
1454 2116
1455 2116
1456 2304
1457 2116
1458 2116
1459 2500
1460 2500
1461 2500
1462 2500
1463 2500
1464 2500
1465 2500
1466 2500
1467 2500
1468 2500
1469 2500
1470 2500
1471 2500
1472 2500
1473 2500
1474 2500
1475 2500
1476 2500
1477 2500
1478 2500
1479 2500
1480 2500
1481 2500
1482 2500
1483 2500
1484 2500
1485 2500
1486 2500
1487 2500
1488 2500
1489 2500
1490 2500
1491 2500
1492 2500
1493 2500
1494 2500
1495 2500
1496 2500
1497 2500
1498 2500
1499 2500
1500 2500
1501 2500
1502 2500
1503 2500
1504 2500
1505 2500
1506 2500
1507 2500
1508 2500
1509 2500
1510 2304
1511 2116
1512 2500
1513 2500
1514 2500
1515 2500
1516 2500
1517 2500
1518 2500
1519 2500
1520 2500
1521 2500
1522 2500
1523 2500
1524 2500
1525 2500
1526 2500
1527 2500
1528 2500
1529 2500
1530 2500
1531 2500
1532 2500
1533 2500
1534 2500
1535 2500
1536 2500
1537 2500
1538 2500
1539 2500
1540 2500
1541 2500
1542 2500
1543 2500
1544 2500
1545 2500
1546 2500
1547 2500
1548 2500
1549 2500
1550 2500
1551 2500
1552 2500
1553 2500
1554 2500
1555 2500
1556 2500
1557 2500
1558 2500
1559 2500
1560 2500
1561 2500
1562 2500
1563 2500
1564 2500
1565 2500
1566 2500
1567 2500
1568 2500
1569 2500
1570 2304
1571 2500
1572 2500
1573 2500
1574 2500
1575 2500
1576 2500
1577 2500
1578 2500
1579 2500
1580 2500
1581 2500
1582 2500
1583 2500
1584 2500
1585 2500
1586 2500
1587 2500
1588 2500
1589 2500
1590 2500
1591 2500
1592 2500
1593 2500
1594 2304
1595 2116
1596 2304
1597 2500
1598 2500
1599 2500
1600 2500
1601 2500
1602 2500
1603 2500
1604 2500
1605 2500
1606 2500
1607 2500
1608 2500
1609 2500
1610 2500
1611 2500
1612 2500
1613 2500
1614 2500
1615 2500
1616 2500
1617 2500
1618 2500
1619 2500
1620 2500
1621 2500
1622 2500
1623 2500
1624 2500
1625 2500
1626 2500
1627 2500
1628 2500
1629 2500
1630 2500
1631 2500
1632 2500
1633 2500
1634 2500
1635 2500
1636 2500
1637 2500
1638 2116
1639 2116
1640 2116
1641 2116
1642 2500
1643 2500
1644 2500
1645 2500
1646 2500
1647 2500
1648 2500
1649 2500
1650 2500
1651 2500
1652 2500
1653 2500
1654 2500
1655 2500
1656 2500
1657 2116
1658 1936
1659 1444
1660 1444
1661 1296
1662 1444
1663 1296
1664 1024
1665 1296
1666 1444
1667 1296
1668 1156
1669 1156
1670 1024
1671 1156
1672 1024
1673 1156
1674 1444
1675 1296
1676 1296
1677 1156
1678 676
1679 676
1680 1024
1681 1024
1682 900
1683 1024
1684 1024
1685 900
1686 784
1687 784
1688 784
1689 784
1690 900
1691 484
1692 484
1693 400
1694 400
1695 400
1696 324
1697 324
1698 256
1699 256
1700 100
1701 64
1702 36
1703 16
1704 100
1705 100
1706 64
1707 16
1708 16
1709 16
1710 16
1711 16
1712 0
1713 4
1714 4
1715 4
1716 16
1717 64
1718 196
1719 196
1720 196
1721 196
1722 196
1723 484
1724 324
1725 400
1726 324
1727 324
1728 676
1729 484
1730 576
1731 900
1732 484
1733 400
1734 400
1735 400
1736 324
1737 256
1738 400
1739 324
1740 256
1741 256
1742 256
1743 400
1744 484
1745 576
1746 484
1747 484
1748 400
1749 400
1750 484
1751 484
1752 400
1753 484
1754 676
1755 784
1756 676
1757 900
1758 900
1759 900
1760 1024
1761 900
1762 900
1763 576
1764 576
1765 324
1766 324
1767 324
1768 144
1769 100
1770 64
1771 196
1772 196
1773 196
1774 100
1775 100
1776 144
1777 144
1778 36
1779 36
1780 36
1781 100
1782 36
1783 4
1784 0
1785 36
1786 64
1787 100
1788 64
1789 64
1790 36
1791 144
1792 100
1793 144
1794 144
1795 144
1796 36
1797 36
1798 36
1799 4
1800 16
1801 4
1802 4
1803 0
1804 0
1805 16
1806 4
1807 4
1808 4
1809 16
1810 4
1811 36
1812 64
1813 64
1814 100
1815 144
1816 144
1817 196
1818 196
1819 256
1820 576
1821 576
1822 484
1823 576
1824 576
1825 576
1826 576
1827 576
1828 576
1829 400
1830 400
1831 196
1832 196
1833 144
1834 196
1835 676
1836 676
1837 784
1838 784
1839 900
1840 900
1841 784
1842 784
1843 676
1844 576
1845 484
1846 484
1847 484
1848 256
1849 196
1850 144
1851 16
1852 64
1853 64
1854 36
1855 100
1856 100
1857 144
1858 196
1859 256
1860 324
1861 256
1862 196
1863 196
1864 144
1865 196
1866 256
1867 324
1868 256
1869 196
1870 100
1871 36
1872 100
1873 100
1874 196
1875 144
1876 196
1877 196
1878 324
1879 400
1880 400
1881 484
1882 576
1883 484
1884 484
1885 676
1886 484
1887 324
1888 324
1889 196
1890 400
1891 676
1892 784
1893 576
1894 484
1895 676
1896 784
1897 900
1898 1024
1899 900
1900 784
1901 1296
1902 1296
1903 1764
1904 1764
1905 1600
1906 1764
1907 1296
1908 1296
1909 1156
1910 1296
1911 1444
1912 1296
1913 1600
1914 1936
1915 1600
1916 1600
1917 1444
1918 1444
1919 1444
1920 1444
1921 1156
1922 900
1923 900
1924 676
1925 676
1926 484
1927 324
1928 256
1929 256
1930 144
1931 196
1932 256
1933 256
1934 144
1935 36
1936 196
1937 196
1938 256
1939 256
1940 324
1941 256
1942 400
1943 400
1944 324
1945 324
1946 484
1947 484
1948 676
1949 324
1950 196
1951 256
1952 196
1953 196
1954 100
1955 64
1956 144
1957 144
1958 64
1959 36
1960 64
1961 144
1962 256
1963 256
1964 400
1965 400
1966 484
1967 400
1968 400
1969 256
1970 144
1971 144
1972 196
1973 196
1974 256
1975 144
1976 144
1977 144
1978 100
1979 100
1980 64
1981 100
1982 100
1983 36
1984 4
1985 16
1986 4
1987 4
1988 4
1989 36
1990 100
1991 100
1992 64
1993 196
1994 196
1995 324
1996 484
1997 400
1998 784
1999 400
2000 400
2001 324
2002 324
2003 324
2004 400
2005 484
2006 484
2007 400
2008 256
2009 144
2010 256
2011 324
2012 400
2013 256
2014 100
2015 16
2016 16
2017 0
2018 4
2019 0
2020 4
2021 4
2022 16
2023 4
2024 4
2025 0
2026 0
2027 36
2028 100
2029 64
2030 64
2031 64
2032 64
2033 64
2034 100
2035 36
2036 16
2037 100
2038 100
2039 64
2040 144
2041 196
2042 196
2043 256
2044 196
2045 400
2046 400
2047 324
2048 400
2049 400
2050 484
2051 400
2052 576
2053 784
2054 900
2055 676
2056 676
2057 676
2058 676
2059 484
2060 324
2061 324
2062 324
2063 400
2064 400
2065 324
2066 256
2067 324
2068 256
2069 196
2070 256
2071 256
2072 144
2073 196
2074 144
2075 144
2076 144
2077 64
2078 196
2079 100
2080 100
2081 196
2082 100
2083 100
2084 64
2085 36
2086 36
2087 36
2088 36
2089 36
2090 16
2091 36
2092 16
2093 4
2094 4
2095 4
2096 4
2097 16
2098 16
2099 16
2100 16
2101 16
2102 64
2103 36
2104 100
2105 144
2106 144
2107 16
2108 0
2109 4
2110 16
2111 16
2112 36
2113 36
2114 16
2115 4
2116 0
2117 16
2118 36
2119 36
2120 36
2121 64
2122 36
2123 64
2124 100
2125 64
2126 64
2127 100
2128 256
2129 100
2130 16
2131 16
2132 36
2133 144
2134 144
2135 64
2136 64
2137 64
2138 64
2139 144
2140 144
2141 64
2142 64
2143 16
2144 16
2145 16
2146 16
2147 16
2148 4
2149 36
2150 16
2151 64
2152 100
2153 64
2154 36
2155 64
2156 16
2157 0
2158 0
2159 4
2160 16
2161 4
2162 16
2163 4
2164 0
2165 16
2166 16
2167 16
2168 4
2169 0
2170 0
2171 36
2172 36
2173 16
2174 4
2175 4
2176 4
2177 0
2178 16
2179 4
2180 0
2181 16
2182 36
2183 36
2184 36
2185 36
2186 64
2187 36
2188 0
2189 16
2190 64
2191 36
2192 0
2193 4
2194 0
2195 36
2196 100
2197 64
2198 36
2199 16
2200 36
2201 36
2202 64
2203 144
2204 196
2205 144
2206 100
2207 100
2208 64
2209 196
2210 196
2211 324
2212 196
2213 144
2214 256
2215 196
2216 400
2217 576
2218 784
2219 900
2220 676
2221 676
2222 576
2223 676
2224 400
2225 324
2226 484
2227 676
2228 784
2229 784
2230 784
2231 676
2232 400
2233 576
2234 676
2235 1024
2236 1024
2237 1156
2238 1444
2239 1764
2240 1936
2241 1936
2242 1936
2243 2116
2244 2116
2245 2116
2246 2116
2247 2304
2248 2500
2249 2500
2250 2500
2251 2500
2252 2500
2253 2500
2254 2500
2255 2500
2256 2500
2257 2500
2258 2500
2259 2500
2260 2500
2261 2500
2262 2500
2263 2500
2264 2500
2265 2500
2266 2500
2267 2500
2268 2500
2269 2500
2270 2500
2271 2500
2272 2500
2273 2500
2274 2500
2275 2500
2276 2500
2277 2500
2278 2500
2279 2500
2280 2500
2281 2500
2282 2500
2283 2500
2284 2500
2285 2500
2286 2500
2287 2500
2288 2500
2289 2500
2290 2500
2291 2500
2292 2500
2293 2500
2294 2500
2295 2500
2296 2500
2297 2500
2298 2500
2299 2500
2300 2500
2301 2500
2302 2500
2303 2500
2304 2500
2305 2500
2306 2500
2307 2500
2308 2500
2309 2500
2310 2500
2311 2500
2312 2500
2313 2500
2314 2500
2315 2500
2316 2500
2317 2500
2318 2500
2319 2500
2320 2500
2321 2500
2322 2500
2323 2500
2324 2500
2325 2500
2326 2500
2327 2500
2328 2304
2329 2500
2330 2500
2331 2500
2332 2500
2333 2500
2334 2500
2335 2500
2336 2500
2337 2500
2338 2500
2339 2500
2340 2500
2341 2500
2342 2500
2343 2500
2344 2500
2345 2500
2346 2500
2347 2500
2348 2500
2349 2500
2350 2500
2351 2500
2352 2500
2353 2500
2354 2500
2355 2500
2356 2500
2357 2500
2358 2500
2359 2500
2360 2500
2361 2500
2362 2500
2363 2500
2364 2500
2365 2500
2366 2500
2367 2500
2368 2500
2369 2500
2370 2500
2371 2500
2372 2500
2373 2500
2374 2500
2375 2500
2376 2500
2377 2500
2378 2500
2379 2500
2380 2500
2381 2500
2382 2500
2383 2500
2384 2500
2385 2500
2386 2500
2387 2500
2388 2500
2389 2500
2390 2500
2391 2500
2392 2500
2393 2500
2394 2500
2395 2304
2396 2500
2397 2500
2398 2500
2399 2500
2400 2500
2401 2500
2402 2500
2403 2500
2404 2500
2405 2500
2406 2500
2407 2500
2408 2500
2409 2500
2410 2500
2411 2500
2412 2500
2413 2500
2414 2500
2415 2500
2416 2500
2417 2500
2418 2500
2419 2500
2420 2500
2421 2500
2422 2500
2423 2500
2424 2500
2425 2500
2426 2500
2427 2500
2428 2500
2429 2500
2430 2500
2431 2500
2432 2500
2433 2500
2434 2500
2435 2500
2436 2500
2437 2500
2438 2500
2439 2500
2440 2500
2441 2500
2442 2500
2443 2500
2444 2500
2445 2500
2446 2500
2447 2500
2448 2304
2449 2500
2450 2500
2451 2500
2452 2500
2453 2500
2454 2500
2455 2500
2456 2500
2457 2500
2458 2500
2459 2500
2460 2500
2461 2500
2462 2500
2463 2500
2464 2500
2465 2500
2466 2500
2467 2500
2468 2500
2469 2500
2470 2500
2471 2500
2472 2304
2473 2304
2474 2500
2475 2500
2476 2500
2477 2500
2478 2500
2479 2500
2480 2500
2481 2500
2482 2500
2483 2500
2484 2500
2485 2500
2486 2500
2487 2500
2488 2500
2489 2500
2490 2500
2491 2500
2492 2500
2493 2500
2494 2304
2495 2500
2496 2500
2497 2500
2498 2500
2499 2500
2500 2500
2501 2500
2502 2500
2503 2500
2504 2500
2505 2500
2506 2500
2507 2500
2508 2500
2509 2500
2510 2500
2511 2500
2512 2500
2513 2500
2514 2500
2515 2500
2516 2500
2517 2500
2518 2500
2519 2500
2520 2500
2521 2500
2522 2500
2523 2500
2524 2500
2525 2500
2526 2500
2527 2500
2528 2500
2529 2500
2530 2500
2531 2500
2532 2500
2533 2500
2534 2500
2535 2500
2536 2500
2537 2500
2538 2500
2539 2500
2540 2500
2541 2500
2542 2500
2543 2500
2544 2500
2545 2500
2546 2500
2547 2500
2548 2500
2549 2500
2550 2500
2551 2500
2552 2500
2553 2500
2554 2500
2555 2500
2556 2500
2557 2500
2558 2500
2559 2500
2560 2500
2561 2500
2562 2500
2563 2500
2564 2500
2565 2500
2566 2500
2567 2500
2568 2500
2569 2500
2570 2500
2571 2500
2572 2500
2573 2500
2574 2500
2575 2500
2576 2500
2577 2500
2578 2500
2579 2500
2580 2500
2581 2500
2582 2500
2583 2500
2584 2500
2585 2500
2586 2500
2587 2500
2588 2500
2589 2500
2590 2500
2591 2500
2592 2500
2593 2500
2594 2500
2595 2500
2596 2500
2597 2500
2598 2500
2599 2500
2600 2500
2601 2500
2602 2500
2603 2500
2604 2500
2605 2500
2606 2500
2607 2500
2608 2500
2609 2500
2610 2500
2611 2500
2612 2500
2613 2500
2614 2500
2615 2500
2616 2500
2617 2500
2618 2500
2619 2500
2620 2500
2621 2500
2622 2500
2623 2500
2624 2500
2625 2500
2626 2500
2627 2500
2628 2500
2629 2500
2630 2500
2631 2500
2632 2500
2633 2500
2634 2500
2635 2500
2636 2500
2637 2500
2638 2500
2639 2500
2640 2500
2641 2500
2642 2500
2643 2500
2644 2500
2645 2500
2646 2500
2647 2500
2648 2500
2649 2500
2650 2500
2651 2500
2652 2500
2653 2500
2654 2500
2655 2500
2656 2500
2657 2500
2658 2500
2659 2500
2660 2500
2661 2500
2662 2500
2663 2500
2664 2500
2665 2500
2666 2500
2667 2500
2668 2500
2669 2500
2670 2500
2671 2500
2672 2500
2673 2500
2674 2500
2675 2500
2676 2500
2677 2500
2678 2500
2679 2500
2680 2500
2681 2500
2682 2500
2683 2500
2684 2500
2685 2500
2686 2500
2687 2500
2688 2500
2689 2500
2690 2500
2691 2304
2692 2500
2693 2500
2694 2500
2695 2500
2696 2500
2697 2500
2698 2500
2699 2500
2700 2500
2701 2500
2702 2500
2703 2500
2704 2500
2705 2500
2706 2500
2707 2500
2708 2500
2709 2500
2710 2500
2711 2500
2712 2500
2713 2500
2714 2500
2715 2500
2716 2500
2717 2500
2718 2500
2719 2500
2720 2500
2721 2500
2722 2500
2723 2500
2724 2500
2725 2500
2726 2500
2727 2500
2728 2500
2729 2500
2730 2500
2731 2500
2732 2500
2733 2500
2734 2500
2735 2500
2736 2500
2737 2500
2738 2500
2739 2500
2740 2500
2741 2500
2742 2500
2743 2500
2744 2500
2745 2500
2746 2500
2747 2500
2748 2500
2749 2500
2750 2500
2751 2500
2752 2500
2753 2500
2754 2500
2755 2500
2756 2500
2757 2500
2758 2500
2759 2500
2760 2500
2761 2500
2762 2500
2763 2500
2764 2500
2765 2500
2766 2500
2767 2500
2768 2500
2769 2500
2770 2500
2771 2500
2772 2500
2773 2500
2774 2500
2775 2500
2776 2500
2777 2500
2778 2500
2779 2500
2780 2500
2781 2500
2782 2500
2783 2500
2784 2500
2785 2500
2786 2500
2787 2500
2788 2500
2789 2500
2790 2500
2791 2500
2792 2500
2793 2500
2794 2500
2795 2500
2796 2500
2797 2500
2798 2500
2799 2500
2800 2500
2801 2500
2802 2500
2803 2500
2804 2500
2805 2500
2806 2500
2807 2500
2808 2500
2809 2500
2810 2500
2811 2500
2812 2500
2813 2500
2814 2500
2815 2500
2816 2500
2817 2500
2818 2500
2819 2500
2820 2500
2821 2500
2822 2500
2823 2500
2824 2500
2825 2500
2826 2500
2827 2500
2828 2500
2829 2500
2830 2500
2831 2500
2832 2500
2833 2500
2834 2500
2835 2500
2836 2500
2837 2304
2838 2116
2839 2500
2840 2500
2841 2500
2842 2500
2843 2500
2844 2500
2845 2500
2846 2500
2847 2500
2848 2500
2849 2500
2850 2500
2851 2500
2852 2500
2853 2500
2854 2500
2855 2500
2856 2500
2857 2500
2858 2500
2859 2500
2860 2500
2861 2500
2862 2500
2863 2500
2864 2500
2865 2500
2866 2500
2867 2500
2868 2500
2869 2500
2870 2500
2871 2500
2872 2500
2873 2500
2874 2500
2875 2500
2876 2500
2877 2500
2878 2500
2879 2500
2880 2500
2881 2500
2882 2500
2883 2500
2884 2500
2885 2500
2886 2500
2887 2500
2888 2500
2889 2500
2890 2500
2891 2500
2892 2500
2893 2500
2894 2500
2895 2500
2896 2500
2897 2500
2898 2500
2899 2500
2900 2500
2901 2500
2902 2500
2903 2500
2904 2500
2905 2500
2906 2500
2907 2500
2908 2500
2909 2500
2910 2500
2911 2500
2912 2116
2913 2116
2914 2500
2915 2500
2916 2500
2917 2500
2918 2500
2919 2500
2920 2500
2921 2500
2922 2500
2923 2500
2924 2500
2925 2500
2926 2500
2927 2500
2928 2500
2929 2500
2930 2500
2931 2116
2932 2304
2933 2500
2934 2500
2935 2500
2936 2500
2937 2500
2938 2500
2939 2500
2940 2500
2941 2500
2942 2500
2943 2500
2944 2500
2945 2500
2946 2500
2947 2500
2948 2500
2949 2500
2950 2500
2951 2500
2952 2500
2953 2500
2954 2500
2955 2500
2956 2500
2957 2500
2958 2500
2959 2500
2960 2500
2961 2500
2962 2500
2963 2500
2964 2500
2965 2500
2966 2500
2967 2500
2968 2500
2969 2500
2970 2500
2971 2500
2972 2500
2973 2500
2974 2500
2975 2500
2976 2500
2977 2500
2978 2500
2979 2500
2980 2500
2981 2500
2982 2500
2983 2500
2984 2500
2985 2500
2986 2500
2987 2500
2988 2500
2989 2500
2990 2500
2991 2500
2992 2500
2993 2500
2994 2500
2995 2500
2996 2500
2997 2500
2998 2500
2999 2500
3000 2500
3001 2500
3002 2500
3003 2500
3004 2500
3005 2500
3006 2500
3007 2500
3008 2500
3009 2500
3010 2500
3011 2500
3012 2500
3013 2500
3014 2500
3015 2500
3016 2500
3017 2500
3018 2500
3019 2500
3020 2500
3021 2500
3022 2500
3023 2500
3024 2500
3025 2500
3026 2500
3027 2500
3028 2500
3029 2500
3030 2500
3031 2500
3032 2500
3033 2500
3034 2500
3035 2500
3036 2500
3037 2500
3038 2500
3039 2500
3040 2500
3041 2500
3042 2500
3043 2500
3044 2500
3045 2500
3046 2500
3047 2500
3048 2500
3049 2500
3050 2500
3051 2500
3052 2500
3053 2500
3054 2500
3055 2500
3056 2500
3057 2500
3058 2500
3059 2500
3060 2500
3061 2500
3062 2500
3063 2500
3064 2500
3065 2500
3066 2500
3067 2500
3068 2500
3069 2500
3070 2500
3071 2500
3072 2500
3073 2500
3074 2500
3075 2500
3076 2500
3077 2500
3078 2500
3079 2500
3080 2500
3081 2500
3082 2500
3083 2500
3084 2500
3085 2500
3086 2500
3087 2500
3088 2500
3089 2500
3090 2500
3091 2500
3092 2500
3093 2500
3094 2500
3095 2500
3096 2500
3097 2500
3098 2500
3099 2500
3100 2500
3101 2500
3102 2500
3103 2500
3104 2500
3105 2500
3106 2500
3107 2500
3108 2500
3109 2500
3110 2500
3111 2500
3112 2500
3113 2304
3114 2500
3115 2500
3116 2500
3117 2500
3118 2500
3119 2500
3120 2500
3121 2500
3122 2500
3123 2500
3124 2500
3125 2500
3126 2500
3127 2500
3128 2500
3129 2500
3130 2500
3131 2500
3132 2500
3133 2500
3134 2500
3135 2500
3136 2500
3137 2500
3138 2500
3139 2500
3140 2500
3141 2500
3142 2500
3143 2500
3144 2500
3145 2500
3146 2500
3147 2500
3148 2500
3149 2500
3150 2500
3151 2500
3152 2500
3153 2500
3154 2500
3155 2500
3156 2500
3157 2500
3158 2500
3159 2500
3160 2500
3161 2500
3162 2500
3163 2500
3164 2500
3165 2500
3166 2500
3167 2500
3168 2500
3169 2500
3170 2500
3171 2500
3172 2500
3173 2500
3174 2500
3175 2500
3176 2500
3177 2500
3178 2500
3179 2500
3180 2500
3181 2500
3182 2304
3183 1444
3184 1444
3185 1444
3186 1156
3187 1296
3188 1296
3189 1444
3190 1296
3191 1936
3192 1600
3193 1156
3194 900
3195 576
3196 484
3197 576
3198 576
3199 576
3200 676
3201 576
3202 676
3203 576
3204 576
3205 676
3206 576
3207 400
3208 484
3209 484
3210 784
3211 676
3212 484
3213 324
3214 256
3215 256
3216 196
3217 196
3218 324
3219 400
3220 196
3221 196
3222 256
3223 324
3224 324
3225 324
3226 324
3227 484
3228 324
3229 400
3230 400
3231 484
3232 484
3233 576
3234 576
3235 400
3236 484
3237 484
3238 576
3239 484
3240 484
3241 576
3242 576
3243 400
3244 324
3245 196
3246 256
3247 196
3248 256
3249 144
3250 36
3251 36
3252 100
3253 4
3254 16
3255 4
3256 4
3257 0
3258 16
3259 4
3260 4
3261 16
3262 64
3263 16
3264 64
3265 36
3266 36
3267 16
3268 4
3269 4
3270 4
3271 16
3272 36
3273 4
3274 36
3275 64
3276 144
3277 100
3278 324
3279 576
3280 676
3281 576
3282 576
3283 576
3284 400
3285 484
3286 576
3287 324
3288 256
3289 36
3290 36
3291 36
3292 36
3293 36
3294 36
3295 36
3296 100
3297 64
3298 16
3299 64
3300 36
3301 36
3302 144
3303 256
3304 400
3305 400
3306 324
3307 324
3308 400
3309 400
3310 576
3311 256
3312 196
3313 324
3314 484
3315 324
3316 324
3317 324
3318 256
3319 256
3320 196
3321 256
3322 196
3323 196
3324 100
3325 144
3326 144
3327 144
3328 144
3329 144
3330 144
3331 144
3332 196
3333 196
3334 196
3335 196
3336 100
3337 144
3338 196
3339 144
3340 144
3341 256
3342 324
3343 484
3344 400
3345 400
3346 400
3347 400
3348 324
3349 400
3350 676
3351 676
3352 676
3353 676
3354 576
3355 576
3356 484
3357 400
3358 324
3359 400
3360 484
3361 324
3362 400
3363 324
3364 196
3365 196
3366 144
3367 36
3368 36
3369 36
3370 64
3371 64
3372 64
3373 36
3374 144
3375 196
3376 144
3377 196
3378 256
3379 144
3380 36
3381 0
3382 0
3383 0
3384 4
3385 4
3386 16
3387 0
3388 0
3389 36
3390 4
3391 0
3392 16
3393 36
3394 4
3395 4
3396 4
3397 16
3398 16
3399 4
3400 4
3401 4
3402 4
3403 4
3404 4
3405 16
3406 36
3407 16
3408 36
3409 16
3410 16
3411 4
3412 36
3413 64
3414 36
3415 16
3416 64
3417 36
3418 100
3419 64
3420 196
3421 256
3422 256
3423 400
3424 400
3425 196
3426 256
3427 400
3428 324
3429 400
3430 484
3431 484
3432 400
3433 484
3434 484
3435 576
3436 676
3437 576
3438 576
3439 576
3440 324
3441 400
3442 256
3443 324
3444 484
3445 576
3446 784
3447 784
3448 784
3449 576
3450 400
3451 324
3452 400
3453 576
3454 784
3455 784
3456 676
3457 400
3458 400
3459 484
3460 784
3461 400
3462 324
3463 196
3464 484
3465 484
3466 400
3467 400
3468 576
3469 484
3470 576
3471 676
3472 576
3473 676
3474 900
3475 1024
3476 1024
3477 1024
3478 1444
3479 1600
3480 1156
3481 1024
3482 784
3483 784
3484 676
3485 256
3486 400
3487 324
3488 484
3489 484
3490 400
3491 784
3492 900
3493 900
3494 784
3495 784
3496 676
3497 784
3498 784
3499 900
3500 676
3501 676
3502 1024
3503 1024
3504 900
3505 784
3506 400
3507 400
3508 484
3509 400
3510 576
3511 784
3512 784
3513 900
3514 1444
3515 1444
3516 1156
3517 1024
3518 900
3519 784
3520 576
3521 400
3522 400
3523 256
3524 256
3525 196
3526 196
3527 196
3528 196
3529 324
3530 256
3531 196
3532 100
3533 100
3534 36
3535 16
3536 64
3537 16
3538 0
3539 36
3540 16
3541 16
3542 4
3543 0
3544 4
3545 4
3546 16
3547 4
3548 16
3549 0
3550 64
3551 100
3552 196
3553 256
3554 256
3555 400
3556 400
3557 196
3558 144
3559 144
3560 144
3561 256
3562 324
3563 256
3564 256
3565 100
3566 144
3567 144
3568 196
3569 100
3570 196
3571 196
3572 256
3573 196
3574 196
3575 196
3576 256
3577 256
3578 324
3579 324
3580 324
3581 256
3582 484
3583 676
3584 576
3585 576
3586 576
3587 784
3588 900
3589 1024
3590 1156
3591 676
3592 576
3593 576
3594 484
3595 400
3596 484
3597 484
3598 484
3599 400
3600 400
3601 484
3602 576
3603 256
3604 196
3605 100
3606 144
3607 196
3608 100
3609 144
3610 100
3611 64
3612 36
3613 16
3614 36
3615 36
3616 64
3617 64
3618 64
3619 36
3620 36
3621 16
3622 4
3623 4
3624 16
3625 36
3626 16
3627 0
3628 0
3629 0
3630 64
3631 196
3632 144
3633 144
3634 144
3635 144
3636 144
3637 100
3638 144
3639 256
3640 256
3641 256
3642 196
3643 144
3644 196
3645 256
3646 100
3647 36
3648 16
3649 100
3650 64
3651 100
3652 196
3653 196
3654 196
3655 144
3656 100
3657 100
3658 36
3659 16
3660 4
3661 4
3662 16
3663 4
3664 0
3665 16
3666 36
3667 36
3668 36
3669 64
3670 36
3671 64
3672 64
3673 100
3674 100
3675 64
3676 36
3677 16
3678 4
3679 0
3680 4
3681 4
3682 16
3683 36
3684 36
3685 16
3686 100
3687 144
3688 196
3689 256
3690 256
3691 196
3692 144
3693 144
3694 324
3695 324
3696 324
3697 484
3698 484
3699 324
3700 256
3701 324
3702 324
3703 256
3704 256
3705 484
3706 400
3707 400
3708 400
3709 324
3710 196
3711 256
3712 324
3713 324
3714 256
3715 256
3716 400
3717 400
3718 324
3719 484
3720 676
3721 676
3722 484
3723 484
3724 484
3725 400
3726 400
3727 576
3728 484
3729 484
3730 784
3731 784
3732 784
3733 1024
3734 1024
3735 1024
3736 1156
3737 1296
3738 1444
3739 1444
3740 1600
3741 1444
3742 1600
3743 1600
3744 1764
3745 1936
3746 1600
3747 1296
3748 1296
3749 1600
3750 2116
3751 2304
3752 2500
3753 2500
3754 2500
3755 2500
3756 2500
3757 2500
3758 2500
3759 2500
3760 2500
3761 2500
3762 2500
3763 2500
3764 2500
3765 2500
3766 2500
3767 2500
3768 2500
3769 2500
3770 2500
3771 2500
3772 2500
3773 2500
3774 2500
3775 2500
3776 2500
3777 2500
3778 2500
3779 2500
3780 2500
3781 2500
3782 2500
3783 2500
3784 2500
3785 2500
3786 2500
3787 2500
3788 2500
3789 2500
3790 2500
3791 2500
3792 2500
3793 2500
3794 2500
3795 2500
3796 2500
3797 2500
3798 2500
3799 2500
3800 2500
3801 2500
3802 2500
3803 2500
3804 2500
3805 2500
3806 2500
3807 2304
3808 2304
3809 2304
3810 2304
3811 2304
3812 2500
3813 2500
3814 2500
3815 2500
3816 2500
3817 2500
3818 2500
3819 2500
3820 2500
3821 2500
3822 2500
3823 2500
3824 2500
3825 2500
3826 2500
3827 2500
3828 2500
3829 2500
3830 2500
3831 2500
3832 2500
3833 2500
3834 2500
3835 2500
3836 2500
3837 2500
3838 2500
3839 2500
3840 2500
3841 2500
3842 2500
3843 2500
3844 2500
3845 2500
3846 2500
3847 2500
3848 2500
3849 2500
3850 2500
3851 2500
3852 2500
3853 2500
3854 2500
3855 2500
3856 2500
3857 2500
3858 2500
3859 2500
3860 2500
3861 2500
3862 2500
3863 2500
3864 2500
3865 2500
3866 2500
3867 2500
3868 2500
3869 2500
3870 2500
3871 2500
3872 2500
3873 2500
3874 2500
3875 2500
3876 2500
3877 2500
3878 2500
3879 2500
3880 2500
3881 2500
3882 2500
3883 2500
3884 2500
3885 2500
3886 2500
3887 2500
3888 2500
3889 2500
3890 2500
3891 2500
3892 2500
3893 2500
3894 2500
3895 2500
3896 2500
3897 2500
3898 2500
3899 2500
3900 2500
3901 2500
3902 2500
3903 2500
3904 2500
3905 2500
3906 2500
3907 2500
3908 2500
3909 2500
3910 2500
3911 2500
3912 2500
3913 2500
3914 2500
3915 2500
3916 2500
3917 2500
3918 2500
3919 2500
3920 2500
3921 2500
3922 2500
3923 2500
3924 2500
3925 2500
3926 2500
3927 2500
3928 2500
3929 2500
3930 2500
3931 2500
3932 2500
3933 2500
3934 2500
3935 2500
3936 2500
3937 2500
3938 2500
3939 2500
3940 2500
3941 2500
3942 2500
3943 2500
3944 2500
3945 2500
3946 2500
3947 2500
3948 2500
3949 2500
3950 2500
3951 2500
3952 2500
3953 2500
3954 2500
3955 2500
3956 2500
3957 2500
3958 2500
3959 2500
3960 2500
3961 2500
3962 2500
3963 2500
3964 2500
3965 2500
3966 2500
3967 2500
3968 2500
3969 2500
3970 2500
3971 2500
3972 2500
3973 2500
3974 2500
3975 2500
3976 2500
3977 2500
3978 2500
3979 2500
3980 2500
3981 2500
3982 2500
3983 2500
3984 2500
3985 2500
3986 2500
3987 2500
3988 2500
3989 2500
3990 2500
3991 2500
3992 2500
3993 2500
3994 2500
3995 2500
3996 2500
3997 2500
3998 2500
3999 2500
4000 2500
4001 2500
4002 2500
4003 2500
4004 2500
4005 2500
4006 2500
4007 2500
4008 2500
4009 2500
4010 2500
4011 2500
4012 2500
4013 2500
4014 2500
4015 2500
4016 2500
4017 2500
4018 2500
4019 2500
4020 2500
4021 2500
4022 2500
4023 2500
4024 2500
4025 2500
4026 2500
4027 2500
4028 2500
4029 2500
4030 2500
4031 2500
4032 2500
4033 2500
4034 2500
4035 2500
4036 2500
4037 2500
4038 2500
4039 2500
4040 2500
4041 2500
4042 2500
4043 2500
4044 2500
4045 2500
4046 2500
4047 2500
4048 2500
4049 2500
4050 2500
4051 2500
4052 2500
4053 2500
4054 2500
4055 2500
4056 2500
4057 2500
4058 2500
4059 2500
4060 2500
4061 2500
4062 2500
4063 2500
4064 2500
4065 2500
4066 2500
4067 2500
4068 2500
4069 2500
4070 2500
4071 2500
4072 2500
4073 2500
4074 2500
4075 2500
4076 2500
4077 2500
4078 2500
4079 2500
4080 2500
4081 2500
4082 2500
4083 2500
4084 2500
4085 2500
4086 2500
4087 2500
4088 2500
4089 2500
4090 2500
4091 2500
4092 2500
4093 2500
4094 2500
4095 2500
4096 2500
4097 2500
4098 2500
4099 2500
4100 2500
4101 2500
4102 2500
4103 2500
4104 2500
4105 2500
4106 2500
4107 2500
4108 2500
4109 2500
4110 2500
4111 2500
4112 2500
4113 2500
4114 2304
4115 2500
4116 2500
4117 2500
4118 2500
4119 2500
4120 2500
4121 2500
4122 2500
4123 2500
4124 2500
4125 2500
4126 2304
4127 2304
4128 2116
4129 2116
4130 2116
4131 2500
4132 2500
4133 2500
4134 2500
4135 2500
4136 2500
4137 2500
4138 2500
4139 2500
4140 2500
4141 2500
4142 2500
4143 2500
4144 2500
4145 2500
4146 2500
4147 2500
4148 2500
4149 2500
4150 2500
4151 2500
4152 2500
4153 2500
4154 2500
4155 2500
4156 2500
4157 2500
4158 2500
4159 2500
4160 2500
4161 2500
4162 2500
4163 2500
4164 2500
4165 2500
4166 2500
4167 2500
4168 2500
4169 2500
4170 2500
4171 2500
4172 2500
4173 2500
4174 2500
4175 2500
4176 2500
4177 2500
4178 2500
4179 2500
4180 2500
4181 2500
4182 2500
4183 2500
4184 2500
4185 2500
4186 2500
4187 2500
4188 2500
4189 2500
4190 2500
4191 2500
4192 2500
4193 2500
4194 2500
4195 2500
4196 2500
4197 2500
4198 2500
4199 2500
4200 2500
4201 2500
4202 2500
4203 2500
4204 2500
4205 2500
4206 2500
4207 2500
4208 2500
4209 2500
4210 2500
4211 2500
4212 2500
4213 2500
4214 2500
4215 2500
4216 2500
4217 2500
4218 2500
4219 2500
4220 2500
4221 2500
4222 2500
4223 2500
4224 2500
4225 2500
4226 2500
4227 2500
4228 2500
4229 2500
4230 2500
4231 2500
4232 2500
4233 2500
4234 2500
4235 2500
4236 2500
4237 2500
4238 2500
4239 2500
4240 2500
4241 2500
4242 2500
4243 2500
4244 2500
4245 2500
4246 2500
4247 2500
4248 2500
4249 2500
4250 2500
4251 2500
4252 2500
4253 2500
4254 2500
4255 2500
4256 2500
4257 2500
4258 2500
4259 2500
4260 2500
4261 2500
4262 2500
4263 2500
4264 2500
4265 2500
4266 2500
4267 2500
4268 2500
4269 2500
4270 2500
4271 2500
4272 2500
4273 2500
4274 2500
4275 2500
4276 2500
4277 2500
4278 2500
4279 2500
4280 2500
4281 2500
4282 2500
4283 2500
4284 2500
4285 2500
4286 2500
4287 2500
4288 2500
4289 2500
4290 2500
4291 2500
4292 2500
4293 2500
4294 2500
4295 2500
4296 2500
4297 2500
4298 2500
4299 2500
4300 2500
4301 2500
4302 2500
4303 2500
4304 2500
4305 2500
4306 2500
4307 2500
4308 2500
4309 2500
4310 2500
4311 2500
4312 2500
4313 2500
4314 2500
4315 2500
4316 2500
4317 2304
4318 1936
4319 2116
4320 2500
4321 2500
4322 2500
4323 2304
4324 2304
4325 2500
4326 2500
4327 2500
4328 2500
4329 2500
4330 2500
4331 2500
4332 2500
4333 2500
4334 2500
4335 2500
4336 2500
4337 2500
4338 2500
4339 2500
4340 2500
4341 2500
4342 2500
4343 2500
4344 2500
4345 2500
4346 2500
4347 2500
4348 2500
4349 2304
4350 1600
4351 1936
4352 2500
4353 2500
4354 2500
4355 2500
4356 2500
4357 2500
4358 2500
4359 2500
4360 2500
4361 2500
4362 2500
4363 2500
4364 2500
4365 2500
4366 2500
4367 2500
4368 2500
4369 2500
4370 2500
4371 2304
4372 2500
4373 2500
4374 2500
4375 2500
4376 2500
4377 2500
4378 2500
4379 2500
4380 2500
4381 2500
4382 2500
4383 2500
4384 2500
4385 2500
4386 2500
4387 2500
4388 2500
4389 2500
4390 2500
4391 2500
4392 2500
4393 2500
4394 2500
4395 2304
4396 2500
4397 2500
4398 2500
4399 2500
4400 2500
4401 2500
4402 2500
4403 2500
4404 2500
4405 2500
4406 2500
4407 2500
4408 2500
4409 2500
4410 2500
4411 2500
4412 2500
4413 2500
4414 2500
4415 2500
4416 2500
4417 2500
4418 2500
4419 2500
4420 2500
4421 2500
4422 2500
4423 2500
4424 2500
4425 2500
4426 2500
4427 2500
4428 2500
4429 2500
4430 2500
4431 2500
4432 2500
4433 2500
4434 2500
4435 2500
4436 2500
4437 2500
4438 2500
4439 2500
4440 2500
4441 2500
4442 2500
4443 2500
4444 2500
4445 2500
4446 2500
4447 2500
4448 2500
4449 2500
4450 2500
4451 2500
4452 2500
4453 2500
4454 2500
4455 2500
4456 2500
4457 2500
4458 2500
4459 2500
4460 2500
4461 2500
4462 2500
4463 2500
4464 2500
4465 2500
4466 2116
4467 2116
4468 2304
4469 1764
4470 1764
4471 1936
4472 1936
4473 1444
4474 1444
4475 1296
4476 1024
4477 784
4478 676
4479 900
4480 676
4481 900
4482 784
4483 576
4484 484
4485 900
4486 1156
4487 1444
4488 1444
4489 1156
4490 1024
4491 1024
4492 1444
4493 1764
4494 1764
4495 2116
4496 2500
4497 2500
4498 2500
4499 2500
4500 2500
4501 2500
4502 2500
4503 2500
4504 2500
4505 2500
4506 2500
4507 2500
4508 2500
4509 2500
4510 2500
4511 2500
4512 2500
4513 2500
4514 2500
4515 2500
4516 2500
4517 2500
4518 2500
4519 2500
4520 2500
4521 2500
4522 2500
4523 2500
4524 2500
4525 2500
4526 2500
4527 2500
4528 2500
4529 2500
4530 2500
4531 2500
4532 2500
4533 2500
4534 2500
4535 2500
4536 2500
4537 2500
4538 2500
4539 2500
4540 2500
4541 2500
4542 2500
4543 2500
4544 2500
4545 2500
4546 2500
4547 2500
4548 2500
4549 2500
4550 2500
4551 2500
4552 2500
4553 2500
4554 2500
4555 2500
4556 2500
4557 2500
4558 2500
4559 2500
4560 2500
4561 2500
4562 2500
4563 2304
4564 2500
4565 2500
4566 2500
4567 2500
4568 2500
4569 2500
4570 2500
4571 2500
4572 2500
4573 2500
4574 2500
4575 2500
4576 2500
4577 2500
4578 2500
4579 2500
4580 2500
4581 2500
4582 2500
4583 2500
4584 2500
4585 2500
4586 2500
4587 2500
4588 2500
4589 2500
4590 2500
4591 2500
4592 2304
4593 2500
4594 2500
4595 2500
4596 2500
4597 2500
4598 2500
4599 2500
4600 2500
4601 2500
4602 2500
4603 2500
4604 2500
4605 2500
4606 2500
4607 2500
4608 2500
4609 2500
4610 2500
4611 2500
4612 2500
4613 2500
4614 2500
4615 2500
4616 2500
4617 2500
4618 2500
4619 2500
4620 2500
4621 2500
4622 2500
4623 2500
4624 2500
4625 2500
4626 2500
4627 2500
4628 2500
4629 2500
4630 2500
4631 2500
4632 2500
4633 2500
4634 2500
4635 2500
4636 2500
4637 2500
4638 2500
4639 2500
4640 2500
4641 2500
4642 2500
4643 2500
4644 2500
4645 2500
4646 2500
4647 2500
4648 2500
4649 2500
4650 2500
4651 2500
4652 2500
4653 2500
4654 2500
4655 2500
4656 2500
4657 2500
4658 2500
4659 2500
4660 2500
4661 2500
4662 2500
4663 2500
4664 2500
4665 2500
4666 2500
4667 2500
4668 2500
4669 2500
4670 2500
4671 2500
4672 2500
4673 2500
4674 2500
4675 2500
4676 2500
4677 2500
4678 2500
4679 2500
4680 2500
4681 2500
4682 2500
4683 2500
4684 2500
4685 2500
4686 2500
4687 2500
4688 2500
4689 2500
4690 2500
4691 2500
4692 2500
4693 2500
4694 2500
4695 2500
4696 2500
4697 2500
4698 2500
4699 2500
4700 2500
4701 2500
4702 2500
4703 2500
4704 2500
4705 2500
4706 2500
4707 2500
4708 2500
4709 2500
4710 2500
4711 2500
4712 2500
4713 2500
4714 2500
4715 2500
4716 2500
4717 2500
4718 2500
4719 2500
4720 2500
4721 2500
4722 2500
4723 2500
4724 2500
4725 2500
4726 2500
4727 2500
4728 2500
4729 2500
4730 2500
4731 2500
4732 2500
4733 2500
4734 2500
4735 2500
4736 2500
4737 2500
4738 2500
4739 2500
4740 2500
4741 2500
4742 2500
4743 2500
4744 2500
4745 2500
4746 2500
4747 2500
4748 2500
4749 2500
4750 2500
4751 2500
4752 2500
4753 2500
4754 2500
4755 2500
4756 2500
4757 2500
4758 2500
4759 2500
4760 2500
4761 2500
4762 2500
4763 2500
4764 2500
4765 2500
4766 2500
4767 2500
4768 2500
4769 2500
4770 2500
4771 2500
4772 2500
4773 2500
4774 2500
4775 2500
4776 2500
4777 2500
4778 2500
4779 2500
4780 2500
4781 2500
4782 2500
4783 2500
4784 2500
4785 2500
4786 2500
4787 2500
4788 2500
4789 2500
4790 2500
4791 2500
4792 2500
4793 2500
4794 2500
4795 2500
4796 2500
4797 2500
4798 2500
4799 2500
4800 2500
4801 2500
4802 2500
4803 2500
4804 2500
4805 2500
4806 2500
4807 2500
4808 2500
4809 2500
4810 2500
4811 2500
4812 2500
4813 2500
4814 2500
4815 2500
4816 2500
4817 2500
4818 2500
4819 2500
4820 2500
4821 2500
4822 2500
4823 2500
4824 2500
4825 2500
4826 2500
4827 2500
4828 2500
4829 2500
4830 2500
4831 2500
4832 2500
4833 2500
4834 2500
4835 2500
4836 2500
4837 2500
4838 2500
4839 2500
4840 2500
4841 2500
4842 2500
4843 2500
4844 2500
4845 2500
4846 2500
4847 2500
4848 2500
4849 2500
4850 2500
4851 2500
4852 2500
4853 2500
4854 2500
4855 2500
4856 2500
4857 2500
4858 2500
4859 2500
4860 2500
4861 2500
4862 2500
4863 2500
4864 2500
4865 2500
4866 2500
4867 2500
4868 2500
4869 2500
4870 2500
4871 2500
4872 2500
4873 2500
4874 2500
4875 2500
4876 2500
4877 2500
4878 2500
4879 2500
4880 2500
4881 2500
4882 2500
4883 2500
4884 2500
4885 2500
4886 2500
4887 2500
4888 2500
4889 2500
4890 2500
4891 2500
4892 2500
4893 2500
4894 2500
4895 2500
4896 2500
4897 2500
4898 2500
4899 2500
4900 2500
4901 2500
4902 2500
4903 2304
4904 2500
4905 2500
4906 2500
4907 2500
4908 2500
4909 2500
4910 2500
4911 2500
4912 2500
4913 2500
4914 2500
4915 2500
4916 2500
4917 2500
4918 2500
4919 2500
4920 2500
4921 2500
4922 2500
4923 2500
4924 2500
4925 2500
4926 2500
4927 2500
4928 2500
4929 2500
4930 2500
4931 2500
4932 2500
4933 2500
4934 2500
4935 2500
4936 2500
4937 2500
4938 2500
4939 2500
4940 2500
4941 2500
4942 2500
4943 2500
4944 2500
4945 2500
4946 2500
4947 2500
4948 2500
4949 2500
4950 2500
4951 2500
4952 2500
4953 2500
4954 2500
4955 2500
4956 2500
4957 2500
4958 2500
4959 2500
4960 2500
4961 2500
4962 2500
4963 2500
4964 2500
4965 2500
4966 2500
4967 2500
4968 2500
4969 2500
4970 2500
4971 2500
4972 2500
4973 2500
4974 2500
4975 2500
4976 2500
4977 2500
4978 2500
4979 2500
4980 2500
4981 2500
4982 2304
4983 2304
4984 2116
4985 2500
4986 2500
4987 2500
4988 2500
4989 2500
4990 2500
4991 2500
4992 2500
4993 2500
4994 2500
4995 2500
4996 2500
4997 2500
4998 2500
4999 2500
5000 2500
