1 -0.25895
2 -0.297951
3 -0.350419
4 -0.397536
5 -0.464874
6 -0.380934
7 -0.401258
8 -0.431462
9 -0.337358
10 -0.361547
11 -0.426329
12 -0.442304
13 -0.40577
14 -0.366917
15 -0.369531
16 -0.357772
17 -0.449411
18 -0.441182
19 -0.385861
20 -0.380395
21 -0.341427
22 -0.350893
23 -0.369995
24 -0.360442
25 -0.396726
26 -0.440727
27 -0.5757
28 -0.518603
29 -0.482325
30 -0.460641
31 -0.464959
32 -0.453959
33 -0.41157
34 -0.430928
35 -0.394051
36 -0.395157
37 -0.442268
38 -0.48181
39 -0.420465
40 -0.373508
41 -0.382857
42 -0.382961
43 -0.416319
44 -0.440494
45 -0.417952
46 -0.431797
47 -0.396097
48 -0.470617
49 -0.427377
50 -0.428939
51 -0.41035
52 -0.441654
53 -0.459936
54 -0.492839
55 -0.394274
56 -0.384463
57 -0.460944
58 -0.374043
59 -0.45598
60 -0.436025
61 -0.494752
62 -0.471636
63 -0.46506
64 -0.361727
65 -0.442341
66 -0.469898
67 -0.510235
68 -0.516615
69 -0.450722
70 -0.434845
71 -0.465572
72 -0.437303
73 -0.385783
74 -0.41329
75 -0.362236
76 -0.381885
77 -0.349066
78 -0.369473
79 -0.426521
80 -0.451037
81 -0.433657
82 -0.374447
83 -0.364447
84 -0.374886
85 -0.393555
86 -0.314819
87 -0.343438
88 -0.388395
89 -0.435474
90 -0.405022
91 -0.326607
92 -0.378544
93 -0.39852
94 -0.363215
95 -0.397987
96 -0.327799
97 -0.392574
98 -0.332695
99 -0.455039
100 -0.416529
101 -0.343342
102 -0.378044
103 -0.413009
104 -0.486188
105 -0.485797
106 -0.452134
107 -0.404827
108 -0.399429
109 -0.321047
110 -0.356346
111 -0.364243
112 -0.389086
113 -0.425877
114 -0.444908
115 -0.447816
116 -0.441808
117 -0.395071
118 -0.435694
119 -0.387018
120 -0.392688
121 -0.319674
122 -0.360192
123 -0.344542
124 -0.381133
125 -0.347055
126 -0.354681
127 -0.396066
128 -0.503314
129 -0.485281
130 -0.420898
131 -0.453442
132 -0.380063
133 -0.286541
134 -0.377848
135 -0.390975
136 -0.391302
137 -0.346337
138 -0.41
139 -0.41262
140 -0.408192
141 -0.48247
142 -0.505626
143 -0.444136
144 -0.485107
145 -0.453302
146 -0.494561
147 -0.437472
148 -0.45907
149 -0.445321
150 -0.412386
151 -0.404864
152 -0.39688
153 -0.364427
154 -0.40445
155 -0.421392
156 -0.403021
157 -0.421423
158 -0.455092
159 -0.417153
160 -0.350326
161 -0.419782
162 -0.498232
163 -0.429914
164 -0.416163
165 -0.394754
166 -0.447088
167 -0.442652
168 -0.46198
169 -0.465396
170 -0.416628
171 -0.427414
172 -0.455958
173 -0.523664
174 -0.433904
175 -0.36808
176 -0.327764
177 -0.394553
178 -0.335788
179 -0.310098
180 -0.353805
181 -0.385303
182 -0.44043
183 -0.452237
184 -0.448343
185 -0.415265
186 -0.448666
187 -0.352589
188 -0.367212
189 -0.305139
190 -0.388713
191 -0.377228
192 -0.346354
193 -0.412308
194 -0.422254
195 -0.378162
196 -0.357933
197 -0.359321
198 -0.414944
199 -0.36545
200 -0.401658
201 -0.439522
202 -0.470444
203 -0.446497
204 -0.455866
205 -0.407877
206 -0.406724
207 -0.431813
208 -0.375693
209 -0.377022
210 -0.347574
211 -0.364423
212 -0.353545
213 -0.287116
214 -0.346293
215 -0.426312
216 -0.476859
217 -0.416037
218 -0.397914
219 -0.36735
220 -0.360525
221 -0.412876
222 -0.403502
223 -0.338957
224 -0.387054
225 -0.402096
226 -0.34775
227 -0.32071
228 -0.436834
229 -0.359104
230 -0.342915
231 -0.315879
232 -0.351423
233 -0.342951
234 -0.400922
235 -0.399018
236 -0.392998
237 -0.394371
238 -0.366759
239 -0.397312
240 -0.460927
241 -0.343652
242 -0.393383
243 -0.381628
244 -0.320123
245 -0.43997
246 -0.440461
247 -0.41153
248 -0.419746
249 -0.403337
250 -0.35326
251 -0.39594
252 -0.400316
253 -0.418043
254 -0.434459
255 -0.43957
256 -0.425215
257 -0.411071
258 -0.40419
259 -0.374386
260 -0.354114
261 -0.361776
262 -0.341662
263 -0.336668
264 -0.403177
265 -0.428493
266 -0.401719
267 -0.424672
268 -0.408612
269 -0.330294
270 -0.334696
271 -0.451364
272 -0.416394
273 -0.346187
274 -0.429331
275 -0.337328
276 -0.418131
277 -0.434387
278 -0.334908
279 -0.408244
280 -0.378785
281 -0.368104
282 -0.399702
283 -0.33965
284 -0.407933
285 -0.347327
286 -0.387437
287 -0.425071
288 -0.367679
289 -0.389462
290 -0.382808
291 -0.411802
292 -0.485295
293 -0.493147
294 -0.450948
295 -0.467431
296 -0.487594
297 -0.422756
298 -0.465076
299 -0.475018
300 -0.430772
301 -0.491429
302 -0.41946
303 -0.409887
304 -0.385717
305 -0.385132
306 -0.411818
307 -0.362035
308 -0.384249
309 -0.414321
310 -0.33591
311 -0.349622
312 -0.406851
313 -0.405148
314 -0.443694
315 -0.36793
316 -0.438839
317 -0.449143
318 -0.394946
319 -0.464915
320 -0.359064
321 -0.382162
322 -0.407658
323 -0.379969
324 -0.397847
325 -0.364079
326 -0.512203
327 -0.455318
328 -0.456195
329 -0.412417
330 -0.405229
331 -0.385411
332 -0.431362
333 -0.441465
334 -0.456166
335 -0.505167
336 -0.46901
337 -0.389063
338 -0.39624
339 -0.372228
340 -0.332448
341 -0.385213
342 -0.386011
343 -0.407984
344 -0.421624
345 -0.491811
346 -0.425104
347 -0.37996
348 -0.413443
349 -0.409448
350 -0.482585
351 -0.406347
352 -0.432192
353 -0.396195
354 -0.482442
355 -0.394257
356 -0.432554
357 -0.494069
358 -0.336424
359 -0.309603
360 -0.377743
361 -0.394313
362 -0.382399
363 -0.434406
364 -0.380465
365 -0.38291
366 -0.404025
367 -0.368858
368 -0.414159
369 -0.384601
370 -0.391182
371 -0.450228
372 -0.427101
373 -0.451757
374 -0.425849
375 -0.38649
376 -0.376138
377 -0.394923
378 -0.383244
379 -0.303691
380 -0.395655
381 -0.41835
382 -0.424694
383 -0.373017
384 -0.358886
385 -0.380922
386 -0.387675
387 -0.372468
388 -0.390995
389 -0.402852
390 -0.377256
391 -0.38948
392 -0.368992
393 -0.38645
394 -0.404846
395 -0.428923
396 -0.334056
397 -0.384181
398 -0.404667
399 -0.426247
400 -0.386392
401 -0.426471
402 -0.431956
403 -0.434751
404 -0.443346
405 -0.435834
406 -0.45919
407 -0.421855
408 -0.392858
409 -0.405929
410 -0.404089
411 -0.419433
412 -0.471542
413 -0.505939
414 -0.428521
415 -0.461604
416 -0.447773
417 -0.496186
418 -0.479625
419 -0.46504
420 -0.456844
421 -0.446664
422 -0.394943
423 -0.406274
424 -0.410662
425 -0.41639
426 -0.411551
427 -0.378163
428 -0.375263
429 -0.423853
430 -0.403936
431 -0.4155
432 -0.408796
433 -0.452364
434 -0.47794
435 -0.444545
436 -0.411739
437 -0.42779
438 -0.461319
439 -0.425713
440 -0.412198
441 -0.360444
442 -0.417611
443 -0.430337
444 -0.386935
445 -0.397006
446 -0.452988
447 -0.477919
448 -0.51577
449 -0.498045
450 -0.504605
451 -0.428768
452 -0.456649
453 -0.430928
454 -0.411656
455 -0.385698
456 -0.315908
457 -0.348243
458 -0.426088
459 -0.432946
460 -0.364166
461 -0.408761
462 -0.367237
463 -0.47442
464 -0.551151
465 -0.489357
466 -0.431724
467 -0.436523
468 -0.448441
469 -0.442459
470 -0.448209
471 -0.404741
472 -0.40598
473 -0.376018
474 -0.382194
475 -0.40646
476 -0.432001
477 -0.394458
478 -0.415811
479 -0.435584
480 -0.421388
481 -0.467306
482 -0.43463
483 -0.373073
484 -0.308281
485 -0.346987
486 -0.362776
487 -0.363468
488 -0.36422
489 -0.452514
490 -0.459639
491 -0.472932
492 -0.471227
493 -0.523751
494 -0.436855
495 -0.448907
496 -0.45911
497 -0.442248
498 -0.450008
499 -0.45851
500 -0.439811
501 -0.399288
502 -0.415279
503 -0.420768
504 -0.289982
505 -0.41087
506 -0.329911
507 -0.351426
508 -0.329003
509 -0.382187
510 -0.383591
511 -0.397984
512 -0.428364
513 -0.4326
514 -0.422943
515 -0.318438
516 -0.394298
517 -0.402122
518 -0.413711
519 -0.43597
520 -0.431215
521 -0.478714
522 -0.495599
523 -0.516795
524 -0.445403
525 -0.454677
526 -0.424102
527 -0.413039
528 -0.44382
529 -0.427807
530 -0.484031
531 -0.501647
532 -0.480476
533 -0.355927
534 -0.313504
535 -0.332015
536 -0.326145
537 -0.284579
538 -0.380429
539 -0.256439
540 -0.321239
541 -0.392445
542 -0.375935
543 -0.37478
544 -0.389923
545 -0.421088
546 -0.372086
547 -0.375853
548 -0.387839
549 -0.446447
550 -0.471186
551 -0.434138
552 -0.435365
553 -0.505459
554 -0.481996
555 -0.45719
556 -0.488785
557 -0.527526
558 -0.459704
559 -0.465411
560 -0.434507
561 -0.448046
562 -0.413829
563 -0.487513
564 -0.477229
565 -0.372337
566 -0.422442
567 -0.384524
568 -0.366652
569 -0.396744
570 -0.478491
571 -0.476
572 -0.413488
573 -0.45999
574 -0.420493
575 -0.496536
576 -0.558452
577 -0.481203
578 -0.491242
579 -0.434156
580 -0.448086
581 -0.453372
582 -0.377157
583 -0.440853
584 -0.444236
585 -0.440628
586 -0.410136
587 -0.38844
588 -0.394388
589 -0.359028
590 -0.398288
591 -0.33032
592 -0.350313
593 -0.376089
594 -0.356431
595 -0.316666
596 -0.365004
597 -0.381316
598 -0.416602
599 -0.504455
600 -0.447365
601 -0.428559
602 -0.430722
603 -0.42829
604 -0.504351
605 -0.496499
606 -0.51172
607 -0.447035
608 -0.389253
609 -0.365688
610 -0.350479
611 -0.42324
612 -0.445451
613 -0.465007
614 -0.511219
615 -0.482719
616 -0.49278
617 -0.477906
618 -0.466292
619 -0.533513
620 -0.484983
621 -0.45784
622 -0.402706
623 -0.35558
624 -0.373561
625 -0.342528
626 -0.352064
627 -0.392199
628 -0.386285
629 -0.445801
630 -0.371102
631 -0.344735
632 -0.447966
633 -0.389819
634 -0.424283
635 -0.414961
636 -0.429701
637 -0.405339
638 -0.411385
639 -0.484088
640 -0.49842
641 -0.454262
642 -0.404092
643 -0.434902
644 -0.34137
645 -0.333212
646 -0.328825
647 -0.272651
648 -0.377164
649 -0.392952
650 -0.374413
651 -0.409919
652 -0.448801
653 -0.397787
654 -0.410658
655 -0.418534
656 -0.333171
657 -0.302463
658 -0.284475
659 -0.31672
660 -0.27123
661 -0.271784
662 -0.301838
663 -0.439854
664 -0.526155
665 -0.582641
666 -0.637757
667 -0.483472
668 -0.539041
669 -0.441852
670 -0.487109
671 -0.446212
672 -0.405741
673 -0.416207
674 -0.445018
675 -0.412754
676 -0.351231
677 -0.365898
678 -0.447311
679 -0.393777
680 -0.432791
681 -0.454553
682 -0.401862
683 -0.378593
684 -0.381656
685 -0.361668
686 -0.47469
687 -0.474239
688 -0.479639
689 -0.453194
690 -0.419758
691 -0.456471
692 -0.503658
693 -0.51114
694 -0.420996
695 -0.433599
696 -0.451952
697 -0.420239
698 -0.394403
699 -0.412876
700 -0.400267
701 -0.432234
702 -0.341503
703 -0.383641
704 -0.352833
705 -0.374892
706 -0.369826
707 -0.405704
708 -0.45473
709 -0.418494
710 -0.394588
711 -0.388753
712 -0.428218
713 -0.380131
714 -0.468113
715 -0.454065
716 -0.38091
717 -0.348719
718 -0.347652
719 -0.337083
720 -0.316312
721 -0.334906
722 -0.402799
723 -0.411018
724 -0.44378
725 -0.408012
726 -0.496488
727 -0.437456
728 -0.357331
729 -0.363668
730 -0.347723
731 -0.37148
732 -0.358944
733 -0.33713
734 -0.402726
735 -0.378827
736 -0.408838
737 -0.393785
738 -0.418329
739 -0.373606
740 -0.273348
741 -0.326361
742 -0.381721
743 -0.372652
744 -0.412045
745 -0.43765
746 -0.419438
747 -0.416047
748 -0.470388
749 -0.44353
750 -0.466156
751 -0.493192
752 -0.447493
753 -0.389282
754 -0.429607
755 -0.395715
756 -0.425246
757 -0.356649
758 -0.392843
759 -0.371917
760 -0.441338
761 -0.50913
762 -0.479423
763 -0.401688
764 -0.312545
765 -0.356885
766 -0.391016
767 -0.375973
768 -0.395902
769 -0.427131
770 -0.394817
771 -0.396519
772 -0.415483
773 -0.423896
774 -0.387122
775 -0.385567
776 -0.378232
777 -0.438753
778 -0.415186
779 -0.376776
780 -0.370817
781 -0.337859
782 -0.395714
783 -0.510378
784 -0.481359
785 -0.436437
786 -0.446768
787 -0.45529
788 -0.443623
789 -0.450916
790 -0.374076
791 -0.377169
792 -0.365483
793 -0.407112
794 -0.384674
795 -0.398768
796 -0.474397
797 -0.579982
798 -0.498477
799 -0.459018
800 -0.475071
801 -0.476726
802 -0.457522
803 -0.377174
804 -0.386536
805 -0.474206
806 -0.390384
807 -0.38529
808 -0.351512
809 -0.366668
810 -0.36744
811 -0.347933
812 -0.40401
813 -0.443704
814 -0.403026
815 -0.449614
816 -0.395443
817 -0.37238
818 -0.396215
819 -0.399626
820 -0.409168
821 -0.418917
822 -0.329645
823 -0.353654
824 -0.382174
825 -0.411159
826 -0.389602
827 -0.343398
828 -0.297543
829 -0.327024
830 -0.374386
831 -0.343048
832 -0.40799
833 -0.463119
834 -0.444834
835 -0.389301
836 -0.384802
837 -0.449666
838 -0.419159
839 -0.460876
840 -0.465555
841 -0.500829
842 -0.525689
843 -0.471022
844 -0.43609
845 -0.407755
846 -0.426682
847 -0.407365
848 -0.388463
849 -0.39938
850 -0.418673
851 -0.458579
852 -0.485138
853 -0.451775
854 -0.430714
855 -0.442584
856 -0.426386
857 -0.395143
858 -0.452534
859 -0.41626
860 -0.450061
861 -0.434518
862 -0.41204
863 -0.459205
864 -0.436602
865 -0.45351
866 -0.385288
867 -0.41754
868 -0.408444
869 -0.407985
870 -0.417593
871 -0.464083
872 -0.424806
873 -0.44456
874 -0.48053
875 -0.433893
876 -0.30323
877 -0.449509
878 -0.419056
879 -0.473854
880 -0.452194
881 -0.379224
882 -0.375139
883 -0.338137
884 -0.358298
885 -0.36667
886 -0.389247
887 -0.47952
888 -0.414631
889 -0.442839
890 -0.378153
891 -0.415405
892 -0.359396
893 -0.365645
894 -0.375135
895 -0.386903
896 -0.346558
897 -0.354732
898 -0.368543
899 -0.3754
900 -0.377704
901 -0.375176
902 -0.394968
903 -0.374503
904 -0.360191
905 -0.449338
906 -0.443337
907 -0.439665
908 -0.475447
909 -0.471746
910 -0.453158
911 -0.463748
912 -0.453318
913 -0.427321
914 -0.376317
915 -0.425025
916 -0.412242
917 -0.415862
918 -0.368055
919 -0.368223
920 -0.393317
921 -0.35998
922 -0.321273
923 -0.390614
924 -0.411765
925 -0.394946
926 -0.334504
927 -0.344083
928 -0.318228
929 -0.351247
930 -0.312154
931 -0.40564
932 -0.433239
933 -0.368904
934 -0.406147
935 -0.441875
936 -0.393445
937 -0.400959
938 -0.415634
939 -0.438836
940 -0.511209
941 -0.534226
942 -0.548225
943 -0.448001
944 -0.422407
945 -0.43329
946 -0.433599
947 -0.419235
948 -0.429098
949 -0.394327
950 -0.344701
951 -0.377292
952 -0.469965
953 -0.436967
954 -0.503155
955 -0.430941
956 -0.489518
957 -0.498042
958 -0.462885
959 -0.462515
960 -0.452215
961 -0.42298
962 -0.46708
963 -0.472576
964 -0.484126
965 -0.487315
966 -0.466727
967 -0.44426
968 -0.399569
969 -0.397775
970 -0.380362
971 -0.436148
972 -0.436406
973 -0.459449
974 -0.388369
975 -0.368232
976 -0.418681
977 -0.427275
978 -0.434639
979 -0.435699
980 -0.361377
981 -0.452586
982 -0.382851
983 -0.408893
984 -0.470481
985 -0.41146
986 -0.403381
987 -0.38276
988 -0.433423
989 -0.377724
990 -0.397656
991 -0.451806
992 -0.436723
993 -0.405801
994 -0.37322
995 -0.298602
996 -0.340582
997 -0.313752
998 -0.341333
999 -0.326204
1000 -0.360119
1001 -0.342648
1002 -0.359298
1003 -0.323591
1004 -0.354847
1005 -0.330854
1006 -0.388061
1007 -0.377964
1008 -0.370085
1009 -0.387613
1010 -0.46501
1011 -0.357171
1012 -0.310841
1013 -0.353408
1014 -0.360445
1015 -0.397793
1016 -0.408556
1017 -0.409255
1018 -0.360477
1019 -0.361167
1020 -0.393899
1021 -0.413578
1022 -0.447293
1023 -0.392385
1024 -0.325248
1025 -0.392733
1026 -0.415837
1027 -0.350654
1028 -0.398577
1029 -0.387294
1030 -0.408677
1031 -0.340539
1032 -0.316834
1033 -0.362192
1034 -0.425656
1035 -0.433375
1036 -0.343391
1037 -0.356428
1038 -0.417781
1039 -0.393695
1040 -0.337055
1041 -0.382986
1042 -0.446046
1043 -0.516809
1044 -0.509472
1045 -0.516302
1046 -0.475526
1047 -0.568861
1048 -0.497511
1049 -0.53513
1050 -0.478781
1051 -0.460566
1052 -0.502115
1053 -0.4393
1054 -0.413608
1055 -0.43015
1056 -0.399272
1057 -0.313507
1058 -0.345082
1059 -0.386079
1060 -0.373357
1061 -0.460615
1062 -0.381575
1063 -0.394683
1064 -0.390815
1065 -0.462097
1066 -0.425936
1067 -0.388766
1068 -0.423868
1069 -0.377172
1070 -0.459938
1071 -0.547926
1072 -0.569619
1073 -0.448393
1074 -0.44001
1075 -0.427868
1076 -0.435095
1077 -0.440895
1078 -0.471015
1079 -0.449044
1080 -0.386127
1081 -0.417354
1082 -0.373373
1083 -0.396158
1084 -0.381929
1085 -0.382528
1086 -0.349377
1087 -0.395507
1088 -0.381181
1089 -0.488631
1090 -0.422452
1091 -0.493809
1092 -0.513484
1093 -0.402872
1094 -0.412481
1095 -0.435905
1096 -0.418586
1097 -0.427252
1098 -0.46317
1099 -0.406519
1100 -0.398888
1101 -0.370312
1102 -0.425956
1103 -0.372664
1104 -0.403951
1105 -0.47692
1106 -0.41728
1107 -0.430177
1108 -0.448662
1109 -0.450955
1110 -0.444739
1111 -0.474209
1112 -0.463973
1113 -0.423978
1114 -0.485913
1115 -0.426
1116 -0.441333
1117 -0.419344
1118 -0.412892
1119 -0.390905
1120 -0.394041
1121 -0.47992
1122 -0.43433
1123 -0.451381
1124 -0.4465
1125 -0.413157
1126 -0.47406
1127 -0.455832
1128 -0.495762
1129 -0.455313
1130 -0.401392
1131 -0.383515
1132 -0.378577
1133 -0.46341
1134 -0.422957
1135 -0.417198
1136 -0.405617
1137 -0.395322
1138 -0.406346
1139 -0.397862
1140 -0.396678
1141 -0.361306
1142 -0.340136
1143 -0.358636
1144 -0.371775
1145 -0.401557
1146 -0.361003
1147 -0.340686
1148 -0.346529
1149 -0.424235
1150 -0.441738
1151 -0.478196
1152 -0.43461
1153 -0.416859
1154 -0.439644
1155 -0.440454
1156 -0.465545
1157 -0.555572
1158 -0.473924
1159 -0.418663
1160 -0.416787
1161 -0.443167
1162 -0.48785
1163 -0.438731
1164 -0.493591
1165 -0.48701
1166 -0.457144
1167 -0.427074
1168 -0.371551
1169 -0.406183
1170 -0.409555
1171 -0.398079
1172 -0.439806
1173 -0.320821
1174 -0.367141
1175 -0.433132
1176 -0.390622
1177 -0.465804
1178 -0.424821
1179 -0.462111
1180 -0.460746
1181 -0.414175
1182 -0.382513
1183 -0.477786
1184 -0.419055
1185 -0.430274
1186 -0.426099
1187 -0.442609
1188 -0.490883
1189 -0.500787
1190 -0.45318
1191 -0.380641
1192 -0.427692
1193 -0.408001
1194 -0.435617
1195 -0.375229
1196 -0.47712
1197 -0.443437
1198 -0.384796
1199 -0.470371
1200 -0.418834
1201 -0.40572
1202 -0.435621
1203 -0.425775
1204 -0.444936
1205 -0.449777
1206 -0.389853
1207 -0.327121
1208 -0.311174
1209 -0.457066
1210 -0.457703
1211 -0.441062
1212 -0.481141
1213 -0.458459
1214 -0.436051
1215 -0.422578
1216 -0.42993
1217 -0.402885
1218 -0.391752
1219 -0.438527
1220 -0.461137
1221 -0.453154
1222 -0.438842
1223 -0.384295
1224 -0.415861
1225 -0.370323
1226 -0.346241
1227 -0.404706
1228 -0.415574
1229 -0.291334
1230 -0.392924
1231 -0.418425
1232 -0.424293
1233 -0.428178
1234 -0.419443
1235 -0.391093
1236 -0.467545
1237 -0.433885
1238 -0.434861
1239 -0.413231
1240 -0.351297
1241 -0.335887
1242 -0.349832
1243 -0.361775
1244 -0.392788
1245 -0.397205
1246 -0.507174
1247 -0.461876
1248 -0.421881
1249 -0.388753
1250 -0.418193
1251 -0.488736
1252 -0.401101
1253 -0.402749
1254 -0.433815
1255 -0.488516
1256 -0.500687
1257 -0.415006
1258 -0.415009
1259 -0.426564
1260 -0.456392
1261 -0.440965
1262 -0.446043
1263 -0.548449
1264 -0.479521
1265 -0.411665
1266 -0.503299
1267 -0.498559
1268 -0.434637
1269 -0.442915
1270 -0.45575
1271 -0.429999
1272 -0.432023
1273 -0.428174
1274 -0.456156
1275 -0.439544
1276 -0.408219
1277 -0.419556
1278 -0.454329
1279 -0.444366
1280 -0.424194
1281 -0.367568
1282 -0.458271
1283 -0.480146
1284 -0.483044
1285 -0.43179
1286 -0.385427
1287 -0.454104
1288 -0.540688
1289 -0.458287
1290 -0.434061
1291 -0.354001
1292 -0.318018
1293 -0.434559
1294 -0.34351
1295 -0.296138
1296 -0.374815
1297 -0.414841
1298 -0.418414
1299 -0.469955
1300 -0.503706
1301 -0.486027
1302 -0.48815
1303 -0.524492
1304 -0.613875
1305 -0.562177
1306 -0.517282
1307 -0.544075
1308 -0.549198
1309 -0.477954
1310 -0.431239
1311 -0.398984
1312 -0.392948
1313 -0.416501
1314 -0.361611
1315 -0.335528
1316 -0.344567
1317 -0.398772
1318 -0.427229
1319 -0.308518
1320 -0.430325
1321 -0.422884
1322 -0.370029
1323 -0.418468
1324 -0.473393
1325 -0.381202
1326 -0.511489
1327 -0.534661
1328 -0.479622
1329 -0.447963
1330 -0.442686
1331 -0.481448
1332 -0.488144
1333 -0.33481
1334 -0.416446
1335 -0.449527
1336 -0.411575
1337 -0.358884
1338 -0.318056
1339 -0.342492
1340 -0.35029
1341 -0.406932
1342 -0.301479
1343 -0.373485
1344 -0.429967
1345 -0.440619
1346 -0.423078
1347 -0.370217
1348 -0.346536
1349 -0.433576
1350 -0.402244
1351 -0.330348
1352 -0.321835
1353 -0.336939
1354 -0.335861
1355 -0.445155
1356 -0.421565
1357 -0.461525
1358 -0.396318
1359 -0.431174
1360 -0.492394
1361 -0.466802
1362 -0.456588
1363 -0.392655
1364 -0.417113
1365 -0.434643
1366 -0.391309
1367 -0.413981
1368 -0.454069
1369 -0.509925
1370 -0.482804
1371 -0.405198
1372 -0.377297
1373 -0.365992
1374 -0.397597
1375 -0.314191
1376 -0.360908
1377 -0.403403
1378 -0.402339
1379 -0.334766
1380 -0.383808
1381 -0.378754
1382 -0.407078
1383 -0.352698
1384 -0.398472
1385 -0.429167
1386 -0.419898
1387 -0.370514
1388 -0.51024
1389 -0.532326
1390 -0.408659
1391 -0.519375
1392 -0.4831
1393 -0.457034
1394 -0.456636
1395 -0.406585
1396 -0.407739
1397 -0.396646
1398 -0.340422
1399 -0.424111
1400 -0.434395
1401 -0.431306
1402 -0.39599
1403 -0.397288
1404 -0.444708
1405 -0.431866
1406 -0.468752
1407 -0.475849
1408 -0.412956
1409 -0.459712
1410 -0.438896
1411 -0.483813
1412 -0.427157
1413 -0.410751
1414 -0.361135
1415 -0.342295
1416 -0.355881
1417 -0.374743
1418 -0.393457
1419 -0.378245
1420 -0.333382
1421 -0.379257
1422 -0.347783
1423 -0.344181
1424 -0.390544
1425 -0.304406
1426 -0.351873
1427 -0.413576
1428 -0.450294
1429 -0.500477
1430 -0.598822
1431 -0.419795
1432 -0.387484
1433 -0.303278
1434 -0.313658
1435 -0.31835
1436 -0.306776
1437 -0.36575
1438 -0.343057
1439 -0.403598
1440 -0.411026
1441 -0.381726
1442 -0.306752
1443 -0.398209
1444 -0.437521
1445 -0.352331
1446 -0.355493
1447 -0.342473
1448 -0.363489
1449 -0.422371
1450 -0.377575
1451 -0.383654
1452 -0.430581
1453 -0.406725
1454 -0.463622
1455 -0.399171
1456 -0.401779
1457 -0.369088
1458 -0.422935
1459 -0.425479
1460 -0.420469
1461 -0.423095
1462 -0.392591
1463 -0.423256
1464 -0.45577
1465 -0.383659
1466 -0.396374
1467 -0.370464
1468 -0.407724
1469 -0.459028
1470 -0.405253
1471 -0.444668
1472 -0.421057
1473 -0.457176
1474 -0.426571
1475 -0.365964
1476 -0.379814
1477 -0.389483
1478 -0.456693
1479 -0.466803
1480 -0.429988
1481 -0.511939
1482 -0.447056
1483 -0.443822
1484 -0.417215
1485 -0.457014
1486 -0.454062
1487 -0.458134
1488 -0.448855
1489 -0.424303
1490 -0.379898
1491 -0.399592
1492 -0.388975
1493 -0.365515
1494 -0.384044
1495 -0.489583
1496 -0.360373
1497 -0.388771
1498 -0.383237
1499 -0.351847
1500 -0.383543
1501 -0.38925
1502 -0.41515
1503 -0.36114
1504 -0.37779
1505 -0.420314
1506 -0.502364
1507 -0.381902
1508 -0.330254
1509 -0.376417
1510 -0.409543
1511 -0.436215
1512 -0.501427
1513 -0.473725
1514 -0.424085
1515 -0.416786
1516 -0.366757
1517 -0.471569
1518 -0.459045
1519 -0.48342
1520 -0.410898
1521 -0.385887
1522 -0.383432
1523 -0.421427
1524 -0.381139
1525 -0.368213
1526 -0.408059
1527 -0.36572
1528 -0.377474
1529 -0.386213
1530 -0.355185
1531 -0.363412
1532 -0.413926
1533 -0.408325
1534 -0.437447
1535 -0.42378
1536 -0.40442
1537 -0.357846
1538 -0.296591
1539 -0.368592
1540 -0.402957
1541 -0.429439
1542 -0.408854
1543 -0.381585
1544 -0.406372
1545 -0.47943
1546 -0.395632
1547 -0.403839
1548 -0.394838
1549 -0.364796
1550 -0.404516
1551 -0.44818
1552 -0.453716
1553 -0.42264
1554 -0.437066
1555 -0.385254
1556 -0.368495
1557 -0.466974
1558 -0.483178
1559 -0.453216
1560 -0.539804
1561 -0.474144
1562 -0.511989
1563 -0.561165
1564 -0.540886
1565 -0.503684
1566 -0.476532
1567 -0.450458
1568 -0.463445
1569 -0.461634
1570 -0.541572
1571 -0.492367
1572 -0.500451
1573 -0.547046
1574 -0.495515
1575 -0.507485
1576 -0.410359
1577 -0.39089
1578 -0.375661
1579 -0.377145
1580 -0.349293
1581 -0.393772
1582 -0.378077
1583 -0.352426
1584 -0.374955
1585 -0.370661
1586 -0.398876
1587 -0.309384
1588 -0.28254
1589 -0.374791
1590 -0.356643
1591 -0.319193
1592 -0.288696
1593 -0.340138
1594 -0.453453
1595 -0.457209
1596 -0.475038
1597 -0.439413
1598 -0.316133
1599 -0.434623
1600 -0.495748
1601 -0.39149
1602 -0.406375
1603 -0.327516
1604 -0.316802
1605 -0.364847
1606 -0.43336
1607 -0.457348
1608 -0.389775
1609 -0.419193
1610 -0.424335
1611 -0.483939
1612 -0.427567
1613 -0.366786
1614 -0.372151
1615 -0.40824
1616 -0.431578
1617 -0.386477
1618 -0.407471
1619 -0.438786
1620 -0.374155
1621 -0.517887
1622 -0.571412
1623 -0.551204
1624 -0.426532
1625 -0.448226
1626 -0.4854
1627 -0.452193
1628 -0.449067
1629 -0.48952
1630 -0.463228
1631 -0.446822
1632 -0.361192
1633 -0.440886
1634 -0.442328
1635 -0.3984
1636 -0.33052
1637 -0.393198
1638 -0.419657
1639 -0.426868
1640 -0.480853
1641 -0.498526
1642 -0.453134
1643 -0.499672
1644 -0.557816
1645 -0.548297
1646 -0.531563
1647 -0.560666
1648 -0.473798
1649 -0.381718
1650 -0.447181
1651 -0.389763
1652 -0.482575
1653 -0.377834
1654 -0.360039
1655 -0.406789
1656 -0.40204
1657 -0.379051
1658 -0.375649
1659 -0.358736
1660 -0.428946
1661 -0.479388
1662 -0.433173
1663 -0.466933
1664 -0.419553
1665 -0.373767
1666 -0.376822
1667 -0.44461
1668 -0.425236
1669 -0.41373
1670 -0.409579
1671 -0.351721
1672 -0.366829
1673 -0.427429
1674 -0.464328
1675 -0.459937
1676 -0.370584
1677 -0.387301
1678 -0.361201
1679 -0.430277
1680 -0.440552
1681 -0.384894
1682 -0.366186
1683 -0.409546
1684 -0.423206
1685 -0.435497
1686 -0.388707
1687 -0.437172
1688 -0.393486
1689 -0.309693
1690 -0.357946
1691 -0.355355
1692 -0.462576
1693 -0.403006
1694 -0.38671
1695 -0.355933
1696 -0.354974
1697 -0.440176
1698 -0.426945
1699 -0.358479
1700 -0.405864
1701 -0.365674
1702 -0.337514
1703 -0.378818
1704 -0.373673
1705 -0.433794
1706 -0.459967
1707 -0.486171
1708 -0.524183
1709 -0.512241
1710 -0.522057
1711 -0.44202
1712 -0.428393
1713 -0.351429
1714 -0.437863
1715 -0.523312
1716 -0.403567
1717 -0.521553
1718 -0.44534
1719 -0.423082
1720 -0.391432
1721 -0.440261
1722 -0.440701
1723 -0.407876
1724 -0.380747
1725 -0.354957
1726 -0.483774
1727 -0.470215
1728 -0.39691
1729 -0.491372
1730 -0.493075
1731 -0.501589
1732 -0.536911
1733 -0.456627
1734 -0.450102
1735 -0.429257
1736 -0.444778
1737 -0.484672
1738 -0.438576
1739 -0.428902
1740 -0.452337
1741 -0.397367
1742 -0.351377
1743 -0.374038
1744 -0.361151
1745 -0.405059
1746 -0.41518
1747 -0.408318
1748 -0.454301
1749 -0.450185
1750 -0.448874
1751 -0.409219
1752 -0.351322
1753 -0.453726
1754 -0.450971
1755 -0.459585
1756 -0.467025
1757 -0.37548
1758 -0.31967
1759 -0.358503
1760 -0.378015
1761 -0.341786
1762 -0.371987
1763 -0.433666
1764 -0.451649
1765 -0.442847
1766 -0.397058
1767 -0.4068
1768 -0.375204
1769 -0.35838
1770 -0.36331
1771 -0.397087
1772 -0.421608
1773 -0.357422
1774 -0.435115
1775 -0.386789
1776 -0.506359
1777 -0.38532
1778 -0.375263
1779 -0.361454
1780 -0.396554
1781 -0.371231
1782 -0.314945
1783 -0.324553
1784 -0.372693
1785 -0.327037
1786 -0.272118
1787 -0.329931
1788 -0.329669
1789 -0.34414
1790 -0.266424
1791 -0.30353
1792 -0.321527
1793 -0.375027
1794 -0.335971
1795 -0.387135
1796 -0.368327
1797 -0.366928
1798 -0.36143
1799 -0.373683
1800 -0.375086
1801 -0.42653
1802 -0.444403
1803 -0.562388
1804 -0.521289
1805 -0.508712
1806 -0.458182
1807 -0.438009
1808 -0.459517
1809 -0.495341
1810 -0.428241
1811 -0.374678
1812 -0.431677
1813 -0.455128
1814 -0.434277
1815 -0.399525
1816 -0.352221
1817 -0.406459
1818 -0.378031
1819 -0.475139
1820 -0.529828
1821 -0.466208
1822 -0.404759
1823 -0.443222
1824 -0.427754
1825 -0.40814
1826 -0.371873
1827 -0.368681
1828 -0.371124
1829 -0.380206
1830 -0.35498
1831 -0.36902
1832 -0.425194
1833 -0.335549
1834 -0.435095
1835 -0.457748
1836 -0.49325
1837 -0.40195
1838 -0.415032
1839 -0.457742
1840 -0.383219
1841 -0.3643
1842 -0.332977
1843 -0.42715
1844 -0.489288
1845 -0.536659
1846 -0.516881
1847 -0.4963
1848 -0.456852
1849 -0.446003
1850 -0.392806
1851 -0.402028
1852 -0.422821
1853 -0.403381
1854 -0.427599
1855 -0.399517
1856 -0.432185
1857 -0.465298
1858 -0.452126
1859 -0.474395
1860 -0.416107
1861 -0.427756
1862 -0.37735
1863 -0.312419
1864 -0.379583
1865 -0.439982
1866 -0.409323
1867 -0.422635
1868 -0.44408
1869 -0.444333
1870 -0.381617
1871 -0.461982
1872 -0.473915
1873 -0.401467
1874 -0.428643
1875 -0.377246
1876 -0.41598
1877 -0.424836
1878 -0.408046
1879 -0.462967
1880 -0.432202
1881 -0.392283
1882 -0.373416
1883 -0.337163
1884 -0.331844
1885 -0.402169
1886 -0.357584
1887 -0.366096
1888 -0.413367
1889 -0.387222
1890 -0.397225
1891 -0.444735
1892 -0.375034
1893 -0.378721
1894 -0.420555
1895 -0.41499
1896 -0.497412
1897 -0.495839
1898 -0.520957
1899 -0.475301
1900 -0.42563
1901 -0.521127
1902 -0.543669
1903 -0.5455
1904 -0.423414
1905 -0.425525
1906 -0.462414
1907 -0.403746
1908 -0.414836
1909 -0.419568
1910 -0.40465
1911 -0.379239
1912 -0.371922
1913 -0.422785
1914 -0.446729
1915 -0.486599
1916 -0.45434
1917 -0.44255
1918 -0.41573
1919 -0.373853
1920 -0.387301
1921 -0.365399
1922 -0.392944
1923 -0.403568
1924 -0.397359
1925 -0.312358
1926 -0.334264
1927 -0.433585
1928 -0.433969
1929 -0.41872
1930 -0.377162
1931 -0.36835
1932 -0.356561
1933 -0.411988
1934 -0.330357
1935 -0.295167
1936 -0.379279
1937 -0.426656
1938 -0.356027
1939 -0.374205
1940 -0.409026
1941 -0.391416
1942 -0.325138
1943 -0.36538
1944 -0.43169
1945 -0.423437
1946 -0.377343
1947 -0.448701
1948 -0.490195
1949 -0.484557
1950 -0.45976
1951 -0.506828
1952 -0.488014
1953 -0.400365
1954 -0.439894
1955 -0.416427
1956 -0.354597
1957 -0.339264
1958 -0.340943
1959 -0.297496
1960 -0.393751
1961 -0.375383
1962 -0.360877
1963 -0.427572
1964 -0.440196
1965 -0.35982
1966 -0.296396
1967 -0.324485
1968 -0.314394
1969 -0.379337
1970 -0.425755
1971 -0.345558
1972 -0.396243
1973 -0.374796
1974 -0.410274
1975 -0.361408
1976 -0.280749
1977 -0.456443
1978 -0.462006
1979 -0.390457
1980 -0.469053
1981 -0.458795
1982 -0.453274
1983 -0.435552
1984 -0.443371
1985 -0.44209
1986 -0.37531
1987 -0.406472
1988 -0.410483
1989 -0.451896
1990 -0.470961
1991 -0.437464
1992 -0.407759
1993 -0.446318
1994 -0.366622
1995 -0.32664
1996 -0.394655
1997 -0.30725
1998 -0.350082
1999 -0.314846
2000 -0.354853
2001 -0.346079
2002 -0.419321
2003 -0.339634
2004 -0.338067
2005 -0.361027
2006 -0.392977
2007 -0.406504
2008 -0.342653
2009 -0.329231
2010 -0.330071
2011 -0.428116
2012 -0.419212
2013 -0.369825
2014 -0.390213
2015 -0.392906
2016 -0.400703
2017 -0.370168
2018 -0.405505
2019 -0.350127
2020 -0.373141
2021 -0.478373
2022 -0.364548
2023 -0.360549
2024 -0.42002
2025 -0.438566
2026 -0.395134
2027 -0.336474
2028 -0.347337
2029 -0.379117
2030 -0.379135
2031 -0.434722
2032 -0.386436
2033 -0.488421
2034 -0.462145
2035 -0.475548
2036 -0.445572
2037 -0.45986
2038 -0.496551
2039 -0.403885
2040 -0.369562
2041 -0.418825
2042 -0.35184
2043 -0.339212
2044 -0.284876
2045 -0.417876
2046 -0.398417
2047 -0.352849
2048 -0.424535
2049 -0.410096
2050 -0.387364
2051 -0.471893
2052 -0.364867
2053 -0.448157
2054 -0.361435
2055 -0.419351
2056 -0.360205
2057 -0.38354
2058 -0.341356
2059 -0.385804
2060 -0.387048
2061 -0.448632
2062 -0.374748
2063 -0.400263
2064 -0.443228
2065 -0.390772
2066 -0.395042
2067 -0.397265
2068 -0.391387
2069 -0.425787
2070 -0.396901
2071 -0.347441
2072 -0.346618
2073 -0.380038
2074 -0.404223
2075 -0.421981
2076 -0.45711
2077 -0.452183
2078 -0.484645
2079 -0.444073
2080 -0.474991
2081 -0.406589
2082 -0.389565
2083 -0.437271
2084 -0.430554
2085 -0.490601
2086 -0.433618
2087 -0.419404
2088 -0.429128
2089 -0.351581
2090 -0.37966
2091 -0.40309
2092 -0.36079
2093 -0.339713
2094 -0.351131
2095 -0.44065
2096 -0.427393
2097 -0.407129
2098 -0.390036
2099 -0.385572
2100 -0.415982
2101 -0.416557
2102 -0.415449
2103 -0.359033
2104 -0.420818
2105 -0.3622
2106 -0.398899
2107 -0.38378
2108 -0.393618
2109 -0.406481
2110 -0.475971
2111 -0.47682
2112 -0.498927
2113 -0.406038
2114 -0.432453
2115 -0.361666
2116 -0.388023
2117 -0.315294
2118 -0.343459
2119 -0.37011
2120 -0.412951
2121 -0.423521
2122 -0.384613
2123 -0.344685
2124 -0.341958
2125 -0.368355
2126 -0.316313
2127 -0.33664
2128 -0.358456
2129 -0.370276
2130 -0.377089
2131 -0.39217
2132 -0.439454
2133 -0.430066
2134 -0.420811
2135 -0.446359
2136 -0.432896
2137 -0.412925
2138 -0.390098
2139 -0.432914
2140 -0.508545
2141 -0.480802
2142 -0.434584
2143 -0.437037
2144 -0.439461
2145 -0.44635
2146 -0.436778
2147 -0.426688
2148 -0.486257
2149 -0.482607
2150 -0.427768
2151 -0.447243
2152 -0.428368
2153 -0.41003
2154 -0.436291
2155 -0.42361
2156 -0.375476
2157 -0.371477
2158 -0.416728
2159 -0.387859
2160 -0.424912
2161 -0.380905
2162 -0.436407
2163 -0.435081
2164 -0.418933
2165 -0.335637
2166 -0.435263
2167 -0.49958
2168 -0.471409
2169 -0.49469
2170 -0.408087
2171 -0.449381
2172 -0.445382
2173 -0.39317
2174 -0.455377
2175 -0.435466
2176 -0.393292
2177 -0.37862
2178 -0.420418
2179 -0.351434
2180 -0.345929
2181 -0.348032
2182 -0.366767
2183 -0.398552
2184 -0.467337
2185 -0.449563
2186 -0.48055
2187 -0.479338
2188 -0.465756
2189 -0.45517
2190 -0.477983
2191 -0.461306
2192 -0.463934
2193 -0.444753
2194 -0.472988
2195 -0.468648
2196 -0.443608
2197 -0.436443
2198 -0.308409
2199 -0.292804
2200 -0.316529
2201 -0.325346
2202 -0.324208
2203 -0.317153
2204 -0.33397
2205 -0.44122
2206 -0.330828
2207 -0.346369
2208 -0.399736
2209 -0.339637
2210 -0.366245
2211 -0.311275
2212 -0.368099
2213 -0.352353
2214 -0.379953
2215 -0.341416
2216 -0.392181
2217 -0.437056
2218 -0.34551
2219 -0.416604
2220 -0.463195
2221 -0.478534
2222 -0.494471
2223 -0.375489
2224 -0.445879
2225 -0.395844
2226 -0.396435
2227 -0.437416
2228 -0.357312
2229 -0.39757
2230 -0.384173
2231 -0.437984
2232 -0.4358
2233 -0.38041
2234 -0.474597
2235 -0.465257
2236 -0.432051
2237 -0.438981
2238 -0.404081
2239 -0.410761
2240 -0.431313
2241 -0.435956
2242 -0.4032
2243 -0.362956
2244 -0.370995
2245 -0.344078
2246 -0.428198
2247 -0.436778
2248 -0.440738
2249 -0.35018
2250 -0.412916
2251 -0.433659
2252 -0.496564
2253 -0.497251
2254 -0.434594
2255 -0.35055
2256 -0.424951
2257 -0.413369
2258 -0.426059
2259 -0.457354
2260 -0.435502
2261 -0.405306
2262 -0.416413
2263 -0.479898
2264 -0.451062
2265 -0.471931
2266 -0.43686
2267 -0.495045
2268 -0.453191
2269 -0.398967
2270 -0.368662
2271 -0.410182
2272 -0.423394
2273 -0.436561
2274 -0.395023
2275 -0.403351
2276 -0.372742
2277 -0.340973
2278 -0.35684
2279 -0.371829
2280 -0.373108
2281 -0.448245
2282 -0.459784
2283 -0.382083
2284 -0.355787
2285 -0.352826
2286 -0.366565
2287 -0.364122
2288 -0.339454
2289 -0.316784
2290 -0.345596
2291 -0.345223
2292 -0.371045
2293 -0.399855
2294 -0.368698
2295 -0.389347
2296 -0.394783
2297 -0.354925
2298 -0.364959
2299 -0.435481
2300 -0.393698
2301 -0.433669
2302 -0.380314
2303 -0.439232
2304 -0.446972
2305 -0.427638
2306 -0.442818
2307 -0.50085
2308 -0.547221
2309 -0.474036
2310 -0.438219
2311 -0.510513
2312 -0.53364
2313 -0.441313
2314 -0.410913
2315 -0.427832
2316 -0.390772
2317 -0.386745
2318 -0.46966
2319 -0.424
2320 -0.399252
2321 -0.340541
2322 -0.324707
2323 -0.373347
2324 -0.368435
2325 -0.347598
2326 -0.401741
2327 -0.392281
2328 -0.36372
2329 -0.366838
2330 -0.439495
2331 -0.400588
2332 -0.426374
2333 -0.534229
2334 -0.418471
2335 -0.431864
2336 -0.43269
2337 -0.39918
2338 -0.447101
2339 -0.424795
2340 -0.470962
2341 -0.396461
2342 -0.376834
2343 -0.410073
2344 -0.380593
2345 -0.373237
2346 -0.326928
2347 -0.408199
2348 -0.427161
2349 -0.386699
2350 -0.352259
2351 -0.387696
2352 -0.385244
2353 -0.377741
2354 -0.349125
2355 -0.386056
2356 -0.391232
2357 -0.404739
2358 -0.391215
2359 -0.374793
2360 -0.355636
2361 -0.344844
2362 -0.354129
2363 -0.427036
2364 -0.424146
2365 -0.430651
2366 -0.421269
2367 -0.417871
2368 -0.384251
2369 -0.381747
2370 -0.35284
2371 -0.377259
2372 -0.444724
2373 -0.487187
2374 -0.466692
2375 -0.455644
2376 -0.478377
2377 -0.476624
2378 -0.416649
2379 -0.437169
2380 -0.474419
2381 -0.362236
2382 -0.340837
2383 -0.392139
2384 -0.414162
2385 -0.40355
2386 -0.408519
2387 -0.467768
2388 -0.495612
2389 -0.388243
2390 -0.44962
2391 -0.522143
2392 -0.495777
2393 -0.556697
2394 -0.507756
2395 -0.45682
2396 -0.39725
2397 -0.325456
2398 -0.312345
2399 -0.370917
2400 -0.339541
2401 -0.378044
2402 -0.334574
2403 -0.322379
2404 -0.361637
2405 -0.417304
2406 -0.44575
2407 -0.421035
2408 -0.478469
2409 -0.508138
2410 -0.454256
2411 -0.470505
2412 -0.426745
2413 -0.452452
2414 -0.408878
2415 -0.381235
2416 -0.431063
2417 -0.314957
2418 -0.366744
2419 -0.375799
2420 -0.397358
2421 -0.355685
2422 -0.355397
2423 -0.315359
2424 -0.298859
2425 -0.268526
2426 -0.300991
2427 -0.35185
2428 -0.293832
2429 -0.40868
2430 -0.445652
2431 -0.478785
2432 -0.518954
2433 -0.501517
2434 -0.517603
2435 -0.473714
2436 -0.485963
2437 -0.516911
2438 -0.525176
2439 -0.580338
2440 -0.521597
2441 -0.504307
2442 -0.476661
2443 -0.437845
2444 -0.474318
2445 -0.46856
2446 -0.510124
2447 -0.628821
2448 -0.511554
2449 -0.479774
2450 -0.460226
2451 -0.458905
2452 -0.37215
2453 -0.366225
2454 -0.414582
2455 -0.392551
2456 -0.413546
2457 -0.441443
2458 -0.47132
2459 -0.527935
2460 -0.460252
2461 -0.432334
2462 -0.401731
2463 -0.4218
2464 -0.40929
2465 -0.396105
2466 -0.448052
2467 -0.482935
2468 -0.465011
2469 -0.446155
2470 -0.435149
2471 -0.407253
2472 -0.387905
2473 -0.329875
2474 -0.365624
2475 -0.340184
2476 -0.450939
2477 -0.537239
2478 -0.583349
2479 -0.612048
2480 -0.554784
2481 -0.616909
2482 -0.54349
2483 -0.50613
2484 -0.471046
2485 -0.395097
2486 -0.385574
2487 -0.501475
2488 -0.5071
2489 -0.490516
2490 -0.323788
2491 -0.371295
2492 -0.3804
2493 -0.37926
2494 -0.438817
2495 -0.43209
2496 -0.441478
2497 -0.44385
2498 -0.517307
2499 -0.449357
2500 -0.484643
2501 -0.448606
2502 -0.523125
2503 -0.486368
2504 -0.45579
2505 -0.433678
2506 -0.379352
2507 -0.460203
2508 -0.414729
2509 -0.420357
2510 -0.490658
2511 -0.437569
2512 -0.413353
2513 -0.335274
2514 -0.437146
2515 -0.398656
2516 -0.5332
2517 -0.511176
2518 -0.528688
2519 -0.465776
2520 -0.460494
2521 -0.467025
2522 -0.46739
2523 -0.395597
2524 -0.445626
2525 -0.494749
2526 -0.454234
2527 -0.379229
2528 -0.352936
2529 -0.361631
2530 -0.421476
2531 -0.384813
2532 -0.381308
2533 -0.374989
2534 -0.333665
2535 -0.352589
2536 -0.390884
2537 -0.37865
2538 -0.360819
2539 -0.329717
2540 -0.347963
2541 -0.365944
2542 -0.394044
2543 -0.37227
2544 -0.433825
2545 -0.442855
2546 -0.455975
2547 -0.435708
2548 -0.394362
2549 -0.460269
2550 -0.447907
2551 -0.413987
2552 -0.518324
2553 -0.495397
2554 -0.420221
2555 -0.369553
2556 -0.447106
2557 -0.409863
2558 -0.442719
2559 -0.3688
2560 -0.392752
2561 -0.34415
2562 -0.444809
2563 -0.384372
2564 -0.372855
2565 -0.396736
2566 -0.419032
2567 -0.433676
2568 -0.45069
2569 -0.432204
2570 -0.370972
2571 -0.414065
2572 -0.400084
2573 -0.476805
2574 -0.465798
2575 -0.381352
2576 -0.383749
2577 -0.41848
2578 -0.37207
2579 -0.365849
2580 -0.345892
2581 -0.301784
2582 -0.430688
2583 -0.480568
2584 -0.407726
2585 -0.396616
2586 -0.425394
2587 -0.406387
2588 -0.415189
2589 -0.400017
2590 -0.381648
2591 -0.380944
2592 -0.434581
2593 -0.414668
2594 -0.354682
2595 -0.35938
2596 -0.379802
2597 -0.46243
2598 -0.402565
2599 -0.403117
2600 -0.400846
2601 -0.381784
2602 -0.405665
2603 -0.512372
2604 -0.532905
2605 -0.43751
2606 -0.4211
2607 -0.502424
2608 -0.444253
2609 -0.411129
2610 -0.413438
2611 -0.371676
2612 -0.386036
2613 -0.442453
2614 -0.399744
2615 -0.425117
2616 -0.417331
2617 -0.395
2618 -0.375709
2619 -0.417203
2620 -0.422226
2621 -0.368052
2622 -0.340571
2623 -0.365592
2624 -0.35283
2625 -0.382409
2626 -0.330564
2627 -0.373257
2628 -0.425287
2629 -0.417014
2630 -0.37876
2631 -0.385257
2632 -0.329449
2633 -0.393622
2634 -0.420472
2635 -0.378875
2636 -0.433897
2637 -0.412218
2638 -0.380103
2639 -0.449375
2640 -0.41789
2641 -0.369917
2642 -0.399198
2643 -0.371901
2644 -0.338872
2645 -0.405788
2646 -0.40854
2647 -0.421266
2648 -0.420481
2649 -0.375349
2650 -0.358266
2651 -0.340886
2652 -0.380195
2653 -0.487241
2654 -0.48793
2655 -0.522846
2656 -0.460836
2657 -0.391898
2658 -0.43226
2659 -0.42161
2660 -0.428181
2661 -0.409781
2662 -0.361407
2663 -0.42332
2664 -0.49101
2665 -0.467047
2666 -0.435588
2667 -0.420072
2668 -0.413192
2669 -0.451024
2670 -0.517891
2671 -0.45515
2672 -0.43579
2673 -0.495059
2674 -0.403554
2675 -0.311218
2676 -0.388205
2677 -0.352014
2678 -0.4089
2679 -0.298842
2680 -0.436953
2681 -0.415339
2682 -0.41492
2683 -0.408352
2684 -0.47165
2685 -0.442436
2686 -0.418825
2687 -0.381137
2688 -0.384341
2689 -0.450362
2690 -0.3741
2691 -0.343854
2692 -0.374237
2693 -0.31382
2694 -0.370644
2695 -0.359464
2696 -0.397038
2697 -0.35931
2698 -0.35344
2699 -0.384919
2700 -0.404073
2701 -0.370139
2702 -0.435969
2703 -0.366831
2704 -0.321281
2705 -0.384864
2706 -0.457529
2707 -0.477073
2708 -0.467242
2709 -0.467482
2710 -0.430264
2711 -0.419493
2712 -0.404428
2713 -0.394283
2714 -0.369099
2715 -0.353715
2716 -0.370856
2717 -0.395486
2718 -0.381547
2719 -0.418868
2720 -0.421853
2721 -0.468656
2722 -0.454789
2723 -0.352443
2724 -0.383319
2725 -0.485941
2726 -0.424084
2727 -0.443345
2728 -0.440271
2729 -0.379314
2730 -0.3824
2731 -0.402514
2732 -0.432889
2733 -0.454024
2734 -0.453115
2735 -0.420537
2736 -0.380752
2737 -0.385098
2738 -0.416352
2739 -0.394807
2740 -0.292441
2741 -0.265634
2742 -0.321596
2743 -0.419073
2744 -0.454405
2745 -0.361495
2746 -0.432675
2747 -0.443227
2748 -0.397734
2749 -0.364784
2750 -0.40586
2751 -0.399698
2752 -0.339874
2753 -0.385442
2754 -0.401553
2755 -0.422373
2756 -0.365037
2757 -0.471445
2758 -0.471387
2759 -0.469597
2760 -0.476858
2761 -0.441181
2762 -0.515912
2763 -0.494867
2764 -0.385947
2765 -0.479195
2766 -0.508645
2767 -0.554905
2768 -0.532817
2769 -0.438141
2770 -0.413893
2771 -0.379945
2772 -0.432329
2773 -0.377843
2774 -0.39064
2775 -0.317245
2776 -0.371994
2777 -0.305172
2778 -0.355967
2779 -0.410413
2780 -0.421589
2781 -0.343188
2782 -0.357817
2783 -0.405462
2784 -0.44981
2785 -0.525273
2786 -0.498397
2787 -0.458861
2788 -0.441783
2789 -0.515099
2790 -0.481842
2791 -0.544563
2792 -0.514391
2793 -0.454819
2794 -0.485774
2795 -0.509855
2796 -0.551264
2797 -0.515653
2798 -0.462091
2799 -0.389837
2800 -0.408939
2801 -0.396308
2802 -0.395188
2803 -0.425682
2804 -0.405856
2805 -0.410167
2806 -0.439303
2807 -0.459095
2808 -0.389447
2809 -0.403992
2810 -0.402038
2811 -0.369167
2812 -0.416602
2813 -0.388848
2814 -0.328447
2815 -0.312068
2816 -0.329937
2817 -0.416925
2818 -0.350663
2819 -0.405819
2820 -0.417268
2821 -0.301056
2822 -0.303465
2823 -0.414633
2824 -0.408257
2825 -0.440279
2826 -0.393095
2827 -0.43053
2828 -0.510913
2829 -0.479984
2830 -0.423536
2831 -0.449644
2832 -0.491011
2833 -0.437405
2834 -0.439566
2835 -0.423174
2836 -0.401734
2837 -0.299981
2838 -0.339464
2839 -0.334815
2840 -0.30165
2841 -0.330245
2842 -0.431752
2843 -0.445861
2844 -0.410955
2845 -0.365143
2846 -0.324332
2847 -0.388891
2848 -0.415515
2849 -0.359942
2850 -0.372528
2851 -0.516769
2852 -0.434731
2853 -0.445408
2854 -0.451165
2855 -0.433939
2856 -0.368581
2857 -0.398704
2858 -0.427929
2859 -0.401026
2860 -0.479512
2861 -0.426011
2862 -0.317274
2863 -0.373996
2864 -0.372045
2865 -0.4483
2866 -0.437156
2867 -0.469271
2868 -0.568423
2869 -0.505266
2870 -0.444771
2871 -0.49812
2872 -0.473459
2873 -0.457087
2874 -0.509765
2875 -0.50631
2876 -0.460746
2877 -0.424638
2878 -0.419914
2879 -0.471922
2880 -0.427422
2881 -0.457069
2882 -0.443678
2883 -0.480315
2884 -0.458771
2885 -0.396661
2886 -0.463629
2887 -0.408348
2888 -0.452073
2889 -0.433135
2890 -0.394618
2891 -0.385599
2892 -0.339062
2893 -0.395763
2894 -0.398998
2895 -0.38556
2896 -0.495057
2897 -0.484726
2898 -0.45657
2899 -0.396585
2900 -0.411105
2901 -0.43735
2902 -0.397524
2903 -0.406283
2904 -0.45339
2905 -0.376713
2906 -0.376168
2907 -0.387325
2908 -0.382605
2909 -0.391804
2910 -0.380532
2911 -0.368236
2912 -0.405697
2913 -0.396336
2914 -0.353814
2915 -0.400154
2916 -0.41767
2917 -0.436851
2918 -0.457636
2919 -0.455869
2920 -0.485371
2921 -0.408402
2922 -0.380762
2923 -0.378856
2924 -0.386533
2925 -0.377749
2926 -0.362091
2927 -0.363083
2928 -0.349447
2929 -0.387743
2930 -0.424832
2931 -0.389996
2932 -0.338487
2933 -0.416307
2934 -0.446629
2935 -0.457717
2936 -0.363908
2937 -0.385543
2938 -0.404181
2939 -0.419484
2940 -0.403942
2941 -0.414412
2942 -0.504858
2943 -0.380912
2944 -0.366776
2945 -0.456423
2946 -0.462286
2947 -0.491846
2948 -0.442332
2949 -0.408956
2950 -0.362679
2951 -0.385114
2952 -0.400009
2953 -0.380248
2954 -0.324657
2955 -0.399266
2956 -0.458681
2957 -0.454355
2958 -0.417499
2959 -0.414505
2960 -0.465565
2961 -0.426064
2962 -0.448235
2963 -0.3964
2964 -0.389315
2965 -0.448371
2966 -0.519385
2967 -0.402491
2968 -0.37523
2969 -0.414968
2970 -0.379591
2971 -0.368745
2972 -0.371344
2973 -0.3416
2974 -0.404982
2975 -0.457331
2976 -0.435574
2977 -0.403556
2978 -0.459047
2979 -0.444323
2980 -0.445846
2981 -0.378163
2982 -0.442736
2983 -0.402433
2984 -0.384004
2985 -0.502507
2986 -0.408876
2987 -0.446644
2988 -0.462545
2989 -0.511947
2990 -0.461474
2991 -0.497336
2992 -0.542544
2993 -0.552193
2994 -0.49227
2995 -0.455493
2996 -0.450631
2997 -0.399731
2998 -0.400762
2999 -0.445288
3000 -0.464805
