1 0.046615
2 0.054076
3 0.0710393
4 0.0604339
5 0.056412
6 0.052219
7 0.0431856
8 0.042511
9 0.0547096
10 0.0430829
11 0.0431967
12 0.0532
13 0.0494155
14 0.0462133
15 0.0458763
16 0.0539344
17 0.0470679
18 0.0408245
19 0.0517193
20 0.0683711
21 0.0487232
22 0.0739495
23 0.0533199
24 0.0531477
25 0.0534741
26 0.0472393
27 0.0494603
28 0.0457785
29 0.0412246
30 0.0403504
31 0.0506909
32 0.0403721
33 0.0602305
34 0.0656442
35 0.0543576
36 0.0891778
37 0.0856934
38 0.0709558
39 0.0505078
40 0.0452995
41 0.0621093
42 0.045365
43 0.0420157
44 0.0626274
45 0.0728571
46 0.0564171
47 0.0387043
48 0.0596273
49 0.0608938
50 0.0518515
51 0.0505033
52 0.0413598
53 0.0343557
54 0.0498537
55 0.0526444
56 0.0541274
57 0.0576481
58 0.0519932
59 0.0536838
60 0.0590286
61 0.0446293
62 0.0410011
63 0.0494793
64 0.0573536
65 0.0460573
66 0.0478695
67 0.0378602
68 0.036369
69 0.0463201
70 0.0558548
71 0.0485031
72 0.0394127
73 0.0389979
74 0.0376132
75 0.0460723
76 0.0539303
77 0.0451349
78 0.0548953
79 0.0606393
80 0.0561167
81 0.0654349
82 0.0594897
83 0.0672134
84 0.0428308
85 0.0454659
86 0.0548257
87 0.0494938
88 0.0458881
89 0.0561161
90 0.0579563
91 0.0479952
92 0.0399645
93 0.0401267
94 0.0488925
95 0.0523339
96 0.0431235
97 0.0552806
98 0.0520834
99 0.0552667
100 0.0609493
101 0.0455363
102 0.0443081
103 0.0497557
104 0.0650055
105 0.0639024
106 0.0530831
107 0.0441811
108 0.0470307
109 0.052693
110 0.0559897
111 0.0787963
112 0.0633359
113 0.0393852
114 0.0493763
115 0.0478273
116 0.0632665
117 0.0582225
118 0.0514903
119 0.0322664
120 0.0498906
121 0.0424363
122 0.0512488
123 0.0582589
124 0.044926
125 0.0647887
126 0.0563831
127 0.0559512
128 0.0530746
129 0.0498078
130 0.0608005
131 0.0537957
132 0.0561864
133 0.0459684
134 0.0419361
135 0.0568721
136 0.0474316
137 0.0572491
138 0.0664023
139 0.0573396
140 0.0686191
141 0.0487401
142 0.0547022
143 0.0443991
144 0.0441765
145 0.0426068
146 0.0414102
147 0.0504427
148 0.050479
149 0.0337961
150 0.0339452
151 0.0471267
152 0.0556992
153 0.0491936
154 0.0482898
155 0.0462372
156 0.0448571
157 0.0515041
158 0.0487941
159 0.0568412
160 0.0418886
161 0.0521872
162 0.0441617
163 0.0466908
164 0.0441278
165 0.0551251
166 0.0580901
167 0.0390974
168 0.0469108
169 0.054021
170 0.0454804
171 0.0422464
172 0.0398894
173 0.0535512
174 0.0629204
175 0.0521698
176 0.0441667
177 0.0451844
178 0.0594915
179 0.052982
180 0.047537
181 0.0486518
182 0.0475171
183 0.0599432
184 0.0521637
185 0.0476637
186 0.0450048
187 0.0466838
188 0.0435265
189 0.0597277
190 0.0421248
191 0.0709567
192 0.0630527
193 0.0612559
194 0.0538221
195 0.0587082
196 0.0415547
197 0.0525561
198 0.0491129
199 0.0403049
200 0.0447908
201 0.0551852
202 0.049082
203 0.0387118
204 0.0503669
205 0.0453715
206 0.0411718
207 0.0443603
208 0.0414798
209 0.0382124
210 0.0324659
211 0.0337578
212 0.0431632
213 0.0516559
214 0.0473857
215 0.0474302
216 0.0543661
217 0.050226
218 0.0412175
219 0.0470157
220 0.0396011
221 0.0548848
222 0.046627
223 0.0488158
224 0.0490609
225 0.0583274
226 0.0436107
227 0.0381229
228 0.0328388
229 0.0549873
230 0.0439339
231 0.0470561
232 0.0526062
233 0.0373983
234 0.0445005
235 0.0380593
236 0.0445585
237 0.0557852
238 0.0435307
239 0.040823
240 0.0413148
241 0.0515889
242 0.0480194
243 0.0541092
244 0.0525315
245 0.0499603
246 0.0589899
247 0.0525813
248 0.0419762
249 0.0674914
250 0.0436588
251 0.0398286
252 0.0469799
253 0.0353338
254 0.0406594
255 0.0439718
256 0.0437348
257 0.0525712
258 0.0469869
259 0.0452735
260 0.0462779
261 0.0431312
262 0.0609444
263 0.0456209
264 0.0575574
265 0.0528893
266 0.0482416
267 0.0403608
268 0.0524364
269 0.0458056
270 0.0506486
271 0.0506617
272 0.0557221
273 0.0394797
274 0.0444591
275 0.0354338
276 0.0465861
277 0.045534
278 0.0519621
279 0.0658195
280 0.0532561
281 0.0500206
282 0.0451792
283 0.0476639
284 0.0453969
285 0.043198
286 0.0720412
287 0.051975
288 0.0439538
289 0.0390577
290 0.0436373
291 0.061836
292 0.0504358
293 0.0504722
294 0.0565803
295 0.0449081
296 0.0462423
297 0.0508467
298 0.0494966
299 0.0401935
300 0.0334966
301 0.0427041
302 0.0344129
303 0.0414321
304 0.0434425
305 0.0456321
306 0.0407793
307 0.04684
308 0.0532387
309 0.0562836
310 0.0591055
311 0.0628627
312 0.0573075
313 0.0497442
314 0.0393895
315 0.0607546
316 0.0471906
317 0.0552734
318 0.0598864
319 0.0530514
320 0.0462483
321 0.0513501
322 0.0577714
323 0.0630824
324 0.0479273
325 0.0575167
326 0.044232
327 0.0467934
328 0.0529962
329 0.0462208
330 0.0615137
331 0.0560463
332 0.0558555
333 0.0472901
334 0.049939
335 0.0385226
336 0.0417966
337 0.0503007
338 0.0464303
339 0.0715448
340 0.0627718
341 0.0542069
342 0.0407516
343 0.0433277
344 0.0466901
345 0.0550646
346 0.0551035
347 0.0504593
348 0.0621566
349 0.0677966
350 0.0428381
351 0.0491165
352 0.0504408
353 0.0530243
354 0.0689094
355 0.0659859
356 0.064133
357 0.0508964
358 0.0434563
359 0.0439405
360 0.0405445
361 0.0571056
362 0.0473712
363 0.0509474
364 0.0425613
365 0.0431266
366 0.0385949
367 0.0623695
368 0.0572286
369 0.0653088
370 0.0492341
371 0.0473184
372 0.0440531
373 0.0463956
374 0.0494665
375 0.0508653
376 0.0546438
377 0.0565102
378 0.0568612
379 0.0511046
380 0.0396334
381 0.037762
382 0.0460973
383 0.052826
384 0.0438825
385 0.066971
386 0.0610984
387 0.054574
388 0.0495888
389 0.0531886
390 0.0541388
391 0.0458604
392 0.055019
393 0.0413366
394 0.0470404
395 0.0555329
396 0.0592901
397 0.0521363
398 0.0574712
399 0.0613136
400 0.0537042
401 0.0410987
402 0.0430245
403 0.0547325
404 0.0549329
405 0.0501567
406 0.0396173
407 0.046296
408 0.0404413
409 0.0468083
410 0.0445712
411 0.0507563
412 0.0403751
413 0.0468066
414 0.0449769
415 0.0477603
416 0.0442749
417 0.0545266
418 0.0510596
419 0.0500342
420 0.0662925
421 0.0493778
422 0.0541431
423 0.0667859
424 0.03916
425 0.0450268
426 0.0518652
427 0.040892
428 0.0425283
429 0.0530597
430 0.0463237
431 0.064391
432 0.0644601
433 0.0518556
434 0.0567236
435 0.0424912
436 0.0386735
437 0.0437702
438 0.0475444
439 0.046179
440 0.0382439
441 0.038095
442 0.0403445
443 0.0415123
444 0.0457839
445 0.0378715
446 0.0343004
447 0.044631
448 0.0602801
449 0.0530003
450 0.0548436
451 0.0417966
452 0.0437677
453 0.0471726
454 0.0451263
455 0.0434346
456 0.0540039
457 0.040939
458 0.0625631
459 0.057058
460 0.0492363
461 0.0475767
462 0.0474342
463 0.0418053
464 0.0472646
465 0.0646754
466 0.0423019
467 0.0415309
468 0.0449969
469 0.048532
470 0.0480201
471 0.045351
472 0.0415384
473 0.0435137
474 0.041096
475 0.0458434
476 0.0449867
477 0.0465648
478 0.0517971
479 0.0488362
480 0.0471341
481 0.0563367
482 0.0615174
483 0.0600663
484 0.0608448
485 0.0601151
486 0.0574492
487 0.0602199
488 0.0384792
489 0.043272
490 0.0539897
491 0.0552245
492 0.0504864
493 0.0422324
494 0.0513854
495 0.0530212
496 0.0476342
497 0.0426164
498 0.0560583
499 0.043147
500 0.065572
501 0.0658431
502 0.0604771
503 0.0656892
504 0.042804
505 0.0487298
506 0.0647091
507 0.0479494
508 0.0463266
509 0.050271
510 0.0453112
511 0.0355655
512 0.0528024
513 0.0409776
514 0.0440072
515 0.0444406
516 0.0516943
517 0.0463709
518 0.0457559
519 0.0439731
520 0.0537874
521 0.0504201
522 0.0399158
523 0.0560733
524 0.0483738
525 0.0395893
526 0.0501907
527 0.0357389
528 0.0494771
529 0.0378172
530 0.0439379
531 0.0464921
532 0.0641389
533 0.0537016
534 0.0523591
535 0.0516949
536 0.0715837
537 0.050166
538 0.050744
539 0.0576281
540 0.0455266
541 0.056815
542 0.0563165
543 0.0527507
544 0.0441192
545 0.0392555
546 0.0407927
547 0.0554606
548 0.053838
549 0.0479992
550 0.0618626
551 0.0428471
552 0.0409515
553 0.0704479
554 0.0604695
555 0.0602644
556 0.0577742
557 0.0529705
558 0.0466647
559 0.0385458
560 0.0630007
561 0.054464
562 0.0432178
563 0.0496301
564 0.0711313
565 0.0517094
566 0.0648607
567 0.0557069
568 0.051616
569 0.044026
570 0.0575904
571 0.0597733
572 0.042571
573 0.0440686
574 0.0578125
575 0.0479135
576 0.0554893
577 0.0653465
578 0.0587092
579 0.0540204
580 0.0545716
581 0.0443232
582 0.041067
583 0.049641
584 0.0584132
585 0.0644275
586 0.0471193
587 0.0625265
588 0.0514441
589 0.0475547
590 0.0577492
591 0.0466231
592 0.0419485
593 0.043013
594 0.0504527
595 0.0451203
596 0.0680835
597 0.0527489
598 0.0512362
599 0.0460352
600 0.0465482
601 0.0538468
602 0.051565
603 0.0459032
604 0.0453002
605 0.0583456
606 0.0509709
607 0.061314
608 0.0455041
609 0.0377815
610 0.0528531
611 0.0505935
612 0.0624003
613 0.0623125
614 0.0499851
615 0.0531242
616 0.0456005
617 0.0487661
618 0.0492193
619 0.0564219
620 0.0462799
621 0.0524327
622 0.0457826
623 0.0443322
624 0.0514373
625 0.04774
626 0.0394076
627 0.0407329
628 0.0424224
629 0.0464026
630 0.046777
631 0.0485356
632 0.0512755
633 0.0451848
634 0.042515
635 0.0462913
636 0.0404862
637 0.0385174
638 0.0412393
639 0.0489859
640 0.0568859
641 0.0578488
642 0.0501993
643 0.0480808
644 0.0476939
645 0.052464
646 0.0462217
647 0.0562121
648 0.0404437
649 0.0386673
650 0.049904
651 0.0495608
652 0.0495649
653 0.040864
654 0.0547484
655 0.0456036
656 0.0438446
657 0.0604978
658 0.0529564
659 0.0583151
660 0.0578025
661 0.0472449
662 0.05969
663 0.0563198
664 0.0676704
665 0.0465895
666 0.0379819
667 0.0437485
668 0.0429449
669 0.0467563
670 0.0369421
671 0.0431096
672 0.0374621
673 0.0450165
674 0.0507862
675 0.0500434
676 0.0546997
677 0.0472048
678 0.049915
679 0.0471279
680 0.0607442
681 0.0562732
682 0.0619066
683 0.0614339
684 0.0606767
685 0.0587109
686 0.0739853
687 0.0630825
688 0.047424
689 0.0590481
690 0.0623994
691 0.0478685
692 0.0512003
693 0.0433828
694 0.0456923
695 0.0497398
696 0.045562
697 0.0545807
698 0.0466594
699 0.0410779
700 0.0427707
701 0.0647322
702 0.0566447
703 0.0492433
704 0.0447642
705 0.0403959
706 0.0399487
707 0.045869
708 0.0477965
709 0.0444997
710 0.057382
711 0.0677429
712 0.0471123
713 0.059081
714 0.0506385
715 0.0330857
716 0.0312204
717 0.0447951
718 0.0620765
719 0.0595129
720 0.0449435
721 0.0486883
722 0.0431513
723 0.0405289
724 0.0558457
725 0.045633
726 0.0524414
727 0.0487311
728 0.0453702
729 0.0405136
730 0.0370207
731 0.0535959
732 0.0657829
733 0.0740602
734 0.0525478
735 0.0572303
736 0.0597992
737 0.045358
738 0.0423988
739 0.053551
740 0.0627894
741 0.0457402
742 0.0536112
743 0.0513034
744 0.0704134
745 0.0718
746 0.056348
747 0.0481853
748 0.0565519
749 0.0399624
750 0.0438753
751 0.0436298
752 0.045916
753 0.0408891
754 0.0515941
755 0.0433888
756 0.0436909
757 0.0449483
758 0.0516369
759 0.0595634
760 0.0547533
761 0.0672426
762 0.0468287
763 0.0535314
764 0.0570899
765 0.0603563
766 0.0570647
767 0.0456196
768 0.0481356
769 0.0490328
770 0.0535334
771 0.0449419
772 0.0454854
773 0.0498491
774 0.0430765
775 0.0395774
776 0.0469037
777 0.044358
778 0.0443426
779 0.0484305
780 0.0562333
781 0.0505245
782 0.0495165
783 0.0596945
784 0.0519259
785 0.0440858
786 0.0420496
787 0.0504141
788 0.0439449
789 0.0424949
790 0.0354519
791 0.0538172
792 0.0447349
793 0.074759
794 0.0485739
795 0.0549328
796 0.0543782
797 0.0528584
798 0.0415052
799 0.0389437
800 0.0501498
801 0.0442391
802 0.0368413
803 0.0510146
804 0.0660485
805 0.0568895
806 0.0731514
807 0.0458037
808 0.0556738
809 0.0387916
810 0.0459557
811 0.061869
812 0.0494714
813 0.048199
814 0.0531073
815 0.0366609
816 0.0435095
817 0.0437365
818 0.0696584
819 0.0583734
820 0.0534994
821 0.0483743
822 0.0638803
823 0.0491496
824 0.054665
825 0.050891
826 0.0538609
827 0.049083
828 0.0468532
829 0.0395449
830 0.0526239
831 0.05451
832 0.0493424
833 0.0478729
834 0.0417808
835 0.0424393
836 0.0359
837 0.049449
838 0.0427477
839 0.0498733
840 0.0437272
841 0.0533446
842 0.0500193
843 0.0583495
844 0.0573407
845 0.0428095
846 0.0421285
847 0.0485488
848 0.0383021
849 0.0412366
850 0.0494715
851 0.0441453
852 0.0469435
853 0.0439005
854 0.0495729
855 0.0451962
856 0.0517408
857 0.0435758
858 0.043568
859 0.0565586
860 0.0415695
861 0.0384077
862 0.0473909
863 0.0356835
864 0.0470558
865 0.0509566
866 0.0461768
867 0.043726
868 0.0525628
869 0.0517428
870 0.0408148
871 0.046767
872 0.0420006
873 0.0424073
874 0.0388112
875 0.0418548
876 0.0368823
877 0.0455388
878 0.0509581
879 0.0471786
880 0.0527948
881 0.0580441
882 0.0575163
883 0.0558641
884 0.0365689
885 0.0520762
886 0.0540747
887 0.0452023
888 0.0464043
889 0.0508888
890 0.0440737
891 0.037481
892 0.0466924
893 0.0544424
894 0.0419297
895 0.0342369
896 0.0352843
897 0.0463575
898 0.0552946
899 0.0482834
900 0.0602559
901 0.045057
902 0.0410906
903 0.0440537
904 0.0454558
905 0.0502396
906 0.0522359
907 0.057589
908 0.0563395
909 0.0572285
910 0.0525222
911 0.0552272
912 0.0580741
913 0.067278
914 0.0499851
915 0.0425863
916 0.0431206
917 0.0576083
918 0.06241
919 0.047239
920 0.0496185
921 0.0454665
922 0.044803
923 0.0414858
924 0.0484424
925 0.0514098
926 0.0588641
927 0.0560636
928 0.0577696
929 0.051675
930 0.045327
931 0.0511135
932 0.0489569
933 0.0515651
934 0.0420935
935 0.0517126
936 0.0424729
937 0.0426438
938 0.037685
939 0.0391995
940 0.0520658
941 0.0737738
942 0.0655906
943 0.0619567
944 0.0495688
945 0.0627204
946 0.0530783
947 0.0592601
948 0.0485534
949 0.0414221
950 0.0478209
951 0.0381182
952 0.0541841
953 0.0448728
954 0.0374203
955 0.0502133
956 0.0513451
957 0.0432632
958 0.0472197
959 0.0406453
960 0.0388768
961 0.0448117
962 0.04385
963 0.0475733
964 0.052438
965 0.0489804
966 0.046964
967 0.0527758
968 0.0578783
969 0.0464787
970 0.0478029
971 0.0563966
972 0.0414071
973 0.0568951
974 0.0436077
975 0.0503671
976 0.0392427
977 0.0568513
978 0.0537287
979 0.0540498
980 0.0417256
981 0.0395391
982 0.0516048
983 0.0386034
984 0.0520374
985 0.053529
986 0.0551459
987 0.0511237
988 0.0507849
989 0.0460181
990 0.0397281
991 0.0411733
992 0.0482597
993 0.0554612
994 0.0554689
995 0.0658561
996 0.0519615
997 0.0397741
998 0.0393228
999 0.0554015
1000 0.0428208
1001 0.0561251
1002 0.0490301
1003 0.0456578
1004 0.0507886
1005 0.0443527
1006 0.0436545
1007 0.042749
1008 0.0486388
1009 0.0376448
1010 0.0308604
1011 0.049434
1012 0.0500869
1013 0.0464276
1014 0.0430711
1015 0.059289
1016 0.0474849
1017 0.0677044
1018 0.0796861
1019 0.0555374
1020 0.0556073
1021 0.0551785
1022 0.0465984
1023 0.0515915
1024 0.0740212
1025 0.0513672
1026 0.0406405
1027 0.047794
1028 0.0536131
1029 0.0466625
1030 0.0545336
1031 0.0590263
1032 0.055008
1033 0.0589901
1034 0.0416794
1035 0.0521733
1036 0.0445659
1037 0.0460548
1038 0.043919
1039 0.0423769
1040 0.049422
1041 0.0460813
1042 0.0502203
1043 0.0527305
1044 0.0498934
1045 0.0422712
1046 0.0452106
1047 0.0441584
1048 0.0365423
1049 0.036417
1050 0.0495169
1051 0.0497739
1052 0.0453132
1053 0.0542685
1054 0.0580745
1055 0.0527303
1056 0.0495443
1057 0.0626887
1058 0.0580566
1059 0.0482792
1060 0.0460369
1061 0.0434419
1062 0.0546634
1063 0.046647
1064 0.0383011
1065 0.0471215
1066 0.0541033
1067 0.0492008
1068 0.0326498
1069 0.059492
1070 0.0470695
1071 0.0453607
1072 0.0573467
1073 0.0528214
1074 0.04907
1075 0.0453688
1076 0.0561181
1077 0.0506119
1078 0.0441805
1079 0.0498782
1080 0.0457361
1081 0.0548224
1082 0.0526118
1083 0.0519474
1084 0.0486738
1085 0.0513066
1086 0.0866685
1087 0.0696462
1088 0.0580946
1089 0.0529964
1090 0.042565
1091 0.0517524
1092 0.0436164
1093 0.0415974
1094 0.0377297
1095 0.0540744
1096 0.0422913
1097 0.0539051
1098 0.0464593
1099 0.0502713
1100 0.0608055
1101 0.0506377
1102 0.0631026
1103 0.0571001
1104 0.0485853
1105 0.0587071
1106 0.0585382
1107 0.051697
1108 0.0588347
1109 0.061744
1110 0.0429734
1111 0.0464106
1112 0.046474
1113 0.048364
1114 0.052286
1115 0.06107
1116 0.0440843
1117 0.0419788
1118 0.0381411
1119 0.0466142
1120 0.0491722
1121 0.0518855
1122 0.065234
1123 0.0522791
1124 0.0454899
1125 0.0418671
1126 0.0469113
1127 0.047935
1128 0.0475356
1129 0.0424044
1130 0.0502003
1131 0.0598715
1132 0.0477526
1133 0.0507064
1134 0.052137
1135 0.0419798
1136 0.0548013
1137 0.0502999
1138 0.0388671
1139 0.0484055
1140 0.0562378
1141 0.0776616
1142 0.068114
1143 0.0519624
1144 0.0495107
1145 0.0454797
1146 0.0569197
1147 0.0440299
1148 0.0491853
1149 0.0470196
1150 0.0538964
1151 0.0413146
1152 0.0369628
1153 0.0591918
1154 0.051142
1155 0.0416599
1156 0.0436178
1157 0.0545122
1158 0.0505583
1159 0.0433578
1160 0.0400963
1161 0.0325772
1162 0.0569449
1163 0.0523926
1164 0.0460784
1165 0.0421004
1166 0.0519642
1167 0.0444708
1168 0.0475263
1169 0.0465456
1170 0.0442072
1171 0.0485752
1172 0.0428378
1173 0.0504707
1174 0.0417626
1175 0.0425648
1176 0.0419636
1177 0.0403546
1178 0.0407298
1179 0.0510693
1180 0.0490566
1181 0.0454494
1182 0.0528808
1183 0.0568619
1184 0.0559956
1185 0.0457233
1186 0.0428849
1187 0.0684063
1188 0.0723201
1189 0.0761327
1190 0.0479485
1191 0.0553991
1192 0.0462336
1193 0.0526546
1194 0.0770659
1195 0.0567838
1196 0.0605475
1197 0.0585122
1198 0.046715
1199 0.0569431
1200 0.0463566
1201 0.0615732
1202 0.0627095
1203 0.063215
1204 0.0542854
1205 0.0546613
1206 0.0561193
1207 0.0527358
1208 0.0498014
1209 0.0630182
1210 0.0561407
1211 0.0577889
1212 0.0561405
1213 0.0470884
1214 0.0563174
1215 0.0583637
1216 0.0659397
1217 0.0695233
1218 0.0598795
1219 0.050791
1220 0.0634321
1221 0.0396757
1222 0.0479143
1223 0.0478351
1224 0.0567513
1225 0.0677606
1226 0.0493359
1227 0.0498296
1228 0.0433452
1229 0.0524819
1230 0.0429112
1231 0.0592497
1232 0.0523764
1233 0.0594333
1234 0.0594493
1235 0.0438049
1236 0.0567375
1237 0.0498779
1238 0.0458789
1239 0.0450926
1240 0.0523338
1241 0.0482528
1242 0.0439192
1243 0.0752323
1244 0.0571557
1245 0.0483736
1246 0.0493207
1247 0.0552667
1248 0.0503089
1249 0.0456736
1250 0.0473908
1251 0.074587
1252 0.0525842
1253 0.0541193
1254 0.0561385
1255 0.043407
1256 0.0425957
1257 0.0461057
1258 0.0607745
1259 0.053795
1260 0.0489369
1261 0.0435683
1262 0.0449414
1263 0.0473212
1264 0.0505612
1265 0.0422276
1266 0.0552171
1267 0.0687449
1268 0.0529865
1269 0.0432898
1270 0.0483951
1271 0.0504135
1272 0.0438246
1273 0.047556
1274 0.0587437
1275 0.0535912
1276 0.0430073
1277 0.038423
1278 0.0443913
1279 0.0494647
1280 0.0469172
1281 0.0524713
1282 0.0507026
1283 0.0497639
1284 0.048708
1285 0.0354175
1286 0.0484826
1287 0.0350526
1288 0.0415559
1289 0.0416807
1290 0.045297
1291 0.042273
1292 0.0473236
1293 0.0490603
1294 0.0454709
1295 0.0576089
1296 0.0504103
1297 0.03844
1298 0.047211
1299 0.0524351
1300 0.0519398
1301 0.0585536
1302 0.0447679
1303 0.0401616
1304 0.0395231
1305 0.0457938
1306 0.0572352
1307 0.0560433
1308 0.0526497
1309 0.0415084
1310 0.0466507
1311 0.0461946
1312 0.053997
1313 0.0559455
1314 0.075436
1315 0.0717668
1316 0.0674479
1317 0.0558471
1318 0.044517
1319 0.0565351
1320 0.0656361
1321 0.0560494
1322 0.0513484
1323 0.0606027
1324 0.042577
1325 0.045744
1326 0.0426175
1327 0.0680799
1328 0.0594818
1329 0.0674623
1330 0.0500822
1331 0.0514486
1332 0.0449982
1333 0.0426214
1334 0.051043
1335 0.0501227
1336 0.049689
1337 0.0430637
1338 0.0588292
1339 0.051487
1340 0.044183
1341 0.0513551
1342 0.0441025
1343 0.0477512
1344 0.0521439
1345 0.0536138
1346 0.0421919
1347 0.0475596
1348 0.0439364
1349 0.0525875
1350 0.0703573
1351 0.067586
1352 0.058712
1353 0.0492657
1354 0.0353936
1355 0.0380156
1356 0.0428142
1357 0.0379037
1358 0.0483023
1359 0.0478458
1360 0.0404707
1361 0.0543567
1362 0.0603389
1363 0.0468193
1364 0.0533434
1365 0.0492167
1366 0.0641174
1367 0.0640371
1368 0.0390658
1369 0.0504577
1370 0.0462593
1371 0.0422201
1372 0.038716
1373 0.0492659
1374 0.0522609
1375 0.0472296
1376 0.0453881
1377 0.048193
1378 0.0442739
1379 0.0499688
1380 0.069164
1381 0.0636599
1382 0.0576938
1383 0.0435865
1384 0.0458219
1385 0.042226
1386 0.0794982
1387 0.0551323
1388 0.0478251
1389 0.054532
1390 0.0601615
1391 0.0404214
1392 0.0383974
1393 0.0353238
1394 0.0513811
1395 0.0330837
1396 0.0366505
1397 0.0355132
1398 0.0401301
1399 0.0413279
1400 0.0419026
1401 0.0367168
1402 0.0428296
1403 0.0407861
1404 0.0453678
1405 0.0429551
1406 0.0514155
1407 0.0701404
1408 0.0474156
1409 0.0548762
1410 0.0408783
1411 0.0409552
1412 0.0533795
1413 0.0481602
1414 0.0485797
1415 0.0486602
1416 0.0533434
1417 0.0540888
1418 0.056442
1419 0.0625969
1420 0.050049
1421 0.0470672
1422 0.0470254
1423 0.0623219
1424 0.0399874
1425 0.0395292
1426 0.0648826
1427 0.0600776
1428 0.0450852
1429 0.0434467
1430 0.0572498
1431 0.0637327
1432 0.0463175
1433 0.0360213
1434 0.0357888
1435 0.0405803
1436 0.0415685
1437 0.0540895
1438 0.0660904
1439 0.0551528
1440 0.0434246
1441 0.0468472
1442 0.0460363
1443 0.0448842
1444 0.0461152
1445 0.0411187
1446 0.0419503
1447 0.0537242
1448 0.0482129
1449 0.0511994
1450 0.0401302
1451 0.0474125
1452 0.0408157
1453 0.0492267
1454 0.0433299
1455 0.0453157
1456 0.0452594
1457 0.0440094
1458 0.0544621
1459 0.0497229
1460 0.0360654
1461 0.0400286
1462 0.0580031
1463 0.0520472
1464 0.0506507
1465 0.050321
1466 0.0614053
1467 0.0509624
1468 0.0530776
1469 0.0520177
1470 0.0506659
1471 0.0559846
1472 0.0443971
1473 0.0413633
1474 0.0594771
1475 0.0514714
1476 0.050771
1477 0.0468896
1478 0.0445833
1479 0.0494155
1480 0.0372465
1481 0.0527861
1482 0.0484954
1483 0.0466509
1484 0.0478018
1485 0.0513621
1486 0.0570854
1487 0.042775
1488 0.0438053
1489 0.043584
1490 0.0396456
1491 0.0468547
1492 0.0424831
1493 0.0483997
1494 0.0448569
1495 0.0503825
1496 0.04281
1497 0.0432187
1498 0.0528819
1499 0.0501021
1500 0.0390149
1501 0.0605197
1502 0.0688178
1503 0.0783745
1504 0.0478788
1505 0.0533796
1506 0.0447346
1507 0.0518097
1508 0.0518756
1509 0.0383712
1510 0.0388284
1511 0.0427017
1512 0.0451155
1513 0.0400777
1514 0.0478317
1515 0.0583883
1516 0.05385
1517 0.0462088
1518 0.0384632
1519 0.0474874
1520 0.0495982
1521 0.0512434
1522 0.0442917
1523 0.0490124
1524 0.050958
1525 0.0599748
1526 0.0576639
1527 0.0456068
1528 0.0385672
1529 0.0502174
1530 0.0460922
1531 0.0380699
1532 0.0410727
1533 0.0724381
1534 0.0475848
1535 0.0430307
1536 0.0429015
1537 0.0387358
1538 0.0554535
1539 0.0623935
1540 0.0481311
1541 0.0480457
1542 0.0452425
1543 0.0391608
1544 0.0456467
1545 0.0443058
1546 0.0482394
1547 0.0454871
1548 0.0499514
1549 0.0458478
1550 0.0470277
1551 0.0694004
1552 0.0703998
1553 0.0449141
1554 0.0469768
1555 0.0527459
1556 0.0564176
1557 0.0515
1558 0.0503359
1559 0.0406922
1560 0.0467565
1561 0.0386106
1562 0.040878
1563 0.0420787
1564 0.0436562
1565 0.0603748
1566 0.0532016
1567 0.0546221
1568 0.0354533
1569 0.0370405
1570 0.0368389
1571 0.0375092
1572 0.0350696
1573 0.0448529
1574 0.0454831
1575 0.0528445
1576 0.0425863
1577 0.0503481
1578 0.0396406
1579 0.0425064
1580 0.0423166
1581 0.0595083
1582 0.0504618
1583 0.0531479
1584 0.0453159
1585 0.0457971
1586 0.0642076
1587 0.052794
1588 0.0507169
1589 0.0431726
1590 0.043061
1591 0.0393912
1592 0.0512413
1593 0.0581773
1594 0.0447493
1595 0.0505537
1596 0.0683161
1597 0.0555287
1598 0.0498236
1599 0.0402926
1600 0.0420268
1601 0.0538473
1602 0.0590855
1603 0.0539124
1604 0.0435071
1605 0.0550108
1606 0.0496068
1607 0.0556465
1608 0.0517476
1609 0.0482241
1610 0.0439651
1611 0.063082
1612 0.0645799
1613 0.0728831
1614 0.0648138
1615 0.0523399
1616 0.0528752
1617 0.0472693
1618 0.0478451
1619 0.0439518
1620 0.0437372
1621 0.0412091
1622 0.045073
1623 0.0537907
1624 0.0485239
1625 0.0556779
1626 0.057435
1627 0.0422218
1628 0.0491232
1629 0.0386965
1630 0.0440621
1631 0.0508644
1632 0.0487098
1633 0.0415355
1634 0.0439985
1635 0.0461688
1636 0.0435655
1637 0.053928
1638 0.0607681
1639 0.0329248
1640 0.0609692
1641 0.0566516
1642 0.0383293
1643 0.0367155
1644 0.037892
1645 0.0441577
1646 0.065397
1647 0.0644744
1648 0.0545904
1649 0.047708
1650 0.0464526
1651 0.0562545
1652 0.0543248
1653 0.0670248
1654 0.068868
1655 0.0480275
1656 0.0657638
1657 0.0517241
1658 0.0511789
1659 0.034994
1660 0.041955
1661 0.0448854
1662 0.0509211
1663 0.0572795
1664 0.043643
1665 0.0401717
1666 0.0356987
1667 0.0465186
1668 0.0495954
1669 0.0457239
1670 0.0585692
1671 0.0440877
1672 0.0583593
1673 0.0429426
1674 0.0440157
1675 0.0448739
1676 0.0504154
1677 0.0459206
1678 0.0492112
1679 0.0520118
1680 0.0436179
1681 0.0406433
1682 0.0419648
1683 0.0429643
1684 0.041343
1685 0.0418129
1686 0.0404531
1687 0.055875
1688 0.0463254
1689 0.0428213
1690 0.0419303
1691 0.0465455
1692 0.0362251
1693 0.0379345
1694 0.0318946
1695 0.0398079
1696 0.0417812
1697 0.0433802
1698 0.0542927
1699 0.0359422
1700 0.0414384
1701 0.0487486
1702 0.0390831
1703 0.0405466
1704 0.038763
1705 0.0583362
1706 0.0488045
1707 0.0700885
1708 0.0459961
1709 0.061515
1710 0.0514538
1711 0.0503869
1712 0.0379471
1713 0.0568418
1714 0.0475911
1715 0.063914
1716 0.0443134
1717 0.0533063
1718 0.0550928
1719 0.0712048
1720 0.0561375
1721 0.0547503
1722 0.0562592
1723 0.0547005
1724 0.0472764
1725 0.0506943
1726 0.0471091
1727 0.0523092
1728 0.0547814
1729 0.0492573
1730 0.044815
1731 0.0438877
1732 0.0418799
1733 0.0489796
1734 0.0649318
1735 0.0503462
1736 0.0462366
1737 0.0414318
1738 0.0445441
1739 0.0399531
1740 0.0532035
1741 0.05881
1742 0.0636302
1743 0.0598025
1744 0.0495481
1745 0.0465247
1746 0.0451669
1747 0.0564592
1748 0.0515138
1749 0.0489436
1750 0.0469269
1751 0.0430586
1752 0.0416213
1753 0.0512669
1754 0.0479526
1755 0.0465086
1756 0.0431219
1757 0.0597966
1758 0.0578101
1759 0.0603483
1760 0.0646023
1761 0.0391553
1762 0.044034
1763 0.0663983
1764 0.0612891
1765 0.044762
1766 0.0394122
1767 0.0315958
1768 0.0310194
1769 0.0349844
1770 0.0659362
1771 0.0417491
1772 0.0548312
1773 0.0482351
1774 0.0615204
1775 0.0530244
1776 0.0698329
1777 0.0522882
1778 0.0394356
1779 0.0438002
1780 0.0473848
1781 0.0465518
1782 0.0567458
1783 0.0525403
1784 0.0449401
1785 0.0441264
1786 0.0394716
1787 0.0419839
1788 0.0347394
1789 0.0355321
1790 0.0334145
1791 0.0361185
1792 0.039617
1793 0.0396278
1794 0.0388264
1795 0.0427903
1796 0.0444363
1797 0.0399388
1798 0.0457119
1799 0.0512148
1800 0.0624517
1801 0.0406255
1802 0.0465793
1803 0.0541526
1804 0.045076
1805 0.0427465
1806 0.0359738
1807 0.0416072
1808 0.0628938
1809 0.0485229
1810 0.0461319
1811 0.0470843
1812 0.0438208
1813 0.0368284
1814 0.0481455
1815 0.047128
1816 0.0484624
1817 0.0454477
1818 0.0431432
1819 0.0580607
1820 0.0492831
1821 0.056213
1822 0.0450397
1823 0.0449928
1824 0.0509253
1825 0.0469819
1826 0.06143
1827 0.0430339
1828 0.0459833
1829 0.0470411
1830 0.0495094
1831 0.0491016
1832 0.0593575
1833 0.0406269
1834 0.055046
1835 0.057834
1836 0.0481237
1837 0.049785
1838 0.0427663
1839 0.0427911
1840 0.0456884
1841 0.0542655
1842 0.03697
1843 0.0451532
1844 0.0543169
1845 0.051103
1846 0.0453472
1847 0.0478324
1848 0.0407488
1849 0.0492115
1850 0.0445915
1851 0.0387514
1852 0.0530877
1853 0.0451916
1854 0.0549576
1855 0.0419535
1856 0.0415508
1857 0.0475349
1858 0.0473227
1859 0.04726
1860 0.0409319
1861 0.0406636
1862 0.0575372
1863 0.0375856
1864 0.0417805
1865 0.0393466
1866 0.0379802
1867 0.0533208
1868 0.0477858
1869 0.0501478
1870 0.0438414
1871 0.0413496
1872 0.0378739
1873 0.0476413
1874 0.0503491
1875 0.0399042
1876 0.0460288
1877 0.0428
1878 0.059076
1879 0.0541204
1880 0.0444797
1881 0.0429234
1882 0.0475564
1883 0.051376
1884 0.041811
1885 0.0452681
1886 0.0456596
1887 0.0471666
1888 0.0425827
1889 0.034777
1890 0.0657513
1891 0.0568491
1892 0.0479533
1893 0.0545216
1894 0.0420304
1895 0.0483077
1896 0.0580909
1897 0.0461538
1898 0.0430738
1899 0.0374688
1900 0.0473955
1901 0.0524147
1902 0.0463154
1903 0.0429949
1904 0.0455822
1905 0.0476465
1906 0.0619009
1907 0.055297
1908 0.0503744
1909 0.0472748
1910 0.0468016
1911 0.0472863
1912 0.0400219
1913 0.0458027
1914 0.0480727
1915 0.0478839
1916 0.0463912
1917 0.0414356
1918 0.0504719
1919 0.0465919
1920 0.0439064
1921 0.0448485
1922 0.041512
1923 0.0431309
1924 0.0436613
1925 0.0475346
1926 0.0530874
1927 0.0456574
1928 0.0505727
1929 0.0509509
1930 0.0426023
1931 0.0472402
1932 0.0485934
1933 0.0436637
1934 0.0451525
1935 0.0430112
1936 0.0522878
1937 0.0461481
1938 0.0421717
1939 0.0460324
1940 0.0470305
1941 0.054929
1942 0.0564663
1943 0.0424717
1944 0.0625012
1945 0.0514672
1946 0.0475403
1947 0.0511888
1948 0.0442848
1949 0.0566198
1950 0.0467376
1951 0.0395572
1952 0.0475566
1953 0.0566795
1954 0.0446111
1955 0.0443158
1956 0.0548839
1957 0.0461192
1958 0.0501029
1959 0.0455381
1960 0.0450887
1961 0.0460301
1962 0.0351738
1963 0.045673
1964 0.0446835
1965 0.0461972
1966 0.0605759
1967 0.0527462
1968 0.0477381
1969 0.0540895
1970 0.0477053
1971 0.0529195
1972 0.0411451
1973 0.0483294
1974 0.0390238
1975 0.0443114
1976 0.069493
1977 0.0411713
1978 0.0502207
1979 0.0523963
1980 0.0530759
1981 0.0608041
1982 0.0435439
1983 0.0398325
1984 0.0397654
1985 0.0399439
1986 0.0454821
1987 0.0632281
1988 0.0554466
1989 0.0696827
1990 0.0694193
1991 0.0422446
1992 0.0521703
1993 0.0453145
1994 0.0391813
1995 0.0379653
1996 0.0422111
1997 0.0413018
1998 0.0349612
1999 0.0491067
2000 0.0410052
2001 0.0443662
2002 0.0409497
2003 0.0440658
2004 0.0514787
2005 0.0544504
2006 0.0431888
2007 0.0533634
2008 0.0521001
2009 0.0486915
2010 0.0521956
2011 0.0544073
2012 0.0388546
2013 0.0554045
2014 0.0506489
2015 0.0422396
2016 0.0506215
2017 0.0592883
2018 0.0450515
2019 0.0490955
2020 0.0476194
2021 0.0481673
2022 0.0651183
2023 0.0560914
2024 0.0544081
2025 0.0583434
2026 0.0423011
2027 0.0529614
2028 0.0638708
2029 0.0465996
2030 0.0401202
2031 0.0676155
2032 0.0474889
2033 0.04167
2034 0.0387556
2035 0.0496798
2036 0.0464555
2037 0.0436734
2038 0.059244
2039 0.047732
2040 0.0434523
2041 0.0618687
2042 0.058333
2043 0.0424573
2044 0.043122
2045 0.0431702
2046 0.0504195
2047 0.0499607
2048 0.0490998
2049 0.0402644
2050 0.0395313
2051 0.0433837
2052 0.0530492
2053 0.0442958
2054 0.0498112
2055 0.0576706
2056 0.0473278
2057 0.0451485
2058 0.0477481
2059 0.049192
2060 0.0519471
2061 0.0669177
2062 0.0468693
2063 0.0517478
2064 0.0380435
2065 0.0440868
2066 0.0356875
2067 0.0481209
2068 0.0469607
2069 0.0493739
2070 0.0415966
2071 0.0437553
2072 0.0357317
2073 0.0400694
2074 0.0630409
2075 0.0596351
2076 0.056019
2077 0.046364
2078 0.0467441
2079 0.0583486
2080 0.0633711
2081 0.0564407
2082 0.0516566
2083 0.0500038
2084 0.0476365
2085 0.0593865
2086 0.0497336
2087 0.0482412
2088 0.0510711
2089 0.0476049
2090 0.0602501
2091 0.0496657
2092 0.0483652
2093 0.0539066
2094 0.0622169
2095 0.0525179
2096 0.049995
2097 0.0528813
2098 0.050845
2099 0.0430301
2100 0.0498141
2101 0.0496653
2102 0.0497601
2103 0.0415711
2104 0.0464517
2105 0.0480465
2106 0.0470545
2107 0.0512545
2108 0.0489134
2109 0.0422652
2110 0.0544976
2111 0.0646904
2112 0.0460264
2113 0.0433655
2114 0.0427416
2115 0.0415667
2116 0.0437356
2117 0.0437803
2118 0.0497523
2119 0.0391421
2120 0.0433792
2121 0.0373351
2122 0.0505523
2123 0.0517655
2124 0.0459881
2125 0.0406695
2126 0.0436437
2127 0.0428822
2128 0.0409971
2129 0.0429724
2130 0.0452636
2131 0.0538665
2132 0.0432749
2133 0.0446942
2134 0.0508764
2135 0.0462367
2136 0.0548502
2137 0.0462313
2138 0.0465663
2139 0.0516855
2140 0.0382661
2141 0.0321983
2142 0.033966
2143 0.0449577
2144 0.050368
2145 0.0414766
2146 0.0401698
2147 0.0447699
2148 0.0510319
2149 0.0473299
2150 0.0518687
2151 0.0421397
2152 0.0509131
2153 0.0521806
2154 0.0417509
2155 0.0387264
2156 0.0580784
2157 0.0660781
2158 0.0805793
2159 0.0457974
2160 0.0495517
2161 0.0644741
2162 0.042542
2163 0.0587326
2164 0.0495096
2165 0.0541187
2166 0.0462552
2167 0.0559666
2168 0.0482429
2169 0.0522357
2170 0.0491324
2171 0.0461779
2172 0.0623437
2173 0.0673594
2174 0.0397576
2175 0.0469334
2176 0.0471771
2177 0.0522008
2178 0.0583772
2179 0.0525629
2180 0.0414498
2181 0.0430121
2182 0.05085
2183 0.0420203
2184 0.0493887
2185 0.0485682
2186 0.0504008
2187 0.0566057
2188 0.0502842
2189 0.0530964
2190 0.0431412
2191 0.042496
2192 0.0526339
2193 0.053271
2194 0.0655426
2195 0.0492741
2196 0.0532601
2197 0.0413036
2198 0.042717
2199 0.0366441
2200 0.0419872
2201 0.0357551
2202 0.0547221
2203 0.0530777
2204 0.0603434
2205 0.054288
2206 0.046944
2207 0.0627831
2208 0.0593926
2209 0.0532633
2210 0.0635065
2211 0.058821
2212 0.0559447
2213 0.0519457
2214 0.0550774
2215 0.0537062
2216 0.0585751
2217 0.0502086
2218 0.0724107
2219 0.0380635
2220 0.0404333
2221 0.0518165
2222 0.0569703
2223 0.0475324
2224 0.0495897
2225 0.0439158
2226 0.0430552
2227 0.0467684
2228 0.039403
2229 0.0449849
2230 0.0387343
2231 0.0542871
2232 0.0467271
2233 0.0480188
2234 0.0431417
2235 0.0399563
2236 0.0505978
2237 0.0551334
2238 0.0506592
2239 0.056169
2240 0.0428332
2241 0.0449439
2242 0.0442146
2243 0.0427985
2244 0.05825
2245 0.0630011
2246 0.0532066
2247 0.046492
2248 0.0614506
2249 0.053006
2250 0.0497068
2251 0.0574239
2252 0.0477759
2253 0.0539547
2254 0.0520215
2255 0.0475718
2256 0.0504111
2257 0.0422022
2258 0.0586571
2259 0.0446136
2260 0.0537575
2261 0.0437103
2262 0.0410684
2263 0.0464652
2264 0.0358009
2265 0.0458848
2266 0.0476969
2267 0.0524264
2268 0.042065
2269 0.047618
2270 0.0443047
2271 0.0687976
2272 0.0490241
2273 0.0523187
2274 0.0462403
2275 0.0585235
2276 0.0481923
2277 0.0566996
2278 0.0520644
2279 0.0466792
2280 0.0627745
2281 0.0503166
2282 0.0570613
2283 0.0490495
2284 0.0451098
2285 0.0528733
2286 0.0572784
2287 0.0645206
2288 0.0539827
2289 0.0520486
2290 0.0680881
2291 0.0888093
2292 0.0671852
2293 0.0511708
2294 0.0455271
2295 0.0349453
2296 0.0358258
2297 0.0412595
2298 0.0412815
2299 0.0436341
2300 0.0467371
2301 0.040691
2302 0.0508522
2303 0.0501586
2304 0.0433063
2305 0.0568509
2306 0.0559225
2307 0.0490403
2308 0.0610242
2309 0.0566749
2310 0.0477051
2311 0.046543
2312 0.0492977
2313 0.0524946
2314 0.0637758
2315 0.0600707
2316 0.0485857
2317 0.045503
2318 0.0550467
2319 0.0427534
2320 0.0383555
2321 0.0381766
2322 0.0387269
2323 0.0484818
2324 0.0556286
2325 0.0499914
2326 0.0597192
2327 0.0633971
2328 0.0479043
2329 0.04078
2330 0.0439058
2331 0.0487023
2332 0.0399171
2333 0.0412614
2334 0.0418948
2335 0.0399489
2336 0.0471903
2337 0.0536682
2338 0.0508543
2339 0.0527966
2340 0.0486192
2341 0.0570395
2342 0.0452728
2343 0.0526873
2344 0.0560024
2345 0.057019
2346 0.0441636
2347 0.0553259
2348 0.0429981
2349 0.0497006
2350 0.0623745
2351 0.0612661
2352 0.0526528
2353 0.0409389
2354 0.0500974
2355 0.0418936
2356 0.0514442
2357 0.0616745
2358 0.0605917
2359 0.0557163
2360 0.0605771
2361 0.0472674
2362 0.0473968
2363 0.0484813
2364 0.0481598
2365 0.0328682
2366 0.0396092
2367 0.0576428
2368 0.0473491
2369 0.0461901
2370 0.0364572
2371 0.0489105
2372 0.0575588
2373 0.0490017
2374 0.0424153
2375 0.0411133
2376 0.0550974
2377 0.0421516
2378 0.0514885
2379 0.0481086
2380 0.0364673
2381 0.0646836
2382 0.0536166
2383 0.0579272
2384 0.0578042
2385 0.0509564
2386 0.0488997
2387 0.0469488
2388 0.0384025
2389 0.0748203
2390 0.0440348
2391 0.0398778
2392 0.0408888
2393 0.0438291
2394 0.0465566
2395 0.0483721
2396 0.0436579
2397 0.045571
2398 0.060593
2399 0.0529718
2400 0.0403512
2401 0.0437231
2402 0.0470791
2403 0.0606671
2404 0.0505231
2405 0.0555344
2406 0.0519639
2407 0.0483463
2408 0.0453693
2409 0.0377389
2410 0.0401633
2411 0.036826
2412 0.0459129
2413 0.0735273
2414 0.0624952
2415 0.0499773
2416 0.0528724
2417 0.0460486
2418 0.051032
2419 0.0362248
2420 0.0483367
2421 0.0484997
2422 0.0475351
2423 0.045888
2424 0.0394151
2425 0.0521301
2426 0.0526384
2427 0.0498557
2428 0.0537108
2429 0.0470476
2430 0.0416362
2431 0.0458183
2432 0.0526403
2433 0.0472965
2434 0.0460389
2435 0.0486204
2436 0.0477508
2437 0.0555281
2438 0.054392
2439 0.0781045
2440 0.062167
2441 0.0577316
2442 0.0419592
2443 0.0445263
2444 0.0475852
2445 0.0483412
2446 0.0506631
2447 0.0602441
2448 0.0500531
2449 0.0592028
2450 0.0420051
2451 0.0497163
2452 0.0354993
2453 0.0450125
2454 0.0455397
2455 0.0378374
2456 0.041592
2457 0.0469562
2458 0.0510811
2459 0.0480757
2460 0.0495455
2461 0.0415584
2462 0.046517
2463 0.0598954
2464 0.0639356
2465 0.0424925
2466 0.0422368
2467 0.0407078
2468 0.0413056
2469 0.0403449
2470 0.0443764
2471 0.0470783
2472 0.0448782
2473 0.0383228
2474 0.0663969
2475 0.0647635
2476 0.0553777
2477 0.0691836
2478 0.0535005
2479 0.0558197
2480 0.0596633
2481 0.0604142
2482 0.0583346
2483 0.057907
2484 0.0473119
2485 0.0428228
2486 0.0491693
2487 0.0367697
2488 0.037764
2489 0.0501192
2490 0.0488332
2491 0.0409249
2492 0.0541792
2493 0.0494732
2494 0.0577745
2495 0.0477002
2496 0.045961
2497 0.0521145
2498 0.042704
2499 0.0394232
2500 0.0450816
2501 0.0535359
2502 0.0548139
2503 0.0490305
2504 0.0495593
2505 0.0391125
2506 0.0645989
2507 0.0430828
2508 0.042965
2509 0.0552569
2510 0.0347443
2511 0.0502576
2512 0.0640504
2513 0.0556668
2514 0.0602783
2515 0.0463058
2516 0.0417067
2517 0.0360325
2518 0.0372172
2519 0.0450085
2520 0.0531757
2521 0.0387668
2522 0.0340191
2523 0.0355355
2524 0.0454079
2525 0.053632
2526 0.0494673
2527 0.0597805
2528 0.0471078
2529 0.047983
2530 0.0390455
2531 0.056278
2532 0.0527937
2533 0.0550643
2534 0.0459353
2535 0.0518586
2536 0.0540827
2537 0.0549876
2538 0.0550707
2539 0.0557713
2540 0.042868
2541 0.0478387
2542 0.0508267
2543 0.0513621
2544 0.0425437
2545 0.0547251
2546 0.072728
2547 0.0640252
2548 0.0804625
2549 0.0621435
2550 0.0529952
2551 0.059764
2552 0.0647608
2553 0.053037
2554 0.0479685
2555 0.0404221
2556 0.05236
2557 0.0483053
2558 0.0440574
2559 0.0567932
2560 0.0399878
2561 0.056442
2562 0.0598657
2563 0.0513394
2564 0.0379812
2565 0.0435709
2566 0.0528453
2567 0.0549723
2568 0.043366
2569 0.0597246
2570 0.0390779
2571 0.041104
2572 0.0537364
2573 0.0467845
2574 0.0417394
2575 0.0398636
2576 0.0411123
2577 0.0502969
2578 0.0581841
2579 0.0603937
2580 0.0517689
2581 0.0421433
2582 0.0358889
2583 0.0381225
2584 0.0509553
2585 0.0406306
2586 0.0482549
2587 0.0356801
2588 0.0395774
2589 0.0343486
2590 0.044823
2591 0.0654678
2592 0.0535218
2593 0.0429942
2594 0.0442392
2595 0.0438589
2596 0.0444699
2597 0.0392205
2598 0.0487336
2599 0.0485236
2600 0.0494771
2601 0.0353356
2602 0.0423467
2603 0.0466211
2604 0.0554561
2605 0.0555539
2606 0.0459922
2607 0.0448196
2608 0.0545751
2609 0.050426
2610 0.0573302
2611 0.0508991
2612 0.0577046
2613 0.0596453
2614 0.0661277
2615 0.0820907
2616 0.0706446
2617 0.0617072
2618 0.0455245
2619 0.0585195
2620 0.0581901
2621 0.0631022
2622 0.0596757
2623 0.0590231
2624 0.0568707
2625 0.0602551
2626 0.058168
2627 0.0468695
2628 0.05403
2629 0.0538561
2630 0.061026
2631 0.0572261
2632 0.0537864
2633 0.0472917
2634 0.0463687
2635 0.0520072
2636 0.0481382
2637 0.0457821
2638 0.0757032
2639 0.0541491
2640 0.0466766
2641 0.0384603
2642 0.0494162
2643 0.0560663
2644 0.0476431
2645 0.0459467
2646 0.0445833
2647 0.0566639
2648 0.0431271
2649 0.0449055
2650 0.0467236
2651 0.0444783
2652 0.0390845
2653 0.0378535
2654 0.064633
2655 0.0481224
2656 0.0466763
2657 0.062439
2658 0.0473431
2659 0.0492374
2660 0.0472412
2661 0.0493521
2662 0.0638928
2663 0.0528277
2664 0.049438
2665 0.0477374
2666 0.0569937
2667 0.049857
2668 0.0507013
2669 0.0547008
2670 0.0419057
2671 0.0368278
2672 0.0368805
2673 0.0451518
2674 0.0569068
2675 0.0575997
2676 0.0399192
2677 0.0507195
2678 0.0531655
2679 0.0535302
2680 0.0486073
2681 0.0478508
2682 0.061415
2683 0.0542882
2684 0.0501099
2685 0.0446606
2686 0.0414707
2687 0.0516846
2688 0.0613523
2689 0.0497469
2690 0.0443184
2691 0.0530135
2692 0.0455077
2693 0.0611201
2694 0.0469356
2695 0.0387806
2696 0.0380599
2697 0.0413579
2698 0.0422462
2699 0.0515211
2700 0.0465757
2701 0.0410037
2702 0.0392649
2703 0.0586782
2704 0.051358
2705 0.0425472
2706 0.0582613
2707 0.0482861
2708 0.0417373
2709 0.0628548
2710 0.0470844
2711 0.0471886
2712 0.043405
2713 0.0445506
2714 0.0399675
2715 0.0444255
2716 0.0524357
2717 0.0512892
2718 0.0504481
2719 0.0483952
2720 0.0486257
2721 0.0692965
2722 0.0502139
2723 0.0676659
2724 0.0659155
2725 0.0473092
2726 0.0462076
2727 0.0393446
2728 0.0354972
2729 0.0458564
2730 0.0672616
2731 0.0598433
2732 0.0614644
2733 0.0640981
2734 0.0672487
2735 0.0406339
2736 0.0516709
2737 0.0606866
2738 0.0445498
2739 0.0487398
2740 0.0517374
2741 0.0472425
2742 0.0482583
2743 0.0460508
2744 0.0437883
2745 0.0440505
2746 0.0408416
2747 0.0400878
2748 0.0514934
2749 0.0466197
2750 0.0426583
2751 0.0480119
2752 0.0570464
2753 0.0462597
2754 0.0436972
2755 0.0469116
2756 0.0545431
2757 0.0550796
2758 0.0508323
2759 0.031694
2760 0.0369863
2761 0.0554163
2762 0.0432701
2763 0.0369886
2764 0.038148
2765 0.0508577
2766 0.0394075
2767 0.0358921
2768 0.0421621
2769 0.0487228
2770 0.052288
2771 0.0667505
2772 0.0420971
2773 0.0421532
2774 0.0357461
2775 0.0374838
2776 0.0502435
2777 0.0491482
2778 0.0574296
2779 0.0729706
2780 0.0508565
2781 0.0521607
2782 0.0552936
2783 0.0596873
2784 0.0495591
2785 0.0518387
2786 0.0393789
2787 0.0399026
2788 0.0463362
2789 0.0464007
2790 0.0457786
2791 0.0533655
2792 0.0429674
2793 0.0539508
2794 0.0589071
2795 0.0507545
2796 0.0466023
2797 0.0418901
2798 0.0405942
2799 0.0457174
2800 0.0570529
2801 0.0473716
2802 0.054603
2803 0.0468872
2804 0.0703695
2805 0.0525851
2806 0.0497362
2807 0.0410287
2808 0.0410445
2809 0.0409037
2810 0.0511738
2811 0.050476
2812 0.0552746
2813 0.0525296
2814 0.0543689
2815 0.0493
2816 0.0458491
2817 0.0461367
2818 0.0520453
2819 0.0426154
2820 0.0476043
2821 0.0436856
2822 0.0437191
2823 0.0536232
2824 0.0526648
2825 0.04571
2826 0.0462299
2827 0.0432463
2828 0.0442305
2829 0.0474329
2830 0.0509026
2831 0.0519477
2832 0.043478
2833 0.0378886
2834 0.038358
2835 0.0422484
2836 0.0511586
2837 0.0571055
2838 0.0378349
2839 0.0470144
2840 0.0408671
2841 0.0489928
2842 0.0375489
2843 0.0423357
2844 0.0537597
2845 0.0356624
2846 0.0352398
2847 0.0482484
2848 0.0366767
2849 0.0530222
2850 0.0367352
2851 0.0637396
2852 0.0375454
2853 0.0418685
2854 0.0525464
2855 0.0539182
2856 0.0450343
2857 0.0489483
2858 0.0502275
2859 0.0532885
2860 0.0578996
2861 0.0492123
2862 0.0514056
2863 0.0589077
2864 0.0746072
2865 0.0623952
2866 0.0504241
2867 0.0511214
2868 0.0409659
2869 0.0416487
2870 0.0428268
2871 0.0528616
2872 0.0549421
2873 0.0559135
2874 0.0564237
2875 0.0462131
2876 0.0590946
2877 0.0570515
2878 0.053362
2879 0.0489345
2880 0.0509695
2881 0.0568401
2882 0.0548052
2883 0.0564509
2884 0.0644797
2885 0.0451446
2886 0.0545865
2887 0.0492801
2888 0.0428025
2889 0.0605927
2890 0.0368331
2891 0.0470046
2892 0.0538462
2893 0.0453043
2894 0.0432938
2895 0.0576312
2896 0.0459802
2897 0.0471326
2898 0.0361637
2899 0.0399626
2900 0.0495726
2901 0.0397316
2902 0.0559878
2903 0.0586747
2904 0.0530611
2905 0.0557392
2906 0.0492011
2907 0.0658308
2908 0.0375728
2909 0.0488452
2910 0.0750737
2911 0.046956
2912 0.0463841
2913 0.0568005
2914 0.0390923
2915 0.0546075
2916 0.0439387
2917 0.0428537
2918 0.0522926
2919 0.040514
2920 0.0368844
2921 0.0385571
2922 0.041026
2923 0.0470243
2924 0.0484706
2925 0.0550423
2926 0.0535608
2927 0.0425239
2928 0.0567479
2929 0.0482724
2930 0.0453729
2931 0.0534485
2932 0.0466828
2933 0.0450538
2934 0.0349153
2935 0.0398172
2936 0.053343
2937 0.0521128
2938 0.0525376
2939 0.0481229
2940 0.0450324
2941 0.0449737
2942 0.0525945
2943 0.0551351
2944 0.0463735
2945 0.0581535
2946 0.0522305
2947 0.0475268
2948 0.0529413
2949 0.0369981
2950 0.043248
2951 0.0527656
2952 0.0515963
2953 0.0442402
2954 0.0564943
2955 0.0583439
2956 0.0533402
2957 0.0501682
2958 0.047267
2959 0.0569367
2960 0.0428792
2961 0.0431139
2962 0.0528889
2963 0.049176
2964 0.0533937
2965 0.0517898
2966 0.0477888
2967 0.0463201
2968 0.0431859
2969 0.0490983
2970 0.0355169
2971 0.0393732
2972 0.0487881
2973 0.0491657
2974 0.0450753
2975 0.0499086
2976 0.0690635
2977 0.0741909
2978 0.0580333
2979 0.0437231
2980 0.0414486
2981 0.044435
2982 0.0507947
2983 0.0486585
2984 0.0550214
2985 0.0593475
2986 0.0572064
2987 0.0462643
2988 0.0494892
2989 0.0456052
2990 0.0558095
2991 0.0520823
2992 0.0409043
2993 0.0405484
2994 0.0542561
2995 0.0555352
2996 0.0422636
2997 0.0419163
2998 0.0498403
2999 0.0536057
3000 0.0427172
