-6.72876
-6.73169
-6.73811
-6.74861
-6.76095
-6.77644
-6.78614
-6.79023
-6.78856
-6.77585
-6.75768
-6.73966
-6.72051
-6.70208
-6.68691
-6.67622
-6.66857
-6.66567
-6.65956
-6.65265
-6.64352
-6.63304
-6.61681
-6.59892
-6.58267
-6.56884
-6.56309
-6.56477
-6.57588
-6.59291
-6.61966
-6.64882
-6.67588
-6.70328
-6.72836
-6.7462
-6.75574
-6.75925
-6.7518
-6.73969
-6.71911
-6.69743
-6.67182
-6.64556
-6.62046
-6.60272
-6.59302
-6.59536
-6.60652
-6.62437
-6.64374
-6.66074
-6.67157
-6.67171
-6.67116
-6.6659
-6.6577
-6.64923
-6.64182
-6.63709
-6.63731
-6.63977
-6.6445
-6.65045
-6.65884
-6.66742
-6.67595
-6.67834
-6.68288
-6.68599
-6.68624
-6.68656
-6.68466
-6.68032
-6.67142
-6.66116
-6.64876
-6.63639
-6.63079
-6.63278
-6.63738
-6.64433
-6.65211
-6.65648
-6.65951
-6.65809
-6.65289
-6.64832
-6.64264
-6.63821
-6.63632
-6.64075
-6.64819
-6.66049
-6.67625
-6.6909
-6.70213
-6.70571
-6.69969
-6.6908
