-5.45454
-5.45486
-5.45518
-5.45518
-5.45389
-5.45551
-5.45454
-5.45389
-5.45487
-5.45195
-5.44904
-5.44936
-5.44903
-5.44774
-5.44677
-5.44709
-5.44774
-5.4513
-5.45098
-5.45066
-5.45034
-5.45196
-5.45131
-5.45131
-5.4526
-5.45227
-5.4526
-5.45098
-5.44968
-5.44709
-5.44936
-5.4513
-5.45033
-5.45098
-5.45292
-5.45357
-5.45357
-5.45584
-5.45487
-5.45551
-5.4526
-5.4526
-5.45195
-5.45227
-5.45195
-5.45259
-5.45129
-5.4513
-5.4513
-5.4526
-5.45389
-5.45487
-5.45455
-5.44969
-5.45001
-5.45001
-5.44936
-5.44871
-5.44774
-5.44709
-5.44871
-5.45001
-5.45131
-5.45195
-5.45357
-5.45454
-5.45551
-5.45131
-5.45098
-5.45131
-5.45066
-5.45163
-5.45195
-5.45195
-5.45034
-5.45066
-5.45098
-5.45033
-5.45163
-5.45357
-5.45228
-5.45066
-5.45034
-5.44904
-5.44969
-5.44936
-5.44839
-5.45033
-5.45195
-5.45357
-5.45422
-5.45583
-5.45454
-5.45325
-5.45325
-5.45358
-5.4552
-5.45585
-5.45358
-5.45358
