1 4
2 64
3 100
4 100
5 196
6 784
7 400
8 16
9 4
10 100
11 0
12 36
13 4
14 4
15 196
16 484
17 16
18 144
19 4
20 4
21 4
22 64
23 64
24 196
25 256
26 0
27 100
28 64
29 576
30 256
31 484
32 256
33 1600
34 900
35 196
36 36
37 100
38 36
39 100
40 36
41 36
42 144
43 36
44 36
45 144
46 100
47 324
48 100
49 36
50 64
51 100
52 4
53 4
54 36
55 16
56 16
57 16
58 324
59 100
60 4
61 36
62 4
63 64
64 0
65 16
66 196
67 100
68 100
69 0
70 196
71 100
72 100
73 196
74 64
75 0
76 16
77 36
78 64
79 16
80 16
81 4
82 4
83 400
84 256
85 484
86 0
87 0
88 16
89 100
90 16
91 100
92 4
93 64
94 196
95 64
96 16
97 16
98 0
99 16
100 4
101 144
102 324
103 100
104 64
105 100
106 256
107 100
108 484
109 400
110 484
111 400
112 1296
113 400
114 484
115 256
116 400
117 0
118 100
119 0
120 4
121 16
122 64
123 196
124 256
125 16
126 0
127 36
128 0
129 0
130 4
131 16
132 16
133 100
134 36
135 16
136 36
137 64
138 64
139 0
140 4
141 36
142 16
143 4
144 0
145 4
146 0
147 0
148 0
149 36
150 256
151 100
152 144
153 0
154 100
155 256
156 400
157 400
158 324
159 400
160 144
161 36
162 16
163 0
164 100
165 4
166 16
167 100
168 36
169 16
170 64
171 36
172 36
173 64
174 196
175 324
176 484
177 144
178 36
179 324
180 16
181 100
182 324
183 576
184 576
185 256
186 4
187 64
188 144
189 36
190 36
191 144
192 196
193 324
194 4
195 4
196 36
197 16
198 0
199 100
200 324
201 64
202 36
203 64
204 100
205 64
206 36
207 36
208 64
209 16
210 0
211 36
212 64
213 100
214 36
215 0
216 4
217 36
218 16
219 16
220 36
221 36
222 64
223 144
224 100
225 144
226 324
227 256
228 16
229 64
230 64
231 64
232 100
233 144
234 144
235 16
236 100
237 196
238 256
239 324
240 196
241 64
242 196
243 1024
244 400
245 100
246 36
247 100
248 16
249 4
250 4
251 4
252 64
253 144
254 324
255 400
256 324
257 16
258 4
259 4
260 100
261 36
262 100
263 36
264 4
265 4
266 0
267 0
268 16
269 36
270 64
271 64
272 0
273 144
274 36
275 100
276 400
277 196
278 100
279 0
280 144
281 0
282 0
283 0
284 64
285 100
286 4
287 36
288 144
289 324
290 100
291 144
292 36
293 36
294 100
295 16
296 4
297 144
298 196
299 324
300 144
301 36
302 16
303 36
304 100
305 256
306 256
307 324
308 36
309 100
310 324
311 144
312 4
313 36
314 64
315 256
316 100
317 4
318 36
319 100
320 324
321 324
322 64
323 196
324 100
325 64
326 36
327 16
328 100
329 36
330 144
331 36
332 16
333 4
334 64
335 196
336 196
337 4
338 4
339 36
340 100
341 64
342 36
343 256
344 100
345 36
346 144
347 256
348 324
349 100
350 0
351 36
352 64
353 16
354 36
355 100
356 16
357 16
358 4
359 256
360 36
361 0
362 4
363 4
364 144
365 144
366 0
367 144
368 4
369 36
370 36
371 4
372 4
373 36
374 4
375 4
376 36
377 144
378 256
379 196
380 144
381 36
382 144
383 144
384 16
385 64
386 16
387 64
388 64
389 36
390 100
391 4
392 4
393 100
394 4
395 64
396 144
397 324
398 100
399 196
400 324
401 676
402 144
403 144
404 256
405 196
406 64
407 36
408 36
409 324
410 256
411 144
412 64
413 144
414 36
415 16
416 4
417 0
418 100
419 400
420 324
421 576
422 64
423 0
424 16
425 64
426 324
427 144
428 196
429 256
430 196
431 324
432 144
433 16
434 0
435 64
436 36
437 64
438 16
439 4
440 16
441 36
442 256
443 144
444 36
445 4
446 144
447 16
448 36
449 4
450 4
451 16
452 16
453 100
454 196
455 324
456 484
457 484
458 484
459 196
460 36
461 4
462 16
463 16
464 0
465 16
466 400
467 484
468 196
469 144
470 196
471 144
472 4
473 16
474 36
475 4
476 36
477 100
478 4
479 324
480 0
481 0
482 16
483 64
484 144
485 36
486 0
487 64
488 64
489 4
490 64
491 64
492 4
493 16
494 36
495 36
496 64
497 256
498 36
499 16
500 64
501 4
502 16
503 16
504 0
505 0
506 144
507 4
508 4
509 16
510 144
511 64
512 36
513 100
514 144
515 0
516 16
517 36
518 4
519 4
520 16
521 100
522 4
523 4
524 36
525 4
526 256
527 324
528 256
529 36
530 36
531 16
532 16
533 64
534 100
535 4
536 36
537 4
538 100
539 324
540 196
541 144
542 100
543 64
544 4
545 0
546 64
547 324
548 0
549 64
550 4
551 36
552 64
553 100
554 484
555 676
556 196
557 400
558 196
559 4
560 36
561 36
562 4
563 16
564 36
565 36
566 144
567 144
568 64
569 196
570 400
571 324
572 400
573 196
574 0
575 324
576 196
577 400
578 64
579 100
580 4
581 100
582 4
583 4
584 16
585 100
586 144
587 324
588 100
589 64
590 16
591 36
592 16
593 36
594 16
595 196
596 4
597 100
598 16
599 64
600 196
601 0
602 36
603 36
604 36
605 0
606 16
607 324
608 256
609 196
610 196
611 64
612 256
613 484
614 576
615 484
616 36
617 4
618 324
619 324
620 256
621 4
622 64
623 64
624 100
625 16
626 484
627 196
628 36
629 400
630 576
631 256
632 4
633 64
634 324
635 64
636 36
637 100
638 144
639 4
640 64
641 144
642 64
643 16
644 64
645 256
646 144
647 36
648 4
649 144
650 16
651 64
652 196
653 144
654 144
655 196
656 324
657 400
658 144
659 196
660 196
661 36
662 144
663 100
664 16
665 4
666 100
667 4
668 64
669 16
670 4
671 0
672 16
673 36
674 36
675 100
676 16
677 4
678 4
679 324
680 400
681 400
682 576
683 784
684 576
685 256
686 4
687 64
688 144
689 36
690 100
691 4
692 64
693 256
694 256
695 144
696 144
697 196
698 36
699 16
700 16
701 64
702 4
703 196
704 324
705 324
706 256
707 36
708 36
709 100
710 4
711 4
712 36
713 100
714 64
715 144
716 4
717 4
718 196
719 196
720 256
721 196
722 324
723 400
724 144
725 196
726 144
727 16
728 16
729 36
730 0
731 16
732 196
733 64
734 100
735 64
736 196
737 36
738 0
739 100
740 16
741 4
742 4
743 196
744 196
745 100
746 36
747 4
748 64
749 4
750 4
751 64
752 4
753 100
754 196
755 576
756 1444
757 2116
758 1600
759 2304
760 2116
761 1600
762 900
763 576
764 484
765 196
766 196
767 576
768 900
769 676
770 400
771 256
772 196
773 400
774 144
775 64
776 64
777 0
778 0
779 64
780 400
781 144
782 4
783 196
784 400
785 324
786 324
787 100
788 16
789 16
790 36
791 144
792 36
793 64
794 196
795 484
796 144
797 324
798 144
799 64
800 16
801 16
802 144
803 64
804 100
805 196
806 256
807 484
808 484
809 484
810 64
811 4
812 16
813 4
814 196
815 4
816 100
817 144
818 484
819 196
820 196
821 36
822 100
823 64
824 16
825 16
826 100
827 196
828 256
829 16
830 16
831 144
832 324
833 4
834 16
835 4
836 0
837 4
838 16
839 16
840 64
841 0
842 100
843 256
844 100
845 100
846 4
847 16
848 16
849 0
850 36
851 4
852 16
853 16
854 36
855 4
856 0
857 16
858 0
859 100
860 16
861 784
862 1156
863 576
864 900
865 676
866 484
867 100
868 16
869 16
870 144
871 0
872 64
873 144
874 4
875 4
876 100
877 324
878 64
879 16
880 100
881 256
882 144
883 64
884 64
885 0
886 64
887 324
888 100
889 100
890 36
891 4
892 4
893 64
894 100
895 16
896 36
897 4
898 16
899 144
900 4
901 16
902 36
903 100
904 4
905 36
906 16
907 16
908 64
909 64
910 64
911 4
912 144
913 64
914 16
915 0
916 0
917 4
918 16
919 324
920 196
921 324
922 400
923 484
924 784
925 576
926 576
927 484
928 144
929 4
930 0
931 16
932 0
933 64
934 16
935 16
936 16
937 36
938 16
939 64
940 0
941 100
942 196
943 100
944 36
945 36
946 4
947 0
948 0
949 4
950 256
951 36
952 100
953 100
954 144
955 64
956 16
957 196
958 100
959 196
960 256
961 0
962 36
963 16
964 16
965 16
966 16
967 144
968 324
969 64
970 576
971 484
972 324
973 36
974 16
975 144
976 4
977 16
978 4
979 64
980 64
981 36
982 16
983 4
984 100
985 16
986 64
987 36
988 4
989 100
990 16
991 0
992 4
993 4
994 0
995 4
996 100
997 36
998 16
999 196
1000 324
1001 196
1002 64
1003 196
1004 36
1005 144
1006 484
1007 400
1008 16
1009 0
1010 196
1011 144
1012 16
1013 0
1014 100
1015 0
1016 0
1017 16
1018 144
1019 196
1020 64
1021 144
1022 4
1023 196
1024 64
1025 4
1026 4
1027 0
1028 100
1029 4
1030 36
1031 16
1032 0
1033 4
1034 64
1035 144
1036 0
1037 4
1038 4
1039 36
1040 4
1041 64
1042 100
1043 4
1044 16
1045 16
1046 64
1047 36
1048 256
1049 36
1050 256
1051 100
1052 64
1053 36
1054 16
1055 36
1056 36
1057 4
1058 100
1059 4
1060 100
1061 196
1062 16
1063 196
1064 400
1065 576
1066 196
1067 144
1068 256
1069 4
1070 4
1071 36
1072 144
1073 64
1074 196
1075 100
1076 256
1077 400
1078 400
1079 16
1080 144
1081 16
1082 16
1083 4
1084 144
1085 256
1086 144
1087 64
1088 144
1089 64
1090 64
1091 36
1092 4
1093 4
1094 4
1095 16
1096 64
1097 16
1098 36
1099 64
1100 4
1101 4
1102 36
1103 196
1104 100
1105 144
1106 144
1107 256
1108 676
1109 900
1110 676
1111 100
1112 196
1113 484
1114 400
1115 324
1116 16
1117 100
1118 256
1119 484
1120 576
1121 484
1122 36
1123 256
1124 196
1125 196
1126 64
1127 144
1128 16
1129 16
1130 324
1131 196
1132 196
1133 64
1134 100
1135 4
1136 256
1137 256
1138 64
1139 16
1140 36
1141 100
1142 144
1143 4
1144 196
1145 144
1146 4
1147 100
1148 4
1149 0
1150 36
1151 4
1152 16
1153 4
1154 36
1155 400
1156 144
1157 256
1158 196
1159 324
1160 100
1161 196
1162 0
1163 36
1164 0
1165 16
1166 100
1167 64
1168 100
1169 36
1170 4
1171 64
1172 36
1173 36
1174 0
1175 0
1176 196
1177 196
1178 256
1179 256
1180 64
1181 16
1182 4
1183 16
1184 4
1185 36
1186 36
1187 36
1188 4
1189 4
1190 64
1191 4
1192 4
1193 4
1194 16
1195 100
1196 64
1197 4
1198 100
1199 36
1200 64
1201 144
1202 36
1203 36
1204 36
1205 16
1206 4
1207 36
1208 36
1209 4
1210 64
1211 144
1212 144
1213 100
1214 36
1215 16
1216 64
1217 4
1218 64
1219 100
1220 256
1221 100
1222 100
1223 100
1224 4
1225 16
1226 0
1227 4
1228 16
1229 36
1230 36
1231 36
1232 16
1233 144
1234 144
1235 256
1236 196
1237 256
1238 324
1239 324
1240 400
1241 324
1242 100
1243 324
1244 64
1245 0
1246 36
1247 16
1248 64
1249 64
1250 576
1251 324
1252 144
1253 144
1254 100
1255 100
1256 64
1257 36
1258 256
1259 36
1260 4
1261 4
1262 0
1263 144
1264 484
1265 324
1266 676
1267 900
1268 676
1269 256
1270 784
1271 324
1272 256
1273 576
1274 324
1275 144
1276 324
1277 144
1278 144
1279 484
1280 400
1281 256
1282 676
1283 324
1284 100
1285 144
1286 196
1287 36
1288 0
1289 64
1290 16
1291 0
1292 64
1293 4
1294 36
1295 4
1296 36
1297 144
1298 16
1299 36
1300 4
1301 16
1302 64
1303 16
1304 16
1305 64
1306 0
1307 36
1308 100
1309 64
1310 324
1311 784
1312 324
1313 36
1314 144
1315 100
1316 100
1317 144
1318 16
1319 100
1320 64
1321 16
1322 144
1323 144
1324 400
1325 576
1326 16
1327 256
1328 64
1329 36
1330 144
1331 100
1332 36
1333 4
1334 16
1335 4
1336 196
1337 100
1338 36
1339 4
1340 16
1341 64
1342 196
1343 100
1344 144
1345 256
1346 144
1347 64
1348 64
1349 36
1350 100
1351 256
1352 144
1353 64
1354 64
1355 100
1356 16
1357 4
1358 36
1359 36
1360 196
1361 256
1362 100
1363 64
1364 100
1365 196
1366 196
1367 64
1368 4
1369 64
1370 16
1371 16
1372 100
1373 256
1374 144
1375 0
1376 64
1377 16
1378 16
1379 16
1380 4
1381 100
1382 144
1383 400
1384 256
1385 64
1386 64
1387 36
1388 64
1389 64
1390 64
1391 36
1392 16
1393 100
1394 144
1395 144
1396 144
1397 484
1398 484
1399 484
1400 576
1401 400
1402 256
1403 484
1404 324
1405 484
1406 100
1407 144
1408 0
1409 64
1410 324
1411 576
1412 16
1413 100
1414 4
1415 144
1416 144
1417 100
1418 324
1419 100
1420 16
1421 16
1422 36
1423 64
1424 100
1425 36
1426 100
1427 16
1428 16
1429 64
1430 64
1431 16
1432 4
1433 4
1434 4
1435 4
1436 64
1437 0
1438 16
1439 36
1440 4
1441 64
1442 144
1443 36
1444 0
1445 4
1446 4
1447 16
1448 16
1449 144
1450 324
1451 324
1452 64
1453 4
1454 196
1455 100
1456 36
1457 16
1458 16
1459 36
1460 144
1461 16
1462 36
1463 16
1464 0
1465 4
1466 36
1467 16
1468 144
1469 36
1470 36
1471 4
1472 100
1473 36
1474 196
1475 324
1476 196
1477 16
1478 16
1479 16
1480 0
1481 100
1482 144
1483 16
1484 16
1485 0
1486 36
1487 400
1488 1024
1489 900
1490 196
1491 196
1492 144
1493 144
1494 100
1495 64
1496 484
1497 324
1498 16
1499 36
1500 4
1501 36
1502 4
1503 36
1504 100
1505 256
1506 64
1507 36
1508 100
1509 64
1510 64
1511 4
1512 16
1513 4
1514 64
1515 144
1516 144
1517 16
1518 196
1519 676
1520 100
1521 144
1522 100
1523 36
1524 100
1525 0
1526 100
1527 36
1528 4
1529 324
1530 196
1531 196
1532 4
1533 4
1534 16
1535 4
1536 100
1537 36
1538 64
1539 16
1540 16
1541 100
1542 144
1543 100
1544 4
1545 4
1546 16
1547 16
1548 16
1549 16
1550 0
1551 144
1552 16
1553 4
1554 0
1555 64
1556 256
1557 64
1558 16
1559 4
1560 0
1561 16
1562 0
1563 100
1564 4
1565 100
1566 36
1567 16
1568 100
1569 0
1570 36
1571 64
1572 4
1573 36
1574 144
1575 64
1576 256
1577 144
1578 400
1579 196
1580 36
1581 100
1582 64
1583 144
1584 256
1585 324
1586 100
1587 144
1588 100
1589 100
1590 196
1591 196
1592 256
1593 196
1594 324
1595 324
1596 400
1597 484
1598 484
1599 64
1600 4
1601 64
1602 16
1603 64
1604 324
1605 576
1606 196
1607 64
1608 64
1609 256
1610 196
1611 256
1612 100
1613 4
1614 144
1615 576
1616 196
1617 36
1618 784
1619 484
1620 400
1621 400
1622 256
1623 324
1624 256
1625 256
1626 16
1627 16
1628 64
1629 0
1630 36
1631 484
1632 400
1633 196
1634 400
1635 256
1636 36
1637 64
1638 4
1639 0
1640 0
1641 4
1642 196
1643 196
1644 64
1645 16
1646 64
1647 36
1648 484
1649 324
1650 16
1651 16
1652 100
1653 256
1654 256
1655 576
1656 64
1657 144
1658 64
1659 4
1660 4
1661 16
1662 324
1663 36
1664 4
1665 64
1666 64
1667 144
1668 4
1669 0
1670 36
1671 100
1672 16
1673 16
1674 0
1675 4
1676 100
1677 144
1678 576
1679 784
1680 484
1681 196
1682 196
1683 4
1684 16
1685 4
1686 4
1687 100
1688 100
1689 0
1690 16
1691 0
1692 64
1693 324
1694 4
1695 36
1696 64
1697 100
1698 64
1699 36
1700 64
1701 676
1702 400
1703 144
1704 256
1705 0
1706 0
1707 100
1708 4
1709 144
1710 196
1711 256
1712 900
1713 400
1714 256
1715 64
1716 144
1717 400
1718 576
1719 324
1720 100
1721 16
1722 36
1723 16
1724 16
1725 0
1726 16
1727 4
1728 196
1729 144
1730 400
1731 256
1732 100
1733 16
1734 36
1735 4
1736 0
1737 100
1738 400
1739 256
1740 64
1741 4
1742 64
1743 324
1744 484
1745 144
1746 16
1747 64
1748 4
1749 196
1750 144
1751 196
1752 4
1753 64
1754 16
1755 4
1756 64
1757 64
1758 16
1759 4
1760 4
1761 144
1762 4
1763 4
1764 4
1765 16
1766 36
1767 100
1768 324
1769 400
1770 144
1771 256
1772 196
1773 64
1774 576
1775 400
1776 100
1777 0
1778 64
1779 4
1780 4
1781 36
1782 4
1783 4
1784 16
1785 100
1786 324
1787 400
1788 196
1789 64
1790 64
1791 0
1792 36
1793 144
1794 36
1795 324
1796 64
1797 144
1798 4
1799 0
1800 4
1801 100
1802 144
1803 0
1804 4
1805 4
1806 100
1807 4
1808 36
1809 4
1810 100
1811 4
1812 64
1813 36
1814 4
1815 0
1816 36
1817 36
1818 400
1819 784
1820 576
1821 1156
1822 1156
1823 1444
1824 576
1825 256
1826 16
1827 36
1828 16
1829 100
1830 36
1831 36
1832 576
1833 484
1834 900
1835 196
1836 64
1837 4
1838 36
1839 16
1840 0
1841 0
1842 16
1843 256
1844 196
1845 16
1846 4
1847 144
1848 144
1849 256
1850 100
1851 64
1852 100
1853 4
1854 144
1855 324
1856 16
1857 36
1858 100
1859 64
1860 144
1861 16
1862 100
1863 676
1864 900
1865 400
1866 324
1867 400
1868 16
1869 16
1870 4
1871 16
1872 676
1873 484
1874 676
1875 400
1876 4
1877 0
1878 4
1879 0
1880 16
1881 144
1882 36
1883 100
1884 16
1885 36
1886 144
1887 196
1888 4
1889 0
1890 196
1891 4
1892 4
1893 36
1894 144
1895 484
1896 256
1897 64
1898 16
1899 4
1900 4
1901 0
1902 100
1903 100
1904 100
1905 36
1906 256
1907 576
1908 484
1909 196
1910 16
1911 256
1912 576
1913 784
1914 400
1915 676
1916 400
1917 900
1918 196
1919 196
1920 144
1921 100
1922 100
1923 64
1924 100
1925 4
1926 16
1927 16
1928 16
1929 64
1930 4
1931 100
1932 144
1933 400
1934 400
1935 196
1936 144
1937 256
1938 64
1939 16
1940 36
1941 16
1942 0
1943 36
1944 36
1945 16
1946 100
1947 256
1948 196
1949 400
1950 196
1951 196
1952 36
1953 16
1954 36
1955 36
1956 4
1957 4
1958 144
1959 36
1960 16
1961 36
1962 324
1963 256
1964 144
1965 64
1966 36
1967 36
1968 16
1969 36
1970 256
1971 324
1972 196
1973 676
1974 576
1975 576
1976 484
1977 256
1978 100
1979 400
1980 144
1981 100
1982 400
1983 324
1984 484
1985 484
1986 196
1987 196
1988 64
1989 16
1990 16
1991 144
1992 196
1993 400
1994 576
1995 400
1996 324
1997 324
1998 196
1999 100
2000 16
2001 4
2002 0
2003 36
2004 196
2005 256
2006 324
2007 144
2008 36
2009 144
2010 4
2011 64
2012 4
2013 36
2014 64
2015 784
2016 256
2017 400
2018 576
2019 4
2020 4
2021 16
2022 36
2023 0
2024 400
2025 64
2026 0
2027 4
2028 0
2029 64
2030 4
2031 100
2032 64
2033 16
2034 36
2035 4
2036 196
2037 64
2038 100
2039 64
2040 16
2041 64
2042 4
2043 36
2044 16
2045 64
2046 100
2047 0
2048 64
2049 144
2050 4
2051 16
2052 4
2053 16
2054 64
2055 64
2056 196
2057 4
2058 4
2059 16
2060 196
2061 36
2062 100
2063 100
2064 196
2065 144
2066 144
2067 144
2068 36
2069 16
2070 144
2071 100
2072 4
2073 100
2074 144
2075 144
2076 16
2077 64
2078 16
2079 256
2080 256
2081 484
2082 4
2083 4
2084 256
2085 16
2086 64
2087 16
2088 4
2089 4
2090 64
2091 196
2092 144
2093 400
2094 256
2095 16
2096 0
2097 36
2098 64
2099 36
2100 256
2101 400
2102 4
2103 100
2104 4
2105 196
2106 196
2107 64
2108 16
2109 36
2110 16
2111 100
2112 144
2113 324
2114 0
2115 4
2116 144
2117 4
2118 36
2119 484
2120 400
2121 784
2122 1156
2123 484
2124 100
2125 196
2126 4
2127 4
2128 64
2129 4
2130 16
2131 16
2132 4
2133 144
2134 100
2135 36
2136 16
2137 196
2138 324
2139 256
2140 324
2141 100
2142 16
2143 4
2144 0
2145 4
2146 36
2147 16
2148 36
2149 4
2150 4
2151 64
2152 16
2153 64
2154 0
2155 64
2156 4
2157 16
2158 16
2159 4
2160 0
2161 64
2162 196
2163 196
2164 676
2165 576
2166 196
2167 64
2168 256
2169 144
2170 36
2171 4
2172 0
2173 36
2174 400
2175 324
2176 576
2177 400
2178 144
2179 100
2180 64
2181 144
2182 0
2183 16
2184 36
2185 16
2186 100
2187 324
2188 196
2189 4
2190 36
2191 16
2192 64
2193 16
2194 0
2195 100
2196 4
2197 4
2198 36
2199 16
2200 16
2201 196
2202 256
2203 196
2204 576
2205 784
2206 324
2207 36
2208 64
2209 64
2210 144
2211 16
2212 4
2213 16
2214 100
2215 196
2216 100
2217 16
2218 16
2219 4
2220 64
2221 16
2222 64
2223 64
2224 4
2225 144
2226 16
2227 4
2228 100
2229 196
2230 196
2231 256
2232 144
2233 16
2234 16
2235 64
2236 36
2237 4
2238 64
2239 100
2240 64
2241 64
2242 256
2243 256
2244 256
2245 196
2246 256
2247 324
2248 144
2249 144
2250 64
2251 36
2252 100
2253 144
2254 256
2255 400
2256 64
2257 4
2258 4
2259 16
2260 4
2261 36
2262 16
2263 4
2264 16
2265 64
2266 144
2267 484
2268 324
2269 676
2270 1156
2271 576
2272 484
2273 196
2274 64
2275 64
2276 196
2277 4
2278 16
2279 16
2280 16
2281 196
2282 4
2283 16
2284 4
2285 144
2286 4
2287 0
2288 16
2289 64
2290 64
2291 0
2292 64
2293 324
2294 400
2295 484
2296 100
2297 100
2298 4
2299 64
2300 256
2301 256
2302 484
2303 784
2304 576
2305 100
2306 676
2307 196
2308 324
2309 324
2310 484
2311 196
2312 64
2313 484
2314 784
2315 676
2316 324
2317 484
2318 400
2319 400
2320 64
2321 256
2322 100
2323 16
2324 0
2325 4
2326 64
2327 16
2328 64
2329 64
2330 36
2331 16
2332 64
2333 64
2334 4
2335 4
2336 4
2337 0
2338 64
2339 64
2340 144
2341 196
2342 64
2343 16
2344 4
2345 36
2346 784
2347 784
2348 324
2349 4
2350 100
2351 36
2352 100
2353 144
2354 144
2355 324
2356 400
2357 144
2358 144
2359 16
2360 144
2361 4
2362 4
2363 196
2364 324
2365 256
2366 196
2367 256
2368 144
2369 484
2370 256
2371 324
2372 400
2373 36
2374 36
2375 16
2376 16
2377 144
2378 64
2379 16
2380 0
2381 100
2382 64
2383 4
2384 16
2385 16
2386 100
2387 144
2388 196
2389 196
2390 144
2391 100
2392 196
2393 4
2394 16
2395 16
2396 64
2397 144
2398 196
2399 16
2400 4
2401 484
2402 16
2403 4
2404 196
2405 36
2406 100
2407 196
2408 100
2409 64
2410 144
2411 256
2412 256
2413 4
2414 36
2415 144
2416 4
2417 36
2418 16
2419 64
2420 16
2421 144
2422 144
2423 36
2424 4
2425 100
2426 0
2427 4
2428 0
2429 64
2430 16
2431 4
2432 64
2433 4
2434 256
2435 144
2436 100
2437 16
2438 64
2439 144
2440 100
2441 196
2442 100
2443 484
2444 196
2445 100
2446 4
2447 100
2448 36
2449 36
2450 100
2451 36
2452 16
2453 16
2454 144
2455 256
2456 256
2457 36
2458 36
2459 196
2460 100
2461 36
2462 64
2463 64
2464 64
2465 4
2466 100
2467 16
2468 4
2469 100
2470 4
2471 4
2472 16
2473 36
2474 0
2475 36
2476 64
2477 16
2478 196
2479 144
2480 64
2481 256
2482 16
2483 196
2484 100
2485 0
2486 16
2487 36
2488 144
2489 16
2490 0
2491 4
2492 16
2493 0
2494 4
2495 36
2496 36
2497 16
2498 36
2499 16
2500 16
2501 4
2502 100
2503 144
2504 144
2505 400
2506 4
2507 196
2508 196
2509 64
2510 64
2511 100
2512 0
2513 144
2514 4
2515 16
2516 16
2517 36
2518 0
2519 64
2520 144
2521 0
2522 36
2523 256
2524 64
2525 144
2526 36
2527 0
2528 16
2529 4
2530 64
2531 400
2532 676
2533 324
2534 324
2535 4
2536 16
2537 256
2538 100
2539 144
2540 64
2541 4
2542 0
2543 0
2544 16
2545 16
2546 196
2547 256
2548 324
2549 400
2550 400
2551 144
2552 196
2553 16
2554 4
2555 4
2556 16
2557 144
2558 484
2559 144
2560 100
2561 16
2562 0
2563 100
2564 144
2565 144
2566 16
2567 16
2568 16
2569 100
2570 100
2571 4
2572 16
2573 100
2574 196
2575 676
2576 196
2577 196
2578 144
2579 100
2580 36
2581 16
2582 16
2583 0
2584 36
2585 4
2586 4
2587 36
2588 16
2589 144
2590 196
2591 36
2592 100
2593 324
2594 144
2595 36
2596 0
2597 4
2598 0
2599 64
2600 16
2601 484
2602 100
2603 144
2604 256
2605 484
2606 400
2607 324
2608 100
2609 256
2610 4
2611 16
2612 100
2613 100
2614 324
2615 100
2616 4
2617 16
2618 4
2619 4
2620 64
2621 36
2622 64
2623 16
2624 4
2625 64
2626 484
2627 900
2628 900
2629 900
2630 784
2631 784
2632 484
2633 256
2634 100
2635 4
2636 36
2637 16
2638 16
2639 16
2640 16
2641 16
2642 36
2643 64
2644 64
2645 4
2646 36
2647 64
2648 64
2649 16
2650 100
2651 4
2652 100
2653 100
2654 144
2655 196
2656 0
2657 4
2658 144
2659 400
2660 144
2661 576
2662 1764
2663 900
2664 676
2665 400
2666 400
2667 196
2668 100
2669 196
2670 256
2671 324
2672 256
2673 144
2674 64
2675 36
2676 100
2677 4
2678 196
2679 400
2680 484
2681 144
2682 400
2683 196
2684 4
2685 100
2686 144
2687 784
2688 900
2689 676
2690 484
2691 900
2692 324
2693 400
2694 16
2695 4
2696 4
2697 64
2698 400
2699 324
2700 64
2701 0
2702 16
2703 16
2704 144
2705 256
2706 16
2707 4
2708 0
2709 16
2710 0
2711 36
2712 100
2713 144
2714 196
2715 36
2716 100
2717 36
2718 4
2719 36
2720 64
2721 0
2722 144
2723 0
2724 16
2725 100
2726 100
2727 4
2728 36
2729 196
2730 256
2731 400
2732 324
2733 324
2734 324
2735 64
2736 256
2737 256
2738 324
2739 100
2740 64
2741 4
2742 144
2743 144
2744 144
2745 144
2746 784
2747 1024
2748 784
2749 1156
2750 1296
2751 1296
2752 1024
2753 1156
2754 784
2755 324
2756 256
2757 144
2758 324
2759 324
2760 1024
2761 400
2762 256
2763 100
2764 324
2765 100
2766 64
2767 36
2768 144
2769 324
2770 100
2771 16
2772 36
2773 100
2774 64
2775 324
2776 256
2777 196
2778 100
2779 196
2780 144
2781 4
2782 16
2783 36
2784 4
2785 16
2786 36
2787 36
2788 0
2789 16
2790 16
2791 4
2792 16
2793 64
2794 36
2795 324
2796 900
2797 1444
2798 784
2799 484
2800 144
2801 256
2802 16
2803 16
2804 36
2805 144
2806 36
2807 100
2808 100
2809 36
2810 144
2811 100
2812 16
2813 4
2814 16
2815 4
2816 0
2817 16
2818 196
2819 36
2820 196
2821 196
2822 36
2823 64
2824 484
2825 100
2826 4
2827 16
2828 144
2829 16
2830 36
2831 64
2832 100
2833 36
2834 64
2835 144
2836 64
2837 100
2838 324
2839 64
2840 64
2841 324
2842 64
2843 36
2844 144
2845 16
2846 4
2847 36
2848 196
2849 100
2850 144
2851 100
2852 100
2853 36
2854 256
2855 36
2856 16
2857 0
2858 196
2859 256
2860 0
2861 4
2862 16
2863 324
2864 4
2865 0
2866 4
2867 16
2868 16
2869 16
2870 36
2871 4
2872 64
2873 144
2874 256
2875 4
2876 36
2877 64
2878 196
2879 36
2880 64
2881 64
2882 64
2883 64
2884 4
2885 64
2886 64
2887 324
2888 784
2889 900
2890 484
2891 196
2892 256
2893 100
2894 196
2895 400
2896 196
2897 100
2898 4
2899 100
2900 36
2901 196
2902 324
2903 64
2904 4
2905 36
2906 100
2907 256
2908 100
2909 64
2910 196
2911 4
2912 0
2913 64
2914 100
2915 4
2916 36
2917 0
2918 36
2919 64
2920 256
2921 144
2922 324
2923 324
2924 400
2925 196
2926 4
2927 4
2928 16
2929 196
2930 144
2931 144
2932 324
2933 100
2934 4
2935 100
2936 324
2937 400
2938 400
2939 100
2940 16
2941 144
2942 400
2943 576
2944 256
2945 196
2946 36
2947 100
2948 196
2949 36
2950 100
2951 324
2952 484
2953 144
2954 100
2955 100
2956 64
2957 256
2958 676
2959 256
2960 324
2961 144
2962 144
2963 144
2964 196
2965 64
2966 100
2967 64
2968 4
2969 64
2970 196
2971 100
2972 64
2973 16
2974 16
2975 64
2976 484
2977 576
2978 144
2979 64
2980 256
2981 16
2982 16
2983 4
2984 36
2985 100
2986 400
2987 4
2988 100
2989 36
2990 144
2991 784
2992 1764
2993 1296
2994 576
2995 324
2996 64
2997 16
2998 324
2999 676
3000 4
3001 4
3002 16
3003 4
3004 16
3005 16
3006 36
3007 16
3008 16
3009 4
3010 36
3011 36
3012 144
3013 324
3014 324
3015 144
3016 4
3017 16
3018 400
3019 784
3020 256
3021 196
3022 100
3023 16
3024 144
3025 324
3026 400
3027 256
3028 676
3029 400
3030 16
3031 100
3032 784
3033 576
3034 484
3035 676
3036 196
3037 256
3038 324
3039 324
3040 256
3041 64
3042 256
3043 144
3044 100
3045 484
3046 576
3047 100
3048 576
3049 484
3050 576
3051 576
3052 900
3053 676
3054 400
3055 1024
3056 256
3057 256
3058 36
3059 144
3060 324
3061 196
3062 196
3063 64
3064 196
3065 36
3066 4
3067 100
3068 144
3069 100
3070 16
3071 16
3072 36
3073 4
3074 144
3075 4
3076 144
3077 4
3078 16
3079 4
3080 64
3081 144
3082 36
3083 196
3084 144
3085 144
3086 144
3087 256
3088 196
3089 36
3090 64
3091 196
3092 484
3093 256
3094 0
3095 36
3096 256
3097 196
3098 1024
3099 484
3100 144
3101 576
3102 576
3103 400
3104 256
3105 16
3106 36
3107 16
3108 4
3109 36
3110 16
3111 4
3112 64
3113 0
3114 36
3115 4
3116 64
3117 324
3118 196
3119 16
3120 64
3121 4
3122 36
3123 16
3124 16
3125 100
3126 324
3127 16
3128 64
3129 0
3130 100
3131 4
3132 16
3133 16
3134 64
3135 64
3136 0
3137 16
3138 0
3139 100
3140 100
3141 256
3142 100
3143 16
3144 64
3145 4
3146 36
3147 36
3148 324
3149 196
3150 400
3151 256
3152 484
3153 64
3154 64
3155 196
3156 36
3157 196
3158 100
3159 4
3160 100
3161 400
3162 196
3163 256
3164 36
3165 256
3166 100
3167 576
3168 256
3169 324
3170 36
3171 0
3172 4
3173 144
3174 0
3175 4
3176 4
3177 100
3178 4
3179 196
3180 4
3181 4
3182 64
3183 64
3184 16
3185 100
3186 36
3187 4
3188 64
3189 16
3190 16
3191 36
3192 4
3193 64
3194 4
3195 36
3196 256
3197 36
3198 16
3199 16
3200 36
3201 16
3202 36
3203 0
3204 36
3205 64
3206 4
3207 0
3208 0
3209 36
3210 256
3211 144
3212 256
3213 4
3214 16
3215 36
3216 36
3217 16
3218 4
3219 100
3220 100
3221 324
3222 36
3223 144
3224 64
3225 0
3226 36
3227 484
3228 256
3229 64
3230 100
3231 64
3232 0
3233 0
3234 4
3235 256
3236 484
3237 576
3238 400
3239 484
3240 144
3241 36
3242 4
3243 0
3244 16
3245 256
3246 4
3247 100
3248 0
3249 144
3250 100
3251 144
3252 324
3253 256
3254 16
3255 36
3256 36
3257 36
3258 16
3259 16
3260 100
3261 144
3262 144
3263 324
3264 64
3265 4
3266 16
3267 16
3268 196
3269 16
3270 144
3271 100
3272 100
3273 16
3274 36
3275 4
3276 36
3277 64
3278 64
3279 36
3280 16
3281 4
3282 16
3283 144
3284 36
3285 64
3286 100
3287 16
3288 100
3289 196
3290 324
3291 196
3292 36
3293 36
3294 16
3295 64
3296 144
3297 324
3298 144
3299 576
3300 36
3301 4
3302 36
3303 0
3304 16
3305 0
3306 0
3307 144
3308 64
3309 196
3310 576
3311 484
3312 256
3313 64
3314 256
3315 256
3316 324
3317 144
3318 100
3319 144
3320 100
3321 4
3322 4
3323 16
3324 36
3325 196
3326 144
3327 64
3328 64
3329 400
3330 400
3331 400
3332 256
3333 4
3334 16
3335 4
3336 4
3337 16
3338 16
3339 0
3340 64
3341 64
3342 4
3343 16
3344 16
3345 36
3346 16
3347 144
3348 256
3349 196
3350 64
3351 16
3352 64
3353 4
3354 4
3355 256
3356 16
3357 4
3358 4
3359 36
3360 256
3361 4
3362 16
3363 100
3364 16
3365 36
3366 144
3367 4
3368 4
3369 0
3370 36
3371 144
3372 324
3373 144
3374 144
3375 324
3376 484
3377 100
3378 196
3379 36
3380 64
3381 400
3382 324
3383 36
3384 36
3385 64
3386 64
3387 196
3388 64
3389 36
3390 4
3391 16
3392 4
3393 144
3394 100
3395 484
3396 676
3397 324
3398 576
3399 676
3400 400
3401 324
3402 196
3403 16
3404 100
3405 196
3406 484
3407 324
3408 36
3409 0
3410 16
3411 16
3412 4
3413 16
3414 4
3415 64
3416 64
3417 64
3418 0
3419 16
3420 0
3421 36
3422 36
3423 64
3424 16
3425 16
3426 4
3427 64
3428 64
3429 100
3430 196
3431 16
3432 144
3433 64
3434 100
3435 36
3436 4
3437 64
3438 256
3439 196
3440 784
3441 676
3442 400
3443 196
3444 16
3445 36
3446 196
3447 16
3448 4
3449 100
3450 144
3451 400
3452 484
3453 900
3454 576
3455 400
3456 4
3457 0
3458 100
3459 256
3460 64
3461 36
3462 16
3463 64
3464 64
3465 100
3466 16
3467 0
3468 16
3469 64
3470 4
3471 4
3472 16
3473 100
3474 324
3475 16
3476 196
3477 36
3478 400
3479 400
3480 196
3481 256
3482 324
3483 144
3484 100
3485 4
3486 36
3487 4
3488 4
3489 4
3490 64
3491 256
3492 196
3493 324
3494 196
3495 16
3496 0
3497 16
3498 64
3499 100
3500 100
3501 144
3502 4
3503 100
3504 4
3505 36
3506 36
3507 4
3508 36
3509 36
3510 16
3511 16
3512 36
3513 64
3514 4
3515 36
3516 4
3517 16
3518 100
3519 100
3520 4
3521 4
3522 16
3523 4
3524 4
3525 0
3526 64
3527 324
3528 144
3529 100
3530 16
3531 4
3532 4
3533 100
3534 36
3535 16
3536 4
3537 36
3538 0
3539 144
3540 100
3541 0
3542 100
3543 36
3544 64
3545 64
3546 100
3547 64
3548 4
3549 4
3550 16
3551 36
3552 4
3553 324
3554 784
3555 1444
3556 900
3557 1296
3558 400
3559 484
3560 196
3561 36
3562 196
3563 100
3564 36
3565 4
3566 0
3567 0
3568 4
3569 196
3570 0
3571 0
3572 4
3573 16
3574 36
3575 100
3576 0
3577 4
3578 100
3579 36
3580 36
3581 100
3582 400
3583 144
3584 196
3585 324
3586 676
3587 576
3588 16
3589 16
3590 100
3591 0
3592 196
3593 0
3594 16
3595 0
3596 4
3597 36
3598 36
3599 16
3600 16
3601 36
3602 36
3603 4
3604 100
3605 36
3606 36
3607 144
3608 0
3609 36
3610 4
3611 100
3612 144
3613 16
3614 4
3615 36
3616 0
3617 4
3618 196
3619 400
3620 256
3621 16
3622 100
3623 196
3624 16
3625 4
3626 256
3627 400
3628 16
3629 100
3630 144
3631 100
3632 4
3633 64
3634 64
3635 64
3636 16
3637 4
3638 64
3639 4
3640 4
3641 196
3642 324
3643 576
3644 324
3645 144
3646 16
3647 16
3648 324
3649 256
3650 484
3651 256
3652 100
3653 4
3654 4
3655 16
3656 0
3657 144
3658 36
3659 144
3660 196
3661 16
3662 36
3663 64
3664 256
3665 256
3666 256
3667 100
3668 676
3669 36
3670 256
3671 196
3672 256
3673 256
3674 144
3675 0
3676 256
3677 64
3678 36
3679 16
3680 144
3681 16
3682 0
3683 4
3684 256
3685 100
3686 196
3687 36
3688 64
3689 100
3690 4
3691 4
3692 0
3693 196
3694 64
3695 144
3696 144
3697 16
3698 36
3699 144
3700 400
3701 324
3702 324
3703 196
3704 4
3705 100
3706 324
3707 256
3708 400
3709 64
3710 64
3711 4
3712 144
3713 4
3714 36
3715 64
3716 196
3717 36
3718 324
3719 484
3720 784
3721 676
3722 256
3723 64
3724 144
3725 256
3726 64
3727 36
3728 4
3729 36
3730 36
3731 16
3732 0
3733 4
3734 36
3735 64
3736 100
3737 100
3738 4
3739 4
3740 4
3741 4
3742 36
3743 4
3744 4
3745 100
3746 144
3747 4
3748 0
3749 100
3750 64
3751 4
3752 36
3753 16
3754 16
3755 144
3756 784
3757 900
3758 900
3759 576
3760 256
3761 36
3762 36
3763 64
3764 100
3765 36
3766 36
3767 4
3768 64
3769 324
3770 324
3771 144
3772 400
3773 576
3774 144
3775 100
3776 64
3777 4
3778 4
3779 4
3780 4
3781 4
3782 0
3783 100
3784 16
3785 256
3786 64
3787 100
3788 484
3789 676
3790 784
3791 196
3792 36
3793 196
3794 196
3795 144
3796 100
3797 0
3798 16
3799 100
3800 64
3801 4
3802 0
3803 4
3804 324
3805 16
3806 64
3807 196
3808 484
3809 576
3810 400
3811 144
3812 64
3813 4
3814 4
3815 4
3816 256
3817 36
3818 100
3819 36
3820 100
3821 196
3822 144
3823 256
3824 196
3825 100
3826 64
3827 324
3828 36
3829 0
3830 256
3831 4
3832 16
3833 36
3834 100
3835 196
3836 196
3837 784
3838 676
3839 784
3840 1296
3841 784
3842 4
3843 64
3844 36
3845 16
3846 0
3847 16
3848 16
3849 256
3850 100
3851 16
3852 4
3853 36
3854 4
3855 144
3856 144
3857 36
3858 16
3859 36
3860 36
3861 36
3862 16
3863 4
3864 16
3865 4
3866 4
3867 36
3868 4
3869 64
3870 256
3871 16
3872 16
3873 144
3874 256
3875 484
3876 144
3877 36
3878 324
3879 4
3880 4
3881 256
3882 400
3883 36
3884 36
3885 324
3886 144
3887 576
3888 1296
3889 1024
3890 64
3891 36
3892 4
3893 16
3894 0
3895 64
3896 36
3897 0
3898 0
3899 36
3900 256
3901 576
3902 400
3903 100
3904 484
3905 256
3906 784
3907 900
3908 576
3909 36
3910 36
3911 64
3912 16
3913 36
3914 36
3915 16
3916 16
3917 144
3918 256
3919 100
3920 100
3921 16
3922 16
3923 100
3924 4
3925 0
3926 16
3927 64
3928 196
3929 324
3930 484
3931 576
3932 196
3933 100
3934 196
3935 400
3936 144
3937 4
3938 36
3939 4
3940 4
3941 0
3942 64
3943 36
3944 256
3945 144
3946 400
3947 576
3948 576
3949 484
3950 900
3951 1296
3952 900
3953 324
3954 256
3955 256
3956 4
3957 144
3958 0
3959 16
3960 196
3961 64
3962 100
3963 64
3964 64
3965 256
3966 100
3967 144
3968 400
3969 256
3970 256
3971 100
3972 4
3973 16
3974 36
3975 36
3976 64
3977 144
3978 0
3979 0
3980 144
3981 196
3982 256
3983 100
3984 64
3985 36
3986 16
3987 4
3988 196
3989 4
3990 0
3991 16
3992 36
3993 16
3994 144
3995 324
3996 256
3997 100
3998 196
3999 36
4000 16
4001 64
4002 36
4003 0
4004 64
4005 196
4006 4
4007 4
4008 196
4009 100
4010 4
4011 4
4012 0
4013 16
4014 36
4015 100
4016 16
4017 64
4018 324
4019 256
4020 4
4021 4
4022 196
4023 100
4024 36
4025 36
4026 16
4027 100
4028 64
4029 4
4030 484
4031 100
4032 36
4033 36
4034 196
4035 144
4036 256
4037 196
4038 100
4039 100
4040 16
4041 100
4042 196
4043 324
4044 400
4045 16
4046 16
4047 256
4048 400
4049 144
4050 36
4051 0
4052 144
4053 196
4054 256
4055 144
4056 324
4057 324
4058 196
4059 64
4060 4
4061 4
4062 16
4063 16
4064 36
4065 64
4066 100
4067 64
4068 4
4069 4
4070 16
4071 0
4072 64
4073 36
4074 16
4075 144
4076 196
4077 400
4078 324
4079 64
4080 100
4081 64
4082 4
4083 256
4084 36
4085 576
4086 400
4087 324
4088 144
4089 4
4090 144
4091 576
4092 100
4093 196
4094 256
4095 324
4096 100
4097 4
4098 4
4099 4
4100 36
4101 64
4102 64
4103 256
4104 400
4105 100
4106 144
4107 100
4108 36
4109 144
4110 196
4111 64
4112 196
4113 144
4114 64
4115 16
4116 16
4117 0
4118 144
4119 144
4120 16
4121 36
4122 36
4123 64
4124 324
4125 576
4126 1024
4127 1156
4128 784
4129 484
4130 256
4131 100
4132 64
4133 0
4134 100
4135 16
4136 36
4137 64
4138 196
4139 36
4140 64
4141 64
4142 16
4143 0
4144 144
4145 16
4146 100
4147 4
4148 0
4149 36
4150 16
4151 16
4152 144
4153 196
4154 400
4155 144
4156 100
4157 36
4158 4
4159 16
4160 36
4161 16
4162 16
4163 0
4164 4
4165 100
4166 4
4167 16
4168 16
4169 324
4170 256
4171 100
4172 64
4173 196
4174 100
4175 4
4176 4
4177 64
4178 36
4179 400
4180 144
4181 16
4182 64
4183 196
4184 16
4185 400
4186 256
4187 100
4188 144
4189 196
4190 196
4191 100
4192 0
4193 100
4194 100
4195 400
4196 400
4197 4
4198 4
4199 4
4200 100
4201 4
4202 16
4203 144
4204 64
4205 4
4206 64
4207 64
4208 36
4209 144
4210 144
4211 36
4212 4
4213 36
4214 4
4215 4
4216 64
4217 0
4218 36
4219 100
4220 196
4221 324
4222 324
4223 324
4224 36
4225 16
4226 100
4227 64
4228 100
4229 4
4230 36
4231 100
4232 144
4233 100
4234 0
4235 36
4236 0
4237 4
4238 4
4239 36
4240 0
4241 16
4242 100
4243 4
4244 64
4245 144
4246 64
4247 4
4248 0
4249 36
4250 4
4251 16
4252 64
4253 4
4254 4
4255 16
4256 64
4257 196
4258 36
4259 4
4260 0
4261 16
4262 4
4263 16
4264 0
4265 0
4266 36
4267 36
4268 36
4269 4
4270 16
4271 16
4272 0
4273 64
4274 4
4275 16
4276 400
4277 676
4278 676
4279 256
4280 484
4281 324
4282 400
4283 576
4284 784
4285 676
4286 256
4287 100
4288 256
4289 196
4290 36
4291 4
4292 100
4293 16
4294 144
4295 144
4296 64
4297 64
4298 100
4299 196
4300 196
4301 100
4302 144
4303 484
4304 64
4305 4
4306 4
4307 64
4308 64
4309 64
4310 400
4311 36
4312 36
4313 144
4314 100
4315 4
4316 64
4317 36
4318 16
4319 100
4320 144
4321 64
4322 100
4323 100
4324 144
4325 484
4326 484
4327 324
4328 196
4329 144
4330 36
4331 256
4332 256
4333 256
4334 256
4335 0
4336 4
4337 324
4338 100
4339 100
4340 64
4341 64
4342 0
4343 324
4344 576
4345 676
4346 256
4347 676
4348 784
4349 100
4350 4
4351 64
4352 36
4353 64
4354 64
4355 36
4356 0
4357 64
4358 324
4359 324
4360 324
4361 256
4362 324
4363 324
4364 576
4365 484
4366 784
4367 900
4368 484
4369 196
4370 400
4371 256
4372 196
4373 324
4374 256
4375 64
4376 64
4377 64
4378 0
4379 36
4380 64
4381 196
4382 144
4383 36
4384 16
4385 256
4386 100
4387 196
4388 36
4389 36
4390 64
4391 16
4392 16
4393 64
4394 16
4395 4
4396 36
4397 36
4398 196
4399 196
4400 16
4401 100
4402 196
4403 256
4404 100
4405 100
4406 36
4407 400
4408 100
4409 256
4410 324
4411 100
4412 36
4413 0
4414 196
4415 256
4416 100
4417 36
4418 0
4419 4
4420 16
4421 64
4422 144
4423 256
4424 484
4425 484
4426 196
4427 196
4428 1024
4429 324
4430 324
4431 196
4432 36
4433 16
4434 100
4435 36
4436 36
4437 484
4438 576
4439 324
4440 196
4441 100
4442 196
4443 144
4444 16
4445 36
4446 4
4447 16
4448 4
4449 144
4450 400
4451 0
4452 64
4453 100
4454 196
4455 100
4456 144
4457 100
4458 0
4459 36
4460 324
4461 64
4462 196
4463 64
4464 64
4465 196
4466 144
4467 36
4468 4
4469 16
4470 16
4471 144
4472 4
4473 36
4474 0
4475 16
4476 4
4477 16
4478 256
4479 256
4480 324
4481 100
4482 484
4483 256
4484 4
4485 4
4486 4
4487 16
4488 16
4489 4
4490 100
4491 144
4492 144
4493 400
4494 144
4495 100
4496 324
4497 256
4498 64
4499 16
4500 16
4501 36
4502 36
4503 16
4504 16
4505 16
4506 4
4507 36
4508 16
4509 196
4510 64
4511 100
4512 36
4513 64
4514 144
4515 36
4516 324
4517 100
4518 4
4519 4
4520 0
4521 36
4522 36
4523 196
4524 100
4525 64
4526 256
4527 100
4528 196
4529 64
4530 36
4531 36
4532 0
4533 144
4534 196
4535 256
4536 256
4537 576
4538 484
4539 4
4540 144
4541 484
4542 784
4543 784
4544 576
4545 324
4546 400
4547 196
4548 36
4549 4
4550 36
4551 16
4552 16
4553 64
4554 36
4555 100
4556 256
4557 36
4558 36
4559 0
4560 100
4561 144
4562 256
4563 36
4564 196
4565 324
4566 324
4567 64
4568 64
4569 36
4570 0
4571 16
4572 100
4573 144
4574 0
4575 100
4576 100
4577 4
4578 144
4579 144
4580 256
4581 144
4582 256
4583 64
4584 4
4585 16
4586 144
4587 400
4588 144
4589 64
4590 100
4591 324
4592 400
4593 100
4594 16
4595 4
4596 16
4597 16
4598 16
4599 36
4600 196
4601 0
4602 4
4603 16
4604 144
4605 4
4606 36
4607 4
4608 4
4609 196
4610 576
4611 676
4612 676
4613 64
4614 16
4615 256
4616 16
4617 256
4618 144
4619 16
4620 4
4621 196
4622 100
4623 484
4624 100
4625 64
4626 16
4627 64
4628 0
4629 144
4630 36
4631 4
4632 4
4633 4
4634 100
4635 64
4636 4
4637 100
4638 36
4639 36
4640 324
4641 36
4642 64
4643 36
4644 100
4645 16
4646 16
4647 144
4648 100
4649 64
4650 144
4651 64
4652 324
4653 256
4654 100
4655 4
4656 36
4657 36
4658 100
4659 196
4660 36
4661 324
4662 4
4663 144
4664 256
4665 100
4666 16
4667 16
4668 4
4669 16
4670 144
4671 400
4672 36
4673 100
4674 16
4675 36
4676 144
4677 144
4678 64
4679 64
4680 196
4681 144
4682 256
4683 196
4684 196
4685 400
4686 784
4687 676
4688 484
4689 400
4690 64
4691 0
4692 16
4693 16
4694 0
4695 0
4696 16
4697 4
4698 16
4699 4
4700 4
4701 64
4702 36
4703 16
4704 4
4705 36
4706 4
4707 0
4708 4
4709 64
4710 0
4711 16
4712 16
4713 16
4714 16
4715 100
4716 36
4717 36
4718 0
4719 16
4720 16
4721 196
4722 256
4723 4
4724 4
4725 324
4726 484
4727 144
4728 64
4729 144
4730 256
4731 36
4732 36
4733 16
4734 144
4735 64
4736 196
4737 144
4738 64
4739 144
4740 400
4741 196
4742 64
4743 16
4744 4
4745 4
4746 36
4747 256
4748 1156
4749 1024
4750 1444
4751 1156
4752 1024
4753 900
4754 324
4755 100
4756 64
4757 4
4758 64
4759 0
4760 36
4761 36
4762 4
4763 100
4764 196
4765 100
4766 36
4767 16
4768 4
4769 0
4770 64
4771 16
4772 64
4773 144
4774 196
4775 400
4776 0
4777 16
4778 144
4779 16
4780 4
4781 0
4782 36
4783 144
4784 16
4785 16
4786 100
4787 196
4788 196
4789 64
4790 4
4791 100
4792 16
4793 4
4794 0
4795 4
4796 100
4797 64
4798 484
4799 256
4800 144
4801 256
4802 64
4803 324
4804 324
4805 36
4806 484
4807 400
4808 784
4809 484
4810 4
4811 4
4812 0
4813 100
4814 4
4815 100
4816 64
4817 144
4818 36
4819 36
4820 4
4821 16
4822 36
4823 16
4824 4
4825 4
4826 4
4827 16
4828 36
4829 4
4830 400
4831 324
4832 256
4833 64
4834 64
4835 36
4836 100
4837 0
4838 100
4839 16
4840 4
4841 0
4842 144
4843 64
4844 196
4845 196
4846 64
4847 16
4848 144
4849 144
4850 4
4851 36
4852 4
4853 4
4854 16
4855 100
4856 16
4857 36
4858 16
4859 400
4860 64
4861 676
4862 576
4863 64
4864 16
4865 16
4866 36
4867 36
4868 16
4869 16
4870 484
4871 256
4872 324
4873 16
4874 4
4875 16
4876 144
4877 16
4878 64
4879 100
4880 64
4881 16
4882 4
4883 16
4884 36
4885 4
4886 36
4887 0
4888 36
4889 4
4890 324
4891 256
4892 576
4893 64
4894 196
4895 64
4896 196
4897 256
4898 36
4899 36
4900 64
4901 324
4902 676
4903 676
4904 144
4905 16
4906 4
4907 16
4908 64
4909 36
4910 64
4911 196
4912 324
4913 196
4914 64
4915 16
4916 36
4917 16
4918 36
4919 36
4920 0
4921 16
4922 64
4923 100
4924 16
4925 4
4926 36
4927 4
4928 324
4929 144
4930 676
4931 676
4932 400
4933 16
4934 16
4935 64
4936 4
4937 16
4938 36
4939 4
4940 16
4941 16
4942 64
4943 16
4944 4
4945 16
4946 16
4947 64
4948 16
4949 100
4950 0
4951 16
4952 0
4953 36
4954 144
4955 256
4956 64
4957 16
4958 64
4959 0
4960 36
4961 16
4962 100
4963 144
4964 4
4965 256
4966 64
4967 16
4968 4
4969 256
4970 100
4971 64
4972 4
4973 100
4974 4
4975 4
4976 4
4977 100
4978 64
4979 0
4980 400
4981 256
4982 256
4983 196
4984 784
4985 196
4986 64
4987 36
4988 4
4989 36
4990 100
4991 324
4992 196
4993 484
4994 324
4995 36
4996 36
4997 36
4998 900
4999 900
5000 36
