1 -18.04
2 -14.16
3 -18.2
4 -26.2
5 -22.28
6 -26.56
7 -18.4
8 -14.08
9 -18.04
10 -18.2
11 -22
12 -22.12
13 -13.96
14 -6.04
15 -34.28
16 -34.44
17 -22.08
18 -30.24
19 -26.04
20 -17.96
21 -26.04
22 -26.16
23 -30.16
24 -22.28
25 -22.32
26 -14
27 -26.2
28 -22.16
29 -26.48
30 -18.32
31 -18.44
32 -30.32
33 -34.8
34 -30.6
35 -26.28
36 -18.12
37 -14.2
38 -30.12
39 -22.2
40 -22.12
41 -18.12
42 -22.24
43 -18.12
44 -14.12
45 -18.24
46 -25.8
47 -21.64
48 -13.8
49 -25.88
50 -22.16
51 -22.2
52 -22.04
53 -25.96
54 -34.12
55 -30.08
56 -30.08
57 -18.08
58 -22.36
59 -14.2
60 -22.04
61 -18.12
62 -14.04
63 -18.16
64 -18
65 -18.08
66 -18.28
67 -22.2
68 -30.2
69 -26
70 -34.28
71 -26.2
72 -14.2
73 -22.28
74 -22.16
75 -18
76 -21.92
77 -30.12
78 -18.16
79 -10.08
80 -10.08
81 -2.04
82 -10.04
83 -21.6
84 -21.68
85 -25.56
86 -26
87 -22
88 -9.92
89 -18.2
90 -26.08
91 -30.2
92 -22.04
93 -9.84
94 -25.72
95 -29.84
96 -33.92
97 -29.92
98 -26
99 -18.08
100 -14.04
101 -10.24
102 -26.36
103 -30.2
104 -30.16
105 -22.2
106 -30.32
107 -18.2
108 -18.44
109 -22.4
110 -22.44
111 -26.4
112 -34.72
113 -30.4
114 -26.44
115 -22.32
116 -26.4
117 -18
118 -22.2
119 -22
120 -21.96
121 -34.08
122 -30.16
123 -18.28
124 -30.32
125 -22.08
126 -26
127 -30.12
128 -26
129 -18
130 -18.04
131 -25.92
132 -22.08
133 -30.2
134 -18.12
135 -33.92
136 -25.88
137 -25.84
138 -25.84
139 -14
140 -6.04
141 -13.88
142 -18.08
143 -26.04
144 -30
145 -25.96
146 -14
147 -18
148 -18
149 -25.88
150 -29.68
151 -33.8
152 -33.76
153 -30
154 -25.8
155 -25.68
156 -17.6
157 -17.6
158 -25.64
159 -29.6
160 -21.76
161 -25.88
162 -29.92
163 -18
164 -17.8
165 -21.96
166 -17.92
167 -22.2
168 -22.12
169 -34.08
170 -22.16
171 -17.88
172 -25.88
173 -30.16
174 -22.28
175 -22.36
176 -22.44
177 -22.24
178 -22.12
179 -30.36
180 -22.08
181 -26.2
182 -22.36
183 -14.48
184 -30.48
185 -26.32
186 -22.04
187 -26.16
188 -26.24
189 -22.12
190 -17.88
191 -17.76
192 -13.72
193 -17.64
194 -25.96
195 -34.04
196 -17.88
197 -13.92
198 -6
199 -21.8
200 -25.64
201 -25.84
202 -21.88
203 -25.84
204 -29.8
205 -29.84
206 -9.88
207 -14.12
208 -18.16
209 -13.92
210 -26
211 -29.88
212 -17.84
213 -13.8
214 -17.88
215 -38
216 -17.96
217 -21.88
218 -25.92
219 -21.92
220 -9.88
221 -17.88
222 -21.84
223 -25.76
224 -17.8
225 -22.24
226 -26.36
227 -22.32
228 -26.08
229 -21.84
230 -29.84
231 -21.84
232 -33.8
233 -13.76
234 -17.76
235 -22.08
236 -22.2
237 -22.28
238 -30.32
239 -30.36
240 -30.28
241 -18.16
242 -30.28
243 -38.64
244 -14.4
245 -26.2
246 -14.12
247 -22.2
248 -26.08
249 -25.96
250 -21.96
251 -29.96
252 -17.84
253 -21.76
254 -25.64
255 -33.6
256 -25.64
257 -21.92
258 -17.96
259 -13.96
260 -17.8
261 -21.88
262 -25.8
263 -21.88
264 -25.96
265 -18.04
266 -26
267 -34
268 -25.92
269 -26.12
270 -26.16
271 -17.84
272 -14
273 -25.76
274 -25.88
275 -25.8
276 -25.6
277 -33.72
278 -29.8
279 -22
280 -21.76
281 -30
282 -30
283 -30
284 -17.84
285 -21.8
286 -18.04
287 -2.12
288 -14.24
289 -26.36
290 -34.2
291 -26.24
292 -26.12
293 -6.12
294 -17.8
295 -21.92
296 -21.96
297 -22.24
298 -18.28
299 -10.36
300 -22.24
301 -18.12
302 -21.92
303 -18.12
304 -34.2
305 -30.32
306 -34.32
307 -42.36
308 -26.12
309 -26.2
310 -22.36
311 -26.24
312 -22.04
313 -18.12
314 -18.16
315 -26.32
316 -22.2
317 -26.04
318 -22.12
319 -22.2
320 -26.36
321 -26.36
322 -22.16
323 -26.28
324 -30.2
325 -30.16
326 -26.12
327 -34.08
328 -26.2
329 -30.12
330 -34.24
331 -30.12
332 -34.08
333 -30.04
334 -30.16
335 -26.28
336 -26.28
337 -22.04
338 -25.96
339 -25.88
340 -29.8
341 -21.84
342 -22.12
343 -14.32
344 -18.2
345 -14.12
346 -18.24
347 -22.32
348 -18.36
349 -26.2
350 -22
351 -21.88
352 -33.84
353 -17.92
354 -25.88
355 -21.8
356 -25.92
357 -25.92
358 -21.96
359 -25.68
360 -25.88
361 -30
362 -29.96
363 -37.96
364 -30.24
365 -34.24
366 -26
367 -21.76
368 -17.96
369 -13.88
370 -13.88
371 -18.04
372 -14.04
373 -18.12
374 -13.96
375 -21.96
376 -25.88
377 -33.76
378 -33.68
379 -21.72
380 -29.76
381 -21.88
382 -25.76
383 -17.76
384 -13.92
385 -25.84
386 -18.08
387 -22.16
388 -21.84
389 -26.12
390 -30.2
391 -21.96
392 -30.04
393 -22.2
394 -17.96
395 -29.84
396 -29.76
397 -33.64
398 -17.8
399 -25.72
400 -21.64
401 -25.48
402 -25.76
403 -21.76
404 -17.68
405 -21.72
406 -17.84
407 -25.88
408 -21.88
409 -25.64
410 -17.68
411 -21.76
412 -17.84
413 -25.76
414 -25.88
415 -25.92
416 -17.96
417 -14
418 -29.8
419 -21.6
420 -17.64
421 -25.52
422 -25.84
423 -22
424 -25.92
425 -13.84
426 -29.64
427 -21.76
428 -25.72
429 -25.68
430 -25.72
431 -21.64
432 -25.76
433 -13.92
434 -30
435 -37.84
436 -29.88
437 -33.84
438 -21.92
439 -18.04
440 -29.92
441 -30.12
442 -30.32
443 -26.24
444 -18.12
445 -21.96
446 -18.24
447 -29.92
448 -17.88
449 -9.96
450 -22.04
451 -13.92
452 -10.08
453 -22.2
454 -26.28
455 -30.36
456 -30.44
457 -22.44
458 -18.44
459 -18.28
460 -22.12
461 -21.96
462 -22.08
463 -26.08
464 -18
465 -10.08
466 -14.4
467 -18.44
468 -18.28
469 -14.24
470 -18.28
471 -22.24
472 -18.04
473 -10.08
474 -18.12
475 -18.04
476 -26.12
477 -14.2
478 -21.96
479 -29.64
480 -26
481 -22
482 -14.08
483 -18.16
484 -18.24
485 -22.12
486 -26
487 -13.84
488 -34.16
489 -17.96
490 -25.84
491 -17.84
492 -30.04
493 -17.92
494 -29.88
495 -25.88
496 -21.84
497 -33.68
498 -17.88
499 -30.08
500 -22.16
501 -18.04
502 -21.92
503 -21.92
504 -22
505 -18
506 -26.24
507 -25.96
508 -17.96
509 -18.08
510 -18.24
511 -13.84
512 -9.88
513 -13.8
514 -17.76
515 -22
516 -18.08
517 -14.12
518 -14.04
519 -30.04
520 -26.08
521 -22.2
522 -26.04
523 -26.04
524 -22.12
525 -25.96
526 -29.68
527 -25.64
528 -25.68
529 -37.88
530 -33.88
531 -13.92
532 -17.92
533 -21.84
534 -21.8
535 -25.96
536 -10.12
537 -14.04
538 -18.2
539 -26.36
540 -26.28
541 -22.24
542 -22.2
543 -22.16
544 -25.96
545 -30
546 -30.16
547 -14.36
548 -22
549 -17.84
550 -22.04
551 -17.88
552 -29.84
553 -33.8
554 -29.56
555 -33.48
556 -17.72
557 -17.6
558 -13.72
559 -21.96
560 -22.12
561 -18.12
562 -26.04
563 -25.92
564 -21.88
565 -22.12
566 -18.24
567 -22.24
568 -21.84
569 -21.72
570 -25.6
571 -13.64
572 -17.6
573 -9.72
574 -10
575 -21.64
576 -21.72
577 -21.6
578 -29.84
579 -29.8
580 -30.04
581 -34.2
582 -10.04
583 -29.96
584 -37.92
585 -25.8
586 -13.76
587 -17.64
588 -29.8
589 -25.84
590 -17.92
591 -33.88
592 -25.92
593 -22.12
594 -26.08
595 -13.72
596 -13.96
597 -17.8
598 -25.92
599 -17.84
600 -13.72
601 -22
602 -22.12
603 -9.88
604 -21.88
605 -30
606 -26.08
607 -14.36
608 -22.32
609 -18.28
610 -22.28
611 -30.16
612 -34.32
613 -38.44
614 -30.48
615 -30.44
616 -22.12
617 -17.96
618 -17.64
619 -21.64
620 -17.68
621 -21.96
622 -13.84
623 -21.84
624 -25.8
625 -21.92
626 -29.56
627 -21.72
628 -29.88
629 -29.6
630 -29.52
631 -17.68
632 -21.96
633 -21.84
634 -29.64
635 -17.84
636 -25.88
637 -26.2
638 -26.24
639 -30.04
640 -30.16
641 -30.24
642 -34.16
643 -22.08
644 -10.16
645 -22.32
646 -14.24
647 -22.12
648 -30.04
649 -26.24
650 -18.08
651 -22.16
652 -18.28
653 -26.24
654 -26.24
655 -26.28
656 -22.36
657 -26.4
658 -26.24
659 -34.28
660 -26.28
661 -22.12
662 -30.24
663 -30.2
664 -22.08
665 -33.96
666 -9.8
667 -13.96
668 -17.84
669 -18.08
670 -26.04
671 -14
672 -14.08
673 -26.12
674 -29.88
675 -33.8
676 -22.08
677 -13.96
678 -18.04
679 -26.36
680 -34.4
681 -30.4
682 -38.48
683 -30.56
684 -22.48
685 -30.32
686 -30.04
687 -22.16
688 -22.24
689 -18.12
690 -18.2
691 -26.04
692 -30.16
693 -26.32
694 -22.32
695 -22.24
696 -26.24
697 -26.28
698 -10.12
699 -33.92
700 -25.92
701 -26.16
702 -22.04
703 -34.28
704 -38.36
705 -30.36
706 -34.32
707 -30.12
708 -26.12
709 -30.2
710 -13.96
711 -33.96
712 -29.88
713 -17.8
714 -21.84
715 -21.76
716 -29.96
717 -25.96
718 -25.72
719 -21.72
720 -25.68
721 -21.72
722 -25.64
723 -33.6
724 -29.76
725 -9.72
726 -21.76
727 -17.92
728 -14.08
729 -22.12
730 -26
731 -25.92
732 -29.72
733 -25.84
734 -13.8
735 -22.16
736 -18.28
737 -22.12
738 -18
739 -17.8
740 -21.92
741 -25.96
742 -26.04
743 -25.72
744 -21.72
745 -25.8
746 -25.88
747 -34.04
748 -38.16
749 -26.04
750 -17.96
751 -22.16
752 -22.04
753 -14.2
754 -14.28
755 -26.48
756 -30.76
757 -46.92
758 -38.8
759 -46.96
760 -42.92
761 -30.8
762 -22.6
763 -30.48
764 -18.44
765 -22.28
766 -22.28
767 -26.48
768 -34.6
769 -30.52
770 -26.4
771 -34.32
772 -30.28
773 -18.4
774 -26.24
775 -26.16
776 -29.84
777 -26
778 -26
779 -26.16
780 -34.4
781 -22.24
782 -22.04
783 -26.28
784 -30.4
785 -18.36
786 -18.36
787 -26.2
788 -22.08
789 -9.92
790 -18.12
791 -26.24
792 -21.88
793 -25.84
794 -21.72
795 -21.56
796 -17.76
797 -21.64
798 -25.76
799 -21.84
800 -22.08
801 -26.08
802 -30.24
803 -18.16
804 -22.2
805 -18.28
806 -26.32
807 -30.44
808 -30.44
809 -26.44
810 -26.16
811 -30.04
812 -25.92
813 -22.04
814 -25.72
815 -25.96
816 -17.8
817 -13.76
818 -21.56
819 -21.72
820 -29.72
821 -21.88
822 -33.8
823 -17.84
824 -25.92
825 -25.92
826 -25.8
827 -21.72
828 -25.68
829 -17.92
830 -18.08
831 -17.76
832 -17.64
833 -13.96
834 -18.08
835 -22.04
836 -30
837 -29.96
838 -21.92
839 -22.08
840 -6.16
841 -22
842 -29.8
843 -29.68
844 -21.8
845 -21.8
846 -34.04
847 -33.92
848 -17.92
849 -30
850 -22.12
851 -22.04
852 -17.92
853 -25.92
854 -33.88
855 -21.96
856 -22
857 -21.92
858 -26
859 -38.2
860 -18.08
861 -26.56
862 -30.68
863 -26.48
864 -30.6
865 -38.52
866 -26.44
867 -18.2
868 -10.08
869 -21.92
870 -22.24
871 -10
872 -22.16
873 -14.24
874 -17.96
875 -22.04
876 -14.2
877 -10.36
878 -18.16
879 -30.08
880 -17.8
881 -25.68
882 -17.76
883 -17.84
884 -13.84
885 -18
886 -22.16
887 -18.36
888 -30.2
889 -14.2
890 -18.12
891 -17.96
892 -33.96
893 -30.16
894 -26.2
895 -10.08
896 -26.12
897 -26.04
898 -26.08
899 -22.24
900 -18.04
901 -22.08
902 -29.88
903 -30.2
904 -26.04
905 -29.88
906 -25.92
907 -25.92
908 -37.84
909 -21.84
910 -29.84
911 -29.96
912 -21.76
913 -21.84
914 -21.92
915 -14
916 -22
917 -25.96
918 -30.08
919 -26.36
920 -18.28
921 -26.36
922 -22.4
923 -14.44
924 -26.56
925 -26.48
926 -22.48
927 -18.44
928 -18.24
929 -22.04
930 -22
931 -13.92
932 -14
933 -26.16
934 -22.08
935 -26.08
936 -17.92
937 -21.88
938 -21.92
939 -25.84
940 -26
941 -13.8
942 -9.72
943 -21.8
944 -29.88
945 -26.12
946 -22.04
947 -26
948 -30
949 -26.04
950 -26.32
951 -26.12
952 -22.2
953 -14.2
954 -22.24
955 -14.16
956 -18.08
957 -30.28
958 -34.2
959 -26.28
960 -34.32
961 -18
962 -21.88
963 -22.08
964 -25.92
965 -18.08
966 -26.08
967 -26.24
968 -30.36
969 -22.16
970 -26.48
971 -26.44
972 -30.36
973 -22.12
974 -10.08
975 -22.24
976 -13.96
977 -25.92
978 -18.04
979 -25.84
980 -17.84
981 -29.88
982 -26.08
983 -22.04
984 -26.2
985 -22.08
986 -26.16
987 -18.12
988 -26.04
989 -30.2
990 -38.08
991 -30
992 -29.96
993 -22.04
994 -26
995 -17.96
996 -21.8
997 -17.88
998 -22.08
999 -22.28
1000 -22.36
1001 -6.28
1002 -21.84
1003 -21.72
1004 -17.88
1005 -25.76
1006 -25.56
1007 -25.6
1008 -21.92
1009 -18
1010 -9.72
1011 -25.76
1012 -26.08
1013 -26
1014 -17.8
1015 -22
1016 -26
1017 -22.08
1018 -29.76
1019 -33.72
1020 -17.84
1021 -21.76
1022 -25.96
1023 -10.28
1024 -22.16
1025 -18.04
1026 -17.96
1027 -34
1028 -22.2
1029 -9.96
1030 -9.88
1031 -21.92
1032 -22
1033 -25.96
1034 -26.16
1035 -22.24
1036 -22
1037 -29.96
1038 -21.96
1039 -25.88
1040 -21.96
1041 -30.16
1042 -34.2
1043 -17.96
1044 -25.92
1045 -18.08
1046 -30.16
1047 -30.12
1048 -22.32
1049 -22.12
1050 -21.68
1051 -25.8
1052 -29.84
1053 -29.88
1054 -21.92
1055 -33.88
1056 -25.88
1057 -25.96
1058 -38.2
1059 -30.04
1060 -22.2
1061 -30.28
1062 -25.92
1063 -25.72
1064 -25.6
1065 -29.52
1066 -25.72
1067 -21.76
1068 -29.68
1069 -30.04
1070 -25.96
1071 -26.12
1072 -33.76
1073 -25.84
1074 -37.72
1075 -21.8
1076 -29.68
1077 -25.6
1078 -21.6
1079 -17.92
1080 -21.76
1081 -25.92
1082 -22.08
1083 -17.96
1084 -29.76
1085 -25.68
1086 -21.76
1087 -17.84
1088 -13.76
1089 -17.84
1090 -14.16
1091 -22.12
1092 -30.04
1093 -25.96
1094 -9.96
1095 -21.92
1096 -17.84
1097 -25.92
1098 -18.12
1099 -22.16
1100 -21.96
1101 -26.04
1102 -30.12
1103 -14.28
1104 -18.2
1105 -30.24
1106 -22.24
1107 -22.32
1108 -26.52
1109 -30.6
1110 -22.52
1111 -14.2
1112 -22.28
1113 -22.44
1114 -14.4
1115 -18.36
1116 -18.08
1117 -26.2
1118 -18.32
1119 -26.44
1120 -34.48
1121 -22.44
1122 -14.12
1123 -21.68
1124 -17.72
1125 -25.72
1126 -17.84
1127 -18.24
1128 -14.08
1129 -22.08
1130 -18.36
1131 -18.28
1132 -22.28
1133 -10.16
1134 -18.2
1135 -25.96
1136 -18.32
1137 -26.32
1138 -2.16
1139 -17.92
1140 -21.88
1141 -25.8
1142 -29.76
1143 -25.96
1144 -37.72
1145 -29.76
1146 -9.96
1147 -18.2
1148 -22.04
1149 -18
1150 -13.88
1151 -17.96
1152 -17.92
1153 -10.04
1154 -5.88
1155 -21.6
1156 -25.76
1157 -21.68
1158 -25.72
1159 -25.64
1160 -13.8
1161 -26.28
1162 -10
1163 -14.12
1164 -22
1165 -22.08
1166 -26.2
1167 -26.16
1168 -26.2
1169 -13.88
1170 -21.96
1171 -21.84
1172 -25.88
1173 -29.88
1174 -30
1175 -18
1176 -21.72
1177 -13.72
1178 -25.68
1179 -21.68
1180 -13.84
1181 -29.92
1182 -13.96
1183 -34.08
1184 -25.96
1185 -25.88
1186 -33.88
1187 -21.88
1188 -34.04
1189 -22.04
1190 -21.84
1191 -26.04
1192 -21.96
1193 -29.96
1194 -34.08
1195 -22.2
1196 -13.84
1197 -9.96
1198 -13.8
1199 -13.88
1200 -25.84
1201 -25.76
1202 -21.88
1203 -22.12
1204 -17.88
1205 -9.92
1206 -18.04
1207 -21.88
1208 -17.88
1209 -33.96
1210 -17.84
1211 -21.76
1212 -25.76
1213 -21.8
1214 -25.88
1215 -17.92
1216 -21.84
1217 -21.96
1218 -21.84
1219 -25.8
1220 -17.68
1221 -17.8
1222 -21.8
1223 -17.8
1224 -25.96
1225 -25.92
1226 -26
1227 -13.96
1228 -26.08
1229 -18.12
1230 -13.88
1231 -9.88
1232 -26.08
1233 -26.24
1234 -14.24
1235 -14.32
1236 -18.28
1237 -14.32
1238 -22.36
1239 -22.36
1240 -22.4
1241 -26.36
1242 -34.2
1243 -14.36
1244 -26.16
1245 -18
1246 -30.12
1247 -22.08
1248 -22.16
1249 -18.16
1250 -18.48
1251 -14.36
1252 -18.24
1253 -22.24
1254 -6.2
1255 -14.2
1256 -22.16
1257 -22.12
1258 -21.68
1259 -29.88
1260 -17.96
1261 -21.96
1262 -26
1263 -17.76
1264 -33.56
1265 -33.64
1266 -25.48
1267 -37.4
1268 -37.48
1269 -25.68
1270 -37.44
1271 -29.64
1272 -21.68
1273 -25.52
1274 -25.64
1275 -29.76
1276 -25.64
1277 -17.76
1278 -17.76
1279 -33.56
1280 -29.6
1281 -21.68
1282 -33.48
1283 -25.64
1284 -21.8
1285 -21.76
1286 -21.72
1287 -13.88
1288 -22
1289 -13.84
1290 -9.92
1291 -18
1292 -17.84
1293 -25.96
1294 -21.88
1295 -18.04
1296 -21.88
1297 -25.76
1298 -13.92
1299 -22.12
1300 -18.04
1301 -30.08
1302 -30.16
1303 -22.08
1304 -18.08
1305 -26.16
1306 -22
1307 -21.88
1308 -17.8
1309 -17.84
1310 -29.64
1311 -29.44
1312 -25.64
1313 -17.88
1314 -13.76
1315 -13.8
1316 -17.8
1317 -13.76
1318 -17.92
1319 -25.8
1320 -21.84
1321 -21.92
1322 -25.76
1323 -25.76
1324 -25.6
1325 -33.52
1326 -25.92
1327 -25.68
1328 -17.84
1329 -25.88
1330 -5.76
1331 2.2
1332 -25.88
1333 -21.96
1334 -30.08
1335 -18.04
1336 -26.28
1337 -30.2
1338 -26.12
1339 -26.04
1340 -18.08
1341 -30.16
1342 -18.28
1343 -22.2
1344 -18.24
1345 -18.32
1346 -22.24
1347 -14.16
1348 -22.16
1349 -22.12
1350 -26.2
1351 -18.32
1352 -30.24
1353 -22.16
1354 -30.16
1355 -26.2
1356 -26.08
1357 -30.04
1358 -37.88
1359 -25.88
1360 -25.72
1361 -29.68
1362 -29.8
1363 -25.84
1364 -17.8
1365 -22.28
1366 -22.28
1367 -34.16
1368 -22.04
1369 -10.16
1370 -22.08
1371 -25.92
1372 -17.8
1373 -25.68
1374 -17.76
1375 -18
1376 -29.84
1377 -21.92
1378 -22.08
1379 -21.92
1380 -13.96
1381 -25.8
1382 -25.76
1383 -33.6
1384 -21.68
1385 -29.84
1386 -26.16
1387 -10.12
1388 -17.84
1389 -37.84
1390 -37.84
1391 -29.88
1392 -30.08
1393 -22.2
1394 -26.24
1395 -22.24
1396 -18.24
1397 -26.44
1398 -30.44
1399 -18.44
1400 -26.48
1401 -38.4
1402 -30.32
1403 -30.44
1404 -18.36
1405 -26.44
1406 -22.2
1407 -14.24
1408 -22
1409 -18.16
1410 -18.36
1411 -10.48
1412 -26.08
1413 -30.2
1414 -34.04
1415 -26.24
1416 -18.24
1417 -26.2
1418 -26.36
1419 -18.2
1420 -18.08
1421 -10.08
1422 -17.88
1423 -21.84
1424 -29.8
1425 -25.88
1426 -21.8
1427 -21.92
1428 -26.08
1429 -21.84
1430 -26.16
1431 -26.08
1432 -30.04
1433 -26.04
1434 -18.04
1435 -14.04
1436 -29.84
1437 -14
1438 -18.08
1439 -29.88
1440 -22.04
1441 -21.84
1442 -25.76
1443 -21.88
1444 -22
1445 -25.96
1446 -26.04
1447 -22.08
1448 -21.92
1449 -21.76
1450 -21.64
1451 -21.64
1452 -25.84
1453 -21.96
1454 -25.72
1455 -21.8
1456 -29.88
1457 -26.08
1458 -25.92
1459 -13.88
1460 -25.76
1461 -17.92
1462 -21.88
1463 -29.92
1464 -30
1465 -30.04
1466 -25.88
1467 -34.08
1468 -34.24
1469 -34.12
1470 -26.12
1471 -22.04
1472 -30.2
1473 -26.12
1474 -30.28
1475 -34.36
1476 -18.28
1477 -18.08
1478 -29.92
1479 -25.92
1480 -14
1481 -21.8
1482 -17.76
1483 -14.08
1484 -14.08
1485 -26
1486 -18.12
1487 -30.4
1488 -34.64
1489 -22.6
1490 -10.28
1491 -22.28
1492 -18.24
1493 -30.24
1494 -34.2
1495 -18.16
1496 -30.44
1497 -26.36
1498 -30.08
1499 -26.12
1500 -18.04
1501 -22.12
1502 -26.04
1503 -21.88
1504 -25.8
1505 -25.68
1506 -21.84
1507 -17.88
1508 -29.8
1509 -29.84
1510 -21.84
1511 -21.96
1512 -14.08
1513 -30.04
1514 -26.16
1515 -30.24
1516 -22.24
1517 -21.92
1518 -18.28
1519 -30.52
1520 -22.2
1521 -22.24
1522 -14.2
1523 -18.12
1524 -14.2
1525 -22
1526 -25.8
1527 -17.88
1528 -21.96
1529 -25.64
1530 -21.72
1531 -29.72
1532 -29.96
1533 -29.96
1534 -21.92
1535 -33.96
1536 -21.8
1537 -17.88
1538 -13.84
1539 -25.92
1540 -18.08
1541 -14.2
1542 -18.24
1543 -18.2
1544 -21.96
1545 -18.04
1546 -18.08
1547 -25.92
1548 -21.92
1549 -6.08
1550 -22
1551 -29.76
1552 -25.92
1553 -29.96
1554 -22
1555 -26.16
1556 -30.32
1557 -30.16
1558 -34.08
1559 -34.04
1560 -30
1561 -29.92
1562 -30
1563 -21.8
1564 -22.04
1565 -29.8
1566 -13.88
1567 -18.08
1568 -14.2
1569 -26
1570 -22.12
1571 -21.84
1572 -21.96
1573 -25.88
1574 -30.24
1575 -26.16
1576 -30.32
1577 -22.24
1578 -26.4
1579 -18.28
1580 -26.12
1581 -26.2
1582 -22.16
1583 -22.24
1584 -34.32
1585 -26.36
1586 -26.2
1587 -22.24
1588 -18.2
1589 -22.2
1590 -14.28
1591 -26.28
1592 -10.32
1593 -18.28
1594 -22.36
1595 -26.36
1596 -30.4
1597 -26.44
1598 -30.44
1599 -26.16
1600 -18.04
1601 -18.16
1602 -22.08
1603 -30.16
1604 -26.36
1605 -22.48
1606 -22.28
1607 -26.16
1608 -22.16
1609 -22.32
1610 -26.28
1611 -30.32
1612 -26.2
1613 -21.96
1614 -26.24
1615 -26.48
1616 -26.28
1617 -21.88
1618 -29.44
1619 -25.56
1620 -21.6
1621 -13.6
1622 -17.68
1623 -29.64
1624 -29.68
1625 -21.68
1626 -17.92
1627 -33.92
1628 -29.84
1629 -26
1630 -22.12
1631 -30.44
1632 -34.4
1633 -26.28
1634 -18.4
1635 -22.32
1636 -14.12
1637 -22.16
1638 -22.04
1639 -26
1640 -18
1641 -25.96
1642 -26.28
1643 -30.28
1644 -26.16
1645 -34.08
1646 -21.84
1647 -21.88
1648 -25.56
1649 -29.64
1650 -21.92
1651 -25.92
1652 -25.8
1653 -21.68
1654 -17.68
1655 -25.52
1656 -9.84
1657 -13.76
1658 -17.84
1659 -34.04
1660 -22.04
1661 -6.08
1662 -22.36
1663 -26.12
1664 -9.96
1665 -21.84
1666 -25.84
1667 -37.76
1668 -25.96
1669 -26
1670 -21.88
1671 -21.8
1672 -22.08
1673 -10.08
1674 -22
1675 -17.96
1676 -25.8
1677 -33.76
1678 -33.52
1679 -25.44
1680 -33.56
1681 -25.72
1682 -21.72
1683 -13.96
1684 -25.92
1685 -30.04
1686 -29.96
1687 -21.8
1688 -17.8
1689 -10
1690 -18.08
1691 -14
1692 -21.84
1693 -25.64
1694 -13.96
1695 -29.88
1696 -26.16
1697 -22.2
1698 -30.16
1699 -30.12
1700 -29.84
1701 -29.48
1702 -17.6
1703 -17.76
1704 -17.68
1705 -18
1706 -26
1707 -21.8
1708 -17.96
1709 -9.76
1710 -17.72
1711 -21.68
1712 -25.4
1713 -25.6
1714 -25.68
1715 -29.84
1716 -25.76
1717 -21.6
1718 -29.52
1719 -29.64
1720 -25.8
1721 -25.92
1722 -22.12
1723 -13.92
1724 -21.92
1725 -22
1726 -18.08
1727 -25.96
1728 -29.72
1729 -29.76
1730 -37.6
1731 -33.68
1732 -33.8
1733 -33.92
1734 -37.88
1735 -26.04
1736 -26
1737 -9.8
1738 -17.6
1739 -9.68
1740 -17.84
1741 -18.04
1742 -21.84
1743 -17.64
1744 -21.56
1745 -29.76
1746 -26.08
1747 -25.84
1748 -26.04
1749 -26.28
1750 -22.24
1751 -30.28
1752 -26.04
1753 -30.16
1754 -22.08
1755 -18.04
1756 -18.16
1757 -25.84
1758 -21.92
1759 -18.04
1760 -29.96
1761 -25.76
1762 -14.04
1763 -21.96
1764 -18.04
1765 -26.08
1766 -30.12
1767 -30.2
1768 -22.36
1769 -22.4
1770 -22.24
1771 -22.32
1772 -14.28
1773 -26.16
1774 -22.48
1775 -18.4
1776 -14.2
1777 -22
1778 -26.16
1779 -25.96
1780 -22.04
1781 -21.88
1782 -14.04
1783 -22.04
1784 -14.08
1785 -14.2
1786 -14.36
1787 -14.4
1788 -6.28
1789 -14.16
1790 -30.16
1791 -30
1792 -21.88
1793 -33.76
1794 -33.88
1795 -25.64
1796 -21.84
1797 -21.76
1798 -33.96
1799 -34
1800 -22.04
1801 -14.2
1802 -22.24
1803 -22
1804 -21.96
1805 -10.04
1806 -25.8
1807 -22.04
1808 -33.88
1809 -18.04
1810 -18.2
1811 -17.96
1812 -21.84
1813 -22.12
1814 -22.04
1815 -18
1816 -22.12
1817 -26.12
1818 -22.4
1819 -26.56
1820 -38.48
1821 -30.68
1822 -26.68
1823 -30.76
1824 -26.48
1825 -26.32
1826 -22.08
1827 -26.12
1828 -30.08
1829 -22.2
1830 -18.12
1831 -18.12
1832 -26.48
1833 -26.44
1834 -34.6
1835 -26.28
1836 -26.16
1837 -25.96
1838 -29.88
1839 -37.92
1840 -34
1841 -38
1842 -25.92
1843 -29.68
1844 -21.72
1845 -22.08
1846 -18.04
1847 -18.24
1848 -22.24
1849 -18.32
1850 -22.2
1851 -22.16
1852 -21.8
1853 -34.04
1854 -34.24
1855 -26.36
1856 -26.08
1857 -17.88
1858 -29.8
1859 -21.84
1860 -21.76
1861 -34.08
1862 -22.2
1863 -22.52
1864 -30.6
1865 -22.4
1866 -26.36
1867 -38.4
1868 -21.92
1869 -22.08
1870 -14.04
1871 -18.08
1872 -30.52
1873 -30.44
1874 -34.52
1875 -34.4
1876 -34.04
1877 -30
1878 -22.04
1879 -30
1880 -26.08
1881 -33.76
1882 -25.88
1883 -29.8
1884 -29.92
1885 -29.88
1886 -17.76
1887 -21.72
1888 -25.96
1889 -18
1890 -22.28
1891 -26.04
1892 -26.04
1893 -26.12
1894 -22.24
1895 -30.44
1896 -18.32
1897 -26.16
1898 -26.08
1899 -37.96
1900 -30.04
1901 -10
1902 -17.8
1903 -29.8
1904 -33.8
1905 -25.88
1906 -26.32
1907 -30.48
1908 -38.44
1909 -38.28
1910 -30.08
1911 -22.32
1912 -30.48
1913 -30.56
1914 -26.4
1915 -26.52
1916 -18.4
1917 -18.6
1918 -14.28
1919 -26.28
1920 -18.24
1921 -18.2
1922 -18.2
1923 -14.16
1924 -18.2
1925 -17.96
1926 -26.08
1927 -21.92
1928 -17.92
1929 -29.84
1930 -26.04
1931 -9.8
1932 -22.24
1933 -26.4
1934 -30.4
1935 -22.28
1936 -22.24
1937 -18.32
1938 -18.16
1939 -29.92
1940 -21.88
1941 -17.92
1942 -30
1943 -25.88
1944 -21.88
1945 -33.92
1946 -29.8
1947 -25.68
1948 -21.72
1949 -37.6
1950 -29.72
1951 -33.72
1952 -33.88
1953 -29.92
1954 -29.88
1955 -22.12
1956 -17.96
1957 -22.04
1958 -18.24
1959 -22.12
1960 -22.08
1961 -14.12
1962 -26.36
1963 -18.32
1964 -18.24
1965 -26.16
1966 -22.12
1967 -30.12
1968 -34.08
1969 -26.12
1970 -34.32
1971 -34.36
1972 -30.28
1973 -30.52
1974 -30.48
1975 -26.48
1976 -30.44
1977 -6.32
1978 -18.2
1979 -18.4
1980 -18.24
1981 -14.2
1982 -26.4
1983 -22.36
1984 -30.44
1985 -34.44
1986 -30.28
1987 -30.28
1988 -18.16
1989 -18.08
1990 -22.08
1991 -30.24
1992 -14.28
1993 -30.4
1994 -26.48
1995 -14.4
1996 -22.36
1997 -26.36
1998 -30.28
1999 -26.2
2000 -25.92
2001 -25.96
2002 -30
2003 -18.12
2004 -30.28
2005 -26.32
2006 -22.36
2007 -18.24
2008 -30.12
2009 -34.24
2010 -25.96
2011 -25.84
2012 -33.96
2013 -21.88
2014 -33.84
2015 -25.44
2016 -29.68
2017 -25.6
2018 -25.52
2019 -21.96
2020 -14.04
2021 -25.92
2022 -9.88
2023 -10
2024 -26.4
2025 -18.16
2026 -14
2027 -22.04
2028 -18
2029 -22.16
2030 -14.04
2031 -18.2
2032 -22.16
2033 -18.08
2034 -34.12
2035 -22.04
2036 -26.28
2037 -30.16
2038 -30.2
2039 -26.16
2040 -30.08
2041 -25.84
2042 -9.96
2043 -21.88
2044 -21.92
2045 -17.84
2046 -25.8
2047 -22
2048 -13.84
2049 -29.76
2050 -29.96
2051 -29.92
2052 -29.96
2053 -29.92
2054 -33.84
2055 -29.84
2056 -25.72
2057 -13.96
2058 -22.04
2059 -17.92
2060 -25.72
2061 -29.88
2062 -25.8
2063 -21.8
2064 -25.72
2065 -17.76
2066 -25.76
2067 -29.76
2068 -25.88
2069 -25.92
2070 -29.76
2071 -29.8
2072 -25.96
2073 -21.8
2074 -25.76
2075 -29.76
2076 -26.08
2077 -26.16
2078 -6.08
2079 -22.32
2080 -30.32
2081 -22.44
2082 -17.96
2083 -14.04
2084 -2.32
2085 -14.08
2086 -9.84
2087 -14.08
2088 -18.04
2089 -17.96
2090 -33.84
2091 -25.72
2092 -33.76
2093 -33.6
2094 -21.68
2095 -21.92
2096 -30
2097 -33.88
2098 -33.84
2099 -21.88
2100 -21.68
2101 -33.6
2102 -21.96
2103 -21.8
2104 -26.04
2105 -34.28
2106 -18.28
2107 -17.84
2108 -29.92
2109 -30.12
2110 -21.92
2111 -21.8
2112 -9.76
2113 -21.64
2114 -14
2115 -13.96
2116 -18.24
2117 -22.04
2118 -26.12
2119 -30.44
2120 -30.4
2121 -34.56
2122 -30.68
2123 -26.44
2124 -18.2
2125 -22.28
2126 -30.04
2127 -34.04
2128 -34.16
2129 -25.96
2130 -25.92
2131 -30.08
2132 -26.04
2133 -30.24
2134 -14.2
2135 -30.12
2136 -30.08
2137 -30.28
2138 -22.36
2139 -26.32
2140 -14.36
2141 -22.2
2142 -22.08
2143 -26.04
2144 -22
2145 -17.96
2146 -17.88
2147 -10.08
2148 -17.88
2149 -18.04
2150 -26.04
2151 -22.16
2152 -22.08
2153 -13.84
2154 -22
2155 -22.16
2156 -30.04
2157 -13.92
2158 -21.92
2159 -17.96
2160 -18
2161 -18.16
2162 -26.28
2163 -22.28
2164 -22.52
2165 -22.48
2166 -26.28
2167 -22.16
2168 -22.32
2169 -26.24
2170 -22.12
2171 -25.96
2172 -30
2173 -14.12
2174 -30.4
2175 -38.36
2176 -26.48
2177 -22.4
2178 -30.24
2179 -30.2
2180 -22.16
2181 -18.24
2182 -10
2183 -26.08
2184 -26.12
2185 -18.08
2186 -18.2
2187 -22.36
2188 -22.28
2189 -18.04
2190 -21.88
2191 -13.92
2192 -17.84
2193 -18.08
2194 -22
2195 -30.2
2196 -30.04
2197 -13.96
2198 -17.88
2199 -29.92
2200 -26.08
2201 -26.28
2202 -18.32
2203 -26.28
2204 -30.48
2205 -30.56
2206 -26.36
2207 -26.12
2208 -25.84
2209 -21.84
2210 -29.76
2211 -21.92
2212 -29.96
2213 -25.92
2214 -30.2
2215 -22.28
2216 -22.2
2217 -6.08
2218 -18.08
2219 -13.96
2220 -14.16
2221 -13.92
2222 -21.84
2223 -25.84
2224 -25.96
2225 -25.76
2226 -18.08
2227 -18.04
2228 -22.2
2229 -26.28
2230 -26.28
2231 -22.32
2232 -18.24
2233 -18.08
2234 -18.08
2235 -22.16
2236 -18.12
2237 -22.04
2238 -18.16
2239 -22.2
2240 -18.16
2241 -22.16
2242 -22.32
2243 -22.32
2244 -30.32
2245 -30.28
2246 -30.32
2247 -26.36
2248 -30.24
2249 -26.24
2250 -30.16
2251 -17.88
2252 -29.8
2253 -33.76
2254 -21.68
2255 -29.6
2256 -21.84
2257 -9.96
2258 -17.96
2259 -21.92
2260 -18.04
2261 -18.12
2262 -18.08
2263 -25.96
2264 -29.92
2265 -25.84
2266 -33.76
2267 -25.56
2268 -17.64
2269 -25.48
2270 -33.32
2271 -21.52
2272 -21.56
2273 -13.72
2274 -25.84
2275 -30.16
2276 -30.28
2277 -21.96
2278 -21.92
2279 -21.92
2280 -21.92
2281 -21.72
2282 -13.96
2283 -9.92
2284 -25.96
2285 -21.76
2286 -17.96
2287 -18
2288 -22.08
2289 -26.16
2290 -18.16
2291 -30
2292 -25.84
2293 -33.64
2294 -29.6
2295 -33.56
2296 -25.8
2297 -25.8
2298 -10.04
2299 -14.16
2300 -22.32
2301 -14.32
2302 -22.44
2303 -26.56
2304 -22.48
2305 -22.2
2306 -34.52
2307 -26.28
2308 -26.36
2309 -26.36
2310 -18.44
2311 -30.28
2312 -14.16
2313 -18.44
2314 -26.56
2315 -26.52
2316 -26.36
2317 -26.44
2318 -30.4
2319 -30.4
2320 -18.16
2321 -22.32
2322 -30.2
2323 -26.08
2324 -22
2325 -13.96
2326 -13.84
2327 -10.08
2328 -14.16
2329 -22.16
2330 -29.88
2331 -25.92
2332 -21.84
2333 -5.84
2334 -22.04
2335 -22.04
2336 -22.04
2337 -26
2338 -29.84
2339 -17.84
2340 -21.76
2341 -13.72
2342 -17.84
2343 -17.92
2344 -14.04
2345 -30.12
2346 -30.56
2347 -34.56
2348 -26.36
2349 -30.04
2350 -22.2
2351 -18.12
2352 -14.2
2353 -26.24
2354 -26.24
2355 -18.36
2356 -26.4
2357 -26.24
2358 -22.24
2359 -22.08
2360 -22.24
2361 -29.96
2362 -18.04
2363 -22.28
2364 -26.36
2365 -34.32
2366 -22.28
2367 -26.32
2368 -26.24
2369 -30.44
2370 -26.32
2371 -26.36
2372 -22.4
2373 -26.12
2374 -22.12
2375 -25.92
2376 -18.08
2377 -22.24
2378 -26.16
2379 -26.08
2380 -14
2381 -13.8
2382 -13.84
2383 -21.96
2384 -22.08
2385 -17.92
2386 -17.8
2387 -17.76
2388 -21.72
2389 -21.72
2390 -25.76
2391 -25.8
2392 -25.72
2393 -29.96
2394 -26.08
2395 -13.92
2396 -22.16
2397 -22.24
2398 -22.28
2399 -26.08
2400 -25.96
2401 -25.56
2402 -13.92
2403 -17.96
2404 -17.72
2405 -17.88
2406 -13.8
2407 -21.72
2408 -21.8
2409 -9.84
2410 -13.76
2411 -29.68
2412 -21.68
2413 -21.96
2414 -25.88
2415 -21.76
2416 -14.04
2417 -22.12
2418 -22.08
2419 -18.16
2420 -22.08
2421 -21.76
2422 -17.76
2423 -21.88
2424 -17.96
2425 -30.2
2426 -22
2427 -17.96
2428 -18
2429 -9.84
2430 -17.92
2431 -21.96
2432 -26.16
2433 -13.96
2434 -22.32
2435 -30.24
2436 -22.2
2437 -33.92
2438 -34.16
2439 -30.24
2440 -34.2
2441 -22.28
2442 -26.2
2443 -30.44
2444 -30.28
2445 -22.2
2446 -30.04
2447 -13.8
2448 -18.12
2449 -5.88
2450 -13.8
2451 -21.88
2452 -17.92
2453 -18.08
2454 -10.24
2455 -18.32
2456 -18.32
2457 -18.12
2458 -22.12
2459 -30.28
2460 -18.2
2461 -22.12
2462 -26.16
2463 -30.16
2464 -18.16
2465 -18.04
2466 -26.2
2467 -18.08
2468 -14.04
2469 -22.2
2470 -21.96
2471 -17.96
2472 -21.92
2473 -17.88
2474 -14
2475 -17.88
2476 -17.84
2477 -9.92
2478 -17.72
2479 -25.76
2480 -25.84
2481 -29.68
2482 -33.92
2483 -26.28
2484 -26.2
2485 -30
2486 -29.92
2487 -25.88
2488 -29.76
2489 -29.92
2490 -30
2491 -29.96
2492 -26.08
2493 -26
2494 -25.96
2495 -30.12
2496 -21.88
2497 -25.92
2498 -29.88
2499 -26.08
2500 -25.92
2501 -17.96
2502 -10.2
2503 -26.24
2504 -26.24
2505 -22.4
2506 -25.96
2507 -25.72
2508 -17.72
2509 -13.84
2510 -26.16
2511 -22.2
2512 -30
2513 -21.76
2514 -21.96
2515 -22.08
2516 -14.08
2517 -17.88
2518 -18
2519 -22.16
2520 -30.24
2521 -26
2522 -17.88
2523 -17.68
2524 -29.84
2525 -13.76
2526 -25.88
2527 -26
2528 -21.92
2529 -30.04
2530 -26.16
2531 -18.4
2532 -22.52
2533 -22.36
2534 -26.36
2535 -22.04
2536 -13.92
2537 -25.68
2538 -21.8
2539 -17.76
2540 -21.84
2541 -21.96
2542 -14
2543 -14
2544 -22.08
2545 -30.08
2546 -26.28
2547 -18.32
2548 -34.36
2549 -30.4
2550 -18.4
2551 -26.24
2552 -22.28
2553 -22.08
2554 -22.04
2555 -26.04
2556 -17.92
2557 -10.24
2558 -18.44
2559 -26.24
2560 -14.2
2561 -18.08
2562 -6
2563 -29.8
2564 -21.76
2565 -25.76
2566 -17.92
2567 -21.92
2568 -29.92
2569 -17.8
2570 -13.8
2571 -22.04
2572 -22.08
2573 -30.2
2574 -22.28
2575 -26.52
2576 -26.28
2577 -26.28
2578 -26.24
2579 -14.2
2580 -22.12
2581 -18.08
2582 -18.08
2583 -22
2584 -25.88
2585 -25.96
2586 -33.96
2587 -30.12
2588 -22.08
2589 -26.24
2590 -30.28
2591 -30.12
2592 -18.2
2593 -26.36
2594 -22.24
2595 -22.12
2596 -22
2597 -21.96
2598 -26
2599 -25.84
2600 -21.92
2601 -25.56
2602 -21.8
2603 -33.76
2604 -25.68
2605 -29.56
2606 -25.6
2607 -25.64
2608 -29.8
2609 -25.68
2610 -17.96
2611 -22.08
2612 -29.8
2613 -25.8
2614 -25.64
2615 -13.8
2616 -17.96
2617 -22.08
2618 -6.04
2619 -17.96
2620 -22.16
2621 -14.12
2622 -13.84
2623 -22.08
2624 -14.04
2625 -14.16
2626 -22.44
2627 -26.6
2628 -26.6
2629 -26.6
2630 -26.56
2631 -26.56
2632 -26.44
2633 -26.32
2634 -26.2
2635 -26.04
2636 -30.12
2637 -25.92
2638 -21.92
2639 -14.08
2640 -26.08
2641 -25.92
2642 -25.88
2643 -29.84
2644 -21.84
2645 -29.96
2646 -26.12
2647 -26.16
2648 -22.16
2649 -30.08
2650 -26.2
2651 -33.96
2652 -14.2
2653 -14.2
2654 -26.24
2655 -26.28
2656 -26
2657 -18.04
2658 -22.24
2659 -18.4
2660 -10.24
2661 -22.48
2662 -42.84
2663 -26.6
2664 -38.52
2665 -38.4
2666 -38.4
2667 -34.28
2668 -22.2
2669 -18.28
2670 -18.32
2671 -14.36
2672 -10.32
2673 -10.24
2674 -22.16
2675 -18.12
2676 -18.2
2677 -22.04
2678 -13.72
2679 -17.6
2680 -29.56
2681 -21.76
2682 -25.6
2683 -13.72
2684 -21.96
2685 -17.8
2686 -29.76
2687 -33.44
2688 -33.4
2689 -21.48
2690 -25.56
2691 -25.4
2692 -29.64
2693 -29.6
2694 -25.92
2695 -33.96
2696 -26.04
2697 -21.84
2698 -29.6
2699 -25.64
2700 -21.84
2701 -18
2702 -14.08
2703 -9.92
2704 -22.24
2705 -22.32
2706 -18.08
2707 -14.04
2708 -26
2709 -21.92
2710 -14
2711 -18.12
2712 -26.2
2713 -30.24
2714 -34.28
2715 -18.12
2716 -14.2
2717 -26.12
2718 -22.04
2719 -29.88
2720 -21.84
2721 -6
2722 -29.76
2723 -22
2724 -22.08
2725 -21.8
2726 -29.8
2727 -17.96
2728 -21.88
2729 -25.72
2730 -29.68
2731 -25.6
2732 -21.64
2733 -25.64
2734 -21.64
2735 -29.84
2736 -29.68
2737 -25.68
2738 -29.64
2739 -17.8
2740 -22.16
2741 -21.96
2742 -14.24
2743 -26.24
2744 -18.24
2745 -14.24
2746 -30.56
2747 -30.64
2748 -26.56
2749 -34.68
2750 -30.72
2751 -34.72
2752 -30.64
2753 -30.68
2754 -22.56
2755 -26.36
2756 -22.32
2757 -14.24
2758 -18.36
2759 -14.36
2760 -30.64
2761 -30.4
2762 -22.32
2763 -22.2
2764 -26.36
2765 -26.2
2766 -34.16
2767 -34.12
2768 -18.24
2769 -22.36
2770 -10.2
2771 -6.08
2772 -17.88
2773 -25.8
2774 -21.84
2775 -21.64
2776 -25.68
2777 -25.72
2778 -21.8
2779 -29.72
2780 -33.76
2781 -25.96
2782 -22.08
2783 -21.88
2784 -14.04
2785 -25.92
2786 -17.88
2787 -21.88
2788 -26
2789 -22.08
2790 -14.08
2791 -30.04
2792 -29.92
2793 -29.84
2794 -21.88
2795 -26.36
2796 -34.6
2797 -42.76
2798 -30.56
2799 -26.44
2800 -18.24
2801 -10.32
2802 -18.08
2803 -30.08
2804 -26.12
2805 -18.24
2806 -10.12
2807 -22.2
2808 -18.2
2809 -10.12
2810 -26.24
2811 -26.2
2812 -26.08
2813 -25.96
2814 -26.08
2815 -34.04
2816 -22
2817 -21.92
2818 -29.72
2819 -21.88
2820 -13.72
2821 -21.72
2822 -18.12
2823 -22.16
2824 -22.44
2825 -18.2
2826 -25.96
2827 -29.92
2828 -37.76
2829 -21.92
2830 -30.12
2831 -22.16
2832 -22.2
2833 -30.12
2834 -26.16
2835 -22.24
2836 -22.16
2837 -33.8
2838 -21.64
2839 -17.84
2840 -9.84
2841 -25.64
2842 -17.84
2843 -13.88
2844 -25.76
2845 -21.92
2846 -25.96
2847 -29.88
2848 -21.72
2849 -21.8
2850 -25.76
2851 -29.8
2852 -33.8
2853 -13.88
2854 -33.68
2855 -21.88
2856 -21.92
2857 -18
2858 -17.72
2859 -17.68
2860 -22
2861 -29.96
2862 -25.92
2863 -17.64
2864 -30.04
2865 -34
2866 -26.04
2867 -30.08
2868 -25.92
2869 -25.92
2870 -17.88
2871 -17.96
2872 -13.84
2873 -17.76
2874 -29.68
2875 -21.96
2876 -17.88
2877 -22.16
2878 -26.28
2879 -18.12
2880 -22.16
2881 -22.16
2882 -22.16
2883 -22.16
2884 -21.96
2885 -26.16
2886 -30.16
2887 -22.36
2888 -30.56
2889 -34.6
2890 -30.44
2891 -30.28
2892 -18.32
2893 -10.2
2894 -10.28
2895 -34.4
2896 -26.28
2897 -26.2
2898 -34.04
2899 -22.2
2900 -30.12
2901 -26.28
2902 -34.36
2903 -30.16
2904 -26.04
2905 -29.88
2906 -29.8
2907 -25.68
2908 -21.8
2909 -25.84
2910 -25.72
2911 -21.96
2912 -22
2913 -26.16
2914 -26.2
2915 -30.04
2916 -29.88
2917 -18
2918 -13.88
2919 -17.84
2920 -13.68
2921 -21.76
2922 -17.64
2923 -21.64
2924 -13.6
2925 -25.72
2926 -13.96
2927 -6.04
2928 -26.08
2929 -14.28
2930 -22.24
2931 -22.24
2932 -26.36
2933 -18.2
2934 -13.96
2935 -21.8
2936 -33.64
2937 -25.6
2938 -33.6
2939 -29.8
2940 -21.92
2941 -25.76
2942 -25.6
2943 -21.52
2944 -21.68
2945 -29.72
2946 -21.88
2947 -21.8
2948 -25.72
2949 -25.88
2950 -21.8
2951 -21.64
2952 -33.56
2953 -29.76
2954 -29.8
2955 -25.8
2956 -25.84
2957 -29.68
2958 -25.48
2959 -25.68
2960 -29.64
2961 -21.76
2962 -13.76
2963 -25.76
2964 -17.72
2965 -21.84
2966 -21.8
2967 -17.84
2968 -21.96
2969 -17.84
2970 -13.72
2971 -13.8
2972 -14.16
2973 -14.08
2974 -18.08
2975 -22.16
2976 -26.44
2977 -30.48
2978 -30.24
2979 -26.16
2980 -30.32
2981 -14.08
2982 -21.92
2983 -18.04
2984 -18.12
2985 -6.2
2986 -30.4
2987 -9.96
2988 -18.2
2989 -22.12
2990 -26.24
2991 -26.56
2992 -38.84
2993 -42.72
2994 -30.48
2995 -26.36
2996 -30.16
2997 -34.08
2998 -30.36
2999 -22.52
3000 -21.96
3001 -14.04
3002 -9.92
3003 -9.96
3004 -21.92
3005 -21.92
3006 -29.88
3007 -25.92
3008 -22.08
3009 -21.96
3010 -17.88
3011 -17.88
3012 -13.76
3013 -25.64
3014 -21.64
3015 -25.76
3016 -22.04
3017 -10.08
3018 -25.6
3019 -29.44
3020 -29.68
3021 -29.72
3022 -25.8
3023 -17.92
3024 -22.24
3025 -26.36
3026 -26.4
3027 -30.32
3028 -26.52
3029 -22.4
3030 -26.08
3031 -30.2
3032 -30.56
3033 -22.48
3034 -26.44
3035 -30.52
3036 -18.28
3037 -26.32
3038 -26.36
3039 -14.36
3040 -26.32
3041 -14.16
3042 -18.32
3043 -22.24
3044 -22.2
3045 -18.44
3046 -26.48
3047 -14.2
3048 -22.48
3049 -34.44
3050 -34.48
3051 -26.48
3052 -26.6
3053 -18.52
3054 -30.4
3055 -22.64
3056 -22.32
3057 -26.32
3058 -26.12
3059 -30.24
3060 -30.36
3061 -26.28
3062 -22.28
3063 -34.16
3064 -34.28
3065 -22.12
3066 -22.04
3067 -22.2
3068 -26.24
3069 -30.2
3070 -5.92
3071 -29.92
3072 -22.12
3073 -26.04
3074 -25.76
3075 -14.04
3076 -18.24
3077 -21.96
3078 -22.08
3079 -17.96
3080 -18.16
3081 -18.24
3082 -26.12
3083 -30.28
3084 -26.24
3085 -26.24
3086 -22.24
3087 -18.32
3088 -18.28
3089 -14.12
3090 -30.16
3091 -30.28
3092 -30.44
3093 -22.32
3094 -18
3095 -22.12
3096 -18.32
3097 -10.28
3098 -38.64
3099 -26.44
3100 -22.24
3101 -34.48
3102 -34.48
3103 -30.4
3104 -26.32
3105 -18.08
3106 -18.12
3107 -13.92
3108 -22.04
3109 -26.12
3110 -26.08
3111 -18.04
3112 -10.16
3113 -18
3114 -22.12
3115 -26.04
3116 -26.16
3117 -18.36
3118 -22.28
3119 -18.08
3120 -22.16
3121 -30.04
3122 -26.12
3123 -21.92
3124 -21.92
3125 -21.8
3126 -21.64
3127 -25.92
3128 -22.16
3129 -22
3130 -30.2
3131 -18.04
3132 -25.92
3133 -18.08
3134 -22.16
3135 -22.16
3136 -22
3137 -26.08
3138 -14
3139 -25.8
3140 -33.8
3141 -33.68
3142 -21.8
3143 -26.08
3144 -22.16
3145 -22.04
3146 -18.12
3147 -21.88
3148 -21.64
3149 -21.72
3150 -25.6
3151 -21.68
3152 -25.56
3153 -21.84
3154 -26.16
3155 -22.28
3156 -18.12
3157 -14.28
3158 -30.2
3159 -14.04
3160 -26.2
3161 -22.4
3162 -22.28
3163 -2.32
3164 -22.12
3165 -26.32
3166 -30.2
3167 -34.48
3168 -30.32
3169 -26.36
3170 -22.12
3171 -26
3172 -25.96
3173 -18.24
3174 -22
3175 -9.96
3176 -22.04
3177 -13.8
3178 -22.04
3179 -29.72
3180 -25.96
3181 -29.96
3182 -33.84
3183 -25.84
3184 -25.92
3185 -22.2
3186 -30.12
3187 -18.04
3188 -25.84
3189 -30.08
3190 -26.08
3191 -22.12
3192 -13.96
3193 -25.84
3194 -21.96
3195 -29.88
3196 -37.68
3197 -29.88
3198 -29.92
3199 -13.92
3200 -29.88
3201 -37.92
3202 -22.12
3203 -14
3204 -22.12
3205 -18.16
3206 -21.96
3207 -18
3208 -22
3209 -26.12
3210 -22.32
3211 -18.24
3212 -26.32
3213 -14.04
3214 -13.92
3215 -21.88
3216 -13.88
3217 -13.92
3218 -21.96
3219 -25.8
3220 -25.8
3221 -29.64
3222 -25.88
3223 -25.76
3224 -29.84
3225 -26
3226 -22.12
3227 -22.44
3228 -18.32
3229 -14.16
3230 -21.8
3231 -17.84
3232 -30
3233 -10
3234 -14.04
3235 -22.32
3236 -26.44
3237 -30.48
3238 -22.4
3239 -30.44
3240 -30.24
3241 -18.12
3242 -25.96
3243 -34
3244 -41.92
3245 -21.68
3246 -25.96
3247 -29.8
3248 -22
3249 -21.76
3250 -25.8
3251 -25.76
3252 -33.64
3253 -29.68
3254 -33.92
3255 -21.88
3256 -13.88
3257 -17.88
3258 -14.08
3259 -26.08
3260 -30.2
3261 -18.24
3262 -14.24
3263 -10.36
3264 -14.16
3265 -22.04
3266 -25.92
3267 -21.92
3268 -26.28
3269 -18.08
3270 -21.76
3271 -14.2
3272 -26.2
3273 -29.92
3274 -25.88
3275 -22.04
3276 -14.12
3277 -22.16
3278 -30.16
3279 -25.88
3280 -17.92
3281 -9.96
3282 -21.92
3283 -21.76
3284 -21.88
3285 -25.84
3286 -13.8
3287 -25.92
3288 -25.8
3289 -25.72
3290 -25.64
3291 -25.72
3292 -17.88
3293 -17.88
3294 -21.92
3295 -30.16
3296 -34.24
3297 -26.36
3298 -22.24
3299 -18.48
3300 -18.12
3301 -9.96
3302 -17.88
3303 -22
3304 -30.08
3305 -14
3306 -18
3307 -9.76
3308 -25.84
3309 -17.72
3310 -29.52
3311 -29.56
3312 -29.68
3313 -29.84
3314 -17.68
3315 -29.68
3316 -25.64
3317 -29.76
3318 -33.8
3319 -37.76
3320 -25.8
3321 -9.96
3322 -34.04
3323 -34.08
3324 -17.88
3325 -1.72
3326 -33.76
3327 -25.84
3328 -14.16
3329 -22.4
3330 -22.4
3331 -26.4
3332 -22.32
3333 -26.04
3334 -29.92
3335 -22.04
3336 -26.04
3337 -26.08
3338 -14.08
3339 -22
3340 -17.84
3341 -21.84
3342 -21.96
3343 -29.92
3344 -26.08
3345 -26.12
3346 -5.92
3347 -25.76
3348 -33.68
3349 -25.72
3350 -25.84
3351 -25.92
3352 -21.84
3353 -17.96
3354 -30.04
3355 -26.32
3356 -21.92
3357 -25.96
3358 -17.96
3359 -26.12
3360 -22.32
3361 -21.96
3362 -22.08
3363 -30.2
3364 -30.08
3365 -34.12
3366 -22.24
3367 -13.96
3368 -13.96
3369 -26
3370 -17.88
3371 -6.24
3372 -26.36
3373 -22.24
3374 -22.24
3375 -26.36
3376 -26.44
3377 -18.2
3378 -26.28
3379 -18.12
3380 -26.16
3381 -18.4
3382 -18.36
3383 -18.12
3384 -21.88
3385 -21.84
3386 -22.16
3387 -18.28
3388 -22.16
3389 -30.12
3390 -22.04
3391 -30.08
3392 -34.04
3393 -30.24
3394 -18.2
3395 -22.44
3396 -34.52
3397 -18.36
3398 -34.48
3399 -30.52
3400 -22.4
3401 -30.36
3402 -26.28
3403 -10.08
3404 -18.2
3405 -22.28
3406 -30.44
3407 -22.36
3408 -22.12
3409 -26
3410 -29.92
3411 -29.92
3412 -29.96
3413 -34.08
3414 -21.96
3415 -21.84
3416 -33.84
3417 -25.84
3418 -30
3419 -25.92
3420 -18
3421 -30.12
3422 -29.88
3423 -34.16
3424 -25.92
3425 -21.92
3426 -26.04
3427 -29.84
3428 -17.84
3429 -21.8
3430 -21.72
3431 -17.92
3432 -25.76
3433 -29.84
3434 -21.8
3435 -18.12
3436 -21.96
3437 -17.84
3438 -29.68
3439 -29.72
3440 -21.44
3441 -21.48
3442 -21.6
3443 -25.72
3444 -25.92
3445 -22.12
3446 -14.28
3447 -18.08
3448 -2.04
3449 -22.2
3450 -26.24
3451 -34.4
3452 -26.44
3453 -26.6
3454 -30.48
3455 -26.4
3456 -26.04
3457 -22
3458 -26.2
3459 -30.32
3460 -18.16
3461 -18.12
3462 -22.08
3463 -25.84
3464 -18.16
3465 -18.2
3466 -14.08
3467 -22
3468 -18.08
3469 -10.16
3470 -21.96
3471 -21.96
3472 -14.08
3473 -25.8
3474 -33.64
3475 -25.92
3476 -34.28
3477 -26.12
3478 -22.4
3479 -30.4
3480 -22.28
3481 -30.32
3482 -22.36
3483 -14.24
3484 -18.2
3485 -30.04
3486 -26.12
3487 -18.04
3488 -26.04
3489 -33.96
3490 -26.16
3491 -30.32
3492 -22.28
3493 -30.36
3494 -26.28
3495 -14.08
3496 -22
3497 -21.92
3498 -29.84
3499 -41.8
3500 -33.8
3501 -17.76
3502 -17.96
3503 -17.8
3504 -21.96
3505 -26.12
3506 -30.12
3507 -34.04
3508 -21.88
3509 -21.88
3510 -13.92
3511 -21.92
3512 -21.88
3513 -17.84
3514 -22.04
3515 -18.12
3516 -26.04
3517 -21.92
3518 -18.2
3519 -10.2
3520 -26.04
3521 -22.04
3522 -26.08
3523 -34.04
3524 -30.04
3525 -22
3526 -26.16
3527 -26.36
3528 -14.24
3529 -34.2
3530 -26.08
3531 -25.96
3532 -30.04
3533 -14.2
3534 -18.12
3535 -33.92
3536 -30.04
3537 -13.88
3538 -22
3539 -25.76
3540 -13.8
3541 -22
3542 -26.2
3543 -18.12
3544 -18.16
3545 -6.16
3546 -6.2
3547 -30.16
3548 -14.04
3549 -22.04
3550 -26.08
3551 -26.12
3552 -21.96
3553 -33.64
3554 -33.44
3555 -41.24
3556 -29.4
3557 -37.28
3558 -25.6
3559 -33.56
3560 -25.72
3561 -21.88
3562 -37.72
3563 -37.8
3564 -25.88
3565 -22.04
3566 -26
3567 -30
3568 -21.96
3569 -21.72
3570 -14
3571 -10
3572 -17.96
3573 -34.08
3574 -30.12
3575 -18.2
3576 -22
3577 -25.96
3578 -21.8
3579 -25.88
3580 -29.88
3581 -21.8
3582 -13.6
3583 -17.76
3584 -21.72
3585 -29.64
3586 -25.48
3587 -25.52
3588 -17.92
3589 -18.08
3590 -26.2
3591 -26
3592 -25.72
3593 -22
3594 -22.08
3595 -14
3596 -18.04
3597 -17.88
3598 -17.88
3599 -22.08
3600 -22.08
3601 -17.88
3602 -9.88
3603 -17.96
3604 -26.2
3605 -18.12
3606 -22.12
3607 -25.76
3608 -22
3609 -21.88
3610 -14.04
3611 -22.2
3612 -26.24
3613 -26.08
3614 -25.96
3615 -26.12
3616 -22
3617 -18.04
3618 -14.28
3619 -22.4
3620 -22.32
3621 -26.08
3622 -18.2
3623 -10.28
3624 -18.08
3625 -22.04
3626 -26.32
3627 -18.4
3628 -14.08
3629 -26.2
3630 -26.24
3631 -26.2
3632 -14.04
3633 -13.84
3634 -17.84
3635 -25.84
3636 -26.08
3637 -30.04
3638 -29.84
3639 -26.04
3640 -37.96
3641 -26.28
3642 -30.36
3643 -26.48
3644 -18.36
3645 -22.24
3646 -18.08
3647 -17.92
3648 -25.64
3649 -29.68
3650 -29.56
3651 -33.68
3652 -33.8
3653 -17.96
3654 -26.04
3655 -17.92
3656 -26
3657 -14.24
3658 -26.12
3659 -30.24
3660 -26.28
3661 -14.08
3662 -21.88
3663 -17.84
3664 -25.68
3665 -33.68
3666 -21.68
3667 -25.8
3668 -29.48
3669 -21.88
3670 -25.68
3671 -25.72
3672 -29.68
3673 -17.68
3674 -17.76
3675 -14
3676 -22.32
3677 -18.16
3678 -26.12
3679 -25.92
3680 -21.76
3681 -17.92
3682 -22
3683 -30.04
3684 -14.32
3685 -26.2
3686 -30.28
3687 -26.12
3688 -22.16
3689 -14.2
3690 -17.96
3691 -9.96
3692 -22
3693 -17.72
3694 -17.84
3695 -29.76
3696 -25.76
3697 -25.92
3698 -14.12
3699 -22.24
3700 -22.4
3701 -26.36
3702 -34.36
3703 -34.28
3704 -26.04
3705 -6.2
3706 -18.36
3707 -26.32
3708 -30.4
3709 -18.16
3710 -29.84
3711 -21.96
3712 -26.24
3713 -10.04
3714 -34.12
3715 -30.16
3716 -30.28
3717 -30.12
3718 -30.36
3719 -26.44
3720 -30.56
3721 -30.52
3722 -18.32
3723 -26.16
3724 -14.24
3725 -26.32
3726 -22.16
3727 -30.12
3728 -25.96
3729 -13.88
3730 -17.88
3731 -17.92
3732 -14
3733 -26.04
3734 -14.12
3735 -22.16
3736 -22.2
3737 -26.2
3738 -9.96
3739 -21.96
3740 -17.96
3741 -22.04
3742 -30.12
3743 -13.96
3744 -26.04
3745 -34.2
3746 -30.24
3747 -26.04
3748 -22
3749 -22.2
3750 -14.16
3751 -18.04
3752 -22.12
3753 -26.08
3754 -34.08
3755 -30.24
3756 -30.56
3757 -38.6
3758 -30.6
3759 -22.48
3760 -26.32
3761 -30.12
3762 -21.88
3763 -21.84
3764 -29.8
3765 -17.88
3766 -9.88
3767 -10.04
3768 -13.84
3769 -13.64
3770 -17.64
3771 -17.76
3772 -21.6
3773 -29.52
3774 -17.76
3775 -25.8
3776 -21.84
3777 -22.04
3778 -29.96
3779 -29.96
3780 -30.04
3781 -26.04
3782 -22
3783 -34.2
3784 -30.08
3785 -34.32
3786 -22.16
3787 -13.8
3788 -17.56
3789 -17.48
3790 -25.44
3791 -17.72
3792 -21.88
3793 -25.72
3794 -17.72
3795 -21.76
3796 -25.8
3797 -18
3798 -13.92
3799 -14.2
3800 -26.16
3801 -25.96
3802 -18
3803 -25.96
3804 -21.64
3805 -13.92
3806 -25.84
3807 -25.72
3808 -25.56
3809 -21.52
3810 -17.6
3811 -13.76
3812 -21.84
3813 -21.96
3814 -21.96
3815 -26.04
3816 -22.32
3817 -34.12
3818 -26.2
3819 -26.12
3820 -13.8
3821 -21.72
3822 -5.76
3823 -25.68
3824 -13.72
3825 -17.8
3826 -14.16
3827 -26.36
3828 -26.12
3829 -26
3830 -17.68
3831 -26.04
3832 -26.08
3833 -22.12
3834 -22.2
3835 -26.28
3836 -22.28
3837 -22.56
3838 -26.52
3839 -30.56
3840 -38.72
3841 -30.56
3842 -18.04
3843 -21.84
3844 -29.88
3845 -25.92
3846 -18
3847 -25.92
3848 -22.08
3849 -18.32
3850 -14.2
3851 -17.92
3852 -22.04
3853 -26.12
3854 -18.04
3855 -14.24
3856 -10.24
3857 -26.12
3858 -18.08
3859 -22.12
3860 -30.12
3861 -22.12
3862 -22.08
3863 -26.04
3864 -13.92
3865 -21.96
3866 -18.04
3867 -18.12
3868 -30.04
3869 -33.84
3870 -21.68
3871 -29.92
3872 -26.08
3873 -18.24
3874 -22.32
3875 -26.44
3876 -26.24
3877 -22.12
3878 -18.36
3879 -18.04
3880 -26.04
3881 -22.32
3882 -14.4
3883 -18.12
3884 -25.88
3885 -25.64
3886 -21.76
3887 -29.52
3888 -29.28
3889 -29.36
3890 -17.84
3891 -17.88
3892 -6.04
3893 -17.92
3894 -22
3895 -22.16
3896 -26.12
3897 -22
3898 -30
3899 -21.88
3900 -25.68
3901 -25.52
3902 -25.6
3903 -21.8
3904 -25.56
3905 -33.68
3906 -29.44
3907 -29.4
3908 -21.52
3909 -17.88
3910 -25.88
3911 -29.84
3912 -21.92
3913 -17.88
3914 -18.12
3915 -25.92
3916 -13.92
3917 -13.76
3918 -17.68
3919 -5.8
3920 -21.8
3921 -25.92
3922 -17.92
3923 -21.8
3924 -25.96
3925 -26
3926 -22.08
3927 -21.84
3928 -17.72
3929 -17.64
3930 -21.56
3931 -29.52
3932 -21.72
3933 -21.8
3934 -21.72
3935 -17.6
3936 -17.76
3937 -22.04
3938 -14.12
3939 -13.96
3940 -22.04
3941 -26
3942 -29.84
3943 -25.88
3944 -21.68
3945 -13.76
3946 -25.6
3947 -21.52
3948 -29.52
3949 -21.56
3950 -33.4
3951 -33.28
3952 -25.4
3953 -25.64
3954 -17.68
3955 -21.68
3956 -17.96
3957 -18.24
3958 -10
3959 -9.92
3960 -21.72
3961 -17.84
3962 -21.8
3963 -21.84
3964 -25.84
3965 -33.68
3966 -29.8
3967 -21.76
3968 -17.6
3969 -21.68
3970 -17.68
3971 -25.8
3972 -22.04
3973 -25.92
3974 -17.88
3975 -21.88
3976 -13.84
3977 -9.76
3978 -10
3979 -14
3980 -22.24
3981 -26.28
3982 -22.32
3983 -14.2
3984 -14.16
3985 -10.12
3986 -22.08
3987 -18.04
3988 -26.28
3989 -22.04
3990 -26
3991 -22.08
3992 -10.12
3993 -21.92
3994 -14.24
3995 -22.36
3996 -30.32
3997 -22.2
3998 -26.28
3999 -10.12
4000 -14.08
4001 -10.16
4002 -18.12
4003 -22
4004 -26.16
4005 -37.72
4006 -29.96
4007 -17.96
4008 -26.28
4009 -18.2
4010 -18.04
4011 -21.96
4012 -30
4013 -25.92
4014 -18.12
4015 -26.2
4016 -18.08
4017 -17.84
4018 -17.64
4019 -13.68
4020 -22.04
4021 -22.04
4022 -13.72
4023 -9.8
4024 -1.88
4025 -13.88
4026 -14.08
4027 -9.8
4028 -22.16
4029 -21.96
4030 -17.56
4031 -13.8
4032 -1.88
4033 -13.88
4034 -17.72
4035 -13.76
4036 -25.68
4037 -25.72
4038 -25.8
4039 -25.8
4040 -21.92
4041 -14.2
4042 -14.28
4043 -18.36
4044 -18.4
4045 -22.08
4046 -13.92
4047 -18.32
4048 -22.4
4049 -18.24
4050 -22.12
4051 -14
4052 -14.24
4053 -10.28
4054 -22.32
4055 -18.24
4056 -14.36
4057 -18.36
4058 -18.28
4059 -26.16
4060 -18.04
4061 -14.04
4062 -14.08
4063 -17.92
4064 -21.88
4065 -25.84
4066 -18.2
4067 -14.16
4068 -10.04
4069 -34.04
4070 -38.08
4071 -34
4072 -34.16
4073 -26.12
4074 -30.08
4075 -30.24
4076 -26.28
4077 -30.4
4078 -18.36
4079 -22.16
4080 -18.2
4081 -26.16
4082 -30.04
4083 -29.68
4084 -26.12
4085 -22.48
4086 -30.4
4087 -26.36
4088 -22.24
4089 -29.96
4090 -29.76
4091 -37.52
4092 -25.8
4093 -13.72
4094 -25.68
4095 -21.64
4096 -21.8
4097 -21.96
4098 -21.96
4099 -26.04
4100 -22.12
4101 -18.16
4102 -26.16
4103 -18.32
4104 -14.4
4105 -26.2
4106 -22.24
4107 -22.2
4108 -30.12
4109 -30.24
4110 -30.28
4111 -22.16
4112 -29.72
4113 -17.76
4114 -13.84
4115 -21.92
4116 -25.92
4117 -30
4118 -18.24
4119 -10.24
4120 -25.92
4121 -5.88
4122 -21.88
4123 -13.84
4124 -21.64
4125 -21.52
4126 -29.36
4127 -29.32
4128 -21.44
4129 -25.56
4130 -33.68
4131 -25.8
4132 -25.84
4133 -14
4134 -29.8
4135 -29.92
4136 -25.88
4137 -17.84
4138 -13.72
4139 -17.88
4140 -17.84
4141 -17.84
4142 -21.92
4143 -26
4144 -25.76
4145 -21.92
4146 -22.2
4147 -26.04
4148 -30
4149 -34.12
4150 -25.92
4151 -29.92
4152 -25.76
4153 -25.72
4154 -25.6
4155 -21.76
4156 -21.8
4157 -21.88
4158 -22.04
4159 -21.92
4160 -29.88
4161 -25.92
4162 -25.92
4163 -34
4164 -22.04
4165 -29.8
4166 -21.96
4167 -13.92
4168 -2.08
4169 -18.36
4170 -22.32
4171 -22.2
4172 -14.16
4173 -22.28
4174 -22.2
4175 -22.04
4176 -37.96
4177 -26.16
4178 -17.88
4179 -21.6
4180 -21.76
4181 -17.92
4182 -22.16
4183 -26.28
4184 -22.08
4185 -26.4
4186 -26.32
4187 -30.2
4188 -30.24
4189 -22.28
4190 -26.28
4191 -30.2
4192 -30
4193 -26.2
4194 -18.2
4195 -18.4
4196 -22.4
4197 -14.04
4198 -14.04
4199 -10.04
4200 -5.8
4201 -21.96
4202 -25.92
4203 -29.76
4204 -21.84
4205 -17.96
4206 -26.16
4207 -22.16
4208 -26.12
4209 -30.24
4210 -30.24
4211 -30.12
4212 -25.96
4213 -6.12
4214 -17.96
4215 -17.96
4216 -25.84
4217 -26
4218 -22.12
4219 -34.2
4220 -26.28
4221 -26.36
4222 -18.36
4223 -18.36
4224 -18.12
4225 -21.92
4226 -26.2
4227 -26.16
4228 -30.2
4229 -34.04
4230 -33.88
4231 -17.8
4232 -17.76
4233 -29.8
4234 -22
4235 -29.88
4236 -30
4237 -29.96
4238 -25.96
4239 -29.88
4240 -26
4241 -25.92
4242 -10.2
4243 -25.96
4244 -30.16
4245 -18.24
4246 -14.16
4247 -6.04
4248 -14
4249 -18.12
4250 -10.04
4251 -14.08
4252 -13.84
4253 -25.96
4254 -21.96
4255 -13.92
4256 -5.84
4257 -29.72
4258 -25.88
4259 -13.96
4260 -22
4261 -29.92
4262 -34.04
4263 -33.92
4264 -34
4265 -18
4266 -21.88
4267 -17.88
4268 -9.88
4269 -17.96
4270 -22.08
4271 -17.92
4272 -26
4273 -25.84
4274 -21.96
4275 -22.08
4276 -26.4
4277 -26.52
4278 -30.52
4279 -30.32
4280 -26.44
4281 -26.36
4282 -18.4
4283 -22.48
4284 -26.56
4285 -38.52
4286 -30.32
4287 -26.2
4288 -30.32
4289 -38.28
4290 -30.12
4291 -38.04
4292 -29.8
4293 -25.92
4294 -29.76
4295 -26.24
4296 -18.16
4297 -18.16
4298 -18.2
4299 -18.28
4300 -18.28
4301 -34.2
4302 -26.24
4303 -34.44
4304 -26.16
4305 -21.96
4306 -5.96
4307 -13.84
4308 -9.84
4309 -18.16
4310 -14.4
4311 -2.12
4312 -21.88
4313 -25.76
4314 -25.8
4315 -14.04
4316 -13.84
4317 -29.88
4318 -13.92
4319 -26.2
4320 -22.24
4321 -22.16
4322 -30.2
4323 -22.2
4324 -18.24
4325 -18.44
4326 -30.44
4327 -22.36
4328 -26.28
4329 -38.24
4330 -22.12
4331 -26.32
4332 -22.32
4333 -30.32
4334 -26.32
4335 -14
4336 -25.96
4337 -17.64
4338 -21.8
4339 -17.8
4340 -13.84
4341 -26.16
4342 -22
4343 -18.36
4344 -30.48
4345 -18.52
4346 -18.32
4347 -26.52
4348 -26.56
4349 -14.2
4350 -10.04
4351 -18.16
4352 -26.12
4353 -26.16
4354 -34.16
4355 -26.12
4356 -22
4357 -26.16
4358 -26.36
4359 -30.36
4360 -26.36
4361 -22.32
4362 -14.36
4363 -26.36
4364 -34.48
4365 -30.44
4366 -26.56
4367 -30.6
4368 -22.44
4369 -22.28
4370 -26.4
4371 -18.32
4372 -22.28
4373 -30.36
4374 -30.32
4375 -26.16
4376 -18.16
4377 -6.16
4378 -18
4379 -26.12
4380 -17.84
4381 -29.72
4382 -33.76
4383 -25.88
4384 -18.08
4385 -26.32
4386 -2.2
4387 -22.28
4388 -30.12
4389 -21.88
4390 -25.84
4391 -22.08
4392 -9.92
4393 -18.16
4394 -29.92
4395 -17.96
4396 -17.88
4397 -21.88
4398 -29.72
4399 -17.72
4400 -21.92
4401 -30.2
4402 -26.28
4403 -30.32
4404 -26.2
4405 -22.2
4406 -30.12
4407 -30.4
4408 -26.2
4409 -22.32
4410 -14.36
4411 -10.2
4412 -14.12
4413 -18
4414 -13.72
4415 -25.68
4416 -21.8
4417 -21.88
4418 -26
4419 -29.96
4420 -18.08
4421 -26.16
4422 -22.24
4423 -26.32
4424 -26.44
4425 -22.44
4426 -26.28
4427 -18.28
4428 -26.64
4429 -22.36
4430 -34.36
4431 -30.28
4432 -30.12
4433 -26.08
4434 -6.2
4435 -5.88
4436 -13.88
4437 -29.56
4438 -29.52
4439 -29.64
4440 -29.72
4441 -21.8
4442 -29.72
4443 -21.76
4444 -18.08
4445 -22.12
4446 -29.96
4447 -18.08
4448 -30.04
4449 -25.76
4450 -29.6
4451 -18
4452 -18.16
4453 -29.8
4454 -17.72
4455 -21.8
4456 -25.76
4457 -17.8
4458 -22
4459 -26.12
4460 -34.36
4461 -18.16
4462 -26.28
4463 -26.16
4464 -21.84
4465 -17.72
4466 -21.76
4467 -21.88
4468 -22.04
4469 -22.08
4470 -22.08
4471 -22.24
4472 -29.96
4473 -34.12
4474 -26
4475 -34.08
4476 -33.96
4477 -17.92
4478 -9.68
4479 -21.68
4480 -25.64
4481 -21.8
4482 -17.56
4483 -21.68
4484 -13.96
4485 -21.96
4486 -26.04
4487 -9.92
4488 -30.08
4489 -30.04
4490 -26.2
4491 -26.24
4492 -30.24
4493 -26.4
4494 -26.24
4495 -22.2
4496 -34.36
4497 -26.32
4498 -18.16
4499 -18.08
4500 -30.08
4501 -33.88
4502 -26.12
4503 -18.08
4504 -26.08
4505 -18.08
4506 -17.96
4507 -17.88
4508 -6.08
4509 -14.28
4510 -18.16
4511 -26.2
4512 -22.12
4513 -30.16
4514 -22.24
4515 -26.12
4516 -30.36
4517 -30.2
4518 -30.04
4519 -25.96
4520 -22
4521 -17.88
4522 -17.88
4523 -25.72
4524 -13.8
4525 -13.84
4526 -21.68
4527 -17.8
4528 -25.72
4529 -17.84
4530 -34.12
4531 -26.12
4532 -14
4533 -30.24
4534 -34.28
4535 -26.32
4536 -22.32
4537 -30.48
4538 -30.44
4539 -21.96
4540 -21.76
4541 -21.56
4542 -25.44
4543 -37.44
4544 -25.52
4545 -33.64
4546 -33.6
4547 -25.72
4548 -33.88
4549 -25.96
4550 -26.12
4551 -25.92
4552 -25.92
4553 -29.84
4554 -26.12
4555 -30.2
4556 -26.32
4557 -18.12
4558 -26.12
4559 -26
4560 -25.8
4561 -25.76
4562 -21.68
4563 -13.88
4564 -25.72
4565 -29.64
4566 -25.64
4567 -21.84
4568 -21.84
4569 -21.88
4570 -22
4571 -25.92
4572 -29.8
4573 -21.76
4574 -14
4575 -22.2
4576 -18.2
4577 -21.96
4578 -22.24
4579 -26.24
4580 -18.32
4581 -18.24
4582 -26.32
4583 -10.16
4584 -9.96
4585 -10.08
4586 -22.24
4587 -26.4
4588 -30.24
4589 -22.16
4590 -22.2
4591 -18.36
4592 -26.4
4593 -14.2
4594 -18.08
4595 -17.96
4596 -21.92
4597 -17.92
4598 -10.08
4599 -14.12
4600 -9.72
4601 -22
4602 -14.04
4603 -18.08
4604 -22.24
4605 -18.04
4606 -34.12
4607 -34.04
4608 -30.04
4609 -30.28
4610 -30.48
4611 -34.52
4612 -26.52
4613 -26.16
4614 -17.92
4615 -13.68
4616 -29.92
4617 -37.68
4618 -29.76
4619 -25.92
4620 -29.96
4621 -25.72
4622 -25.8
4623 -33.56
4624 -17.8
4625 -25.84
4626 -29.92
4627 -29.84
4628 -22
4629 -22.24
4630 -26.12
4631 -30.04
4632 -29.96
4633 -26.04
4634 -34.2
4635 -26.16
4636 -18.04
4637 -17.8
4638 -33.88
4639 -33.88
4640 -29.64
4641 -21.88
4642 -21.84
4643 -26.12
4644 -18.2
4645 -13.92
4646 -17.92
4647 -17.76
4648 -14.2
4649 -22.16
4650 -6.24
4651 -22.16
4652 -22.36
4653 -26.32
4654 -30.2
4655 -25.96
4656 -34.12
4657 -13.88
4658 -21.8
4659 -25.72
4660 -25.88
4661 -21.64
4662 -5.96
4663 -21.76
4664 -29.68
4665 -25.8
4666 -29.92
4667 -25.92
4668 -26.04
4669 -18.08
4670 -17.76
4671 -21.6
4672 -17.88
4673 -25.8
4674 -18.08
4675 -13.88
4676 -17.76
4677 -25.76
4678 -29.84
4679 -29.84
4680 -29.72
4681 -21.76
4682 -21.68
4683 -21.72
4684 -29.72
4685 -29.6
4686 -29.44
4687 -17.48
4688 -13.56
4689 -17.6
4690 -25.84
4691 -22
4692 -13.92
4693 -29.92
4694 -26
4695 -38
4696 -29.92
4697 -21.96
4698 -33.92
4699 -17.96
4700 -21.96
4701 -21.84
4702 -25.88
4703 -22.08
4704 -29.96
4705 -25.88
4706 -22.04
4707 -22
4708 -30.04
4709 -14.16
4710 -22
4711 -21.92
4712 -21.92
4713 -25.92
4714 -33.92
4715 -29.8
4716 -25.88
4717 -25.88
4718 -18
4719 -22.08
4720 -13.92
4721 -21.72
4722 -21.68
4723 -17.96
4724 -14.04
4725 -26.36
4726 -26.44
4727 -30.24
4728 -10.16
4729 -22.24
4730 -22.32
4731 -26.12
4732 -22.12
4733 -17.92
4734 -21.76
4735 -25.84
4736 -17.72
4737 -33.76
4738 -29.84
4739 -17.76
4740 -29.6
4741 -21.72
4742 -25.84
4743 -33.92
4744 -26.04
4745 -21.96
4746 -13.88
4747 -5.68
4748 -25.32
4749 -33.36
4750 -41.24
4751 -41.32
4752 -37.36
4753 -25.4
4754 -17.64
4755 -29.8
4756 -17.84
4757 -9.96
4758 -17.84
4759 -30
4760 -18.12
4761 -25.88
4762 -26.04
4763 -21.8
4764 -13.72
4765 -21.8
4766 -21.88
4767 -21.92
4768 -14.04
4769 -18
4770 -21.84
4771 -17.92
4772 -26.16
4773 -22.24
4774 -22.28
4775 -18.4
4776 -26
4777 -29.92
4778 -34.24
4779 -26.08
4780 -25.96
4781 -14
4782 -22.12
4783 -22.24
4784 -18.08
4785 -22.08
4786 -22.2
4787 -22.28
4788 -26.28
4789 -34.16
4790 -30.04
4791 -21.8
4792 -13.92
4793 -22.04
4794 -26
4795 -22.04
4796 -18.2
4797 -14.16
4798 -30.44
4799 -22.32
4800 -26.24
4801 -26.32
4802 -29.84
4803 -21.64
4804 -17.64
4805 -37.88
4806 -33.56
4807 -33.6
4808 -25.44
4809 -25.56
4810 -9.96
4811 -25.96
4812 -14
4813 -18.2
4814 -22.04
4815 -25.8
4816 -25.84
4817 -29.76
4818 -25.88
4819 -25.88
4820 -6.04
4821 -26.08
4822 -22.12
4823 -26.08
4824 -26.04
4825 -26.04
4826 -18.04
4827 -14.08
4828 -17.88
4829 -9.96
4830 -30.4
4831 -22.36
4832 -30.32
4833 -22.16
4834 -34.16
4835 -21.88
4836 -21.8
4837 -26
4838 -25.8
4839 -30.08
4840 -17.96
4841 -18
4842 -21.76
4843 -25.84
4844 -13.72
4845 -21.72
4846 -17.84
4847 -25.92
4848 -29.76
4849 -17.76
4850 -17.96
4851 -17.88
4852 -22.04
4853 -14.04
4854 -21.92
4855 -9.8
4856 -13.92
4857 -26.12
4858 -14.08
4859 -26.4
4860 -22.16
4861 -18.52
4862 -30.48
4863 -26.16
4864 -21.92
4865 -17.92
4866 -17.88
4867 -22.12
4868 -25.92
4869 -9.92
4870 -21.56
4871 -21.68
4872 -25.64
4873 -29.92
4874 -26.04
4875 -22.08
4876 -22.24
4877 -22.08
4878 -22.16
4879 -26.2
4880 -30.16
4881 -30.08
4882 -29.96
4883 -29.92
4884 -25.88
4885 -17.96
4886 -30.12
4887 -22
4888 -26.12
4889 -17.96
4890 -21.64
4891 -25.68
4892 -25.52
4893 -25.84
4894 -9.72
4895 -21.84
4896 -17.72
4897 -21.68
4898 -17.88
4899 -13.88
4900 -17.84
4901 -29.64
4902 -33.48
4903 -21.48
4904 -17.76
4905 -9.92
4906 -25.96
4907 -34.08
4908 -22.16
4909 -17.88
4910 -29.84
4911 -25.72
4912 -25.64
4913 -5.72
4914 -9.84
4915 -18.08
4916 -22.12
4917 -25.92
4918 -14.12
4919 -14.12
4920 -18
4921 -22.08
4922 -18.16
4923 -14.2
4924 -22.08
4925 -29.96
4926 -26.12
4927 -26.04
4928 -14.36
4929 -22.24
4930 -26.52
4931 -30.52
4932 -26.4
4933 -14.08
4934 -18.08
4935 -21.84
4936 -17.96
4937 -22.08
4938 -26.12
4939 -26.04
4940 -29.92
4941 -21.92
4942 -22.16
4943 -13.92
4944 -9.96
4945 -22.08
4946 -26.08
4947 -26.16
4948 -13.92
4949 -18.2
4950 6
4951 -18.08
4952 -14
4953 -18.12
4954 -10.24
4955 -18.32
4956 -22.16
4957 -22.08
4958 -22.16
4959 -18
4960 -26.12
4961 -14.08
4962 -26.2
4963 -26.24
4964 -26.04
4965 -30.32
4966 -18.16
4967 -18.08
4968 -9.96
4969 -13.68
4970 -13.8
4971 -13.84
4972 -21.96
4973 -26.2
4974 -18.04
4975 -30.04
4976 -21.96
4977 -26.2
4978 -22.16
4979 -22
4980 -25.6
4981 -17.68
4982 -21.68
4983 -13.72
4984 -21.44
4985 -25.72
4986 -21.84
4987 -25.88
4988 -33.96
4989 -14.12
4990 -17.8
4991 -21.64
4992 -25.72
4993 -25.56
4994 -25.64
4995 -21.88
4996 -21.88
4997 -22.12
4998 -26.6
4999 -22.6
5000 -10.12
