1 325.442
2 200.506
3 331.24
4 686.44
5 496.398
6 705.434
7 338.56
8 198.246
9 325.442
10 331.24
11 484
12 489.294
13 194.882
14 36.4816
15 1175.12
16 1186.11
17 487.526
18 914.458
19 678.082
20 322.562
21 678.082
22 684.346
23 909.626
24 496.398
25 498.182
26 196
27 686.44
28 491.066
29 701.19
30 335.622
31 340.034
32 919.302
33 1211.04
34 936.36
35 690.638
36 328.334
37 201.64
38 907.214
39 492.84
40 489.294
41 328.334
42 494.618
43 328.334
44 199.374
45 332.698
46 665.64
47 468.29
48 190.44
49 669.774
50 491.066
51 492.84
52 485.762
53 673.922
54 1164.17
55 904.806
56 904.806
57 326.886
58 499.97
59 201.64
60 485.762
61 328.334
62 197.122
63 329.786
64 324
65 326.886
66 334.158
67 492.84
68 912.04
69 676
70 1175.12
71 686.44
72 201.64
73 496.398
74 491.066
75 324
76 480.486
77 907.214
78 329.786
79 101.606
80 101.606
81 4.1616
82 100.802
83 466.56
84 470.022
85 653.314
86 676
87 484
88 98.4064
89 331.24
90 680.166
91 912.04
92 485.762
93 96.8256
94 661.518
95 890.426
96 1150.57
97 895.206
98 676
99 326.886
100 197.122
101 104.858
102 694.85
103 912.04
104 909.626
105 492.84
106 919.302
107 331.24
108 340.034
109 501.76
110 503.554
111 696.96
112 1205.48
113 924.16
114 699.074
115 498.182
116 696.96
117 324
118 492.84
119 484
120 482.242
121 1161.45
122 909.626
123 334.158
124 919.302
125 487.526
126 676
127 907.214
128 676
129 324
130 325.442
131 671.846
132 487.526
133 912.04
134 328.334
135 1150.57
136 669.774
137 667.706
138 667.706
139 196
140 36.4816
141 192.654
142 326.886
143 678.082
144 900
145 673.922
146 196
147 324
148 324
149 669.774
150 880.902
151 1142.44
152 1139.74
153 900
154 665.64
155 659.462
156 309.76
157 309.76
158 657.41
159 876.16
160 473.498
161 669.774
162 895.206
163 324
164 316.84
165 482.242
166 321.126
167 492.84
168 489.294
169 1161.45
170 491.066
171 319.694
172 669.774
173 909.626
174 496.398
175 499.97
176 503.554
177 494.618
178 489.294
179 921.73
180 487.526
181 686.44
182 499.97
183 209.67
184 929.03
185 692.742
186 485.762
187 684.346
188 688.538
189 489.294
190 319.694
191 315.418
192 188.238
193 311.17
194 673.922
195 1158.72
196 319.694
197 193.766
198 36
199 475.24
200 657.41
201 667.706
202 478.734
203 667.706
204 888.04
205 890.426
206 97.6144
207 199.374
208 329.786
209 193.766
210 676
211 892.814
212 318.266
213 190.44
214 319.694
215 1444
216 322.562
217 478.734
218 671.846
219 480.486
220 97.6144
221 319.694
222 476.986
223 663.578
224 316.84
225 494.618
226 694.85
227 498.182
228 680.166
229 476.986
230 890.426
231 476.986
232 1142.44
233 189.338
234 315.418
235 487.526
236 492.84
237 496.398
238 919.302
239 921.73
240 916.878
241 329.786
242 916.878
243 1493.05
244 207.36
245 686.44
246 199.374
247 492.84
248 680.166
249 673.922
250 482.242
251 897.602
252 318.266
253 473.498
254 657.41
255 1128.96
256 657.41
257 480.486
258 322.562
259 194.882
260 316.84
261 478.734
262 665.64
263 478.734
264 673.922
265 325.442
266 676
267 1156
268 671.846
269 682.254
270 684.346
271 318.266
272 196
273 663.578
274 669.774
275 665.64
276 655.36
277 1137.04
278 888.04
279 484
280 473.498
281 900
282 900
283 900
284 318.266
285 475.24
286 325.442
287 4.4944
288 202.778
289 694.85
290 1169.64
291 688.538
292 682.254
293 37.4544
294 316.84
295 480.486
296 482.242
297 494.618
298 334.158
299 107.33
300 494.618
301 328.334
302 480.486
303 328.334
304 1169.64
305 919.302
306 1177.86
307 1794.37
308 682.254
309 686.44
310 499.97
311 688.538
312 485.762
313 328.334
314 329.786
315 692.742
316 492.84
317 678.082
318 489.294
319 492.84
320 694.85
321 694.85
322 491.066
323 690.638
324 912.04
325 909.626
326 682.254
327 1161.45
328 686.44
329 907.214
330 1172.38
331 907.214
332 1161.45
333 902.402
334 909.626
335 690.638
336 690.638
337 485.762
338 673.922
339 669.774
340 888.04
341 476.986
342 489.294
343 205.062
344 331.24
345 199.374
346 332.698
347 498.182
348 337.09
349 686.44
350 484
351 478.734
352 1145.15
353 321.126
354 669.774
355 475.24
356 671.846
357 671.846
358 482.242
359 659.462
360 669.774
361 900
362 897.602
363 1440.96
364 914.458
365 1172.38
366 676
367 473.498
368 322.562
369 192.654
370 192.654
371 325.442
372 197.122
373 328.334
374 194.882
375 482.242
376 669.774
377 1139.74
378 1134.34
379 471.758
380 885.658
381 478.734
382 663.578
383 315.418
384 193.766
385 667.706
386 326.886
387 491.066
388 476.986
389 682.254
390 912.04
391 482.242
392 902.402
393 492.84
394 322.562
395 890.426
396 885.658
397 1131.65
398 316.84
399 661.518
400 468.29
401 649.23
402 663.578
403 473.498
404 312.582
405 471.758
406 318.266
407 669.774
408 478.734
409 657.41
410 312.582
411 473.498
412 318.266
413 663.578
414 669.774
415 671.846
416 322.562
417 196
418 888.04
419 466.56
420 311.17
421 651.27
422 667.706
423 484
424 671.846
425 191.546
426 878.53
427 473.498
428 661.518
429 659.462
430 661.518
431 468.29
432 663.578
433 193.766
434 900
435 1431.87
436 892.814
437 1145.15
438 480.486
439 325.442
440 895.206
441 907.214
442 919.302
443 688.538
444 328.334
445 482.242
446 332.698
447 895.206
448 319.694
449 99.2016
450 485.762
451 193.766
452 101.606
453 492.84
454 690.638
455 921.73
456 926.594
457 503.554
458 340.034
459 334.158
460 489.294
461 482.242
462 487.526
463 680.166
464 324
465 101.606
466 207.36
467 340.034
468 334.158
469 202.778
470 334.158
471 494.618
472 325.442
473 101.606
474 328.334
475 325.442
476 682.254
477 201.64
478 482.242
479 878.53
480 676
481 484
482 198.246
483 329.786
484 332.698
485 489.294
486 676
487 191.546
488 1166.91
489 322.562
490 667.706
491 318.266
492 902.402
493 321.126
494 892.814
495 669.774
496 476.986
497 1134.34
498 319.694
499 904.806
500 491.066
501 325.442
502 480.486
503 480.486
504 484
505 324
506 688.538
507 673.922
508 322.562
509 326.886
510 332.698
511 191.546
512 97.6144
513 190.44
514 315.418
515 484
516 326.886
517 199.374
518 197.122
519 902.402
520 680.166
521 492.84
522 678.082
523 678.082
524 489.294
525 673.922
526 880.902
527 657.41
528 659.462
529 1434.89
530 1147.85
531 193.766
532 321.126
533 476.986
534 475.24
535 673.922
536 102.414
537 197.122
538 331.24
539 694.85
540 690.638
541 494.618
542 492.84
543 491.066
544 673.922
545 900
546 909.626
547 206.21
548 484
549 318.266
550 485.762
551 319.694
552 890.426
553 1142.44
554 873.794
555 1120.91
556 313.998
557 309.76
558 188.238
559 482.242
560 489.294
561 328.334
562 678.082
563 671.846
564 478.734
565 489.294
566 332.698
567 494.618
568 476.986
569 471.758
570 655.36
571 186.05
572 309.76
573 94.4784
574 100
575 468.29
576 471.758
577 466.56
578 890.426
579 888.04
580 902.402
581 1169.64
582 100.802
583 897.602
584 1437.93
585 665.64
586 189.338
587 311.17
588 888.04
589 667.706
590 321.126
591 1147.85
592 671.846
593 489.294
594 680.166
595 188.238
596 194.882
597 316.84
598 671.846
599 318.266
600 188.238
601 484
602 489.294
603 97.6144
604 478.734
605 900
606 680.166
607 206.21
608 498.182
609 334.158
610 496.398
611 909.626
612 1177.86
613 1477.63
614 929.03
615 926.594
616 489.294
617 322.562
618 311.17
619 468.29
620 312.582
621 482.242
622 191.546
623 476.986
624 665.64
625 480.486
626 873.794
627 471.758
628 892.814
629 876.16
630 871.43
631 312.582
632 482.242
633 476.986
634 878.53
635 318.266
636 669.774
637 686.44
638 688.538
639 902.402
640 909.626
641 914.458
642 1166.91
643 487.526
644 103.226
645 498.182
646 202.778
647 489.294
648 902.402
649 688.538
650 326.886
651 491.066
652 334.158
653 688.538
654 688.538
655 690.638
656 499.97
657 696.96
658 688.538
659 1175.12
660 690.638
661 489.294
662 914.458
663 912.04
664 487.526
665 1153.28
666 96.04
667 194.882
668 318.266
669 326.886
670 678.082
671 196
672 198.246
673 682.254
674 892.814
675 1142.44
676 487.526
677 194.882
678 325.442
679 694.85
680 1183.36
681 924.16
682 1480.71
683 933.914
684 505.35
685 919.302
686 902.402
687 491.066
688 494.618
689 328.334
690 331.24
691 678.082
692 909.626
693 692.742
694 498.182
695 494.618
696 688.538
697 690.638
698 102.414
699 1150.57
700 671.846
701 684.346
702 485.762
703 1175.12
704 1471.49
705 921.73
706 1177.86
707 907.214
708 682.254
709 912.04
710 194.882
711 1153.28
712 892.814
713 316.84
714 476.986
715 473.498
716 897.602
717 673.922
718 661.518
719 471.758
720 659.462
721 471.758
722 657.41
723 1128.96
724 885.658
725 94.4784
726 473.498
727 321.126
728 198.246
729 489.294
730 676
731 671.846
732 883.278
733 667.706
734 190.44
735 491.066
736 334.158
737 489.294
738 324
739 316.84
740 480.486
741 673.922
742 678.082
743 661.518
744 471.758
745 665.64
746 669.774
747 1158.72
748 1456.19
749 678.082
750 322.562
751 491.066
752 485.762
753 201.64
754 203.918
755 701.19
756 946.178
757 2201.49
758 1505.44
759 2205.24
760 1842.13
761 948.64
762 510.76
763 929.03
764 340.034
765 496.398
766 496.398
767 701.19
768 1197.16
769 931.47
770 696.96
771 1177.86
772 916.878
773 338.56
774 688.538
775 684.346
776 890.426
777 676
778 676
779 684.346
780 1183.36
781 494.618
782 485.762
783 690.638
784 924.16
785 337.09
786 337.09
787 686.44
788 487.526
789 98.4064
790 328.334
791 688.538
792 478.734
793 667.706
794 471.758
795 464.834
796 315.418
797 468.29
798 663.578
799 476.986
800 487.526
801 680.166
802 914.458
803 329.786
804 492.84
805 334.158
806 692.742
807 926.594
808 926.594
809 699.074
810 684.346
811 902.402
812 671.846
813 485.762
814 661.518
815 673.922
816 316.84
817 189.338
818 464.834
819 471.758
820 883.278
821 478.734
822 1142.44
823 318.266
824 671.846
825 671.846
826 665.64
827 471.758
828 659.462
829 321.126
830 326.886
831 315.418
832 311.17
833 194.882
834 326.886
835 485.762
836 900
837 897.602
838 480.486
839 487.526
840 37.9456
841 484
842 888.04
843 880.902
844 475.24
845 475.24
846 1158.72
847 1150.57
848 321.126
849 900
850 489.294
851 485.762
852 321.126
853 671.846
854 1147.85
855 482.242
856 484
857 480.486
858 676
859 1459.24
860 326.886
861 705.434
862 941.262
863 701.19
864 936.36
865 1483.79
866 699.074
867 331.24
868 101.606
869 480.486
870 494.618
871 100
872 491.066
873 202.778
874 322.562
875 485.762
876 201.64
877 107.33
878 329.786
879 904.806
880 316.84
881 659.462
882 315.418
883 318.266
884 191.546
885 324
886 491.066
887 337.09
888 912.04
889 201.64
890 328.334
891 322.562
892 1153.28
893 909.626
894 686.44
895 101.606
896 682.254
897 678.082
898 680.166
899 494.618
900 325.442
901 487.526
902 892.814
903 912.04
904 678.082
905 892.814
906 671.846
907 671.846
908 1431.87
909 476.986
910 890.426
911 897.602
912 473.498
913 476.986
914 480.486
915 196
916 484
917 673.922
918 904.806
919 694.85
920 334.158
921 694.85
922 501.76
923 208.514
924 705.434
925 701.19
926 505.35
927 340.034
928 332.698
929 485.762
930 484
931 193.766
932 196
933 684.346
934 487.526
935 680.166
936 321.126
937 478.734
938 480.486
939 667.706
940 676
941 190.44
942 94.4784
943 475.24
944 892.814
945 682.254
946 485.762
947 676
948 900
949 678.082
950 692.742
951 682.254
952 492.84
953 201.64
954 494.618
955 200.506
956 326.886
957 916.878
958 1169.64
959 690.638
960 1177.86
961 324
962 478.734
963 487.526
964 671.846
965 326.886
966 680.166
967 688.538
968 921.73
969 491.066
970 701.19
971 699.074
972 921.73
973 489.294
974 101.606
975 494.618
976 194.882
977 671.846
978 325.442
979 667.706
980 318.266
981 892.814
982 680.166
983 485.762
984 686.44
985 487.526
986 684.346
987 328.334
988 678.082
989 912.04
990 1450.09
991 900
992 897.602
993 485.762
994 676
995 322.562
996 475.24
997 319.694
998 487.526
999 496.398
1000 499.97
1001 39.4384
1002 476.986
1003 471.758
1004 319.694
1005 663.578
1006 653.314
1007 655.36
1008 480.486
1009 324
1010 94.4784
1011 663.578
1012 680.166
1013 676
1014 316.84
1015 484
1016 676
1017 487.526
1018 885.658
1019 1137.04
1020 318.266
1021 473.498
1022 673.922
1023 105.678
1024 491.066
1025 325.442
1026 322.562
1027 1156
1028 492.84
1029 99.2016
1030 97.6144
1031 480.486
1032 484
1033 673.922
1034 684.346
1035 494.618
1036 484
1037 897.602
1038 482.242
1039 669.774
1040 482.242
1041 909.626
1042 1169.64
1043 322.562
1044 671.846
1045 326.886
1046 909.626
1047 907.214
1048 498.182
1049 489.294
1050 470.022
1051 665.64
1052 890.426
1053 892.814
1054 480.486
1055 1147.85
1056 669.774
1057 673.922
1058 1459.24
1059 902.402
1060 492.84
1061 916.878
1062 671.846
1063 661.518
1064 655.36
1065 871.43
1066 661.518
1067 473.498
1068 880.902
1069 902.402
1070 673.922
1071 682.254
1072 1139.74
1073 667.706
1074 1422.8
1075 475.24
1076 880.902
1077 655.36
1078 466.56
1079 321.126
1080 473.498
1081 671.846
1082 487.526
1083 322.562
1084 885.658
1085 659.462
1086 473.498
1087 318.266
1088 189.338
1089 318.266
1090 200.506
1091 489.294
1092 902.402
1093 673.922
1094 99.2016
1095 480.486
1096 318.266
1097 671.846
1098 328.334
1099 491.066
1100 482.242
1101 678.082
1102 907.214
1103 203.918
1104 331.24
1105 914.458
1106 494.618
1107 498.182
1108 703.31
1109 936.36
1110 507.15
1111 201.64
1112 496.398
1113 503.554
1114 207.36
1115 337.09
1116 326.886
1117 686.44
1118 335.622
1119 699.074
1120 1188.87
1121 503.554
1122 199.374
1123 470.022
1124 313.998
1125 661.518
1126 318.266
1127 332.698
1128 198.246
1129 487.526
1130 337.09
1131 334.158
1132 496.398
1133 103.226
1134 331.24
1135 673.922
1136 335.622
1137 692.742
1138 4.6656
1139 321.126
1140 478.734
1141 665.64
1142 885.658
1143 673.922
1144 1422.8
1145 885.658
1146 99.2016
1147 331.24
1148 485.762
1149 324
1150 192.654
1151 322.562
1152 321.126
1153 100.802
1154 34.5744
1155 466.56
1156 663.578
1157 470.022
1158 661.518
1159 657.41
1160 190.44
1161 690.638
1162 100
1163 199.374
1164 484
1165 487.526
1166 686.44
1167 684.346
1168 686.44
1169 192.654
1170 482.242
1171 476.986
1172 669.774
1173 892.814
1174 900
1175 324
1176 471.758
1177 188.238
1178 659.462
1179 470.022
1180 191.546
1181 895.206
1182 194.882
1183 1161.45
1184 673.922
1185 669.774
1186 1147.85
1187 478.734
1188 1158.72
1189 485.762
1190 476.986
1191 678.082
1192 482.242
1193 897.602
1194 1161.45
1195 492.84
1196 191.546
1197 99.2016
1198 190.44
1199 192.654
1200 667.706
1201 663.578
1202 478.734
1203 489.294
1204 319.694
1205 98.4064
1206 325.442
1207 478.734
1208 319.694
1209 1153.28
1210 318.266
1211 473.498
1212 663.578
1213 475.24
1214 669.774
1215 321.126
1216 476.986
1217 482.242
1218 476.986
1219 665.64
1220 312.582
1221 316.84
1222 475.24
1223 316.84
1224 673.922
1225 671.846
1226 676
1227 194.882
1228 680.166
1229 328.334
1230 192.654
1231 97.6144
1232 680.166
1233 688.538
1234 202.778
1235 205.062
1236 334.158
1237 205.062
1238 499.97
1239 499.97
1240 501.76
1241 694.85
1242 1169.64
1243 206.21
1244 684.346
1245 324
1246 907.214
1247 487.526
1248 491.066
1249 329.786
1250 341.51
1251 206.21
1252 332.698
1253 494.618
1254 38.44
1255 201.64
1256 491.066
1257 489.294
1258 470.022
1259 892.814
1260 322.562
1261 482.242
1262 676
1263 315.418
1264 1126.27
1265 1131.65
1266 649.23
1267 1398.76
1268 1404.75
1269 659.462
1270 1401.75
1271 878.53
1272 470.022
1273 651.27
1274 657.41
1275 885.658
1276 657.41
1277 315.418
1278 315.418
1279 1126.27
1280 876.16
1281 470.022
1282 1120.91
1283 657.41
1284 475.24
1285 473.498
1286 471.758
1287 192.654
1288 484
1289 191.546
1290 98.4064
1291 324
1292 318.266
1293 673.922
1294 478.734
1295 325.442
1296 478.734
1297 663.578
1298 193.766
1299 489.294
1300 325.442
1301 904.806
1302 909.626
1303 487.526
1304 326.886
1305 684.346
1306 484
1307 478.734
1308 316.84
1309 318.266
1310 878.53
1311 866.714
1312 657.41
1313 319.694
1314 189.338
1315 190.44
1316 316.84
1317 189.338
1318 321.126
1319 665.64
1320 476.986
1321 480.486
1322 663.578
1323 663.578
1324 655.36
1325 1123.59
1326 671.846
1327 659.462
1328 318.266
1329 669.774
1330 33.1776
1331 4.84
1332 669.774
1333 482.242
1334 904.806
1335 325.442
1336 690.638
1337 912.04
1338 682.254
1339 678.082
1340 326.886
1341 909.626
1342 334.158
1343 492.84
1344 332.698
1345 335.622
1346 494.618
1347 200.506
1348 491.066
1349 489.294
1350 686.44
1351 335.622
1352 914.458
1353 491.066
1354 909.626
1355 686.44
1356 680.166
1357 902.402
1358 1434.89
1359 669.774
1360 661.518
1361 880.902
1362 888.04
1363 667.706
1364 316.84
1365 496.398
1366 496.398
1367 1166.91
1368 485.762
1369 103.226
1370 487.526
1371 671.846
1372 316.84
1373 659.462
1374 315.418
1375 324
1376 890.426
1377 480.486
1378 487.526
1379 480.486
1380 194.882
1381 665.64
1382 663.578
1383 1128.96
1384 470.022
1385 890.426
1386 684.346
1387 102.414
1388 318.266
1389 1431.87
1390 1431.87
1391 892.814
1392 904.806
1393 492.84
1394 688.538
1395 494.618
1396 332.698
1397 699.074
1398 926.594
1399 340.034
1400 701.19
1401 1474.56
1402 919.302
1403 926.594
1404 337.09
1405 699.074
1406 492.84
1407 202.778
1408 484
1409 329.786
1410 337.09
1411 109.83
1412 680.166
1413 912.04
1414 1158.72
1415 688.538
1416 332.698
1417 686.44
1418 694.85
1419 331.24
1420 326.886
1421 101.606
1422 319.694
1423 476.986
1424 888.04
1425 669.774
1426 475.24
1427 480.486
1428 680.166
1429 476.986
1430 684.346
1431 680.166
1432 902.402
1433 678.082
1434 325.442
1435 197.122
1436 890.426
1437 196
1438 326.886
1439 892.814
1440 485.762
1441 476.986
1442 663.578
1443 478.734
1444 484
1445 673.922
1446 678.082
1447 487.526
1448 480.486
1449 473.498
1450 468.29
1451 468.29
1452 667.706
1453 482.242
1454 661.518
1455 475.24
1456 892.814
1457 680.166
1458 671.846
1459 192.654
1460 663.578
1461 321.126
1462 478.734
1463 895.206
1464 900
1465 902.402
1466 669.774
1467 1161.45
1468 1172.38
1469 1164.17
1470 682.254
1471 485.762
1472 912.04
1473 682.254
1474 916.878
1475 1180.61
1476 334.158
1477 326.886
1478 895.206
1479 671.846
1480 196
1481 475.24
1482 315.418
1483 198.246
1484 198.246
1485 676
1486 328.334
1487 924.16
1488 1199.93
1489 510.76
1490 105.678
1491 496.398
1492 332.698
1493 914.458
1494 1169.64
1495 329.786
1496 926.594
1497 694.85
1498 904.806
1499 682.254
1500 325.442
1501 489.294
1502 678.082
1503 478.734
1504 665.64
1505 659.462
1506 476.986
1507 319.694
1508 888.04
1509 890.426
1510 476.986
1511 482.242
1512 198.246
1513 902.402
1514 684.346
1515 914.458
1516 494.618
1517 480.486
1518 334.158
1519 931.47
1520 492.84
1521 494.618
1522 201.64
1523 328.334
1524 201.64
1525 484
1526 665.64
1527 319.694
1528 482.242
1529 657.41
1530 471.758
1531 883.278
1532 897.602
1533 897.602
1534 480.486
1535 1153.28
1536 475.24
1537 319.694
1538 191.546
1539 671.846
1540 326.886
1541 201.64
1542 332.698
1543 331.24
1544 482.242
1545 325.442
1546 326.886
1547 671.846
1548 480.486
1549 36.9664
1550 484
1551 885.658
1552 671.846
1553 897.602
1554 484
1555 684.346
1556 919.302
1557 909.626
1558 1161.45
1559 1158.72
1560 900
1561 895.206
1562 900
1563 475.24
1564 485.762
1565 888.04
1566 192.654
1567 326.886
1568 201.64
1569 676
1570 489.294
1571 476.986
1572 482.242
1573 669.774
1574 914.458
1575 684.346
1576 919.302
1577 494.618
1578 696.96
1579 334.158
1580 682.254
1581 686.44
1582 491.066
1583 494.618
1584 1177.86
1585 694.85
1586 686.44
1587 494.618
1588 331.24
1589 492.84
1590 203.918
1591 690.638
1592 106.502
1593 334.158
1594 499.97
1595 694.85
1596 924.16
1597 699.074
1598 926.594
1599 684.346
1600 325.442
1601 329.786
1602 487.526
1603 909.626
1604 694.85
1605 505.35
1606 496.398
1607 684.346
1608 491.066
1609 498.182
1610 690.638
1611 919.302
1612 686.44
1613 482.242
1614 688.538
1615 701.19
1616 690.638
1617 478.734
1618 866.714
1619 653.314
1620 466.56
1621 184.96
1622 312.582
1623 878.53
1624 880.902
1625 470.022
1626 321.126
1627 1150.57
1628 890.426
1629 676
1630 489.294
1631 926.594
1632 1183.36
1633 690.638
1634 338.56
1635 498.182
1636 199.374
1637 491.066
1638 485.762
1639 676
1640 324
1641 673.922
1642 690.638
1643 916.878
1644 684.346
1645 1161.45
1646 476.986
1647 478.734
1648 653.314
1649 878.53
1650 480.486
1651 671.846
1652 665.64
1653 470.022
1654 312.582
1655 651.27
1656 96.8256
1657 189.338
1658 318.266
1659 1158.72
1660 485.762
1661 36.9664
1662 499.97
1663 682.254
1664 99.2016
1665 476.986
1666 667.706
1667 1425.82
1668 673.922
1669 676
1670 478.734
1671 475.24
1672 487.526
1673 101.606
1674 484
1675 322.562
1676 665.64
1677 1139.74
1678 1123.59
1679 647.194
1680 1126.27
1681 661.518
1682 471.758
1683 194.882
1684 671.846
1685 902.402
1686 897.602
1687 475.24
1688 316.84
1689 100
1690 326.886
1691 196
1692 476.986
1693 657.41
1694 194.882
1695 892.814
1696 684.346
1697 492.84
1698 909.626
1699 907.214
1700 890.426
1701 869.07
1702 309.76
1703 315.418
1704 312.582
1705 324
1706 676
1707 475.24
1708 322.562
1709 95.2576
1710 313.998
1711 470.022
1712 645.16
1713 655.36
1714 659.462
1715 890.426
1716 663.578
1717 466.56
1718 871.43
1719 878.53
1720 665.64
1721 671.846
1722 489.294
1723 193.766
1724 480.486
1725 484
1726 326.886
1727 673.922
1728 883.278
1729 885.658
1730 1413.76
1731 1134.34
1732 1142.44
1733 1150.57
1734 1434.89
1735 678.082
1736 676
1737 96.04
1738 309.76
1739 93.7024
1740 318.266
1741 325.442
1742 476.986
1743 311.17
1744 464.834
1745 885.658
1746 680.166
1747 667.706
1748 678.082
1749 690.638
1750 494.618
1751 916.878
1752 678.082
1753 909.626
1754 487.526
1755 325.442
1756 329.786
1757 667.706
1758 480.486
1759 325.442
1760 897.602
1761 663.578
1762 197.122
1763 482.242
1764 325.442
1765 680.166
1766 907.214
1767 912.04
1768 499.97
1769 501.76
1770 494.618
1771 498.182
1772 203.918
1773 684.346
1774 505.35
1775 338.56
1776 201.64
1777 484
1778 684.346
1779 673.922
1780 485.762
1781 478.734
1782 197.122
1783 485.762
1784 198.246
1785 201.64
1786 206.21
1787 207.36
1788 39.4384
1789 200.506
1790 909.626
1791 900
1792 478.734
1793 1139.74
1794 1147.85
1795 657.41
1796 476.986
1797 473.498
1798 1153.28
1799 1156
1800 485.762
1801 201.64
1802 494.618
1803 484
1804 482.242
1805 100.802
1806 665.64
1807 485.762
1808 1147.85
1809 325.442
1810 331.24
1811 322.562
1812 476.986
1813 489.294
1814 485.762
1815 324
1816 489.294
1817 682.254
1818 501.76
1819 705.434
1820 1480.71
1821 941.262
1822 711.822
1823 946.178
1824 701.19
1825 692.742
1826 487.526
1827 682.254
1828 904.806
1829 492.84
1830 328.334
1831 328.334
1832 701.19
1833 699.074
1834 1197.16
1835 690.638
1836 684.346
1837 673.922
1838 892.814
1839 1437.93
1840 1156
1841 1444
1842 671.846
1843 880.902
1844 471.758
1845 487.526
1846 325.442
1847 332.698
1848 494.618
1849 335.622
1850 492.84
1851 491.066
1852 475.24
1853 1158.72
1854 1172.38
1855 694.85
1856 680.166
1857 319.694
1858 888.04
1859 476.986
1860 473.498
1861 1161.45
1862 492.84
1863 507.15
1864 936.36
1865 501.76
1866 694.85
1867 1474.56
1868 480.486
1869 487.526
1870 197.122
1871 326.886
1872 931.47
1873 926.594
1874 1191.63
1875 1183.36
1876 1158.72
1877 900
1878 485.762
1879 900
1880 680.166
1881 1139.74
1882 669.774
1883 888.04
1884 895.206
1885 892.814
1886 315.418
1887 471.758
1888 673.922
1889 324
1890 496.398
1891 678.082
1892 678.082
1893 682.254
1894 494.618
1895 926.594
1896 335.622
1897 684.346
1898 680.166
1899 1440.96
1900 902.402
1901 100
1902 316.84
1903 888.04
1904 1142.44
1905 669.774
1906 692.742
1907 929.03
1908 1477.63
1909 1465.36
1910 904.806
1911 498.182
1912 929.03
1913 933.914
1914 696.96
1915 703.31
1916 338.56
1917 345.96
1918 203.918
1919 690.638
1920 332.698
1921 331.24
1922 331.24
1923 200.506
1924 331.24
1925 322.562
1926 680.166
1927 480.486
1928 321.126
1929 890.426
1930 678.082
1931 96.04
1932 494.618
1933 696.96
1934 924.16
1935 496.398
1936 494.618
1937 335.622
1938 329.786
1939 895.206
1940 478.734
1941 321.126
1942 900
1943 669.774
1944 478.734
1945 1150.57
1946 888.04
1947 659.462
1948 471.758
1949 1413.76
1950 883.278
1951 1137.04
1952 1147.85
1953 895.206
1954 892.814
1955 489.294
1956 322.562
1957 485.762
1958 332.698
1959 489.294
1960 487.526
1961 199.374
1962 694.85
1963 335.622
1964 332.698
1965 684.346
1966 489.294
1967 907.214
1968 1161.45
1969 682.254
1970 1177.86
1971 1180.61
1972 916.878
1973 931.47
1974 929.03
1975 701.19
1976 926.594
1977 39.9424
1978 331.24
1979 338.56
1980 332.698
1981 201.64
1982 696.96
1983 499.97
1984 926.594
1985 1186.11
1986 916.878
1987 916.878
1988 329.786
1989 326.886
1990 487.526
1991 914.458
1992 203.918
1993 924.16
1994 701.19
1995 207.36
1996 499.97
1997 694.85
1998 916.878
1999 686.44
2000 671.846
2001 673.922
2002 900
2003 328.334
2004 916.878
2005 692.742
2006 499.97
2007 332.698
2008 907.214
2009 1172.38
2010 673.922
2011 667.706
2012 1153.28
2013 478.734
2014 1145.15
2015 647.194
2016 880.902
2017 655.36
2018 651.27
2019 482.242
2020 197.122
2021 671.846
2022 97.6144
2023 100
2024 696.96
2025 329.786
2026 196
2027 485.762
2028 324
2029 491.066
2030 197.122
2031 331.24
2032 491.066
2033 326.886
2034 1164.17
2035 485.762
2036 690.638
2037 909.626
2038 912.04
2039 684.346
2040 904.806
2041 667.706
2042 99.2016
2043 478.734
2044 480.486
2045 318.266
2046 665.64
2047 484
2048 191.546
2049 885.658
2050 897.602
2051 895.206
2052 897.602
2053 895.206
2054 1145.15
2055 890.426
2056 661.518
2057 194.882
2058 485.762
2059 321.126
2060 661.518
2061 892.814
2062 665.64
2063 475.24
2064 661.518
2065 315.418
2066 663.578
2067 885.658
2068 669.774
2069 671.846
2070 885.658
2071 888.04
2072 673.922
2073 475.24
2074 663.578
2075 885.658
2076 680.166
2077 684.346
2078 36.9664
2079 498.182
2080 919.302
2081 503.554
2082 322.562
2083 197.122
2084 5.3824
2085 198.246
2086 96.8256
2087 198.246
2088 325.442
2089 322.562
2090 1145.15
2091 661.518
2092 1139.74
2093 1128.96
2094 470.022
2095 480.486
2096 900
2097 1147.85
2098 1145.15
2099 478.734
2100 470.022
2101 1128.96
2102 482.242
2103 475.24
2104 678.082
2105 1175.12
2106 334.158
2107 318.266
2108 895.206
2109 907.214
2110 480.486
2111 475.24
2112 95.2576
2113 468.29
2114 196
2115 194.882
2116 332.698
2117 485.762
2118 682.254
2119 926.594
2120 924.16
2121 1194.39
2122 941.262
2123 699.074
2124 331.24
2125 496.398
2126 902.402
2127 1158.72
2128 1166.91
2129 673.922
2130 671.846
2131 904.806
2132 678.082
2133 914.458
2134 201.64
2135 907.214
2136 904.806
2137 916.878
2138 499.97
2139 692.742
2140 206.21
2141 492.84
2142 487.526
2143 678.082
2144 484
2145 322.562
2146 319.694
2147 101.606
2148 319.694
2149 325.442
2150 678.082
2151 491.066
2152 487.526
2153 191.546
2154 484
2155 491.066
2156 902.402
2157 193.766
2158 480.486
2159 322.562
2160 324
2161 329.786
2162 690.638
2163 496.398
2164 507.15
2165 505.35
2166 690.638
2167 491.066
2168 498.182
2169 688.538
2170 489.294
2171 673.922
2172 900
2173 199.374
2174 924.16
2175 1471.49
2176 701.19
2177 501.76
2178 914.458
2179 912.04
2180 491.066
2181 332.698
2182 100
2183 680.166
2184 682.254
2185 326.886
2186 331.24
2187 499.97
2188 496.398
2189 325.442
2190 478.734
2191 193.766
2192 318.266
2193 326.886
2194 484
2195 912.04
2196 902.402
2197 194.882
2198 319.694
2199 895.206
2200 680.166
2201 690.638
2202 335.622
2203 690.638
2204 929.03
2205 933.914
2206 694.85
2207 682.254
2208 667.706
2209 476.986
2210 885.658
2211 480.486
2212 897.602
2213 671.846
2214 912.04
2215 496.398
2216 492.84
2217 36.9664
2218 326.886
2219 194.882
2220 200.506
2221 193.766
2222 476.986
2223 667.706
2224 673.922
2225 663.578
2226 326.886
2227 325.442
2228 492.84
2229 690.638
2230 690.638
2231 498.182
2232 332.698
2233 326.886
2234 326.886
2235 491.066
2236 328.334
2237 485.762
2238 329.786
2239 492.84
2240 329.786
2241 491.066
2242 498.182
2243 498.182
2244 919.302
2245 916.878
2246 919.302
2247 694.85
2248 914.458
2249 688.538
2250 909.626
2251 319.694
2252 888.04
2253 1139.74
2254 470.022
2255 876.16
2256 476.986
2257 99.2016
2258 322.562
2259 480.486
2260 325.442
2261 328.334
2262 326.886
2263 673.922
2264 895.206
2265 667.706
2266 1139.74
2267 653.314
2268 311.17
2269 649.23
2270 1110.22
2271 463.11
2272 464.834
2273 188.238
2274 667.706
2275 909.626
2276 916.878
2277 482.242
2278 480.486
2279 480.486
2280 480.486
2281 471.758
2282 194.882
2283 98.4064
2284 673.922
2285 473.498
2286 322.562
2287 324
2288 487.526
2289 684.346
2290 329.786
2291 900
2292 667.706
2293 1131.65
2294 876.16
2295 1126.27
2296 665.64
2297 665.64
2298 100.802
2299 200.506
2300 498.182
2301 205.062
2302 503.554
2303 705.434
2304 505.35
2305 492.84
2306 1191.63
2307 690.638
2308 694.85
2309 694.85
2310 340.034
2311 916.878
2312 200.506
2313 340.034
2314 705.434
2315 703.31
2316 694.85
2317 699.074
2318 924.16
2319 924.16
2320 329.786
2321 498.182
2322 912.04
2323 680.166
2324 484
2325 194.882
2326 191.546
2327 101.606
2328 200.506
2329 491.066
2330 892.814
2331 671.846
2332 476.986
2333 34.1056
2334 485.762
2335 485.762
2336 485.762
2337 676
2338 890.426
2339 318.266
2340 473.498
2341 188.238
2342 318.266
2343 321.126
2344 197.122
2345 907.214
2346 933.914
2347 1194.39
2348 694.85
2349 902.402
2350 492.84
2351 328.334
2352 201.64
2353 688.538
2354 688.538
2355 337.09
2356 696.96
2357 688.538
2358 494.618
2359 487.526
2360 494.618
2361 897.602
2362 325.442
2363 496.398
2364 694.85
2365 1177.86
2366 496.398
2367 692.742
2368 688.538
2369 926.594
2370 692.742
2371 694.85
2372 501.76
2373 682.254
2374 489.294
2375 671.846
2376 326.886
2377 494.618
2378 684.346
2379 680.166
2380 196
2381 190.44
2382 191.546
2383 482.242
2384 487.526
2385 321.126
2386 316.84
2387 315.418
2388 471.758
2389 471.758
2390 663.578
2391 665.64
2392 661.518
2393 897.602
2394 680.166
2395 193.766
2396 491.066
2397 494.618
2398 496.398
2399 680.166
2400 673.922
2401 653.314
2402 193.766
2403 322.562
2404 313.998
2405 319.694
2406 190.44
2407 471.758
2408 475.24
2409 96.8256
2410 189.338
2411 880.902
2412 470.022
2413 482.242
2414 669.774
2415 473.498
2416 197.122
2417 489.294
2418 487.526
2419 329.786
2420 487.526
2421 473.498
2422 315.418
2423 478.734
2424 322.562
2425 912.04
2426 484
2427 322.562
2428 324
2429 96.8256
2430 321.126
2431 482.242
2432 684.346
2433 194.882
2434 498.182
2435 914.458
2436 492.84
2437 1150.57
2438 1166.91
2439 914.458
2440 1169.64
2441 496.398
2442 686.44
2443 926.594
2444 916.878
2445 492.84
2446 902.402
2447 190.44
2448 328.334
2449 34.5744
2450 190.44
2451 478.734
2452 321.126
2453 326.886
2454 104.858
2455 335.622
2456 335.622
2457 328.334
2458 489.294
2459 916.878
2460 331.24
2461 489.294
2462 684.346
2463 909.626
2464 329.786
2465 325.442
2466 686.44
2467 326.886
2468 197.122
2469 492.84
2470 482.242
2471 322.562
2472 480.486
2473 319.694
2474 196
2475 319.694
2476 318.266
2477 98.4064
2478 313.998
2479 663.578
2480 667.706
2481 880.902
2482 1150.57
2483 690.638
2484 686.44
2485 900
2486 895.206
2487 669.774
2488 885.658
2489 895.206
2490 900
2491 897.602
2492 680.166
2493 676
2494 673.922
2495 907.214
2496 478.734
2497 671.846
2498 892.814
2499 680.166
2500 671.846
2501 322.562
2502 104.04
2503 688.538
2504 688.538
2505 501.76
2506 673.922
2507 661.518
2508 313.998
2509 191.546
2510 684.346
2511 492.84
2512 900
2513 473.498
2514 482.242
2515 487.526
2516 198.246
2517 319.694
2518 324
2519 491.066
2520 914.458
2521 676
2522 319.694
2523 312.582
2524 890.426
2525 189.338
2526 669.774
2527 676
2528 480.486
2529 902.402
2530 684.346
2531 338.56
2532 507.15
2533 499.97
2534 694.85
2535 485.762
2536 193.766
2537 659.462
2538 475.24
2539 315.418
2540 476.986
2541 482.242
2542 196
2543 196
2544 487.526
2545 904.806
2546 690.638
2547 335.622
2548 1180.61
2549 924.16
2550 338.56
2551 688.538
2552 496.398
2553 487.526
2554 485.762
2555 678.082
2556 321.126
2557 104.858
2558 340.034
2559 688.538
2560 201.64
2561 326.886
2562 36
2563 888.04
2564 473.498
2565 663.578
2566 321.126
2567 480.486
2568 895.206
2569 316.84
2570 190.44
2571 485.762
2572 487.526
2573 912.04
2574 496.398
2575 703.31
2576 690.638
2577 690.638
2578 688.538
2579 201.64
2580 489.294
2581 326.886
2582 326.886
2583 484
2584 669.774
2585 673.922
2586 1153.28
2587 907.214
2588 487.526
2589 688.538
2590 916.878
2591 907.214
2592 331.24
2593 694.85
2594 494.618
2595 489.294
2596 484
2597 482.242
2598 676
2599 667.706
2600 480.486
2601 653.314
2602 475.24
2603 1139.74
2604 659.462
2605 873.794
2606 655.36
2607 657.41
2608 888.04
2609 659.462
2610 322.562
2611 487.526
2612 888.04
2613 665.64
2614 657.41
2615 190.44
2616 322.562
2617 487.526
2618 36.4816
2619 322.562
2620 491.066
2621 199.374
2622 191.546
2623 487.526
2624 197.122
2625 200.506
2626 503.554
2627 707.56
2628 707.56
2629 707.56
2630 705.434
2631 705.434
2632 699.074
2633 692.742
2634 686.44
2635 678.082
2636 907.214
2637 671.846
2638 480.486
2639 198.246
2640 680.166
2641 671.846
2642 669.774
2643 890.426
2644 476.986
2645 897.602
2646 682.254
2647 684.346
2648 491.066
2649 904.806
2650 686.44
2651 1153.28
2652 201.64
2653 201.64
2654 688.538
2655 690.638
2656 676
2657 325.442
2658 494.618
2659 338.56
2660 104.858
2661 505.35
2662 1835.27
2663 707.56
2664 1483.79
2665 1474.56
2666 1474.56
2667 1175.12
2668 492.84
2669 334.158
2670 335.622
2671 206.21
2672 106.502
2673 104.858
2674 491.066
2675 328.334
2676 331.24
2677 485.762
2678 188.238
2679 309.76
2680 873.794
2681 473.498
2682 655.36
2683 188.238
2684 482.242
2685 316.84
2686 885.658
2687 1118.23
2688 1115.56
2689 461.39
2690 653.314
2691 645.16
2692 878.53
2693 876.16
2694 671.846
2695 1153.28
2696 678.082
2697 476.986
2698 876.16
2699 657.41
2700 476.986
2701 324
2702 198.246
2703 98.4064
2704 494.618
2705 498.182
2706 326.886
2707 197.122
2708 676
2709 480.486
2710 196
2711 328.334
2712 686.44
2713 914.458
2714 1175.12
2715 328.334
2716 201.64
2717 682.254
2718 485.762
2719 892.814
2720 476.986
2721 36
2722 885.658
2723 484
2724 487.526
2725 475.24
2726 888.04
2727 322.562
2728 478.734
2729 661.518
2730 880.902
2731 655.36
2732 468.29
2733 657.41
2734 468.29
2735 890.426
2736 880.902
2737 659.462
2738 878.53
2739 316.84
2740 491.066
2741 482.242
2742 202.778
2743 688.538
2744 332.698
2745 202.778
2746 933.914
2747 938.81
2748 705.434
2749 1202.7
2750 943.718
2751 1205.48
2752 938.81
2753 941.262
2754 508.954
2755 694.85
2756 498.182
2757 202.778
2758 337.09
2759 206.21
2760 938.81
2761 924.16
2762 498.182
2763 492.84
2764 694.85
2765 686.44
2766 1166.91
2767 1164.17
2768 332.698
2769 499.97
2770 104.04
2771 36.9664
2772 319.694
2773 665.64
2774 476.986
2775 468.29
2776 659.462
2777 661.518
2778 475.24
2779 883.278
2780 1139.74
2781 673.922
2782 487.526
2783 478.734
2784 197.122
2785 671.846
2786 319.694
2787 478.734
2788 676
2789 487.526
2790 198.246
2791 902.402
2792 895.206
2793 890.426
2794 478.734
2795 694.85
2796 1197.16
2797 1828.42
2798 933.914
2799 699.074
2800 332.698
2801 106.502
2802 326.886
2803 904.806
2804 682.254
2805 332.698
2806 102.414
2807 492.84
2808 331.24
2809 102.414
2810 688.538
2811 686.44
2812 680.166
2813 673.922
2814 680.166
2815 1158.72
2816 484
2817 480.486
2818 883.278
2819 478.734
2820 188.238
2821 471.758
2822 328.334
2823 491.066
2824 503.554
2825 331.24
2826 673.922
2827 895.206
2828 1425.82
2829 480.486
2830 907.214
2831 491.066
2832 492.84
2833 907.214
2834 684.346
2835 494.618
2836 491.066
2837 1142.44
2838 468.29
2839 318.266
2840 96.8256
2841 657.41
2842 318.266
2843 192.654
2844 663.578
2845 480.486
2846 673.922
2847 892.814
2848 471.758
2849 475.24
2850 663.578
2851 888.04
2852 1142.44
2853 192.654
2854 1134.34
2855 478.734
2856 480.486
2857 324
2858 313.998
2859 312.582
2860 484
2861 897.602
2862 671.846
2863 311.17
2864 902.402
2865 1156
2866 678.082
2867 904.806
2868 671.846
2869 671.846
2870 319.694
2871 322.562
2872 191.546
2873 315.418
2874 880.902
2875 482.242
2876 319.694
2877 491.066
2878 690.638
2879 328.334
2880 491.066
2881 491.066
2882 491.066
2883 491.066
2884 482.242
2885 684.346
2886 909.626
2887 499.97
2888 933.914
2889 1197.16
2890 926.594
2891 916.878
2892 335.622
2893 104.04
2894 105.678
2895 1183.36
2896 690.638
2897 686.44
2898 1158.72
2899 492.84
2900 907.214
2901 690.638
2902 1180.61
2903 909.626
2904 678.082
2905 892.814
2906 888.04
2907 659.462
2908 475.24
2909 667.706
2910 661.518
2911 482.242
2912 484
2913 684.346
2914 686.44
2915 902.402
2916 892.814
2917 324
2918 192.654
2919 318.266
2920 187.142
2921 473.498
2922 311.17
2923 468.29
2924 184.96
2925 661.518
2926 194.882
2927 36.4816
2928 680.166
2929 203.918
2930 494.618
2931 494.618
2932 694.85
2933 331.24
2934 194.882
2935 475.24
2936 1131.65
2937 655.36
2938 1128.96
2939 888.04
2940 480.486
2941 663.578
2942 655.36
2943 463.11
2944 470.022
2945 883.278
2946 478.734
2947 475.24
2948 661.518
2949 669.774
2950 475.24
2951 468.29
2952 1126.27
2953 885.658
2954 888.04
2955 665.64
2956 667.706
2957 880.902
2958 649.23
2959 659.462
2960 878.53
2961 473.498
2962 189.338
2963 663.578
2964 313.998
2965 476.986
2966 475.24
2967 318.266
2968 482.242
2969 318.266
2970 188.238
2971 190.44
2972 200.506
2973 198.246
2974 326.886
2975 491.066
2976 699.074
2977 929.03
2978 914.458
2979 684.346
2980 919.302
2981 198.246
2982 480.486
2983 325.442
2984 328.334
2985 38.44
2986 924.16
2987 99.2016
2988 331.24
2989 489.294
2990 688.538
2991 705.434
2992 1508.55
2993 1825
2994 929.03
2995 694.85
2996 909.626
2997 1161.45
2998 921.73
2999 507.15
3000 482.242
3001 197.122
3002 98.4064
3003 99.2016
3004 480.486
3005 480.486
3006 892.814
3007 671.846
3008 487.526
3009 482.242
3010 319.694
3011 319.694
3012 189.338
3013 657.41
3014 468.29
3015 663.578
3016 485.762
3017 101.606
3018 655.36
3019 866.714
3020 880.902
3021 883.278
3022 665.64
3023 321.126
3024 494.618
3025 694.85
3026 696.96
3027 919.302
3028 703.31
3029 501.76
3030 680.166
3031 912.04
3032 933.914
3033 505.35
3034 699.074
3035 931.47
3036 334.158
3037 692.742
3038 694.85
3039 206.21
3040 692.742
3041 200.506
3042 335.622
3043 494.618
3044 492.84
3045 340.034
3046 701.19
3047 201.64
3048 505.35
3049 1186.11
3050 1188.87
3051 701.19
3052 707.56
3053 342.99
3054 924.16
3055 512.57
3056 498.182
3057 692.742
3058 682.254
3059 914.458
3060 921.73
3061 690.638
3062 496.398
3063 1166.91
3064 1175.12
3065 489.294
3066 485.762
3067 492.84
3068 688.538
3069 912.04
3070 35.0464
3071 895.206
3072 489.294
3073 678.082
3074 663.578
3075 197.122
3076 332.698
3077 482.242
3078 487.526
3079 322.562
3080 329.786
3081 332.698
3082 682.254
3083 916.878
3084 688.538
3085 688.538
3086 494.618
3087 335.622
3088 334.158
3089 199.374
3090 909.626
3091 916.878
3092 926.594
3093 498.182
3094 324
3095 489.294
3096 335.622
3097 105.678
3098 1493.05
3099 699.074
3100 494.618
3101 1188.87
3102 1188.87
3103 924.16
3104 692.742
3105 326.886
3106 328.334
3107 193.766
3108 485.762
3109 682.254
3110 680.166
3111 325.442
3112 103.226
3113 324
3114 489.294
3115 678.082
3116 684.346
3117 337.09
3118 496.398
3119 326.886
3120 491.066
3121 902.402
3122 682.254
3123 480.486
3124 480.486
3125 475.24
3126 468.29
3127 671.846
3128 491.066
3129 484
3130 912.04
3131 325.442
3132 671.846
3133 326.886
3134 491.066
3135 491.066
3136 484
3137 680.166
3138 196
3139 665.64
3140 1142.44
3141 1134.34
3142 475.24
3143 680.166
3144 491.066
3145 485.762
3146 328.334
3147 478.734
3148 468.29
3149 471.758
3150 655.36
3151 470.022
3152 653.314
3153 476.986
3154 684.346
3155 496.398
3156 328.334
3157 203.918
3158 912.04
3159 197.122
3160 686.44
3161 501.76
3162 496.398
3163 5.3824
3164 489.294
3165 692.742
3166 912.04
3167 1188.87
3168 919.302
3169 694.85
3170 489.294
3171 676
3172 673.922
3173 332.698
3174 484
3175 99.2016
3176 485.762
3177 190.44
3178 485.762
3179 883.278
3180 673.922
3181 897.602
3182 1145.15
3183 667.706
3184 671.846
3185 492.84
3186 907.214
3187 325.442
3188 667.706
3189 904.806
3190 680.166
3191 489.294
3192 194.882
3193 667.706
3194 482.242
3195 892.814
3196 1419.78
3197 892.814
3198 895.206
3199 193.766
3200 892.814
3201 1437.93
3202 489.294
3203 196
3204 489.294
3205 329.786
3206 482.242
3207 324
3208 484
3209 682.254
3210 498.182
3211 332.698
3212 692.742
3213 197.122
3214 193.766
3215 478.734
3216 192.654
3217 193.766
3218 482.242
3219 665.64
3220 665.64
3221 878.53
3222 669.774
3223 663.578
3224 890.426
3225 676
3226 489.294
3227 503.554
3228 335.622
3229 200.506
3230 475.24
3231 318.266
3232 900
3233 100
3234 197.122
3235 498.182
3236 699.074
3237 929.03
3238 501.76
3239 926.594
3240 914.458
3241 328.334
3242 673.922
3243 1156
3244 1757.29
3245 470.022
3246 673.922
3247 888.04
3248 484
3249 473.498
3250 665.64
3251 663.578
3252 1131.65
3253 880.902
3254 1150.57
3255 478.734
3256 192.654
3257 319.694
3258 198.246
3259 680.166
3260 912.04
3261 332.698
3262 202.778
3263 107.33
3264 200.506
3265 485.762
3266 671.846
3267 480.486
3268 690.638
3269 326.886
3270 473.498
3271 201.64
3272 686.44
3273 895.206
3274 669.774
3275 485.762
3276 199.374
3277 491.066
3278 909.626
3279 669.774
3280 321.126
3281 99.2016
3282 480.486
3283 473.498
3284 478.734
3285 667.706
3286 190.44
3287 671.846
3288 665.64
3289 661.518
3290 657.41
3291 661.518
3292 319.694
3293 319.694
3294 480.486
3295 909.626
3296 1172.38
3297 694.85
3298 494.618
3299 341.51
3300 328.334
3301 99.2016
3302 319.694
3303 484
3304 904.806
3305 196
3306 324
3307 95.2576
3308 667.706
3309 313.998
3310 871.43
3311 873.794
3312 880.902
3313 890.426
3314 312.582
3315 880.902
3316 657.41
3317 885.658
3318 1142.44
3319 1425.82
3320 665.64
3321 99.2016
3322 1158.72
3323 1161.45
3324 319.694
3325 2.9584
3326 1139.74
3327 667.706
3328 200.506
3329 501.76
3330 501.76
3331 696.96
3332 498.182
3333 678.082
3334 895.206
3335 485.762
3336 678.082
3337 680.166
3338 198.246
3339 484
3340 318.266
3341 476.986
3342 482.242
3343 895.206
3344 680.166
3345 682.254
3346 35.0464
3347 663.578
3348 1134.34
3349 661.518
3350 667.706
3351 671.846
3352 476.986
3353 322.562
3354 902.402
3355 692.742
3356 480.486
3357 673.922
3358 322.562
3359 682.254
3360 498.182
3361 482.242
3362 487.526
3363 912.04
3364 904.806
3365 1164.17
3366 494.618
3367 194.882
3368 194.882
3369 676
3370 319.694
3371 38.9376
3372 694.85
3373 494.618
3374 494.618
3375 694.85
3376 699.074
3377 331.24
3378 690.638
3379 328.334
3380 684.346
3381 338.56
3382 337.09
3383 328.334
3384 478.734
3385 476.986
3386 491.066
3387 334.158
3388 491.066
3389 907.214
3390 485.762
3391 904.806
3392 1158.72
3393 914.458
3394 331.24
3395 503.554
3396 1191.63
3397 337.09
3398 1188.87
3399 931.47
3400 501.76
3401 921.73
3402 690.638
3403 101.606
3404 331.24
3405 496.398
3406 926.594
3407 499.97
3408 489.294
3409 676
3410 895.206
3411 895.206
3412 897.602
3413 1161.45
3414 482.242
3415 476.986
3416 1145.15
3417 667.706
3418 900
3419 671.846
3420 324
3421 907.214
3422 892.814
3423 1166.91
3424 671.846
3425 480.486
3426 678.082
3427 890.426
3428 318.266
3429 475.24
3430 471.758
3431 321.126
3432 663.578
3433 890.426
3434 475.24
3435 328.334
3436 482.242
3437 318.266
3438 880.902
3439 883.278
3440 459.674
3441 461.39
3442 466.56
3443 661.518
3444 671.846
3445 489.294
3446 203.918
3447 326.886
3448 4.1616
3449 492.84
3450 688.538
3451 1183.36
3452 699.074
3453 707.56
3454 929.03
3455 696.96
3456 678.082
3457 484
3458 686.44
3459 919.302
3460 329.786
3461 328.334
3462 487.526
3463 667.706
3464 329.786
3465 331.24
3466 198.246
3467 484
3468 326.886
3469 103.226
3470 482.242
3471 482.242
3472 198.246
3473 665.64
3474 1131.65
3475 671.846
3476 1175.12
3477 682.254
3478 501.76
3479 924.16
3480 496.398
3481 919.302
3482 499.97
3483 202.778
3484 331.24
3485 902.402
3486 682.254
3487 325.442
3488 678.082
3489 1153.28
3490 684.346
3491 919.302
3492 496.398
3493 921.73
3494 690.638
3495 198.246
3496 484
3497 480.486
3498 890.426
3499 1747.24
3500 1142.44
3501 315.418
3502 322.562
3503 316.84
3504 482.242
3505 682.254
3506 907.214
3507 1158.72
3508 478.734
3509 478.734
3510 193.766
3511 480.486
3512 478.734
3513 318.266
3514 485.762
3515 328.334
3516 678.082
3517 480.486
3518 331.24
3519 104.04
3520 678.082
3521 485.762
3522 680.166
3523 1158.72
3524 902.402
3525 484
3526 684.346
3527 694.85
3528 202.778
3529 1169.64
3530 680.166
3531 673.922
3532 902.402
3533 201.64
3534 328.334
3535 1150.57
3536 902.402
3537 192.654
3538 484
3539 663.578
3540 190.44
3541 484
3542 686.44
3543 328.334
3544 329.786
3545 37.9456
3546 38.44
3547 909.626
3548 197.122
3549 485.762
3550 680.166
3551 682.254
3552 482.242
3553 1131.65
3554 1118.23
3555 1700.74
3556 864.36
3557 1389.8
3558 655.36
3559 1126.27
3560 661.518
3561 478.734
3562 1422.8
3563 1428.84
3564 669.774
3565 485.762
3566 676
3567 900
3568 482.242
3569 471.758
3570 196
3571 100
3572 322.562
3573 1161.45
3574 907.214
3575 331.24
3576 484
3577 673.922
3578 475.24
3579 669.774
3580 892.814
3581 475.24
3582 184.96
3583 315.418
3584 471.758
3585 878.53
3586 649.23
3587 651.27
3588 321.126
3589 326.886
3590 686.44
3591 676
3592 661.518
3593 484
3594 487.526
3595 196
3596 325.442
3597 319.694
3598 319.694
3599 487.526
3600 487.526
3601 319.694
3602 97.6144
3603 322.562
3604 686.44
3605 328.334
3606 489.294
3607 663.578
3608 484
3609 478.734
3610 197.122
3611 492.84
3612 688.538
3613 680.166
3614 673.922
3615 682.254
3616 484
3617 325.442
3618 203.918
3619 501.76
3620 498.182
3621 680.166
3622 331.24
3623 105.678
3624 326.886
3625 485.762
3626 692.742
3627 338.56
3628 198.246
3629 686.44
3630 688.538
3631 686.44
3632 197.122
3633 191.546
3634 318.266
3635 667.706
3636 680.166
3637 902.402
3638 890.426
3639 678.082
3640 1440.96
3641 690.638
3642 921.73
3643 701.19
3644 337.09
3645 494.618
3646 326.886
3647 321.126
3648 657.41
3649 880.902
3650 873.794
3651 1134.34
3652 1142.44
3653 322.562
3654 678.082
3655 321.126
3656 676
3657 202.778
3658 682.254
3659 914.458
3660 690.638
3661 198.246
3662 478.734
3663 318.266
3664 659.462
3665 1134.34
3666 470.022
3667 665.64
3668 869.07
3669 478.734
3670 659.462
3671 661.518
3672 880.902
3673 312.582
3674 315.418
3675 196
3676 498.182
3677 329.786
3678 682.254
3679 671.846
3680 473.498
3681 321.126
3682 484
3683 902.402
3684 205.062
3685 686.44
3686 916.878
3687 682.254
3688 491.066
3689 201.64
3690 322.562
3691 99.2016
3692 484
3693 313.998
3694 318.266
3695 885.658
3696 663.578
3697 671.846
3698 199.374
3699 494.618
3700 501.76
3701 694.85
3702 1180.61
3703 1175.12
3704 678.082
3705 38.44
3706 337.09
3707 692.742
3708 924.16
3709 329.786
3710 890.426
3711 482.242
3712 688.538
3713 100.802
3714 1164.17
3715 909.626
3716 916.878
3717 907.214
3718 921.73
3719 699.074
3720 933.914
3721 931.47
3722 335.622
3723 684.346
3724 202.778
3725 692.742
3726 491.066
3727 907.214
3728 673.922
3729 192.654
3730 319.694
3731 321.126
3732 196
3733 678.082
3734 199.374
3735 491.066
3736 492.84
3737 686.44
3738 99.2016
3739 482.242
3740 322.562
3741 485.762
3742 907.214
3743 194.882
3744 678.082
3745 1169.64
3746 914.458
3747 678.082
3748 484
3749 492.84
3750 200.506
3751 325.442
3752 489.294
3753 680.166
3754 1161.45
3755 914.458
3756 933.914
3757 1489.96
3758 936.36
3759 505.35
3760 692.742
3761 907.214
3762 478.734
3763 476.986
3764 888.04
3765 319.694
3766 97.6144
3767 100.802
3768 191.546
3769 186.05
3770 311.17
3771 315.418
3772 466.56
3773 871.43
3774 315.418
3775 665.64
3776 476.986
3777 485.762
3778 897.602
3779 897.602
3780 902.402
3781 678.082
3782 484
3783 1169.64
3784 904.806
3785 1177.86
3786 491.066
3787 190.44
3788 308.354
3789 305.55
3790 647.194
3791 313.998
3792 478.734
3793 661.518
3794 313.998
3795 473.498
3796 665.64
3797 324
3798 193.766
3799 201.64
3800 684.346
3801 673.922
3802 324
3803 673.922
3804 468.29
3805 193.766
3806 667.706
3807 661.518
3808 653.314
3809 463.11
3810 309.76
3811 189.338
3812 476.986
3813 482.242
3814 482.242
3815 678.082
3816 498.182
3817 1164.17
3818 686.44
3819 682.254
3820 190.44
3821 471.758
3822 33.1776
3823 659.462
3824 188.238
3825 316.84
3826 200.506
3827 694.85
3828 682.254
3829 676
3830 312.582
3831 678.082
3832 680.166
3833 489.294
3834 492.84
3835 690.638
3836 496.398
3837 508.954
3838 703.31
3839 933.914
3840 1499.24
3841 933.914
3842 325.442
3843 476.986
3844 892.814
3845 671.846
3846 324
3847 671.846
3848 487.526
3849 335.622
3850 201.64
3851 321.126
3852 485.762
3853 682.254
3854 325.442
3855 202.778
3856 104.858
3857 682.254
3858 326.886
3859 489.294
3860 907.214
3861 489.294
3862 487.526
3863 678.082
3864 193.766
3865 482.242
3866 325.442
3867 328.334
3868 902.402
3869 1145.15
3870 470.022
3871 895.206
3872 680.166
3873 332.698
3874 498.182
3875 699.074
3876 688.538
3877 489.294
3878 337.09
3879 325.442
3880 678.082
3881 498.182
3882 207.36
3883 328.334
3884 669.774
3885 657.41
3886 473.498
3887 871.43
3888 857.318
3889 862.01
3890 318.266
3891 319.694
3892 36.4816
3893 321.126
3894 484
3895 491.066
3896 682.254
3897 484
3898 900
3899 478.734
3900 659.462
3901 651.27
3902 655.36
3903 475.24
3904 653.314
3905 1134.34
3906 866.714
3907 864.36
3908 463.11
3909 319.694
3910 669.774
3911 890.426
3912 480.486
3913 319.694
3914 328.334
3915 671.846
3916 193.766
3917 189.338
3918 312.582
3919 33.64
3920 475.24
3921 671.846
3922 321.126
3923 475.24
3924 673.922
3925 676
3926 487.526
3927 476.986
3928 313.998
3929 311.17
3930 464.834
3931 871.43
3932 471.758
3933 475.24
3934 471.758
3935 309.76
3936 315.418
3937 485.762
3938 199.374
3939 194.882
3940 485.762
3941 676
3942 890.426
3943 669.774
3944 470.022
3945 189.338
3946 655.36
3947 463.11
3948 871.43
3949 464.834
3950 1115.56
3951 1107.56
3952 645.16
3953 657.41
3954 312.582
3955 470.022
3956 322.562
3957 332.698
3958 100
3959 98.4064
3960 471.758
3961 318.266
3962 475.24
3963 476.986
3964 667.706
3965 1134.34
3966 888.04
3967 473.498
3968 309.76
3969 470.022
3970 312.582
3971 665.64
3972 485.762
3973 671.846
3974 319.694
3975 478.734
3976 191.546
3977 95.2576
3978 100
3979 196
3980 494.618
3981 690.638
3982 498.182
3983 201.64
3984 200.506
3985 102.414
3986 487.526
3987 325.442
3988 690.638
3989 485.762
3990 676
3991 487.526
3992 102.414
3993 480.486
3994 202.778
3995 499.97
3996 919.302
3997 492.84
3998 690.638
3999 102.414
4000 198.246
4001 103.226
4002 328.334
4003 484
4004 684.346
4005 1422.8
4006 897.602
4007 322.562
4008 690.638
4009 331.24
4010 325.442
4011 482.242
4012 900
4013 671.846
4014 328.334
4015 686.44
4016 326.886
4017 318.266
4018 311.17
4019 187.142
4020 485.762
4021 485.762
4022 188.238
4023 96.04
4024 3.5344
4025 192.654
4026 198.246
4027 96.04
4028 491.066
4029 482.242
4030 308.354
4031 190.44
4032 3.5344
4033 192.654
4034 313.998
4035 189.338
4036 659.462
4037 661.518
4038 665.64
4039 665.64
4040 480.486
4041 201.64
4042 203.918
4043 337.09
4044 338.56
4045 487.526
4046 193.766
4047 335.622
4048 501.76
4049 332.698
4050 489.294
4051 196
4052 202.778
4053 105.678
4054 498.182
4055 332.698
4056 206.21
4057 337.09
4058 334.158
4059 684.346
4060 325.442
4061 197.122
4062 198.246
4063 321.126
4064 478.734
4065 667.706
4066 331.24
4067 200.506
4068 100.802
4069 1158.72
4070 1450.09
4071 1156
4072 1166.91
4073 682.254
4074 904.806
4075 914.458
4076 690.638
4077 924.16
4078 337.09
4079 491.066
4080 331.24
4081 684.346
4082 902.402
4083 880.902
4084 682.254
4085 505.35
4086 924.16
4087 694.85
4088 494.618
4089 897.602
4090 885.658
4091 1407.75
4092 665.64
4093 188.238
4094 659.462
4095 468.29
4096 475.24
4097 482.242
4098 482.242
4099 678.082
4100 489.294
4101 329.786
4102 684.346
4103 335.622
4104 207.36
4105 686.44
4106 494.618
4107 492.84
4108 907.214
4109 914.458
4110 916.878
4111 491.066
4112 883.278
4113 315.418
4114 191.546
4115 480.486
4116 671.846
4117 900
4118 332.698
4119 104.858
4120 671.846
4121 34.5744
4122 478.734
4123 191.546
4124 468.29
4125 463.11
4126 862.01
4127 859.662
4128 459.674
4129 653.314
4130 1134.34
4131 665.64
4132 667.706
4133 196
4134 888.04
4135 895.206
4136 669.774
4137 318.266
4138 188.238
4139 319.694
4140 318.266
4141 318.266
4142 480.486
4143 676
4144 663.578
4145 480.486
4146 492.84
4147 678.082
4148 900
4149 1164.17
4150 671.846
4151 895.206
4152 663.578
4153 661.518
4154 655.36
4155 473.498
4156 475.24
4157 478.734
4158 485.762
4159 480.486
4160 892.814
4161 671.846
4162 671.846
4163 1156
4164 485.762
4165 888.04
4166 482.242
4167 193.766
4168 4.3264
4169 337.09
4170 498.182
4171 492.84
4172 200.506
4173 496.398
4174 492.84
4175 485.762
4176 1440.96
4177 684.346
4178 319.694
4179 466.56
4180 473.498
4181 321.126
4182 491.066
4183 690.638
4184 487.526
4185 696.96
4186 692.742
4187 912.04
4188 914.458
4189 496.398
4190 690.638
4191 912.04
4192 900
4193 686.44
4194 331.24
4195 338.56
4196 501.76
4197 197.122
4198 197.122
4199 100.802
4200 33.64
4201 482.242
4202 671.846
4203 885.658
4204 476.986
4205 322.562
4206 684.346
4207 491.066
4208 682.254
4209 914.458
4210 914.458
4211 907.214
4212 673.922
4213 37.4544
4214 322.562
4215 322.562
4216 667.706
4217 676
4218 489.294
4219 1169.64
4220 690.638
4221 694.85
4222 337.09
4223 337.09
4224 328.334
4225 480.486
4226 686.44
4227 684.346
4228 912.04
4229 1158.72
4230 1147.85
4231 316.84
4232 315.418
4233 888.04
4234 484
4235 892.814
4236 900
4237 897.602
4238 673.922
4239 892.814
4240 676
4241 671.846
4242 104.04
4243 673.922
4244 909.626
4245 332.698
4246 200.506
4247 36.4816
4248 196
4249 328.334
4250 100.802
4251 198.246
4252 191.546
4253 673.922
4254 482.242
4255 193.766
4256 34.1056
4257 883.278
4258 669.774
4259 194.882
4260 484
4261 895.206
4262 1158.72
4263 1150.57
4264 1156
4265 324
4266 478.734
4267 319.694
4268 97.6144
4269 322.562
4270 487.526
4271 321.126
4272 676
4273 667.706
4274 482.242
4275 487.526
4276 696.96
4277 703.31
4278 931.47
4279 919.302
4280 699.074
4281 694.85
4282 338.56
4283 505.35
4284 705.434
4285 1483.79
4286 919.302
4287 686.44
4288 919.302
4289 1465.36
4290 907.214
4291 1447.04
4292 888.04
4293 671.846
4294 885.658
4295 688.538
4296 329.786
4297 329.786
4298 331.24
4299 334.158
4300 334.158
4301 1169.64
4302 688.538
4303 1186.11
4304 684.346
4305 482.242
4306 35.5216
4307 191.546
4308 96.8256
4309 329.786
4310 207.36
4311 4.4944
4312 478.734
4313 663.578
4314 665.64
4315 197.122
4316 191.546
4317 892.814
4318 193.766
4319 686.44
4320 494.618
4321 491.066
4322 912.04
4323 492.84
4324 332.698
4325 340.034
4326 926.594
4327 499.97
4328 690.638
4329 1462.3
4330 489.294
4331 692.742
4332 498.182
4333 919.302
4334 692.742
4335 196
4336 673.922
4337 311.17
4338 475.24
4339 316.84
4340 191.546
4341 684.346
4342 484
4343 337.09
4344 929.03
4345 342.99
4346 335.622
4347 703.31
4348 705.434
4349 201.64
4350 100.802
4351 329.786
4352 682.254
4353 684.346
4354 1166.91
4355 682.254
4356 484
4357 684.346
4358 694.85
4359 921.73
4360 694.85
4361 498.182
4362 206.21
4363 694.85
4364 1188.87
4365 926.594
4366 705.434
4367 936.36
4368 503.554
4369 496.398
4370 696.96
4371 335.622
4372 496.398
4373 921.73
4374 919.302
4375 684.346
4376 329.786
4377 37.9456
4378 324
4379 682.254
4380 318.266
4381 883.278
4382 1139.74
4383 669.774
4384 326.886
4385 692.742
4386 4.84
4387 496.398
4388 907.214
4389 478.734
4390 667.706
4391 487.526
4392 98.4064
4393 329.786
4394 895.206
4395 322.562
4396 319.694
4397 478.734
4398 883.278
4399 313.998
4400 480.486
4401 912.04
4402 690.638
4403 919.302
4404 686.44
4405 492.84
4406 907.214
4407 924.16
4408 686.44
4409 498.182
4410 206.21
4411 104.04
4412 199.374
4413 324
4414 188.238
4415 659.462
4416 475.24
4417 478.734
4418 676
4419 897.602
4420 326.886
4421 684.346
4422 494.618
4423 692.742
4424 699.074
4425 503.554
4426 690.638
4427 334.158
4428 709.69
4429 499.97
4430 1180.61
4431 916.878
4432 907.214
4433 680.166
4434 38.44
4435 34.5744
4436 192.654
4437 873.794
4438 871.43
4439 878.53
4440 883.278
4441 475.24
4442 883.278
4443 473.498
4444 326.886
4445 489.294
4446 897.602
4447 326.886
4448 902.402
4449 663.578
4450 876.16
4451 324
4452 329.786
4453 888.04
4454 313.998
4455 475.24
4456 663.578
4457 316.84
4458 484
4459 682.254
4460 1180.61
4461 329.786
4462 690.638
4463 684.346
4464 476.986
4465 313.998
4466 473.498
4467 478.734
4468 485.762
4469 487.526
4470 487.526
4471 494.618
4472 897.602
4473 1164.17
4474 676
4475 1161.45
4476 1153.28
4477 321.126
4478 93.7024
4479 470.022
4480 657.41
4481 475.24
4482 308.354
4483 470.022
4484 194.882
4485 482.242
4486 678.082
4487 98.4064
4488 904.806
4489 902.402
4490 686.44
4491 688.538
4492 914.458
4493 696.96
4494 688.538
4495 492.84
4496 1180.61
4497 692.742
4498 329.786
4499 326.886
4500 904.806
4501 1147.85
4502 682.254
4503 326.886
4504 680.166
4505 326.886
4506 322.562
4507 319.694
4508 36.9664
4509 203.918
4510 329.786
4511 686.44
4512 489.294
4513 909.626
4514 494.618
4515 682.254
4516 921.73
4517 912.04
4518 902.402
4519 673.922
4520 484
4521 319.694
4522 319.694
4523 661.518
4524 190.44
4525 191.546
4526 470.022
4527 316.84
4528 661.518
4529 318.266
4530 1164.17
4531 682.254
4532 196
4533 914.458
4534 1175.12
4535 692.742
4536 498.182
4537 929.03
4538 926.594
4539 482.242
4540 473.498
4541 464.834
4542 647.194
4543 1401.75
4544 651.27
4545 1131.65
4546 1128.96
4547 661.518
4548 1147.85
4549 673.922
4550 682.254
4551 671.846
4552 671.846
4553 890.426
4554 682.254
4555 912.04
4556 692.742
4557 328.334
4558 682.254
4559 676
4560 665.64
4561 663.578
4562 470.022
4563 192.654
4564 661.518
4565 878.53
4566 657.41
4567 476.986
4568 476.986
4569 478.734
4570 484
4571 671.846
4572 888.04
4573 473.498
4574 196
4575 492.84
4576 331.24
4577 482.242
4578 494.618
4579 688.538
4580 335.622
4581 332.698
4582 692.742
4583 103.226
4584 99.2016
4585 101.606
4586 494.618
4587 696.96
4588 914.458
4589 491.066
4590 492.84
4591 337.09
4592 696.96
4593 201.64
4594 326.886
4595 322.562
4596 480.486
4597 321.126
4598 101.606
4599 199.374
4600 94.4784
4601 484
4602 197.122
4603 326.886
4604 494.618
4605 325.442
4606 1164.17
4607 1158.72
4608 902.402
4609 916.878
4610 929.03
4611 1191.63
4612 703.31
4613 684.346
4614 321.126
4615 187.142
4616 895.206
4617 1419.78
4618 885.658
4619 671.846
4620 897.602
4621 661.518
4622 665.64
4623 1126.27
4624 316.84
4625 667.706
4626 895.206
4627 890.426
4628 484
4629 494.618
4630 682.254
4631 902.402
4632 897.602
4633 678.082
4634 1169.64
4635 684.346
4636 325.442
4637 316.84
4638 1147.85
4639 1147.85
4640 878.53
4641 478.734
4642 476.986
4643 682.254
4644 331.24
4645 193.766
4646 321.126
4647 315.418
4648 201.64
4649 491.066
4650 38.9376
4651 491.066
4652 499.97
4653 692.742
4654 912.04
4655 673.922
4656 1164.17
4657 192.654
4658 475.24
4659 661.518
4660 669.774
4661 468.29
4662 35.5216
4663 473.498
4664 880.902
4665 665.64
4666 895.206
4667 671.846
4668 678.082
4669 326.886
4670 315.418
4671 466.56
4672 319.694
4673 665.64
4674 326.886
4675 192.654
4676 315.418
4677 663.578
4678 890.426
4679 890.426
4680 883.278
4681 473.498
4682 470.022
4683 471.758
4684 883.278
4685 876.16
4686 866.714
4687 305.55
4688 183.874
4689 309.76
4690 667.706
4691 484
4692 193.766
4693 895.206
4694 676
4695 1444
4696 895.206
4697 482.242
4698 1150.57
4699 322.562
4700 482.242
4701 476.986
4702 669.774
4703 487.526
4704 897.602
4705 669.774
4706 485.762
4707 484
4708 902.402
4709 200.506
4710 484
4711 480.486
4712 480.486
4713 671.846
4714 1150.57
4715 888.04
4716 669.774
4717 669.774
4718 324
4719 487.526
4720 193.766
4721 471.758
4722 470.022
4723 322.562
4724 197.122
4725 694.85
4726 699.074
4727 914.458
4728 103.226
4729 494.618
4730 498.182
4731 682.254
4732 489.294
4733 321.126
4734 473.498
4735 667.706
4736 313.998
4737 1139.74
4738 890.426
4739 315.418
4740 876.16
4741 471.758
4742 667.706
4743 1150.57
4744 678.082
4745 482.242
4746 192.654
4747 32.2624
4748 641.102
4749 1112.89
4750 1700.74
4751 1707.34
4752 1395.77
4753 645.16
4754 311.17
4755 888.04
4756 318.266
4757 99.2016
4758 318.266
4759 900
4760 328.334
4761 669.774
4762 678.082
4763 475.24
4764 188.238
4765 475.24
4766 478.734
4767 480.486
4768 197.122
4769 324
4770 476.986
4771 321.126
4772 684.346
4773 494.618
4774 496.398
4775 338.56
4776 676
4777 895.206
4778 1172.38
4779 680.166
4780 673.922
4781 196
4782 489.294
4783 494.618
4784 326.886
4785 487.526
4786 492.84
4787 496.398
4788 690.638
4789 1166.91
4790 902.402
4791 475.24
4792 193.766
4793 485.762
4794 676
4795 485.762
4796 331.24
4797 200.506
4798 926.594
4799 498.182
4800 688.538
4801 692.742
4802 890.426
4803 468.29
4804 311.17
4805 1434.89
4806 1126.27
4807 1128.96
4808 647.194
4809 653.314
4810 99.2016
4811 673.922
4812 196
4813 331.24
4814 485.762
4815 665.64
4816 667.706
4817 885.658
4818 669.774
4819 669.774
4820 36.4816
4821 680.166
4822 489.294
4823 680.166
4824 678.082
4825 678.082
4826 325.442
4827 198.246
4828 319.694
4829 99.2016
4830 924.16
4831 499.97
4832 919.302
4833 491.066
4834 1166.91
4835 478.734
4836 475.24
4837 676
4838 665.64
4839 904.806
4840 322.562
4841 324
4842 473.498
4843 667.706
4844 188.238
4845 471.758
4846 318.266
4847 671.846
4848 885.658
4849 315.418
4850 322.562
4851 319.694
4852 485.762
4853 197.122
4854 480.486
4855 96.04
4856 193.766
4857 682.254
4858 198.246
4859 696.96
4860 491.066
4861 342.99
4862 929.03
4863 684.346
4864 480.486
4865 321.126
4866 319.694
4867 489.294
4868 671.846
4869 98.4064
4870 464.834
4871 470.022
4872 657.41
4873 895.206
4874 678.082
4875 487.526
4876 494.618
4877 487.526
4878 491.066
4879 686.44
4880 909.626
4881 904.806
4882 897.602
4883 895.206
4884 669.774
4885 322.562
4886 907.214
4887 484
4888 682.254
4889 322.562
4890 468.29
4891 659.462
4892 651.27
4893 667.706
4894 94.4784
4895 476.986
4896 313.998
4897 470.022
4898 319.694
4899 192.654
4900 318.266
4901 878.53
4902 1120.91
4903 461.39
4904 315.418
4905 98.4064
4906 673.922
4907 1161.45
4908 491.066
4909 319.694
4910 890.426
4911 661.518
4912 657.41
4913 32.7184
4914 96.8256
4915 326.886
4916 489.294
4917 671.846
4918 199.374
4919 199.374
4920 324
4921 487.526
4922 329.786
4923 201.64
4924 487.526
4925 897.602
4926 682.254
4927 678.082
4928 206.21
4929 494.618
4930 703.31
4931 931.47
4932 696.96
4933 198.246
4934 326.886
4935 476.986
4936 322.562
4937 487.526
4938 682.254
4939 678.082
4940 895.206
4941 480.486
4942 491.066
4943 193.766
4944 99.2016
4945 487.526
4946 680.166
4947 684.346
4948 193.766
4949 331.24
4950 36
4951 326.886
4952 196
4953 328.334
4954 104.858
4955 335.622
4956 491.066
4957 487.526
4958 491.066
4959 324
4960 682.254
4961 198.246
4962 686.44
4963 688.538
4964 678.082
4965 919.302
4966 329.786
4967 326.886
4968 99.2016
4969 187.142
4970 190.44
4971 191.546
4972 482.242
4973 686.44
4974 325.442
4975 902.402
4976 482.242
4977 686.44
4978 491.066
4979 484
4980 655.36
4981 312.582
4982 470.022
4983 188.238
4984 459.674
4985 661.518
4986 476.986
4987 669.774
4988 1153.28
4989 199.374
4990 316.84
4991 468.29
4992 661.518
4993 653.314
4994 657.41
4995 478.734
4996 478.734
4997 489.294
4998 707.56
4999 510.76
5000 102.414
