1 2
2 8
3 10
4 10
5 14
6 28
7 20
8 4
9 2
10 10
11 0
12 6
13 -2
14 2
15 14
16 22
17 4
18 12
19 2
20 -2
21 2
22 8
23 8
24 14
25 16
26 0
27 10
28 8
29 24
30 16
31 22
32 16
33 40
34 30
35 14
36 6
37 10
38 6
39 10
40 6
41 6
42 12
43 6
44 6
45 12
46 -10
47 -18
48 -10
49 -6
50 8
51 10
52 2
53 -2
54 6
55 4
56 4
57 4
58 18
59 10
60 2
61 6
62 2
63 8
64 0
65 4
66 14
67 10
68 10
69 0
70 14
71 10
72 10
73 14
74 8
75 0
76 -4
77 6
78 8
79 4
80 4
81 2
82 2
83 -20
84 -16
85 -22
86 0
87 0
88 -4
89 10
90 4
91 10
92 2
93 -8
94 -14
95 -8
96 -4
97 -4
98 0
99 4
100 2
101 12
102 18
103 10
104 8
105 10
106 16
107 10
108 22
109 20
110 22
111 20
112 36
113 20
114 22
115 16
116 20
117 0
118 10
119 0
120 -2
121 4
122 8
123 14
124 16
125 4
126 0
127 6
128 0
129 0
130 2
131 -4
132 4
133 10
134 6
135 -4
136 -6
137 -8
138 -8
139 0
140 2
141 -6
142 4
143 2
144 0
145 -2
146 0
147 0
148 0
149 -6
150 -16
151 -10
152 -12
153 0
154 -10
155 -16
156 -20
157 -20
158 -18
159 -20
160 -12
161 -6
162 -4
163 0
164 -10
165 -2
166 -4
167 10
168 6
169 4
170 8
171 -6
172 -6
173 8
174 14
175 18
176 22
177 12
178 6
179 18
180 4
181 10
182 18
183 24
184 24
185 16
186 2
187 8
188 12
189 6
190 -6
191 -12
192 -14
193 -18
194 -2
195 2
196 -6
197 -4
198 0
199 -10
200 -18
201 -8
202 -6
203 -8
204 -10
205 -8
206 -6
207 6
208 8
209 -4
210 0
211 -6
212 -8
213 -10
214 -6
215 0
216 -2
217 -6
218 -4
219 -4
220 -6
221 -6
222 -8
223 -12
224 -10
225 12
226 18
227 16
228 4
229 -8
230 -8
231 -8
232 -10
233 -12
234 -12
235 4
236 10
237 14
238 16
239 18
240 14
241 8
242 14
243 32
244 20
245 10
246 6
247 10
248 4
249 -2
250 -2
251 -2
252 -8
253 -12
254 -18
255 -20
256 -18
257 -4
258 -2
259 -2
260 -10
261 -6
262 -10
263 -6
264 -2
265 2
266 0
267 0
268 -4
269 6
270 8
271 -8
272 0
273 -12
274 -6
275 -10
276 -20
277 -14
278 -10
279 0
280 -12
281 0
282 0
283 0
284 -8
285 -10
286 2
287 6
288 12
289 18
290 10
291 12
292 6
293 6
294 -10
295 -4
296 -2
297 12
298 14
299 18
300 12
301 6
302 -4
303 6
304 10
305 16
306 16
307 18
308 6
309 10
310 18
311 12
312 2
313 6
314 8
315 16
316 10
317 2
318 6
319 10
320 18
321 18
322 8
323 14
324 10
325 8
326 6
327 4
328 10
329 6
330 12
331 6
332 4
333 2
334 8
335 14
336 14
337 2
338 -2
339 -6
340 -10
341 -8
342 6
343 16
344 10
345 6
346 12
347 16
348 18
349 10
350 0
351 -6
352 -8
353 -4
354 -6
355 -10
356 -4
357 -4
358 -2
359 -16
360 -6
361 0
362 -2
363 -2
364 12
365 12
366 0
367 -12
368 -2
369 -6
370 -6
371 2
372 2
373 6
374 -2
375 -2
376 -6
377 -12
378 -16
379 -14
380 -12
381 -6
382 -12
383 -12
384 -4
385 -8
386 4
387 8
388 -8
389 6
390 10
391 -2
392 2
393 10
394 -2
395 -8
396 -12
397 -18
398 -10
399 -14
400 -18
401 -26
402 -12
403 -12
404 -16
405 -14
406 -8
407 -6
408 -6
409 -18
410 -16
411 -12
412 -8
413 -12
414 -6
415 -4
416 -2
417 0
418 -10
419 -20
420 -18
421 -24
422 -8
423 0
424 -4
425 -8
426 -18
427 -12
428 -14
429 -16
430 -14
431 -18
432 -12
433 -4
434 0
435 -8
436 -6
437 -8
438 -4
439 2
440 -4
441 6
442 16
443 12
444 6
445 -2
446 12
447 -4
448 -6
449 -2
450 2
451 -4
452 4
453 10
454 14
455 18
456 22
457 22
458 22
459 14
460 6
461 -2
462 4
463 4
464 0
465 4
466 20
467 22
468 14
469 12
470 14
471 12
472 2
473 4
474 6
475 2
476 6
477 10
478 -2
479 -18
480 0
481 0
482 4
483 8
484 12
485 6
486 0
487 -8
488 8
489 -2
490 -8
491 -8
492 2
493 -4
494 -6
495 -6
496 -8
497 -16
498 -6
499 4
500 8
501 2
502 -4
503 -4
504 0
505 0
506 12
507 -2
508 -2
509 4
510 12
511 -8
512 -6
513 -10
514 -12
515 0
516 4
517 6
518 2
519 2
520 4
521 10
522 2
523 2
524 6
525 -2
526 -16
527 -18
528 -16
529 -6
530 -6
531 -4
532 -4
533 -8
534 -10
535 -2
536 6
537 2
538 10
539 18
540 14
541 12
542 10
543 8
544 -2
545 0
546 8
547 18
548 0
549 -8
550 2
551 -6
552 -8
553 -10
554 -22
555 -26
556 -14
557 -20
558 -14
559 -2
560 6
561 6
562 2
563 -4
564 -6
565 6
566 12
567 12
568 -8
569 -14
570 -20
571 -18
572 -20
573 -14
574 0
575 -18
576 -14
577 -20
578 -8
579 -10
580 2
581 10
582 2
583 -2
584 -4
585 -10
586 -12
587 -18
588 -10
589 -8
590 -4
591 -6
592 -4
593 6
594 4
595 -14
596 -2
597 -10
598 -4
599 -8
600 -14
601 0
602 6
603 -6
604 -6
605 0
606 4
607 18
608 16
609 14
610 14
611 8
612 16
613 22
614 24
615 22
616 6
617 -2
618 -18
619 -18
620 -16
621 -2
622 -8
623 -8
624 -10
625 -4
626 -22
627 -14
628 -6
629 -20
630 -24
631 -16
632 -2
633 -8
634 -18
635 -8
636 -6
637 10
638 12
639 2
640 8
641 12
642 8
643 4
644 8
645 16
646 12
647 6
648 2
649 12
650 4
651 8
652 14
653 12
654 12
655 14
656 18
657 20
658 12
659 14
660 14
661 6
662 12
663 10
664 4
665 -2
666 -10
667 -2
668 -8
669 4
670 2
671 0
672 4
673 6
674 -6
675 -10
676 4
677 -2
678 2
679 18
680 20
681 20
682 24
683 28
684 24
685 16
686 2
687 8
688 12
689 6
690 10
691 2
692 8
693 16
694 16
695 12
696 12
697 14
698 6
699 -4
700 -4
701 8
702 2
703 14
704 18
705 18
706 16
707 6
708 6
709 10
710 -2
711 -2
712 -6
713 -10
714 -8
715 -12
716 -2
717 -2
718 -14
719 -14
720 -16
721 -14
722 -18
723 -20
724 -12
725 -14
726 -12
727 -4
728 4
729 6
730 0
731 -4
732 -14
733 -8
734 -10
735 8
736 14
737 6
738 0
739 -10
740 -4
741 -2
742 2
743 -14
744 -14
745 -10
746 -6
747 2
748 8
749 2
750 -2
751 8
752 2
753 10
754 14
755 24
756 38
757 46
758 40
759 48
760 46
761 40
762 30
763 24
764 22
765 14
766 14
767 24
768 30
769 26
770 20
771 16
772 14
773 20
774 12
775 8
776 -8
777 0
778 0
779 8
780 20
781 12
782 2
783 14
784 20
785 18
786 18
787 10
788 4
789 -4
790 6
791 12
792 -6
793 -8
794 -14
795 -22
796 -12
797 -18
798 -12
799 -8
800 4
801 4
802 12
803 8
804 10
805 14
806 16
807 22
808 22
809 22
810 8
811 2
812 -4
813 2
814 -14
815 -2
816 -10
817 -12
818 -22
819 -14
820 -14
821 -6
822 -10
823 -8
824 -4
825 -4
826 -10
827 -14
828 -16
829 -4
830 4
831 -12
832 -18
833 -2
834 4
835 2
836 0
837 -2
838 -4
839 4
840 8
841 0
842 -10
843 -16
844 -10
845 -10
846 2
847 -4
848 -4
849 0
850 6
851 2
852 -4
853 -4
854 -6
855 -2
856 0
857 -4
858 0
859 10
860 4
861 28
862 34
863 24
864 30
865 26
866 22
867 10
868 4
869 -4
870 12
871 0
872 8
873 12
874 -2
875 2
876 10
877 18
878 8
879 4
880 -10
881 -16
882 -12
883 -8
884 -8
885 0
886 8
887 18
888 10
889 10
890 6
891 -2
892 -2
893 8
894 10
895 4
896 6
897 2
898 4
899 12
900 2
901 4
902 -6
903 10
904 2
905 -6
906 -4
907 -4
908 -8
909 -8
910 -8
911 -2
912 -12
913 -8
914 -4
915 0
916 0
917 -2
918 4
919 18
920 14
921 18
922 20
923 22
924 28
925 24
926 24
927 22
928 12
929 2
930 0
931 -4
932 0
933 8
934 4
935 4
936 -4
937 -6
938 -4
939 -8
940 0
941 -10
942 -14
943 -10
944 -6
945 6
946 2
947 0
948 0
949 2
950 16
951 6
952 10
953 10
954 12
955 8
956 4
957 14
958 10
959 14
960 16
961 0
962 -6
963 4
964 -4
965 4
966 4
967 12
968 18
969 8
970 24
971 22
972 18
973 6
974 4
975 12
976 -2
977 -4
978 2
979 -8
980 -8
981 -6
982 4
983 2
984 10
985 4
986 8
987 6
988 2
989 10
990 4
991 0
992 -2
993 2
994 0
995 -2
996 -10
997 -6
998 4
999 14
1000 18
1001 14
1002 -8
1003 -14
1004 -6
1005 -12
1006 -22
1007 -20
1008 -4
1009 0
1010 -14
1011 -12
1012 4
1013 0
1014 -10
1015 0
1016 0
1017 4
1018 -12
1019 -14
1020 -8
1021 -12
1022 -2
1023 14
1024 8
1025 2
1026 -2
1027 0
1028 10
1029 -2
1030 -6
1031 -4
1032 0
1033 -2
1034 8
1035 12
1036 0
1037 -2
1038 -2
1039 -6
1040 -2
1041 8
1042 10
1043 -2
1044 -4
1045 4
1046 8
1047 6
1048 16
1049 6
1050 -16
1051 -10
1052 -8
1053 -6
1054 -4
1055 -6
1056 -6
1057 -2
1058 10
1059 2
1060 10
1061 14
1062 -4
1063 -14
1064 -20
1065 -24
1066 -14
1067 -12
1068 -16
1069 2
1070 -2
1071 6
1072 -12
1073 -8
1074 -14
1075 -10
1076 -16
1077 -20
1078 -20
1079 -4
1080 -12
1081 -4
1082 4
1083 -2
1084 -12
1085 -16
1086 -12
1087 -8
1088 -12
1089 -8
1090 8
1091 6
1092 2
1093 -2
1094 -2
1095 -4
1096 -8
1097 -4
1098 6
1099 8
1100 -2
1101 2
1102 6
1103 14
1104 10
1105 12
1106 12
1107 16
1108 26
1109 30
1110 26
1111 10
1112 14
1113 22
1114 20
1115 18
1116 4
1117 10
1118 16
1119 22
1120 24
1121 22
1122 6
1123 -16
1124 -14
1125 -14
1126 -8
1127 12
1128 4
1129 4
1130 18
1131 14
1132 14
1133 8
1134 10
1135 -2
1136 16
1137 16
1138 8
1139 -4
1140 -6
1141 -10
1142 -12
1143 -2
1144 -14
1145 -12
1146 -2
1147 10
1148 2
1149 0
1150 -6
1151 -2
1152 -4
1153 2
1154 -6
1155 -20
1156 -12
1157 -16
1158 -14
1159 -18
1160 -10
1161 14
1162 0
1163 6
1164 0
1165 4
1166 10
1167 8
1168 10
1169 -6
1170 -2
1171 -8
1172 -6
1173 -6
1174 0
1175 0
1176 -14
1177 -14
1178 -16
1179 -16
1180 -8
1181 -4
1182 -2
1183 4
1184 -2
1185 -6
1186 -6
1187 -6
1188 2
1189 2
1190 -8
1191 2
1192 -2
1193 -2
1194 4
1195 10
1196 -8
1197 -2
1198 -10
1199 -6
1200 -8
1201 -12
1202 -6
1203 6
1204 -6
1205 -4
1206 2
1207 -6
1208 -6
1209 -2
1210 -8
1211 -12
1212 -12
1213 -10
1214 -6
1215 -4
1216 -8
1217 -2
1218 -8
1219 -10
1220 -16
1221 -10
1222 -10
1223 -10
1224 -2
1225 -4
1226 0
1227 -2
1228 4
1229 6
1230 -6
1231 -6
1232 4
1233 12
1234 12
1235 16
1236 14
1237 16
1238 18
1239 18
1240 20
1241 18
1242 10
1243 18
1244 8
1245 0
1246 6
1247 4
1248 8
1249 8
1250 24
1251 18
1252 12
1253 12
1254 10
1255 10
1256 8
1257 6
1258 -16
1259 -6
1260 -2
1261 -2
1262 0
1263 -12
1264 -22
1265 -18
1266 -26
1267 -30
1268 -26
1269 -16
1270 -28
1271 -18
1272 -16
1273 -24
1274 -18
1275 -12
1276 -18
1277 -12
1278 -12
1279 -22
1280 -20
1281 -16
1282 -26
1283 -18
1284 -10
1285 -12
1286 -14
1287 -6
1288 0
1289 -8
1290 -4
1291 0
1292 -8
1293 -2
1294 -6
1295 2
1296 -6
1297 -12
1298 -4
1299 6
1300 2
1301 4
1302 8
1303 4
1304 4
1305 8
1306 0
1307 -6
1308 -10
1309 -8
1310 -18
1311 -28
1312 -18
1313 -6
1314 -12
1315 -10
1316 -10
1317 -12
1318 -4
1319 -10
1320 -8
1321 -4
1322 -12
1323 -12
1324 -20
1325 -24
1326 -4
1327 -16
1328 -8
1329 -6
1330 -12
1331 -10
1332 -6
1333 -2
1334 4
1335 2
1336 14
1337 10
1338 6
1339 2
1340 4
1341 8
1342 14
1343 10
1344 12
1345 16
1346 12
1347 8
1348 8
1349 6
1350 10
1351 16
1352 12
1353 8
1354 8
1355 10
1356 4
1357 2
1358 -6
1359 -6
1360 -14
1361 -16
1362 -10
1363 -8
1364 -10
1365 14
1366 14
1367 8
1368 2
1369 8
1370 4
1371 -4
1372 -10
1373 -16
1374 -12
1375 0
1376 -8
1377 -4
1378 4
1379 -4
1380 -2
1381 -10
1382 -12
1383 -20
1384 -16
1385 -8
1386 8
1387 6
1388 -8
1389 -8
1390 -8
1391 -6
1392 4
1393 10
1394 12
1395 12
1396 12
1397 22
1398 22
1399 22
1400 24
1401 20
1402 16
1403 22
1404 18
1405 22
1406 10
1407 12
1408 0
1409 8
1410 18
1411 24
1412 4
1413 10
1414 2
1415 12
1416 12
1417 10
1418 18
1419 10
1420 4
1421 4
1422 -6
1423 -8
1424 -10
1425 -6
1426 -10
1427 -4
1428 4
1429 -8
1430 8
1431 4
1432 2
1433 2
1434 2
1435 2
1436 -8
1437 0
1438 4
1439 -6
1440 2
1441 -8
1442 -12
1443 -6
1444 0
1445 -2
1446 2
1447 4
1448 -4
1449 -12
1450 -18
1451 -18
1452 -8
1453 -2
1454 -14
1455 -10
1456 -6
1457 4
1458 -4
1459 -6
1460 -12
1461 -4
1462 -6
1463 -4
1464 0
1465 2
1466 -6
1467 4
1468 12
1469 6
1470 6
1471 2
1472 10
1473 6
1474 14
1475 18
1476 14
1477 4
1478 -4
1479 -4
1480 0
1481 -10
1482 -12
1483 4
1484 4
1485 0
1486 6
1487 20
1488 32
1489 30
1490 14
1491 14
1492 12
1493 12
1494 10
1495 8
1496 22
1497 18
1498 4
1499 6
1500 2
1501 6
1502 2
1503 -6
1504 -10
1505 -16
1506 -8
1507 -6
1508 -10
1509 -8
1510 -8
1511 -2
1512 4
1513 2
1514 8
1515 12
1516 12
1517 -4
1518 14
1519 26
1520 10
1521 12
1522 10
1523 6
1524 10
1525 0
1526 -10
1527 -6
1528 -2
1529 -18
1530 -14
1531 -14
1532 -2
1533 -2
1534 -4
1535 -2
1536 -10
1537 -6
1538 -8
1539 -4
1540 4
1541 10
1542 12
1543 10
1544 -2
1545 2
1546 4
1547 -4
1548 -4
1549 4
1550 0
1551 -12
1552 -4
1553 -2
1554 0
1555 8
1556 16
1557 8
1558 4
1559 2
1560 0
1561 -4
1562 0
1563 -10
1564 2
1565 -10
1566 -6
1567 4
1568 10
1569 0
1570 6
1571 -8
1572 -2
1573 -6
1574 12
1575 8
1576 16
1577 12
1578 20
1579 14
1580 6
1581 10
1582 8
1583 12
1584 16
1585 18
1586 10
1587 12
1588 10
1589 10
1590 14
1591 14
1592 16
1593 14
1594 18
1595 18
1596 20
1597 22
1598 22
1599 8
1600 2
1601 8
1602 4
1603 8
1604 18
1605 24
1606 14
1607 8
1608 8
1609 16
1610 14
1611 16
1612 10
1613 -2
1614 12
1615 24
1616 14
1617 -6
1618 -28
1619 -22
1620 -20
1621 -20
1622 -16
1623 -18
1624 -16
1625 -16
1626 -4
1627 -4
1628 -8
1629 0
1630 6
1631 22
1632 20
1633 14
1634 20
1635 16
1636 6
1637 8
1638 2
1639 0
1640 0
1641 -2
1642 14
1643 14
1644 8
1645 4
1646 -8
1647 -6
1648 -22
1649 -18
1650 -4
1651 -4
1652 -10
1653 -16
1654 -16
1655 -24
1656 -8
1657 -12
1658 -8
1659 2
1660 2
1661 4
1662 18
1663 6
1664 -2
1665 -8
1666 -8
1667 -12
1668 -2
1669 0
1670 -6
1671 -10
1672 4
1673 4
1674 0
1675 -2
1676 -10
1677 -12
1678 -24
1679 -28
1680 -22
1681 -14
1682 -14
1683 -2
1684 -4
1685 2
1686 -2
1687 -10
1688 -10
1689 0
1690 4
1691 0
1692 -8
1693 -18
1694 -2
1695 -6
1696 8
1697 10
1698 8
1699 6
1700 -8
1701 -26
1702 -20
1703 -12
1704 -16
1705 0
1706 0
1707 -10
1708 -2
1709 -12
1710 -14
1711 -16
1712 -30
1713 -20
1714 -16
1715 -8
1716 -12
1717 -20
1718 -24
1719 -18
1720 -10
1721 -4
1722 6
1723 -4
1724 -4
1725 0
1726 4
1727 -2
1728 -14
1729 -12
1730 -20
1731 -16
1732 -10
1733 -4
1734 -6
1735 2
1736 0
1737 -10
1738 -20
1739 -16
1740 -8
1741 2
1742 -8
1743 -18
1744 -22
1745 -12
1746 4
1747 -8
1748 2
1749 14
1750 12
1751 14
1752 2
1753 8
1754 4
1755 2
1756 8
1757 -8
1758 -4
1759 2
1760 -2
1761 -12
1762 2
1763 -2
1764 2
1765 4
1766 6
1767 10
1768 18
1769 20
1770 12
1771 16
1772 14
1773 8
1774 24
1775 20
1776 10
1777 0
1778 8
1779 -2
1780 2
1781 -6
1782 2
1783 2
1784 4
1785 10
1786 18
1787 20
1788 14
1789 8
1790 8
1791 0
1792 -6
1793 -12
1794 -6
1795 -18
1796 -8
1797 -12
1798 -2
1799 0
1800 2
1801 10
1802 12
1803 0
1804 -2
1805 2
1806 -10
1807 2
1808 -6
1809 2
1810 10
1811 -2
1812 -8
1813 6
1814 2
1815 0
1816 6
1817 6
1818 20
1819 28
1820 24
1821 34
1822 34
1823 38
1824 24
1825 16
1826 4
1827 6
1828 4
1829 10
1830 6
1831 6
1832 24
1833 22
1834 30
1835 14
1836 8
1837 -2
1838 -6
1839 -4
1840 0
1841 0
1842 -4
1843 -16
1844 -14
1845 4
1846 2
1847 12
1848 12
1849 16
1850 10
1851 8
1852 -10
1853 2
1854 12
1855 18
1856 4
1857 -6
1858 -10
1859 -8
1860 -12
1861 4
1862 10
1863 26
1864 30
1865 20
1866 18
1867 20
1868 -4
1869 4
1870 2
1871 4
1872 26
1873 22
1874 26
1875 20
1876 2
1877 0
1878 2
1879 0
1880 4
1881 -12
1882 -6
1883 -10
1884 -4
1885 -6
1886 -12
1887 -14
1888 -2
1889 0
1890 14
1891 2
1892 2
1893 6
1894 12
1895 22
1896 16
1897 8
1898 4
1899 -2
1900 2
1901 0
1902 -10
1903 -10
1904 -10
1905 -6
1906 16
1907 24
1908 22
1909 14
1910 4
1911 16
1912 24
1913 28
1914 20
1915 26
1916 20
1917 30
1918 14
1919 14
1920 12
1921 10
1922 10
1923 8
1924 10
1925 -2
1926 4
1927 -4
1928 -4
1929 -8
1930 2
1931 -10
1932 12
1933 20
1934 20
1935 14
1936 12
1937 16
1938 8
1939 -4
1940 -6
1941 -4
1942 0
1943 -6
1944 -6
1945 -4
1946 -10
1947 -16
1948 -14
1949 -20
1950 -14
1951 -14
1952 -6
1953 -4
1954 -6
1955 6
1956 -2
1957 2
1958 12
1959 6
1960 4
1961 6
1962 18
1963 16
1964 12
1965 8
1966 6
1967 6
1968 4
1969 6
1970 16
1971 18
1972 14
1973 26
1974 24
1975 24
1976 22
1977 16
1978 10
1979 20
1980 12
1981 10
1982 20
1983 18
1984 22
1985 22
1986 14
1987 14
1988 8
1989 4
1990 4
1991 12
1992 14
1993 20
1994 24
1995 20
1996 18
1997 18
1998 14
1999 10
2000 -4
2001 -2
2002 0
2003 6
2004 14
2005 16
2006 18
2007 12
2008 6
2009 12
2010 -2
2011 -8
2012 -2
2013 -6
2014 -8
2015 -28
2016 -16
2017 -20
2018 -24
2019 -2
2020 2
2021 -4
2022 -6
2023 0
2024 20
2025 8
2026 0
2027 2
2028 0
2029 8
2030 2
2031 10
2032 8
2033 4
2034 6
2035 2
2036 14
2037 8
2038 10
2039 8
2040 4
2041 -8
2042 -2
2043 -6
2044 -4
2045 -8
2046 -10
2047 0
2048 -8
2049 -12
2050 -2
2051 -4
2052 -2
2053 -4
2054 -8
2055 -8
2056 -14
2057 -2
2058 2
2059 -4
2060 -14
2061 -6
2062 -10
2063 -10
2064 -14
2065 -12
2066 -12
2067 -12
2068 -6
2069 -4
2070 -12
2071 -10
2072 -2
2073 -10
2074 -12
2075 -12
2076 4
2077 8
2078 4
2079 16
2080 16
2081 22
2082 -2
2083 2
2084 16
2085 4
2086 -8
2087 4
2088 2
2089 -2
2090 -8
2091 -14
2092 -12
2093 -20
2094 -16
2095 -4
2096 0
2097 -6
2098 -8
2099 -6
2100 -16
2101 -20
2102 -2
2103 -10
2104 2
2105 14
2106 14
2107 -8
2108 -4
2109 6
2110 -4
2111 -10
2112 -12
2113 -18
2114 0
2115 -2
2116 12
2117 2
2118 6
2119 22
2120 20
2121 28
2122 34
2123 22
2124 10
2125 14
2126 2
2127 2
2128 8
2129 -2
2130 -4
2131 4
2132 2
2133 12
2134 10
2135 6
2136 4
2137 14
2138 18
2139 16
2140 18
2141 10
2142 4
2143 2
2144 0
2145 -2
2146 -6
2147 4
2148 -6
2149 2
2150 2
2151 8
2152 4
2153 -8
2154 0
2155 8
2156 2
2157 -4
2158 -4
2159 -2
2160 0
2161 8
2162 14
2163 14
2164 26
2165 24
2166 14
2167 8
2168 16
2169 12
2170 6
2171 -2
2172 0
2173 6
2174 20
2175 18
2176 24
2177 20
2178 12
2179 10
2180 8
2181 12
2182 0
2183 4
2184 6
2185 4
2186 10
2187 18
2188 14
2189 2
2190 -6
2191 -4
2192 -8
2193 4
2194 0
2195 10
2196 2
2197 -2
2198 -6
2199 -4
2200 4
2201 14
2202 16
2203 14
2204 24
2205 28
2206 18
2207 6
2208 -8
2209 -8
2210 -12
2211 -4
2212 -2
2213 -4
2214 10
2215 14
2216 10
2217 4
2218 4
2219 -2
2220 8
2221 -4
2222 -8
2223 -8
2224 -2
2225 -12
2226 4
2227 2
2228 10
2229 14
2230 14
2231 16
2232 12
2233 4
2234 4
2235 8
2236 6
2237 2
2238 8
2239 10
2240 8
2241 8
2242 16
2243 16
2244 16
2245 14
2246 16
2247 18
2248 12
2249 12
2250 8
2251 -6
2252 -10
2253 -12
2254 -16
2255 -20
2256 -8
2257 -2
2258 -2
2259 -4
2260 2
2261 6
2262 4
2263 -2
2264 -4
2265 -8
2266 -12
2267 -22
2268 -18
2269 -26
2270 -34
2271 -24
2272 -22
2273 -14
2274 -8
2275 8
2276 14
2277 -2
2278 -4
2279 -4
2280 -4
2281 -14
2282 -2
2283 -4
2284 -2
2285 -12
2286 -2
2287 0
2288 4
2289 8
2290 8
2291 0
2292 -8
2293 -18
2294 -20
2295 -22
2296 -10
2297 -10
2298 2
2299 8
2300 16
2301 16
2302 22
2303 28
2304 24
2305 10
2306 26
2307 14
2308 18
2309 18
2310 22
2311 14
2312 8
2313 22
2314 28
2315 26
2316 18
2317 22
2318 20
2319 20
2320 8
2321 16
2322 10
2323 4
2324 0
2325 -2
2326 -8
2327 4
2328 8
2329 8
2330 -6
2331 -4
2332 -8
2333 -8
2334 2
2335 2
2336 2
2337 0
2338 -8
2339 -8
2340 -12
2341 -14
2342 -8
2343 -4
2344 2
2345 6
2346 28
2347 28
2348 18
2349 2
2350 10
2351 6
2352 10
2353 12
2354 12
2355 18
2356 20
2357 12
2358 12
2359 4
2360 12
2361 -2
2362 2
2363 14
2364 18
2365 16
2366 14
2367 16
2368 12
2369 22
2370 16
2371 18
2372 20
2373 6
2374 6
2375 -4
2376 4
2377 12
2378 8
2379 4
2380 0
2381 -10
2382 -8
2383 -2
2384 4
2385 -4
2386 -10
2387 -12
2388 -14
2389 -14
2390 -12
2391 -10
2392 -14
2393 -2
2394 4
2395 -4
2396 8
2397 12
2398 14
2399 4
2400 -2
2401 -22
2402 -4
2403 -2
2404 -14
2405 -6
2406 -10
2407 -14
2408 -10
2409 -8
2410 -12
2411 -16
2412 -16
2413 -2
2414 -6
2415 -12
2416 2
2417 6
2418 4
2419 8
2420 4
2421 -12
2422 -12
2423 -6
2424 -2
2425 10
2426 0
2427 -2
2428 0
2429 -8
2430 -4
2431 -2
2432 8
2433 -2
2434 16
2435 12
2436 10
2437 -4
2438 8
2439 12
2440 10
2441 14
2442 10
2443 22
2444 14
2445 10
2446 2
2447 -10
2448 6
2449 -6
2450 -10
2451 -6
2452 -4
2453 4
2454 12
2455 16
2456 16
2457 6
2458 6
2459 14
2460 10
2461 6
2462 8
2463 8
2464 8
2465 2
2466 10
2467 4
2468 2
2469 10
2470 -2
2471 -2
2472 -4
2473 -6
2474 0
2475 -6
2476 -8
2477 -4
2478 -14
2479 -12
2480 -8
2481 -16
2482 -4
2483 14
2484 10
2485 0
2486 -4
2487 -6
2488 -12
2489 -4
2490 0
2491 -2
2492 4
2493 0
2494 -2
2495 6
2496 -6
2497 -4
2498 -6
2499 4
2500 -4
2501 -2
2502 10
2503 12
2504 12
2505 20
2506 -2
2507 -14
2508 -14
2509 -8
2510 8
2511 10
2512 0
2513 -12
2514 -2
2515 4
2516 4
2517 -6
2518 0
2519 8
2520 12
2521 0
2522 -6
2523 -16
2524 -8
2525 -12
2526 -6
2527 0
2528 -4
2529 2
2530 8
2531 20
2532 26
2533 18
2534 18
2535 2
2536 -4
2537 -16
2538 -10
2539 -12
2540 -8
2541 -2
2542 0
2543 0
2544 4
2545 4
2546 14
2547 16
2548 18
2549 20
2550 20
2551 12
2552 14
2553 4
2554 2
2555 2
2556 -4
2557 12
2558 22
2559 12
2560 10
2561 4
2562 0
2563 -10
2564 -12
2565 -12
2566 -4
2567 -4
2568 -4
2569 -10
2570 -10
2571 2
2572 4
2573 10
2574 14
2575 26
2576 14
2577 14
2578 12
2579 10
2580 6
2581 4
2582 4
2583 0
2584 -6
2585 -2
2586 -2
2587 6
2588 4
2589 12
2590 14
2591 6
2592 10
2593 18
2594 12
2595 6
2596 0
2597 -2
2598 0
2599 -8
2600 -4
2601 -22
2602 -10
2603 -12
2604 -16
2605 -22
2606 -20
2607 -18
2608 -10
2609 -16
2610 -2
2611 4
2612 -10
2613 -10
2614 -18
2615 -10
2616 -2
2617 4
2618 2
2619 -2
2620 8
2621 6
2622 -8
2623 4
2624 2
2625 8
2626 22
2627 30
2628 30
2629 30
2630 28
2631 28
2632 22
2633 16
2634 10
2635 2
2636 6
2637 -4
2638 -4
2639 4
2640 4
2641 -4
2642 -6
2643 -8
2644 -8
2645 -2
2646 6
2647 8
2648 8
2649 4
2650 10
2651 -2
2652 10
2653 10
2654 12
2655 14
2656 0
2657 2
2658 12
2659 20
2660 12
2661 24
2662 42
2663 30
2664 26
2665 20
2666 20
2667 14
2668 10
2669 14
2670 16
2671 18
2672 16
2673 12
2674 8
2675 6
2676 10
2677 2
2678 -14
2679 -20
2680 -22
2681 -12
2682 -20
2683 -14
2684 -2
2685 -10
2686 -12
2687 -28
2688 -30
2689 -26
2690 -22
2691 -30
2692 -18
2693 -20
2694 -4
2695 -2
2696 2
2697 -8
2698 -20
2699 -18
2700 -8
2701 0
2702 4
2703 -4
2704 12
2705 16
2706 4
2707 2
2708 0
2709 -4
2710 0
2711 6
2712 10
2713 12
2714 14
2715 6
2716 10
2717 6
2718 2
2719 -6
2720 -8
2721 0
2722 -12
2723 0
2724 4
2725 -10
2726 -10
2727 -2
2728 -6
2729 -14
2730 -16
2731 -20
2732 -18
2733 -18
2734 -18
2735 -8
2736 -16
2737 -16
2738 -18
2739 -10
2740 8
2741 -2
2742 12
2743 12
2744 12
2745 12
2746 28
2747 32
2748 28
2749 34
2750 36
2751 36
2752 32
2753 34
2754 28
2755 18
2756 16
2757 12
2758 18
2759 18
2760 32
2761 20
2762 16
2763 10
2764 18
2765 10
2766 8
2767 6
2768 12
2769 18
2770 10
2771 4
2772 -6
2773 -10
2774 -8
2775 -18
2776 -16
2777 -14
2778 -10
2779 -14
2780 -12
2781 -2
2782 4
2783 -6
2784 2
2785 -4
2786 -6
2787 -6
2788 0
2789 4
2790 4
2791 2
2792 -4
2793 -8
2794 -6
2795 18
2796 30
2797 38
2798 28
2799 22
2800 12
2801 16
2802 4
2803 4
2804 6
2805 12
2806 6
2807 10
2808 10
2809 6
2810 12
2811 10
2812 4
2813 -2
2814 4
2815 2
2816 0
2817 -4
2818 -14
2819 -6
2820 -14
2821 -14
2822 6
2823 8
2824 22
2825 10
2826 -2
2827 -4
2828 -12
2829 -4
2830 6
2831 8
2832 10
2833 6
2834 8
2835 12
2836 8
2837 -10
2838 -18
2839 -8
2840 -8
2841 -18
2842 -8
2843 -6
2844 -12
2845 -4
2846 -2
2847 -6
2848 -14
2849 -10
2850 -12
2851 -10
2852 -10
2853 -6
2854 -16
2855 -6
2856 -4
2857 0
2858 -14
2859 -16
2860 0
2861 -2
2862 -4
2863 -18
2864 2
2865 0
2866 2
2867 4
2868 -4
2869 -4
2870 -6
2871 -2
2872 -8
2873 -12
2874 -16
2875 -2
2876 -6
2877 8
2878 14
2879 6
2880 8
2881 8
2882 8
2883 8
2884 -2
2885 8
2886 8
2887 18
2888 28
2889 30
2890 22
2891 14
2892 16
2893 10
2894 14
2895 20
2896 14
2897 10
2898 2
2899 10
2900 6
2901 14
2902 18
2903 8
2904 2
2905 -6
2906 -10
2907 -16
2908 -10
2909 -8
2910 -14
2911 -2
2912 0
2913 8
2914 10
2915 2
2916 -6
2917 0
2918 -6
2919 -8
2920 -16
2921 -12
2922 -18
2923 -18
2924 -20
2925 -14
2926 -2
2927 2
2928 4
2929 14
2930 12
2931 12
2932 18
2933 10
2934 -2
2935 -10
2936 -18
2937 -20
2938 -20
2939 -10
2940 -4
2941 -12
2942 -20
2943 -24
2944 -16
2945 -14
2946 -6
2947 -10
2948 -14
2949 -6
2950 -10
2951 -18
2952 -22
2953 -12
2954 -10
2955 -10
2956 -8
2957 -16
2958 -26
2959 -16
2960 -18
2961 -12
2962 -12
2963 -12
2964 -14
2965 -8
2966 -10
2967 -8
2968 -2
2969 -8
2970 -14
2971 -10
2972 8
2973 4
2974 4
2975 8
2976 22
2977 24
2978 12
2979 8
2980 16
2981 4
2982 -4
2983 2
2984 6
2985 10
2986 20
2987 -2
2988 10
2989 6
2990 12
2991 28
2992 42
2993 36
2994 24
2995 18
2996 8
2997 4
2998 18
2999 26
3000 -2
3001 2
3002 -4
3003 -2
3004 -4
3005 -4
3006 -6
3007 -4
3008 4
3009 -2
3010 -6
3011 -6
3012 -12
3013 -18
3014 -18
3015 -12
3016 2
3017 4
3018 -20
3019 -28
3020 -16
3021 -14
3022 -10
3023 -4
3024 12
3025 18
3026 20
3027 16
3028 26
3029 20
3030 4
3031 10
3032 28
3033 24
3034 22
3035 26
3036 14
3037 16
3038 18
3039 18
3040 16
3041 8
3042 16
3043 12
3044 10
3045 22
3046 24
3047 10
3048 24
3049 22
3050 24
3051 24
3052 30
3053 26
3054 20
3055 32
3056 16
3057 16
3058 6
3059 12
3060 18
3061 14
3062 14
3063 8
3064 14
3065 6
3066 2
3067 10
3068 12
3069 10
3070 -4
3071 -4
3072 6
3073 2
3074 -12
3075 2
3076 12
3077 -2
3078 4
3079 -2
3080 8
3081 12
3082 6
3083 14
3084 12
3085 12
3086 12
3087 16
3088 14
3089 6
3090 8
3091 14
3092 22
3093 16
3094 0
3095 6
3096 16
3097 14
3098 32
3099 22
3100 12
3101 24
3102 24
3103 20
3104 16
3105 4
3106 6
3107 -4
3108 2
3109 6
3110 4
3111 2
3112 8
3113 0
3114 6
3115 2
3116 8
3117 18
3118 14
3119 4
3120 8
3121 2
3122 6
3123 -4
3124 -4
3125 -10
3126 -18
3127 -4
3128 8
3129 0
3130 10
3131 2
3132 -4
3133 4
3134 8
3135 8
3136 0
3137 4
3138 0
3139 -10
3140 -10
3141 -16
3142 -10
3143 4
3144 8
3145 2
3146 6
3147 -6
3148 -18
3149 -14
3150 -20
3151 -16
3152 -22
3153 -8
3154 8
3155 14
3156 6
3157 14
3158 10
3159 2
3160 10
3161 20
3162 14
3163 16
3164 6
3165 16
3166 10
3167 24
3168 16
3169 18
3170 6
3171 0
3172 -2
3173 12
3174 0
3175 -2
3176 2
3177 -10
3178 2
3179 -14
3180 -2
3181 -2
3182 -8
3183 -8
3184 -4
3185 10
3186 6
3187 2
3188 -8
3189 4
3190 4
3191 6
3192 -2
3193 -8
3194 -2
3195 -6
3196 -16
3197 -6
3198 -4
3199 -4
3200 -6
3201 -4
3202 6
3203 0
3204 6
3205 8
3206 -2
3207 0
3208 0
3209 6
3210 16
3211 12
3212 16
3213 2
3214 -4
3215 -6
3216 -6
3217 -4
3218 -2
3219 -10
3220 -10
3221 -18
3222 -6
3223 -12
3224 -8
3225 0
3226 6
3227 22
3228 16
3229 8
3230 -10
3231 -8
3232 0
3233 0
3234 2
3235 16
3236 22
3237 24
3238 20
3239 22
3240 12
3241 6
3242 -2
3243 0
3244 -4
3245 -16
3246 -2
3247 -10
3248 0
3249 -12
3250 -10
3251 -12
3252 -18
3253 -16
3254 -4
3255 -6
3256 -6
3257 -6
3258 4
3259 4
3260 10
3261 12
3262 12
3263 18
3264 8
3265 2
3266 -4
3267 -4
3268 14
3269 4
3270 -12
3271 10
3272 10
3273 -4
3274 -6
3275 2
3276 6
3277 8
3278 8
3279 -6
3280 -4
3281 -2
3282 -4
3283 -12
3284 -6
3285 -8
3286 -10
3287 -4
3288 -10
3289 -14
3290 -18
3291 -14
3292 -6
3293 -6
3294 -4
3295 8
3296 12
3297 18
3298 12
3299 24
3300 6
3301 -2
3302 -6
3303 0
3304 4
3305 0
3306 0
3307 -12
3308 -8
3309 -14
3310 -24
3311 -22
3312 -16
3313 -8
3314 -16
3315 -16
3316 -18
3317 -12
3318 -10
3319 -12
3320 -10
3321 -2
3322 2
3323 4
3324 -6
3325 -14
3326 -12
3327 -8
3328 8
3329 20
3330 20
3331 20
3332 16
3333 2
3334 -4
3335 2
3336 2
3337 4
3338 4
3339 0
3340 -8
3341 -8
3342 -2
3343 -4
3344 4
3345 6
3346 -4
3347 -12
3348 -16
3349 -14
3350 -8
3351 -4
3352 -8
3353 -2
3354 2
3355 16
3356 -4
3357 -2
3358 -2
3359 6
3360 16
3361 -2
3362 4
3363 10
3364 4
3365 6
3366 12
3367 -2
3368 -2
3369 0
3370 -6
3371 12
3372 18
3373 12
3374 12
3375 18
3376 22
3377 10
3378 14
3379 6
3380 8
3381 20
3382 18
3383 6
3384 -6
3385 -8
3386 8
3387 14
3388 8
3389 6
3390 2
3391 4
3392 2
3393 12
3394 10
3395 22
3396 26
3397 18
3398 24
3399 26
3400 20
3401 18
3402 14
3403 4
3404 10
3405 14
3406 22
3407 18
3408 6
3409 0
3410 -4
3411 -4
3412 -2
3413 4
3414 -2
3415 -8
3416 -8
3417 -8
3418 0
3419 -4
3420 0
3421 6
3422 -6
3423 8
3424 -4
3425 -4
3426 2
3427 -8
3428 -8
3429 -10
3430 -14
3431 -4
3432 -12
3433 -8
3434 -10
3435 6
3436 -2
3437 -8
3438 -16
3439 -14
3440 -28
3441 -26
3442 -20
3443 -14
3444 -4
3445 6
3446 14
3447 4
3448 2
3449 10
3450 12
3451 20
3452 22
3453 30
3454 24
3455 20
3456 2
3457 0
3458 10
3459 16
3460 8
3461 6
3462 4
3463 -8
3464 8
3465 10
3466 4
3467 0
3468 4
3469 8
3470 -2
3471 -2
3472 4
3473 -10
3474 -18
3475 -4
3476 14
3477 6
3478 20
3479 20
3480 14
3481 16
3482 18
3483 12
3484 10
3485 2
3486 6
3487 2
3488 2
3489 -2
3490 8
3491 16
3492 14
3493 18
3494 14
3495 4
3496 0
3497 -4
3498 -8
3499 -10
3500 -10
3501 -12
3502 -2
3503 -10
3504 -2
3505 6
3506 6
3507 2
3508 -6
3509 -6
3510 -4
3511 -4
3512 -6
3513 -8
3514 2
3515 6
3516 2
3517 -4
3518 10
3519 10
3520 2
3521 2
3522 4
3523 2
3524 2
3525 0
3526 8
3527 18
3528 12
3529 10
3530 4
3531 -2
3532 2
3533 10
3534 6
3535 -4
3536 2
3537 -6
3538 0
3539 -12
3540 -10
3541 0
3542 10
3543 6
3544 8
3545 8
3546 10
3547 8
3548 2
3549 2
3550 4
3551 6
3552 -2
3553 -18
3554 -28
3555 -38
3556 -30
3557 -36
3558 -20
3559 -22
3560 -14
3561 -6
3562 -14
3563 -10
3564 -6
3565 2
3566 0
3567 0
3568 -2
3569 -14
3570 0
3571 0
3572 -2
3573 4
3574 6
3575 10
3576 0
3577 -2
3578 -10
3579 -6
3580 -6
3581 -10
3582 -20
3583 -12
3584 -14
3585 -18
3586 -26
3587 -24
3588 -4
3589 4
3590 10
3591 0
3592 -14
3593 0
3594 4
3595 0
3596 2
3597 -6
3598 -6
3599 4
3600 4
3601 -6
3602 -6
3603 -2
3604 10
3605 6
3606 6
3607 -12
3608 0
3609 -6
3610 2
3611 10
3612 12
3613 4
3614 -2
3615 6
3616 0
3617 2
3618 14
3619 20
3620 16
3621 4
3622 10
3623 14
3624 4
3625 2
3626 16
3627 20
3628 4
3629 10
3630 12
3631 10
3632 2
3633 -8
3634 -8
3635 -8
3636 4
3637 2
3638 -8
3639 2
3640 -2
3641 14
3642 18
3643 24
3644 18
3645 12
3646 4
3647 -4
3648 -18
3649 -16
3650 -22
3651 -16
3652 -10
3653 -2
3654 2
3655 -4
3656 0
3657 12
3658 6
3659 12
3660 14
3661 4
3662 -6
3663 -8
3664 -16
3665 -16
3666 -16
3667 -10
3668 -26
3669 -6
3670 -16
3671 -14
3672 -16
3673 -16
3674 -12
3675 0
3676 16
3677 8
3678 6
3679 -4
3680 -12
3681 -4
3682 0
3683 2
3684 16
3685 10
3686 14
3687 6
3688 8
3689 10
3690 -2
3691 -2
3692 0
3693 -14
3694 -8
3695 -12
3696 -12
3697 -4
3698 6
3699 12
3700 20
3701 18
3702 18
3703 14
3704 2
3705 10
3706 18
3707 16
3708 20
3709 8
3710 -8
3711 -2
3712 12
3713 2
3714 6
3715 8
3716 14
3717 6
3718 18
3719 22
3720 28
3721 26
3722 16
3723 8
3724 12
3725 16
3726 8
3727 6
3728 -2
3729 -6
3730 -6
3731 -4
3732 0
3733 2
3734 6
3735 8
3736 10
3737 10
3738 -2
3739 -2
3740 -2
3741 2
3742 6
3743 -2
3744 2
3745 10
3746 12
3747 2
3748 0
3749 10
3750 8
3751 2
3752 6
3753 4
3754 4
3755 12
3756 28
3757 30
3758 30
3759 24
3760 16
3761 6
3762 -6
3763 -8
3764 -10
3765 -6
3766 -6
3767 2
3768 -8
3769 -18
3770 -18
3771 -12
3772 -20
3773 -24
3774 -12
3775 -10
3776 -8
3777 2
3778 -2
3779 -2
3780 2
3781 2
3782 0
3783 10
3784 4
3785 16
3786 8
3787 -10
3788 -22
3789 -26
3790 -28
3791 -14
3792 -6
3793 -14
3794 -14
3795 -12
3796 -10
3797 0
3798 -4
3799 10
3800 8
3801 -2
3802 0
3803 -2
3804 -18
3805 -4
3806 -8
3807 -14
3808 -22
3809 -24
3810 -20
3811 -12
3812 -8
3813 -2
3814 -2
3815 2
3816 16
3817 6
3818 10
3819 6
3820 -10
3821 -14
3822 -12
3823 -16
3824 -14
3825 -10
3826 8
3827 18
3828 6
3829 0
3830 -16
3831 2
3832 4
3833 6
3834 10
3835 14
3836 14
3837 28
3838 26
3839 28
3840 36
3841 28
3842 2
3843 -8
3844 -6
3845 -4
3846 0
3847 -4
3848 4
3849 16
3850 10
3851 -4
3852 2
3853 6
3854 2
3855 12
3856 12
3857 6
3858 4
3859 6
3860 6
3861 6
3862 4
3863 2
3864 -4
3865 -2
3866 2
3867 6
3868 2
3869 -8
3870 -16
3871 -4
3872 4
3873 12
3874 16
3875 22
3876 12
3877 6
3878 18
3879 2
3880 2
3881 16
3882 20
3883 6
3884 -6
3885 -18
3886 -12
3887 -24
3888 -36
3889 -32
3890 -8
3891 -6
3892 2
3893 -4
3894 0
3895 8
3896 6
3897 0
3898 0
3899 -6
3900 -16
3901 -24
3902 -20
3903 -10
3904 -22
3905 -16
3906 -28
3907 -30
3908 -24
3909 -6
3910 -6
3911 -8
3912 -4
3913 -6
3914 6
3915 -4
3916 -4
3917 -12
3918 -16
3919 -10
3920 -10
3921 -4
3922 -4
3923 -10
3924 -2
3925 0
3926 4
3927 -8
3928 -14
3929 -18
3930 -22
3931 -24
3932 -14
3933 -10
3934 -14
3935 -20
3936 -12
3937 2
3938 6
3939 -2
3940 2
3941 0
3942 -8
3943 -6
3944 -16
3945 -12
3946 -20
3947 -24
3948 -24
3949 -22
3950 -30
3951 -36
3952 -30
3953 -18
3954 -16
3955 -16
3956 -2
3957 12
3958 0
3959 -4
3960 -14
3961 -8
3962 -10
3963 -8
3964 -8
3965 -16
3966 -10
3967 -12
3968 -20
3969 -16
3970 -16
3971 -10
3972 2
3973 -4
3974 -6
3975 -6
3976 -8
3977 -12
3978 0
3979 0
3980 12
3981 14
3982 16
3983 10
3984 8
3985 6
3986 4
3987 2
3988 14
3989 2
3990 0
3991 4
3992 6
3993 -4
3994 12
3995 18
3996 16
3997 10
3998 14
3999 6
4000 4
4001 8
4002 6
4003 0
4004 8
4005 -14
4006 -2
4007 -2
4008 14
4009 10
4010 2
4011 -2
4012 0
4013 -4
4014 6
4015 10
4016 4
4017 -8
4018 -18
4019 -16
4020 2
4021 2
4022 -14
4023 -10
4024 -6
4025 -6
4026 4
4027 -10
4028 8
4029 -2
4030 -22
4031 -10
4032 -6
4033 -6
4034 -14
4035 -12
4036 -16
4037 -14
4038 -10
4039 -10
4040 -4
4041 10
4042 14
4043 18
4044 20
4045 4
4046 -4
4047 16
4048 20
4049 12
4050 6
4051 0
4052 12
4053 14
4054 16
4055 12
4056 18
4057 18
4058 14
4059 8
4060 2
4061 2
4062 4
4063 -4
4064 -6
4065 -8
4066 10
4067 8
4068 2
4069 2
4070 4
4071 0
4072 8
4073 6
4074 4
4075 12
4076 14
4077 20
4078 18
4079 8
4080 10
4081 8
4082 2
4083 -16
4084 6
4085 24
4086 20
4087 18
4088 12
4089 -2
4090 -12
4091 -24
4092 -10
4093 -14
4094 -16
4095 -18
4096 -10
4097 -2
4098 -2
4099 2
4100 6
4101 8
4102 8
4103 16
4104 20
4105 10
4106 12
4107 10
4108 6
4109 12
4110 14
4111 8
4112 -14
4113 -12
4114 -8
4115 -4
4116 -4
4117 0
4118 12
4119 12
4120 -4
4121 -6
4122 -6
4123 -8
4124 -18
4125 -24
4126 -32
4127 -34
4128 -28
4129 -22
4130 -16
4131 -10
4132 -8
4133 0
4134 -10
4135 -4
4136 -6
4137 -8
4138 -14
4139 -6
4140 -8
4141 -8
4142 -4
4143 0
4144 -12
4145 -4
4146 10
4147 2
4148 0
4149 6
4150 -4
4151 -4
4152 -12
4153 -14
4154 -20
4155 -12
4156 -10
4157 -6
4158 2
4159 -4
4160 -6
4161 -4
4162 -4
4163 0
4164 2
4165 -10
4166 -2
4167 -4
4168 4
4169 18
4170 16
4171 10
4172 8
4173 14
4174 10
4175 2
4176 -2
4177 8
4178 -6
4179 -20
4180 -12
4181 -4
4182 8
4183 14
4184 4
4185 20
4186 16
4187 10
4188 12
4189 14
4190 14
4191 10
4192 0
4193 10
4194 10
4195 20
4196 20
4197 2
4198 2
4199 2
4200 -10
4201 -2
4202 -4
4203 -12
4204 -8
4205 -2
4206 8
4207 8
4208 6
4209 12
4210 12
4211 6
4212 -2
4213 6
4214 -2
4215 -2
4216 -8
4217 0
4218 6
4219 10
4220 14
4221 18
4222 18
4223 18
4224 6
4225 -4
4226 10
4227 8
4228 10
4229 2
4230 -6
4231 -10
4232 -12
4233 -10
4234 0
4235 -6
4236 0
4237 -2
4238 -2
4239 -6
4240 0
4241 -4
4242 10
4243 -2
4244 8
4245 12
4246 8
4247 2
4248 0
4249 6
4250 2
4251 4
4252 -8
4253 -2
4254 -2
4255 -4
4256 -8
4257 -14
4258 -6
4259 -2
4260 0
4261 -4
4262 2
4263 -4
4264 0
4265 0
4266 -6
4267 -6
4268 -6
4269 -2
4270 4
4271 -4
4272 0
4273 -8
4274 -2
4275 4
4276 20
4277 26
4278 26
4279 16
4280 22
4281 18
4282 20
4283 24
4284 28
4285 26
4286 16
4287 10
4288 16
4289 14
4290 6
4291 2
4292 -10
4293 -4
4294 -12
4295 12
4296 8
4297 8
4298 10
4299 14
4300 14
4301 10
4302 12
4303 22
4304 8
4305 -2
4306 -2
4307 -8
4308 -8
4309 8
4310 20
4311 6
4312 -6
4313 -12
4314 -10
4315 2
4316 -8
4317 -6
4318 -4
4319 10
4320 12
4321 8
4322 10
4323 10
4324 12
4325 22
4326 22
4327 18
4328 14
4329 12
4330 6
4331 16
4332 16
4333 16
4334 16
4335 0
4336 -2
4337 -18
4338 -10
4339 -10
4340 -8
4341 8
4342 0
4343 18
4344 24
4345 26
4346 16
4347 26
4348 28
4349 10
4350 2
4351 8
4352 6
4353 8
4354 8
4355 6
4356 0
4357 8
4358 18
4359 18
4360 18
4361 16
4362 18
4363 18
4364 24
4365 22
4366 28
4367 30
4368 22
4369 14
4370 20
4371 16
4372 14
4373 18
4374 16
4375 8
4376 8
4377 8
4378 0
4379 6
4380 -8
4381 -14
4382 -12
4383 -6
4384 4
4385 16
4386 10
4387 14
4388 6
4389 -6
4390 -8
4391 4
4392 -4
4393 8
4394 -4
4395 -2
4396 -6
4397 -6
4398 -14
4399 -14
4400 -4
4401 10
4402 14
4403 16
4404 10
4405 10
4406 6
4407 20
4408 10
4409 16
4410 18
4411 10
4412 6
4413 0
4414 -14
4415 -16
4416 -10
4417 -6
4418 0
4419 -2
4420 4
4421 8
4422 12
4423 16
4424 22
4425 22
4426 14
4427 14
4428 32
4429 18
4430 18
4431 14
4432 6
4433 4
4434 10
4435 -6
4436 -6
4437 -22
4438 -24
4439 -18
4440 -14
4441 -10
4442 -14
4443 -12
4444 4
4445 6
4446 -2
4447 4
4448 2
4449 -12
4450 -20
4451 0
4452 8
4453 -10
4454 -14
4455 -10
4456 -12
4457 -10
4458 0
4459 6
4460 18
4461 8
4462 14
4463 8
4464 -8
4465 -14
4466 -12
4467 -6
4468 2
4469 4
4470 4
4471 12
4472 -2
4473 6
4474 0
4475 4
4476 -2
4477 -4
4478 -16
4479 -16
4480 -18
4481 -10
4482 -22
4483 -16
4484 -2
4485 -2
4486 2
4487 -4
4488 4
4489 2
4490 10
4491 12
4492 12
4493 20
4494 12
4495 10
4496 18
4497 16
4498 8
4499 4
4500 4
4501 -6
4502 6
4503 4
4504 4
4505 4
4506 -2
4507 -6
4508 4
4509 14
4510 8
4511 10
4512 6
4513 8
4514 12
4515 6
4516 18
4517 10
4518 2
4519 -2
4520 0
4521 -6
4522 -6
4523 -14
4524 -10
4525 -8
4526 -16
4527 -10
4528 -14
4529 -8
4530 6
4531 6
4532 0
4533 12
4534 14
4535 16
4536 16
4537 24
4538 22
4539 -2
4540 -12
4541 -22
4542 -28
4543 -28
4544 -24
4545 -18
4546 -20
4547 -14
4548 -6
4549 -2
4550 6
4551 -4
4552 -4
4553 -8
4554 6
4555 10
4556 16
4557 6
4558 6
4559 0
4560 -10
4561 -12
4562 -16
4563 -6
4564 -14
4565 -18
4566 -18
4567 -8
4568 -8
4569 -6
4570 0
4571 -4
4572 -10
4573 -12
4574 0
4575 10
4576 10
4577 -2
4578 12
4579 12
4580 16
4581 12
4582 16
4583 8
4584 -2
4585 4
4586 12
4587 20
4588 12
4589 8
4590 10
4591 18
4592 20
4593 10
4594 4
4595 -2
4596 -4
4597 -4
4598 4
4599 6
4600 -14
4601 0
4602 2
4603 4
4604 12
4605 2
4606 6
4607 2
4608 2
4609 14
4610 24
4611 26
4612 26
4613 8
4614 -4
4615 -16
4616 -4
4617 -16
4618 -12
4619 -4
4620 -2
4621 -14
4622 -10
4623 -22
4624 -10
4625 -8
4626 -4
4627 -8
4628 0
4629 12
4630 6
4631 2
4632 -2
4633 2
4634 10
4635 8
4636 2
4637 -10
4638 -6
4639 -6
4640 -18
4641 -6
4642 -8
4643 6
4644 10
4645 -4
4646 -4
4647 -12
4648 10
4649 8
4650 12
4651 8
4652 18
4653 16
4654 10
4655 -2
4656 6
4657 -6
4658 -10
4659 -14
4660 -6
4661 -18
4662 -2
4663 -12
4664 -16
4665 -10
4666 -4
4667 -4
4668 2
4669 4
4670 -12
4671 -20
4672 -6
4673 -10
4674 4
4675 -6
4676 -12
4677 -12
4678 -8
4679 -8
4680 -14
4681 -12
4682 -16
4683 -14
4684 -14
4685 -20
4686 -28
4687 -26
4688 -22
4689 -20
4690 -8
4691 0
4692 -4
4693 -4
4694 0
4695 0
4696 -4
4697 -2
4698 -4
4699 -2
4700 -2
4701 -8
4702 -6
4703 4
4704 -2
4705 -6
4706 2
4707 0
4708 2
4709 8
4710 0
4711 -4
4712 -4
4713 -4
4714 -4
4715 -10
4716 -6
4717 -6
4718 0
4719 4
4720 -4
4721 -14
4722 -16
4723 -2
4724 2
4725 18
4726 22
4727 12
4728 8
4729 12
4730 16
4731 6
4732 6
4733 -4
4734 -12
4735 -8
4736 -14
4737 -12
4738 -8
4739 -12
4740 -20
4741 -14
4742 -8
4743 -4
4744 2
4745 -2
4746 -6
4747 -16
4748 -34
4749 -32
4750 -38
4751 -34
4752 -32
4753 -30
4754 -18
4755 -10
4756 -8
4757 -2
4758 -8
4759 0
4760 6
4761 -6
4762 2
4763 -10
4764 -14
4765 -10
4766 -6
4767 -4
4768 2
4769 0
4770 -8
4771 -4
4772 8
4773 12
4774 14
4775 20
4776 0
4777 -4
4778 12
4779 4
4780 -2
4781 0
4782 6
4783 12
4784 4
4785 4
4786 10
4787 14
4788 14
4789 8
4790 2
4791 -10
4792 -4
4793 2
4794 0
4795 2
4796 10
4797 8
4798 22
4799 16
4800 12
4801 16
4802 -8
4803 -18
4804 -18
4805 -6
4806 -22
4807 -20
4808 -28
4809 -22
4810 -2
4811 -2
4812 0
4813 10
4814 2
4815 -10
4816 -8
4817 -12
4818 -6
4819 -6
4820 2
4821 4
4822 6
4823 4
4824 2
4825 2
4826 2
4827 4
4828 -6
4829 -2
4830 20
4831 18
4832 16
4833 8
4834 8
4835 -6
4836 -10
4837 0
4838 -10
4839 4
4840 -2
4841 0
4842 -12
4843 -8
4844 -14
4845 -14
4846 -8
4847 -4
4848 -12
4849 -12
4850 -2
4851 -6
4852 2
4853 2
4854 -4
4855 -10
4856 -4
4857 6
4858 4
4859 20
4860 8
4861 26
4862 24
4863 8
4864 -4
4865 -4
4866 -6
4867 6
4868 -4
4869 -4
4870 -22
4871 -16
4872 -18
4873 -4
4874 2
4875 4
4876 12
4877 4
4878 8
4879 10
4880 8
4881 4
4882 -2
4883 -4
4884 -6
4885 -2
4886 6
4887 0
4888 6
4889 -2
4890 -18
4891 -16
4892 -24
4893 -8
4894 -14
4895 -8
4896 -14
4897 -16
4898 -6
4899 -6
4900 -8
4901 -18
4902 -26
4903 -26
4904 -12
4905 -4
4906 -2
4907 4
4908 8
4909 -6
4910 -8
4911 -14
4912 -18
4913 -14
4914 -8
4915 4
4916 6
4917 -4
4918 6
4919 6
4920 0
4921 4
4922 8
4923 10
4924 4
4925 -2
4926 6
4927 2
4928 18
4929 12
4930 26
4931 26
4932 20
4933 4
4934 4
4935 -8
4936 -2
4937 4
4938 6
4939 2
4940 -4
4941 -4
4942 8
4943 -4
4944 -2
4945 4
4946 4
4947 8
4948 -4
4949 10
4950 0
4951 4
4952 0
4953 6
4954 12
4955 16
4956 8
4957 4
4958 8
4959 0
4960 6
4961 4
4962 10
4963 12
4964 2
4965 16
4966 8
4967 4
4968 -2
4969 -16
4970 -10
4971 -8
4972 -2
4973 10
4974 2
4975 2
4976 -2
4977 10
4978 8
4979 0
4980 -20
4981 -16
4982 -16
4983 -14
4984 -28
4985 -14
4986 -8
4987 -6
4988 -2
4989 6
4990 -10
4991 -18
4992 -14
4993 -22
4994 -18
4995 -6
4996 -6
4997 6
4998 30
4999 30
5000 6
