-0.131891
-0.135203
-0.138499
-0.141745
-0.144899
-0.147944
-0.150828
-0.15353
-0.156025
-0.15828
-0.160291
-0.162063
-0.163603
-0.164901
-0.165919
-0.166597
-0.166813
-0.166413
-0.165234
-0.163158
-0.160155
-0.156354
-0.15212
-0.14802
-0.144817
-0.143293
-0.144032
-0.147266
-0.152765
-0.159921
-0.167939
-0.175979
-0.183294
-0.189404
-0.194167
-0.197735
-0.200428
-0.202527
-0.204104
-0.204974
-0.204789
-0.203267
-0.200349
-0.196301
-0.191674
-0.187158
-0.18343
-0.181011
-0.180217
-0.181168
-0.183843
-0.188103
-0.193699
-0.200314
-0.207591
-0.215189
-0.222835
-0.230274
-0.237268
-0.243574
-0.249017
-0.253416
-0.256691
-0.258789
-0.259739
-0.259608
-0.258512
-0.256598
-0.254054
-0.251118
-0.248017
-0.244971
-0.242163
-0.239677
-0.237537
-0.235722
-0.234243
-0.233178
-0.232731
-0.233138
-0.234603
-0.237143
-0.240558
-0.244458
-0.248374
-0.251877
-0.254671
-0.256604
-0.25763
-0.257841
-0.25738
-0.25641
-0.255139
-0.25377
-0.252517
-0.251575
-0.251094
-0.251193
-0.251927
-0.253268
