1.57515
1.57515
1.57514
1.57514
1.57514
1.57513
1.57513
1.57513
1.57512
1.57512
1.57512
1.57512
1.57512
1.57512
1.57512
1.57511
1.57511
1.57511
1.57511
1.57511
1.57511
1.57511
1.5751
1.5751
1.5751
1.5751
1.5751
1.5751
1.57509
1.57509
1.57508
1.57506
1.57505
1.57505
1.57506
1.57506
1.57507
1.57507
1.57507
1.57507
1.57508
1.57507
1.57507
1.57507
1.57506
1.57506
1.57506
1.57506
1.57505
1.57505
1.57505
1.57505
1.57506
1.57506
1.57506
1.57507
1.57506
1.57506
1.57506
1.57506
1.57506
1.57506
1.57506
1.57506
1.57506
1.57506
1.57506
1.57506
1.57507
1.57507
1.57506
1.57506
1.57505
1.57505
1.57504
1.57504
1.57504
1.57505
1.57505
1.57506
1.57506
1.57507
1.57506
1.57506
1.57505
1.57505
1.57505
1.57504
1.57505
1.57505
1.57505
1.57505
1.57504
1.57505
1.57505
1.57505
1.57504
1.57504
1.57503
1.57503
