1.70704
1.71035
1.71364
1.71688
1.72004
1.72308
1.72596
1.72866
1.73114
1.73339
1.73541
1.73718
1.73872
1.74002
1.74104
1.74171
1.74192
1.74152
1.74034
1.73827
1.73526
1.73146
1.72722
1.72312
1.71991
1.71839
1.71913
1.72236
1.72785
1.73501
1.74302
1.75104
1.75835
1.76446
1.76923
1.7728
1.77549
1.7776
1.77918
1.78005
1.77986
1.77834
1.77542
1.77137
1.76674
1.76222
1.75849
1.75607
1.75527
1.75622
1.75889
1.76315
1.76876
1.77538
1.78265
1.79026
1.7979
1.80533
1.81232
1.81864
1.82408
1.82848
1.83175
1.83384
1.83479
1.83467
1.83357
1.83166
1.82912
1.82618
1.82308
1.82003
1.81722
1.81473
1.81258
1.81077
1.80929
1.80823
1.80778
1.8082
1.80967
1.81221
1.81562
1.81952
1.82343
1.82693
1.82972
1.83165
1.83268
1.83289
1.83243
1.83146
1.83018
1.82882
1.82757
1.82662
1.82614
1.82623
1.82695
1.82829
