-0.255165
-0.257477
-0.260055
-0.262735
-0.265373
-0.267844
-0.27006
-0.271975
-0.273555
-0.274828
-0.275807
-0.276529
-0.277011
-0.277268
-0.277277
-0.27699
-0.276341
-0.275244
-0.273587
-0.271325
-0.268461
-0.265063
-0.261323
-0.257533
-0.254058
-0.251307
-0.249603
-0.249114
-0.249759
-0.251281
-0.25325
-0.255181
-0.256603
-0.257215
-0.25695
-0.256034
-0.25505
-0.254766
-0.255923
-0.258943
-0.263721
-0.269702
-0.276106
-0.28215
-0.287283
-0.291157
-0.293586
-0.294555
-0.294143
-0.292524
-0.289974
-0.286907
-0.283847
-0.281267
-0.279542
-0.278748
-0.278644
-0.278791
-0.278695
-0.278093
-0.276978
-0.27567
-0.274627
-0.274302
-0.274915
-0.276397
-0.278474
-0.280835
-0.283261
-0.285708
-0.288148
-0.290676
-0.293235
-0.295781
-0.29819
-0.300328
-0.302067
-0.303377
-0.304192
-0.304554
-0.30448
-0.304017
-0.303214
-0.30209
-0.300655
-0.29887
-0.29669
-0.294063
-0.290918
-0.287268
-0.283185
-0.278859
-0.274601
-0.270857
-0.268093
-0.26675
-0.26712
-0.269265
-0.272971
-0.277839
