1.18192
1.18346
1.18518
1.18697
1.18873
1.19038
1.19186
1.19314
1.19419
1.19504
1.19569
1.19617
1.1965
1.19667
1.19667
1.19648
1.19604
1.1953
1.1942
1.1927
1.19079
1.18853
1.18604
1.18351
1.1812
1.17937
1.17824
1.1779
1.17833
1.17935
1.18066
1.18194
1.18289
1.1833
1.18311
1.1825
1.18184
1.18166
1.18243
1.18444
1.18762
1.19161
1.19588
1.19991
1.20334
1.20591
1.20753
1.20818
1.2079
1.20682
1.20512
1.20308
1.20103
1.19931
1.19816
1.19763
1.19756
1.19765
1.19759
1.19719
1.19645
1.19558
1.19489
1.19467
1.19507
1.19606
1.19745
1.19903
1.20066
1.20228
1.20391
1.20559
1.2073
1.20901
1.21062
1.21204
1.21321
1.21408
1.21463
1.21486
1.21481
1.21451
1.21397
1.21322
1.21226
1.21107
1.20962
1.20786
1.20577
1.20333
1.20061
1.19773
1.19489
1.1924
1.19055
1.18966
1.1899
1.19133
1.1938
1.19705
