1.51772
1.51772
1.51772
1.51773
1.51773
1.51773
1.51773
1.51773
1.51773
1.51773
1.51773
1.51773
1.51773
1.51773
1.51773
1.51773
1.51772
1.51771
1.51772
1.51773
1.51773
1.51774
1.51774
1.51774
1.51775
1.51775
1.51775
1.51774
1.51774
1.51774
1.51774
1.51774
1.51774
1.51773
1.51772
1.51772
1.51772
1.51772
1.51772
1.51772
1.51772
1.51772
1.51771
1.51772
1.51772
1.51771
1.51771
1.51771
1.51771
1.51771
1.5177
1.51771
1.51769
1.5177
1.5177
1.51769
1.51769
1.51768
1.51769
1.51769
1.5177
1.5177
1.5177
1.5177
1.5177
1.51769
1.5177
1.51771
1.51772
1.51771
1.51772
1.51771
1.51772
1.51773
1.51774
1.51774
1.51775
1.51774
1.51775
1.51774
1.51774
1.51774
1.51774
1.51774
1.51774
1.51774
1.51774
1.51773
1.51773
1.51773
1.51773
1.51773
1.51774
1.51774
1.51774
1.51774
1.51774
1.51773
1.51773
1.51773
