1.77288
1.77519
1.77777
1.78046
1.7831
1.78558
1.78779
1.7897
1.79129
1.79256
1.79354
1.79426
1.79474
1.795
1.795
1.79472
1.79406
1.79295
1.7913
1.78905
1.78619
1.7828
1.77906
1.77527
1.77181
1.76906
1.76736
1.76686
1.7675
1.76902
1.77099
1.77292
1.77434
1.77495
1.77467
1.77375
1.77277
1.77248
1.77364
1.77666
1.78144
1.78742
1.79382
1.79987
1.805
1.80887
1.8113
1.81227
1.81186
1.81023
1.80768
1.80461
1.80154
1.79897
1.79724
1.79644
1.79634
1.79647
1.79639
1.79579
1.79468
1.79337
1.79233
1.792
1.79261
1.79409
1.79617
1.79854
1.80098
1.80342
1.80587
1.80838
1.81096
1.81351
1.81593
1.81807
1.81982
1.82112
1.82194
1.82229
1.82222
1.82176
1.82096
1.81983
1.81839
1.81661
1.81443
1.81179
1.80865
1.805
1.80092
1.79659
1.79234
1.78859
1.78583
1.78449
1.78486
1.787
1.7907
1.79557
