1.74847
1.74894
1.74944
1.74995
1.75046
1.75091
1.75121
1.75125
1.75085
1.74983
1.74795
1.74497
1.74059
1.73457
1.72675
1.71728
1.70684
1.69685
1.68925
1.68582
1.68721
1.69254
1.69985
1.70712
1.71295
1.7167
1.71835
1.7182
1.71674
1.71457
1.71233
1.71068
1.7102
1.71133
1.7142
1.71859
1.72398
1.72973
1.73522
1.74
1.74378
1.74647
1.74812
1.74882
1.74874
1.74799
1.74667
1.74479
1.74226
1.73889
1.73441
1.7285
1.72086
1.71133
1.69999
1.68731
1.67422
1.66211
1.65263
1.6473
1.647
1.65156
1.65989
1.67039
1.68152
1.69214
1.70157
1.70952
1.71592
1.72085
1.72442
1.72681
1.72818
1.7287
1.7285
1.72776
1.72661
1.7252
1.72364
1.72208
1.7206
1.7193
1.71823
1.71741
1.71685
1.71652
1.71641
1.71647
1.71667
1.71697
1.71734
1.71774
1.71815
1.71857
1.71897
1.71935
1.71971
1.72004
1.7203
1.72045
