 1 76.5901 0
 2 74.028 1.81169
 3 73.4473 1.29751
 4 74.555 1.36645
 5 75.0118 1.16702
 6 77.2385 2.25332
 7 78.1972 2.12563
 8 78.7921 1.94137
 9 78.6567 1.73038
 10 78.5112 1.56344
 11 79.025 1.50338
 12 77.8345 1.78842
 13 77.7475 1.65296
 14 77.9273 1.54464
 15 78.1053 1.45189
 16 78.1194 1.36121
 17 78.3417 1.29917
 18 78.2952 1.22782
 19 78.5823 1.1963
 20 78.8777 1.1724
 1 83.7398 0
 2 80.7687 2.1009
 3 80.3195 1.44783
 4 75.0252 4.7118
 5 74.4442 3.80509
 6 75.6457 3.35524
 7 76.268 2.93305
 8 76.8615 2.62579
 9 77.3742 2.38355
 10 77.8235 2.18714
 11 78.573 2.11283
 12 78.2211 1.96586
 13 78.3236 1.81731
 14 78.2734 1.68819
 15 78.3648 1.57812
 16 77.3881 1.75594
 17 77.729 1.68542
 18 77.7046 1.59196
 19 77.6545 1.50896
 20 77.5432 1.43762
 1 81.0689 0
 2 75.5771 3.88331
 3 77.74 3.13385
 4 77.5717 2.3549
 5 75.9811 2.36074
 6 77.1871 2.25439
 7 77.6337 1.97607
 8 75.8433 2.4072
 9 75.5088 2.16284
 10 75.1915 1.96969
 11 75.761 1.87115
 12 76.4734 1.84585
 13 76.2005 1.72392
 14 76.8972 1.73586
 15 77.9303 1.90288
 16 77.9603 1.78419
 17 77.9545 1.67925
 18 78.3717 1.63695
 19 78.1094 1.57167
 20 78.1208 1.49313
 1 80.5046 0
 2 73.9076 4.66474
 3 76.0191 3.55572
 4 77.5477 2.97729
 5 77.9766 2.41254
 6 79.5114 2.45046
 7 78.4499 2.31895
 8 78.8066 2.05634
 9 79.8479 2.07481
 10 79.821 1.8675
 11 79.7829 1.69812
 12 80.472 1.69066
 13 80.0702 1.60764
 14 79.128 1.74727
 15 79.7321 1.73209
 16 80.1219 1.66711
 17 79.7818 1.60335
 18 79.4086 1.5571
 19 79.5286 1.47977
 20 79.2502 1.43174
 1 67.2163 0
 2 79.3341 8.56852
 3 80.9888 5.86996
 4 79.7116 4.53929
 5 79.0664 3.67701
 6 79.4012 3.07938
 7 77.6094 3.11746
 8 79.6362 3.32191
 9 79.787 2.95623
 10 79.0941 2.7406
 11 80.1151 2.67489
 12 79.4884 2.52434
 13 79.411 2.33135
 14 79.3033 2.16731
 15 79.6629 2.05245
 16 79.3637 1.94586
 17 79.6851 1.85775
 18 79.6159 1.75583
 19 79.6889 1.66494
 20 79.9475 1.60165
 1 33.357 0
 2 35.2187 1.31643
 3 38.4499 2.78043
 4 37.5403 2.22917
 5 38.63 2.03231
 6 39.43 1.84435
 7 39.666 1.5959
 8 40.3532 1.53728
 9 40.7341 1.41285
 10 41.2998 1.38018
 11 41.3744 1.25672
 12 41.4457 1.15402
 13 41.9292 1.16212
 14 41.9861 1.08051
 15 42.4497 1.10345
 16 42.2933 1.04551
 17 42.1443 0.994571
 18 41.5038 1.12685
 19 41.5119 1.06757
 20 41.0807 1.09782
 1 39.0588 0
 2 39.5475 0.345555
 3 40.9976 1.2062
 4 42.5133 1.59417
 5 41.8332 1.41297
 6 41.302 1.27342
 7 42.2506 1.401
 8 42.261 1.22591
 9 42.1926 1.0916
 10 41.8759 1.02736
 11 41.8304 0.934969
 12 41.5777 0.890556
 13 41.7879 0.846482
 14 41.8556 0.788724
 15 41.654 0.761455
 16 41.9579 0.772103
 17 41.965 0.726718
 18 42.2226 0.730576
 19 42.3928 0.711682
 20 41.9772 0.788161
 1 42.6729 0
 2 45.1394 1.74413
 3 44.1298 1.42531
 4 45.9131 1.87826
 5 44.8549 1.7759
 6 44.7708 1.48191
 7 43.1154 1.99053
 8 42.0293 2.01635
 9 41.6965 1.81957
 10 41.5491 1.64357
 11 41.4235 1.49894
 12 40.8913 1.46548
 13 41.1272 1.37162
 14 41.6033 1.35375
 15 41.9332 1.30308
 16 41.6505 1.25194
 17 41.6144 1.17882
 18 41.5784 1.11388
 19 41.6002 1.05547
 20 41.4832 1.00916
 1 39.8517 0
 2 40.2076 0.251671
 3 39.8097 0.365692
 4 41.9383 1.86375
 5 44.3023 2.58729
 6 42.9629 2.47865
 7 43.7386 2.24266
 8 43.5271 1.97227
 9 43.3447 1.76154
 10 43.1142 1.6004
 11 43.1224 1.45493
 12 43.0262 1.33686
 13 42.5279 1.32364
 14 42.5734 1.22988
 15 42.7429 1.1595
 16 42.5933 1.09664
 17 42.1145 1.13183
 18 42.3939 1.1029
 19 42.7223 1.09265
 20 43.4232 1.24265
 1 46.9256 0
 2 42.575 3.07634
 3 41.8422 2.13641
 4 41.4479 1.63827
 5 42.3584 1.54303
 6 43.536 1.67602
 7 44.1547 1.54654
 8 43.1281 1.65931
 9 43.054 1.4766
 10 42.7596 1.35797
 11 43.2231 1.31124
 12 43.1547 1.20375
 13 42.6489 1.21277
 14 42.5586 1.1295
 15 42.4123 1.06364
 16 42.5148 1.00209
 17 42.3865 0.951322
 18 42.7148 0.953434
 19 42.0156 1.13097
 20 41.9335 1.0774
 1 22.1477 0
 2 22.2216 0.0522575
 3 23.3125 0.891379
 4 22.703 0.851821
 5 23.2916 0.861147
 6 23.8681 0.889931
 7 24.0016 0.772745
 8 23.5465 0.798991
 9 23.3307 0.7388
 10 23.1804 0.680027
 11 23.0193 0.637006
 12 22.9501 0.587664
 13 22.8118 0.558503
 14 22.8023 0.518691
 15 23.0853 0.555984
 16 23.1563 0.525754
 17 23.1093 0.496923
 18 23.2079 0.478996
 19 23.3259 0.468093
 20 23.2634 0.44885
 1 24.4505 0
 2 21.6039 2.01283
 3 22.1723 1.41986
 4 22.2099 1.06539
 5 21.8402 0.914236
 6 21.8282 0.761941
 7 21.5772 0.693204
 8 21.3983 0.629219
 9 21.3815 0.559531
 10 21.5104 0.51822
 11 21.6123 0.481019
 12 21.5985 0.441134
 13 21.7982 0.450157
 14 21.9053 0.430549
 15 22.0479 0.424798
 16 22.0503 0.398255
 17 22.0615 0.374983
 18 22.1322 0.360758
 19 22.0915 0.344056
 20 22.2046 0.34493
 1 25.3637 0
 2 23.0854 1.61104
 3 24.4199 1.52997
 4 24.698 1.17248
 5 23.684 1.30471
 6 23.037 1.23733
 7 22.8068 1.08177
 8 22.6014 0.965859
 9 22.4109 0.877133
 10 21.9161 0.918422
 11 21.9697 0.836492
 12 22.253 0.813332
 13 22.2333 0.751004
 14 22.2388 0.697381
 15 22.2335 0.650909
 16 22.3614 0.622662
 17 22.1862 0.610176
 18 22.2312 0.577934
 19 22.2556 0.54803
 20 22.4773 0.56371
 1 19.955 0
 2 21.1041 0.812491
 3 22.5402 1.29168
 4 22.9809 1.04121
 5 22.9471 0.833518
 6 23.2848 0.75992
 7 23.4447 0.667971
 8 23.0847 0.674531
 9 23.0142 0.603257
 10 23.1291 0.553761
 11 22.7895 0.598566
 12 22.8866 0.556518
 13 22.7757 0.524649
 14 22.6835 0.495218
 15 22.9912 0.549551
 16 22.8275 0.53903
 17 22.9598 0.523313
 18 22.8335 0.509251
 19 23.0295 0.518783
 20 22.922 0.503857
 1 26.1187 0
 2 25.2501 0.614149
 3 24.2528 0.911472
 4 24.6222 0.754773
 5 24.4195 0.630445
 6 24.2902 0.538475
 7 24.1716 0.474417
 8 23.6955 0.608858
 9 23.4105 0.60422
 10 23.3827 0.544438
 11 23.2472 0.511532
 12 23.3023 0.47186
 13 23.1524 0.458751
 14 23.2537 0.43702
 15 23.0905 0.43729
 16 23.2487 0.437632
 17 23.2669 0.41227
 18 23.2585 0.389451
 19 23.2596 0.368955
 20 23.0589 0.401366
 1 13.5254 0
 2 13.61 0.0598102
 3 13.4979 0.0998378
 4 13.5196 0.0772006
 5 13.1661 0.322124
 6 13.423 0.356422
 7 13.2005 0.368482
 8 13.3778 0.362595
 9 13.3605 0.322718
 10 13.4576 0.304704
 11 13.4855 0.278277
 12 13.629 0.289718
 13 13.5895 0.270102
 14 13.6028 0.251133
 15 13.7184 0.259643
 16 13.8758 0.287211
 17 13.8701 0.270373
 18 13.8582 0.255616
 19 13.8628 0.242205
 20 13.8369 0.231471
 1 13.4628 0
 2 15.1011 1.15843
 3 14.9867 0.777914
 4 14.596 0.674478
 5 14.5773 0.53984
 6 15.0136 0.600823
 7 14.6792 0.600897
 8 14.6644 0.525967
 9 14.6621 0.467531
 10 14.6425 0.421189
 11 14.5815 0.387281
 12 14.54 0.35723
 13 14.3528 0.375585
 14 14.2672 0.358378
 15 14.3664 0.347934
 16 14.3934 0.327232
 17 14.3291 0.31423
 18 14.2778 0.300933
 19 14.1751 0.302115
 20 14.1447 0.28853
 1 11.765 0
 2 13.5446 1.25837
 3 13.9306 0.896135
 4 14.1939 0.709745
 5 14.2972 0.575257
 6 14.2795 0.479652
 7 14.1585 0.42612
 8 14.1764 0.373233
 9 14.0131 0.365777
 10 13.9665 0.332145
 11 13.8386 0.325661
 12 13.9811 0.328212
 13 14.0271 0.306183
 14 14.0311 0.284338
 15 13.9179 0.287007
 16 13.8403 0.279375
 17 13.914 0.272493
 18 13.8728 0.260446
 19 13.8698 0.246756
 20 13.7572 0.258855
 1 13.8655 0
 2 14.3191 0.320785
 3 14.5046 0.26202
 4 14.4707 0.198696
 5 14.4337 0.162364
 6 14.3839 0.142739
 7 14.2227 0.192938
 8 14.1938 0.170975
 9 14.2702 0.168175
 10 14.3191 0.158328
 11 14.3369 0.144931
 12 14.317 0.134226
 13 14.2281 0.150464
 14 14.0876 0.194562
 15 14.0563 0.184083
 16 14.0282 0.174719
 17 14.0197 0.164649
 18 14.0387 0.156596
 19 14.0816 0.154117
 20 14.0021 0.165611
 1 13.629 0
 2 14.557 0.656145
 3 13.7658 0.780124
 4 13.9885 0.61604
 5 13.662 0.572842
 6 13.6537 0.477428
 7 14.1559 0.619385
 8 14.1352 0.542309
 9 14.0836 0.4845
 10 13.9575 0.452152
 11 13.9596 0.411052
 12 13.987 0.377711
 13 14.0042 0.349046
 14 13.9152 0.335252
 15 13.8354 0.322277
 16 13.7772 0.307332
 17 13.8075 0.290741
 18 13.9502 0.307635
 19 13.9619 0.291663
 20 13.8679 0.291828
 1 9.35266 0
 2 9.00773 0.243905
 3 8.86584 0.199654
 4 9.01053 0.195255
 5 8.96724 0.160932
 6 9.09624 0.178471
 7 9.12368 0.15507
 8 9.14679 0.137398
 9 9.18054 0.126208
 10 9.27936 0.147278
 11 9.28684 0.134079
 12 9.29965 0.123516
 13 9.37318 0.134128
 14 9.41891 0.132115
 15 9.39973 0.124692
 16 9.44374 0.124425
 17 9.47743 0.121579
 18 9.48399 0.115002
 19 9.4849 0.108953
 20 9.49882 0.10439
 1 9.07101 0
 2 9.00582 0.0460981
 3 9.15589 0.12633
 4 8.93282 0.215165
 5 9.02706 0.19166
 6 8.92825 0.183425
 7 8.9359 0.15738
 8 8.9036 0.140983
 9 8.90775 0.125379
 10 8.97203 0.128266
 11 8.97309 0.116609
 12 8.98519 0.107518
 13 9.01893 0.104409
 14 9.05557 0.103178
 15 9.07856 0.0988284
 16 9.21858 0.164212
 17 9.25563 0.158675
 18 9.25675 0.149864
 19 9.25861 0.141988
 20 9.28164 0.136744
 1 9.55196 0
 2 9.19856 0.249891
 3 9.19659 0.166602
 4 9.20977 0.125472
 5 9.12247 0.127174
 6 9.13189 0.106327
 7 9.12709 0.0912458
 8 9.11023 0.0813821
 9 9.19621 0.108649
 10 9.23968 0.106122
 11 9.21734 0.0987977
 12 9.19017 0.0942271
 13 9.14895 0.0955683
 14 9.14985 0.0887462
 15 9.18348 0.0889736
 16 9.14958 0.0896369
 17 9.16205 0.0852262
 18 9.15443 0.080831
 19 9.17834 0.0800364
 20 9.16849 0.0766389
 1 9.76131 0
 2 9.80648 0.0319403
 3 9.65675 0.124097
 4 9.73261 0.113924
 5 9.7562 0.0935506
 6 9.75379 0.0779898
 7 9.68017 0.0954717
 8 9.57509 0.128996
 9 9.6534 0.13638
 10 9.6413 0.123278
 11 9.57416 0.129063
 12 9.55571 0.11962
 13 9.52813 0.113553
 14 9.45336 0.127709
 15 9.48786 0.123769
 16 9.50724 0.11754
 17 9.48412 0.112877
 18 9.48505 0.10661
 19 9.45037 0.106492
 20 9.46318 0.101936
 1 9.34022 0
 2 9.60736 0.188895
 3 9.9521 0.308368
 4 9.81031 0.261854
 5 9.47367 0.366806
 6 9.43669 0.30753
 7 9.49591 0.269238
 8 9.33737 0.278373
 9 9.34423 0.247527
 10 9.34324 0.222776
 11 9.41201 0.212875
 12 9.47989 0.205675
 13 9.44329 0.193083
 14 9.42942 0.179789
 15 9.38297 0.173699
 16 9.33633 0.168988
 17 9.30522 0.161887
 18 9.2584 0.15952
 19 9.2668 0.151345
 20 9.24959 0.144753
 1 7.58361 0
 2 7.30179 0.199279
 3 7.00042 0.279643
 4 6.86691 0.23949
 5 6.85286 0.192004
 6 6.8092 0.164891
 7 6.92755 0.17883
 8 6.96255 0.159866
 9 6.8676 0.167953
 10 6.81483 0.159231
 11 6.82842 0.145334
 12 6.85593 0.135803
 13 6.81278 0.132034
 14 6.81734 0.122682
 15 6.80668 0.114965
 16 6.81725 0.108264
 17 6.84081 0.104429
 18 6.8207 0.100545
 19 6.7908 0.0996022
 20 6.78462 0.0948134
 1 7.20366 0
 2 6.9056 0.210765
 3 6.89933 0.140603
 4 6.69644 0.204929
 5 6.78125 0.180643
 6 6.79611 0.151146
 7 6.84466 0.137129
 8 6.83635 0.12024
 9 6.80739 0.110311
 10 6.84844 0.106644
 11 6.79709 0.108608
 12 6.72204 0.122783
 13 6.70342 0.11474
 14 6.72109 0.107896
 15 6.67628 0.109613
 16 6.68444 0.103066
 17 6.69269 0.0973327
 18 6.65508 0.0989254
 19 6.65106 0.0938004
 20 6.65798 0.0893654
 1 6.72063 0
 2 6.68722 0.0236195
 3 6.64063 0.0411752
 4 6.59597 0.0494922
 5 6.56822 0.0467289
 6 6.61021 0.0546428
 7 6.55285 0.0708091
 8 6.52027 0.0690482
 9 6.5343 0.062786
 10 6.53087 0.0566012
 11 6.51374 0.0539851
 12 6.54268 0.0567132
 13 6.54875 0.0526745
 14 6.50722 0.0631968
 15 6.51469 0.0594237
 16 6.54215 0.0617306
 17 6.54138 0.0581042
 18 6.52787 0.0564268
 19 6.52543 0.0535095
 20 6.51787 0.0513649
 1 7.288 0
 2 6.98417 0.214845
 3 6.82664 0.192504
 4 6.74991 0.158936
 5 6.75793 0.127351
 6 6.77581 0.107373
 7 6.82835 0.104098
 8 6.73602 0.125525
 9 6.63863 0.144498
 10 6.58746 0.138814
 11 6.63187 0.133108
 12 6.60869 0.124017
 13 6.56477 0.122006
 14 6.61881 0.124686
 15 6.66167 0.123519
 16 6.63448 0.118754
 17 6.66168 0.114843
 18 6.66153 0.108463
 19 6.65806 0.102809
 20 6.65262 0.0978131
 1 6.74392 0
 2 6.64913 0.0670271
 3 6.74219 0.0881488
 4 6.71293 0.070803
 5 6.75468 0.0678479
 6 6.72548 0.062512
 7 6.68519 0.0652858
 8 6.73197 0.0719586
 9 6.67139 0.0857505
 10 6.65266 0.0791936
 11 6.6025 0.0864341
 12 6.58515 0.0809546
 13 6.66081 0.104256
 14 6.64914 0.0974606
 15 6.62204 0.094655
 16 6.59931 0.0914288
 17 6.59083 0.0864426
 18 6.6074 0.0832132
 19 6.61226 0.0789756
 20 6.65124 0.0840946
 1 4.59214 0
 2 4.86253 0.191191
 3 4.95489 0.148102
 4 4.87576 0.130518
 5 5.06844 0.201505
 6 5.06945 0.167924
 7 5.10764 0.148213
 8 5.0793 0.132367
 9 5.08216 0.117691
 10 5.06274 0.107512
 11 5.01668 0.107153
 12 5.02058 0.0982947
 13 5.01608 0.0908364
 14 5.01456 0.0843609
 15 5.00265 0.0795732
 16 5.0264 0.0780653
 17 5.03726 0.0742245
 18 5.02955 0.070501
 19 5.02604 0.0668776
 20 5.03262 0.0638569
 1 5.04664 0
 2 5.06508 0.0130451
 3 5.04688 0.0172188
 4 5.01258 0.0323951
 5 5.03065 0.030545
 6 5.0666 0.0415314
 7 5.03304 0.0472483
 8 5.05418 0.0458276
 9 5.02525 0.0490237
 10 5.02763 0.0441787
 11 5.01937 0.0409259
 12 5.0154 0.0377079
 13 5.01152 0.0350062
 14 5.02662 0.0356138
 15 5.04147 0.0362021
 16 5.06934 0.0433645
 17 5.0588 0.0420757
 18 5.0372 0.0449448
 19 5.05661 0.0465821
 20 5.06487 0.0449799
 1 5.08302 0
 2 5.24574 0.115057
 3 5.01896 0.200423
 4 5.07761 0.158667
 5 5.11352 0.130935
 6 5.1199 0.109267
 7 5.12594 0.0938249
 8 5.11883 0.0823663
 9 5.10675 0.0740952
 10 5.08665 0.0693583
 11 5.07042 0.0649225
 12 5.07753 0.0598999
 13 5.08327 0.0555668
 14 5.05385 0.0588746
 15 5.04523 0.0555772
 16 5.0464 0.052116
 17 5.07402 0.0558899
 18 5.0685 0.0530561
 19 5.07746 0.0510146
 20 5.06711 0.0495034
 1 5.21723 0
 2 5.27525 0.041026
 3 5.26994 0.0276921
 4 5.20759 0.0578553
 5 5.13633 0.0787729
 6 5.1283 0.0660517
 7 5.10255 0.0614318
 8 5.10098 0.0537728
 9 5.06581 0.0581742
 10 5.05682 0.0530476
 11 5.02601 0.0564645
 12 5.01606 0.0526294
 13 5.04921 0.0580899
 14 5.06363 0.0557036
 15 5.04696 0.0544274
 16 5.01759 0.0584183
 17 5.01716 0.0549835
 18 5.04144 0.057038
 19 5.03805 0.0541365
 20 5.06278 0.0567977
 1 4.5306 0
 2 4.83628 0.216148
 3 4.82423 0.144434
 4 4.87743 0.117717
 5 4.86729 0.09461
 6 4.8999 0.0842767
 7 4.91858 0.0742785
 8 4.95171 0.0720028
 9 4.9825 0.0702795
 10 4.98239 0.0632516
 11 4.99007 0.057966
 12 4.9874 0.0531972
 13 4.97309 0.0509937
 14 5.02259 0.0672111
 15 5.02506 0.062776
 16 5.00488 0.062012
 17 5.01435 0.0590822
 18 5.03629 0.0597375
 19 5.03202 0.0567458
 20 5.00445 0.0602366
 1 3.96916 0
 2 4.04213 0.0516018
 3 3.96282 0.0733329
 4 3.96713 0.0551267
 5 4.00415 0.0551477
 6 4.00242 0.0459835
 7 3.96247 0.054054
 8 3.97938 0.0498736
 9 3.98808 0.0450832
 10 3.98432 0.0407307
 11 3.9753 0.0380134
 12 3.9978 0.0409655
 13 3.9698 0.046408
 14 3.94788 0.0479925
 15 3.95269 0.0450334
 16 3.94327 0.0431919
 17 3.95982 0.0437071
 18 3.94469 0.0438213
 19 3.94529 0.0415192
 20 3.94798 0.0395298
 1 4.14691 0
 2 4.17886 0.0225935
 3 4.06907 0.0909005
 4 4.07272 0.0682487
 5 4.02888 0.0672174
 6 3.97596 0.0739719
 7 4.01089 0.071176
 8 3.99394 0.0642649
 9 4.00571 0.0581911
 10 4.01273 0.0527939
 11 4.01339 0.0479986
 12 4.03345 0.0480096
 13 4.05404 0.04853
 14 4.07182 0.0482091
 15 4.06903 0.0450758
 16 4.06924 0.0422591
 17 4.05 0.0439343
 18 4.02717 0.0470555
 19 4.04974 0.0496976
 20 4.04589 0.0473611
 1 3.9576 0
 2 4.03183 0.0524866
 3 3.90954 0.105801
 4 3.96442 0.0924954
 5 4.06178 0.114271
 6 4.00681 0.107638
 7 3.9809 0.0953269
 8 3.99212 0.0840688
 9 4.01198 0.077037
 10 4.0017 0.0700159
 11 3.98925 0.0647489
 12 4.00177 0.0605531
 13 3.99943 0.0559404
 14 3.99737 0.0519827
 15 4.01042 0.0501271
 16 4.02186 0.0482838
 17 4.0001 0.0501094
 18 4.00747 0.0478652
 19 4.02212 0.0475347
 20 4.01046 0.0465676
 1 3.76765 0
 2 3.92232 0.10937
 3 3.90275 0.0746431
 4 3.98021 0.0873694
 5 4.03754 0.0866882
 6 3.97631 0.0913354
 7 3.98691 0.0788993
 8 4.00593 0.0712929
 9 4.03697 0.0698014
 10 4.02375 0.064061
 11 3.9916 0.0658105
 12 3.99306 0.0603424
 13 3.98959 0.0558003
 14 3.97069 0.0549221
 15 3.984 0.0528493
 16 3.9764 0.0500899
 17 3.96483 0.0484607
 18 3.96166 0.0458718
 19 3.96721 0.0437919
 20 3.98495 0.0450494
 1 3.76195 0
 2 3.77927 0.0122527
 3 3.89055 0.091221
 4 3.93851 0.0800393
 5 3.91603 0.0671146
 6 3.88594 0.0623099
 7 3.89486 0.0540425
 8 3.90216 0.0477777
 9 3.90248 0.0424701
 10 3.90507 0.0383023
 11 3.90799 0.0349314
 12 3.92578 0.036269
 13 3.92397 0.0335241
 14 3.92136 0.0312309
 15 3.9251 0.0293709
 16 3.92027 0.0279283
 17 3.91772 0.0264022
 18 3.93597 0.0306012
 19 3.93209 0.0292352
 20 3.93586 0.028015
 1 3.32812 0
 2 3.29383 0.0242444
 3 3.25532 0.0353594
 4 3.23351 0.0325559
 5 3.24687 0.0286532
 6 3.25511 0.0250342
 7 3.24979 0.0220152
 8 3.24782 0.0193516
 9 3.27549 0.0312549
 10 3.2795 0.0283849
 11 3.2643 0.0295938
 12 3.25834 0.027722
 13 3.25107 0.0265266
 14 3.25089 0.0246325
 15 3.24731 0.0232486
 16 3.23226 0.0262168
 17 3.22067 0.0271192
 18 3.21643 0.0259411
 19 3.22293 0.0253758
 20 3.21886 0.0244302
 1 3.25757 0
 2 3.25268 0.00345753
 3 3.23566 0.0140875
 4 3.28165 0.0412055
 5 3.25792 0.0392079
 6 3.24358 0.0351992
 7 3.23479 0.0312477
 8 3.23415 0.0273484
 9 3.22877 0.0248324
 10 3.21653 0.0251858
 11 3.20396 0.0258437
 12 3.22047 0.0284797
 13 3.20789 0.028933
 14 3.21127 0.0270632
 15 3.21672 0.0258013
 16 3.21022 0.0249942
 17 3.21383 0.023783
 18 3.21104 0.0226249
 19 3.22667 0.0262851
 20 3.21836 0.0262509
 1 3.43258 0
 2 3.28647 0.103313
 3 3.27708 0.0693014
 4 3.2905 0.0532592
 5 3.26681 0.0475834
 6 3.25061 0.042322
 7 3.24134 0.0372775
 8 3.22739 0.035131
 9 3.22296 0.0315054
 10 3.20196 0.0346553
 11 3.19853 0.0316736
 12 3.18704 0.0310491
 13 3.20267 0.0323576
 14 3.19201 0.031756
 15 3.19942 0.0304919
 16 3.21432 0.0320209
 17 3.20793 0.0307685
 18 3.21731 0.0304545
 19 3.20866 0.0300533
 20 3.20753 0.0285719
 1 3.08133 0
 2 3.10688 0.018065
 3 3.18942 0.0684613
 4 3.21932 0.0575049
 5 3.22166 0.0460516
 6 3.25145 0.0470351
 7 3.2666 0.0426865
 8 3.2658 0.0373583
 9 3.26758 0.0332499
 10 3.27239 0.0302711
 11 3.26023 0.029865
 12 3.22126 0.046276
 13 3.22526 0.0428895
 14 3.2228 0.0398968
 15 3.20115 0.0427064
 16 3.19088 0.0412554
 17 3.18178 0.0398194
 18 3.18143 0.0376087
 19 3.18596 0.0359018
 20 3.18196 0.0343298
 1 3.53219 0
 2 3.35263 0.126968
 3 3.37768 0.0870829
 4 3.34767 0.0702932
 5 3.34629 0.0562482
 6 3.34176 0.0470551
 7 3.32307 0.0438899
 8 3.316 0.0389695
 9 3.31409 0.0346861
 10 3.2989 0.0343847
 11 3.30147 0.0313553
 12 3.29686 0.0290792
 13 3.29704 0.0268428
 14 3.28091 0.0293736
 15 3.28493 0.0276885
 16 3.28895 0.0262481
 17 3.27508 0.0281286
 18 3.27354 0.0266082
 19 3.28306 0.0268566
 20 3.27571 0.0264996
 1 2.47494 0
 2 2.61648 0.100088
 3 2.62661 0.0672361
 4 2.64738 0.0535373
 5 2.65936 0.0441507
 6 2.64042 0.0406508
 7 2.63971 0.0348498
 8 2.63714 0.0305884
 9 2.62708 0.0287969
 10 2.62098 0.0265556
 11 2.63064 0.0258413
 12 2.64125 0.0257711
 13 2.65327 0.0264438
 14 2.64865 0.0249543
 15 2.64067 0.0245344
 16 2.64348 0.0231616
 17 2.64829 0.0222921
 18 2.64531 0.0212517
 19 2.65647 0.0228769
 20 2.64978 0.0226889
 1 2.57639 0
 2 2.61277 0.0257271
 3 2.6671 0.0475585
 4 2.66877 0.0356982
 5 2.65071 0.0328116
 6 2.64984 0.0273544
 7 2.65653 0.0242495
 8 2.6777 0.0290234
 9 2.68565 0.0268652
 10 2.68931 0.0244272
 11 2.68238 0.0231698
 12 2.70123 0.0278748
 13 2.69534 0.0263451
 14 2.68702 0.025744
 15 2.68953 0.0241493
 16 2.69181 0.0227477
 17 2.69402 0.0215167
 18 2.69183 0.0204322
 19 2.69097 0.0193752
 20 2.69545 0.0189179
 1 2.72275 0
 2 2.67989 0.030305
 3 2.67917 0.0202118
 4 2.66546 0.0192559
 5 2.64711 0.02251
 6 2.66765 0.0265229
 7 2.65886 0.0241492
 8 2.64171 0.026528
 9 2.6357 0.0242507
 10 2.62675 0.0234196
 11 2.63643 0.0232057
 12 2.63692 0.021277
 13 2.6493 0.0229633
 14 2.6551 0.0220417
 15 2.66789 0.0239995
 16 2.66073 0.0235421
 17 2.66304 0.0222699
 18 2.66973 0.0220147
 19 2.67497 0.0214718
 20 2.67566 0.0204092
 1 2.61748 0
 2 2.57482 0.0301659
 3 2.59178 0.0244169
 4 2.59921 0.0194124
 5 2.59687 0.0156702
 6 2.58075 0.0196795
 7 2.61222 0.0336651
 8 2.60783 0.029741
 9 2.62873 0.032971
 10 2.62645 0.0297529
 11 2.62544 0.0270651
 12 2.62586 0.0248129
 13 2.63044 0.0233238
 14 2.64317 0.0248927
 15 2.64028 0.0234012
 16 2.63146 0.0235417
 17 2.63975 0.0235709
 18 2.63988 0.0222617
 19 2.64448 0.0215611
 20 2.63838 0.0213292
 1 2.58275 0
 2 2.65802 0.0532216
 3 2.62635 0.0439034
 4 2.68933 0.0637075
 5 2.72765 0.0614219
 6 2.73782 0.0520189
 7 2.76148 0.0496815
 8 2.74399 0.0464507
 9 2.72972 0.0434244
 10 2.7327 0.0391842
 11 2.72698 0.0360372
 12 2.71269 0.0357546
 13 2.70882 0.0332132
 14 2.70844 0.030843
 15 2.70467 0.0290166
 16 2.7023 0.0272995
 17 2.70007 0.0257845
 18 2.70103 0.0243699
 19 2.69955 0.0231323
 20 2.69624 0.0222122
 1 2.32021 0
 2 2.28422 0.0254471
 3 2.28372 0.0169697
 4 2.28764 0.0131709
 5 2.28218 0.0116138
 6 2.26704 0.0168689
 7 2.28645 0.0230652
 8 2.27456 0.0230433
 9 2.2797 0.021048
 10 2.26432 0.0239109
 11 2.26824 0.0220551
 12 2.27548 0.0213728
 13 2.28423 0.0214473
 14 2.28856 0.0203473
 15 2.28992 0.019036
 16 2.29776 0.0193952
 17 2.29255 0.0189405
 18 2.2851 0.0192973
 19 2.27996 0.018956
 20 2.28315 0.018275
 1 2.21964 0
 2 2.22115 0.00107275
 3 2.24323 0.0180391
 4 2.24557 0.0136804
 5 2.26061 0.0173407
 6 2.28264 0.0247683
 7 2.31089 0.0336845
 8 2.3105 0.0294762
 9 2.29998 0.0280151
 10 2.29051 0.0267664
 11 2.29396 0.024555
 12 2.2928 0.0225363
 13 2.28197 0.0232607
 14 2.28732 0.022207
 15 2.28478 0.0208714
 16 2.2865 0.0196379
 17 2.28719 0.0184949
 18 2.2895 0.0176106
 19 2.28041 0.018885
 20 2.27834 0.0180539
 1 2.28883 0
 2 2.29706 0.0058191
 3 2.27756 0.0163827
 4 2.29043 0.0165887
 5 2.27795 0.0173431
 6 2.28353 0.0153238
 7 2.29519 0.0170017
 8 2.30623 0.0181112
 9 2.2992 0.0174112
 10 2.28679 0.0196001
 11 2.28245 0.0182927
 12 2.2773 0.0174766
 13 2.27781 0.0161397
 14 2.28113 0.015324
 15 2.28493 0.0147661
 16 2.28107 0.0143398
 17 2.27418 0.0150585
 18 2.27329 0.0142483
 19 2.27354 0.0135006
 20 2.27253 0.0128627
 1 2.32122 0
 2 2.35959 0.0271282
 3 2.30625 0.047152
 4 2.29665 0.0363294
 5 2.27259 0.03616
 6 2.27095 0.0301709
 7 2.25145 0.0315386
 8 2.24269 0.0287861
 9 2.24374 0.0256066
 10 2.24661 0.0232063
 11 2.23765 0.0227587
 12 2.23722 0.0208662
 13 2.23099 0.0201723
 14 2.2399 0.0206076
 15 2.23842 0.0192869
 16 2.23963 0.0181194
 17 2.23931 0.0170565
 18 2.24308 0.0165215
 19 2.24245 0.0156641
 20 2.25211 0.0176116
 1 2.33931 0
 2 2.30065 0.0273424
 3 2.29295 0.0192811
 4 2.30153 0.0162571
 5 2.30649 0.0137427
 6 2.30727 0.0114743
 7 2.28102 0.0262173
 8 2.27627 0.0233671
 9 2.27363 0.020919
 10 2.25878 0.0235142
 11 2.26406 0.0219613
 12 2.26566 0.0201896
 13 2.25124 0.0232221
 14 2.24678 0.0219872
 15 2.26119 0.0247946
 16 2.26417 0.0234238
 17 2.26239 0.0221131
 18 2.26058 0.0209589
 19 2.26686 0.0207752
 20 2.2695 0.0199031
 1 1.92133 0
 2 1.96577 0.0314189
 3 1.98026 0.0240563
 4 2.00644 0.0289762
 5 1.99938 0.0240255
 6 1.99487 0.0204394
 7 1.99705 0.017635
 8 1.99489 0.0155631
 9 1.98938 0.0147745
 10 1.98147 0.0152704
 11 1.98091 0.0138923
 12 1.98034 0.0127464
 13 1.97973 0.0117806
 14 1.98036 0.010956
 15 1.98668 0.0119114
 16 1.98168 0.0121731
 17 1.98408 0.0116909
 18 1.98153 0.0113157
 19 1.9816 0.0107203
 20 1.97918 0.0104533
 1 1.85114 0
 2 1.89942 0.0341453
 3 1.88868 0.0243944
 4 1.90256 0.0218892
 5 1.91692 0.0217188
 6 1.92913 0.0212558
 7 1.92767 0.0182694
 8 1.93429 0.0171432
 9 1.93606 0.0153293
 10 1.92898 0.015344
 11 1.92712 0.0140614
 12 1.94005 0.0178735
 13 1.9461 0.0174932
 14 1.94764 0.0163106
 15 1.94973 0.0153566
 16 1.94964 0.014397
 17 1.95555 0.0147128
 18 1.95277 0.0141541
 19 1.95205 0.0134278
 20 1.95411 0.0129144
 1 1.89353 0
 2 1.92391 0.021484
 3 1.94961 0.0254079
 4 1.97038 0.0262031
 5 1.97827 0.0221182
 6 1.9788 0.0184383
 7 1.97423 0.0163613
 8 1.9743 0.0143163
 9 1.96631 0.0147885
 10 1.95852 0.0152226
 11 1.96188 0.0142053
 12 1.96671 0.0138188
 13 1.97081 0.0133488
 14 1.97095 0.0123961
 15 1.96485 0.0129838
 16 1.96815 0.0125853
 17 1.96537 0.0121491
 18 1.96399 0.0115522
 19 1.96768 0.0115188
 20 1.96469 0.0113243
 1 1.91986 0
 2 1.99356 0.0521109
 3 1.97323 0.0385026
 4 1.97953 0.0293881
 5 1.96518 0.0267861
 6 1.95483 0.0242369
 7 1.94842 0.0216073
 8 1.95077 0.0190345
 9 1.95698 0.0179028
 10 1.95396 0.0163655
 11 1.9524 0.0149517
 12 1.95425 0.0138198
 13 1.95161 0.0130061
 14 1.94543 0.0134648
 15 1.94781 0.0127751
 16 1.95074 0.0123069
 17 1.95462 0.0121809
 18 1.95567 0.0115488
 19 1.9569 0.0110069
 20 1.96187 0.0115237
 1 1.91378 0
 2 1.97622 0.0441492
 3 1.96156 0.031772
 4 1.94053 0.029991
 5 1.92652 0.027071
 6 1.9371 0.0245417
 7 1.95094 0.02463
 8 1.95969 0.0230523
 9 1.94903 0.0228217
 10 1.94968 0.0205489
 11 1.95374 0.0190764
 12 1.95852 0.0180768
 13 1.95193 0.0178487
 14 1.95324 0.016622
 15 1.95616 0.0157689
 16 1.95799 0.0148889
 17 1.95893 0.0140425
 18 1.95805 0.0132901
 19 1.96073 0.0128586
 20 1.96249 0.0123353
 1 1.71992 0
 2 1.6921 0.0196707
 3 1.67177 0.0211589
 4 1.68703 0.0206564
 5 1.70958 0.0260692
 6 1.7189 0.0233334
 7 1.71257 0.0208412
 8 1.70775 0.0187855
 9 1.69512 0.0205112
 10 1.70013 0.0190616
 11 1.70185 0.0174067
 12 1.69944 0.0161222
 13 1.70149 0.0150113
 14 1.69712 0.0145596
 15 1.70221 0.0144487
 16 1.70094 0.0136013
 17 1.7003 0.0128159
 18 1.70076 0.012112
 19 1.7017 0.0115107
 20 1.7037 0.0111076
 1 1.75156 0
 2 1.69674 0.0387664
 3 1.72766 0.0361323
 4 1.73481 0.027798
 5 1.74093 0.022901
 6 1.73138 0.020979
 7 1.73346 0.0180849
 8 1.71652 0.0223967
 9 1.7171 0.0199158
 10 1.7197 0.0180926
 11 1.71726 0.0166118
 12 1.72794 0.0183448
 13 1.73617 0.018689
 14 1.73921 0.0175988
 15 1.73631 0.0166629
 16 1.73828 0.0157383
 17 1.73475 0.0152043
 18 1.73655 0.0144656
 19 1.73817 0.0137954
 20 1.73448 0.0135913
 1 1.78372 0
 2 1.74067 0.0304398
 3 1.73222 0.0214342
 4 1.75997 0.028912
 5 1.74338 0.0274767
 6 1.74801 0.0232837
 7 1.74175 0.0207822
 8 1.73275 0.0200387
 9 1.73215 0.0178212
 10 1.72861 0.0163874
 11 1.73146 0.0151442
 12 1.73019 0.0139355
 13 1.72039 0.0159412
 14 1.72195 0.0148788
 15 1.71962 0.0140673
 16 1.72673 0.0148762
 17 1.7239 0.0142687
 18 1.71912 0.0142531
 19 1.71857 0.0135137
 20 1.71693 0.0129366
 1 1.68234 0
 2 1.74121 0.0416317
 3 1.69792 0.0449465
 4 1.70706 0.034627
 5 1.7122 0.0280813
 6 1.71241 0.0234019
 7 1.70592 0.0209399
 8 1.69809 0.0197315
 9 1.69151 0.0186036
 10 1.69955 0.0183992
 11 1.69617 0.0170357
 12 1.70112 0.0163203
 13 1.70859 0.0166878
 14 1.70975 0.0155358
 15 1.70863 0.0145405
 16 1.71067 0.0137742
 17 1.70946 0.0130169
 18 1.70963 0.0122948
 19 1.71319 0.0121542
 20 1.71314 0.0115466
 1 1.73432 0
 2 1.72141 0.00912337
 3 1.70437 0.0151859
 4 1.6903 0.016678
 5 1.69967 0.0157527
 6 1.71134 0.0169086
 7 1.71382 0.0146736
 8 1.70521 0.0151546
 9 1.69426 0.0169706
 10 1.70181 0.01687
 11 1.69586 0.0163553
 12 1.69799 0.0151311
 13 1.69723 0.0139863
 14 1.6996 0.0131864
 15 1.70068 0.0123514
 16 1.70267 0.0117384
 17 1.70271 0.0110479
 18 1.70224 0.0104442
 19 1.70581 0.0104862
 20 1.70491 0.00999974
 1 1.58537 0
 2 1.5744 0.00775672
 3 1.55123 0.01961
 4 1.55796 0.0158194
 5 1.55654 0.0127189
 6 1.55017 0.0120907
 7 1.5482 0.0105225
 8 1.5406 0.011629
 9 1.53576 0.0113011
 10 1.53221 0.0107126
 11 1.53093 0.00981588
 12 1.52297 0.0117908
 13 1.53047 0.0130558
 14 1.53333 0.0124324
 15 1.53394 0.0116183
 16 1.53491 0.0109328
 17 1.53434 0.0103046
 18 1.5323 0.00993239
 19 1.53305 0.00943813
 20 1.53462 0.00909561
 1 1.49111 0
 2 1.47881 0.0086996
 3 1.48906 0.0101816
 4 1.49344 0.00852589
 5 1.48775 0.00850815
 6 1.49775 0.0115571
 7 1.50369 0.0113294
 8 1.50795 0.0106834
 9 1.51367 0.0109228
 10 1.51688 0.0102912
 11 1.51865 0.00950697
 12 1.52686 0.011738
 13 1.52627 0.0108501
 14 1.52474 0.0101831
 15 1.52612 0.00959759
 16 1.52212 0.00979633
 17 1.52198 0.00922097
 18 1.525 0.00918926
 19 1.52687 0.00889399
 20 1.5286 0.00861595
 1 1.49969 0
 2 1.47128 0.0200904
 3 1.47869 0.0146961
 4 1.48863 0.0139865
 5 1.48346 0.0121078
 6 1.48654 0.0104744
 7 1.49236 0.0104708
 8 1.49763 0.0104041
 9 1.50168 0.0100042
 10 1.50184 0.0090051
 11 1.49859 0.00875388
 12 1.5009 0.00832498
 13 1.49857 0.00800445
 14 1.50042 0.00764288
 15 1.50032 0.00713402
 16 1.50057 0.00669237
 17 1.50023 0.00630686
 18 1.49942 0.0060094
 19 1.49918 0.00569791
 20 1.50004 0.00547818
 1 1.53199 0
 2 1.56331 0.0221495
 3 1.55502 0.0162443
 4 1.53575 0.0206652
 5 1.53098 0.0170735
 6 1.53597 0.0149389
 7 1.52658 0.015473
 8 1.53869 0.0176513
 9 1.54633 0.0172635
 10 1.54514 0.0155781
 11 1.53869 0.015439
 12 1.5446 0.0152404
 13 1.54111 0.0144603
 14 1.5359 0.0143357
 15 1.53358 0.0135674
 16 1.53559 0.0128682
 17 1.53625 0.0121281
 18 1.535 0.0115185
 19 1.53504 0.0109123
 20 1.5357 0.0103869
 1 1.5119 0
 2 1.54216 0.0213964
 3 1.51941 0.0234185
 4 1.51325 0.0183584
 5 1.51939 0.0156816
 6 1.52783 0.0151683
 7 1.52406 0.0134616
 8 1.51997 0.0123845
 9 1.51635 0.0115242
 10 1.52653 0.0141709
 11 1.52448 0.0130299
 12 1.531 0.0134764
 13 1.53179 0.0124631
 14 1.53134 0.0115813
 15 1.53075 0.010824
 16 1.52796 0.0105012
 17 1.53097 0.0103055
 18 1.53285 0.00990379
 19 1.53201 0.00941859
 20 1.53069 0.0090397
 1 1.35828 0
 2 1.35596 0.00164332
 3 1.3556 0.00113373
 4 1.34804 0.00660099
 5 1.34848 0.00529517
 6 1.34202 0.0073658
 7 1.3503 0.00993558
 8 1.34762 0.00904831
 9 1.34813 0.00805736
 10 1.34947 0.00736222
 11 1.34614 0.00741027
 12 1.34738 0.00689688
 13 1.34891 0.00653252
 14 1.35255 0.00700861
 15 1.35235 0.00654428
 16 1.35314 0.00618286
 17 1.35311 0.00581925
 18 1.35815 0.00736389
 19 1.36092 0.0074795
 20 1.36 0.00716217
 1 1.35276 0
 2 1.3743 0.0152339
 3 1.37087 0.0105354
 4 1.35747 0.014043
 5 1.35517 0.0114208
 6 1.35954 0.0103183
 7 1.36723 0.0113536
 8 1.36538 0.0100831
 9 1.365 0.00896987
 10 1.36397 0.00813215
 11 1.36523 0.00749021
 12 1.36677 0.00702276
 13 1.36035 0.00895084
 14 1.36294 0.00867867
 15 1.36117 0.00827855
 16 1.35789 0.00838603
 17 1.35762 0.00789706
 18 1.35736 0.00746264
 19 1.35398 0.00779724
 20 1.35458 0.00742993
 1 1.34217 0
 2 1.31629 0.0183013
 3 1.33857 0.0219028
 4 1.36197 0.0260915
 5 1.37134 0.0224904
 6 1.36754 0.0190606
 7 1.36156 0.0172497
 8 1.36065 0.0151172
 9 1.35716 0.0138362
 10 1.35627 0.012481
 11 1.35469 0.0114462
 12 1.35055 0.0112157
 13 1.35275 0.010567
 14 1.35631 0.0103944
 15 1.35531 0.00974934
 16 1.35695 0.00927695
 17 1.35977 0.00914925
 18 1.36053 0.00867227
 19 1.35732 0.00878708
 20 1.35711 0.00835023
 1 1.32365 0
 2 1.36523 0.0294029
 3 1.37111 0.0201807
 4 1.36664 0.0156222
 5 1.36829 0.0125841
 6 1.35786 0.0141622
 7 1.36445 0.0135875
 8 1.35807 0.013303
 9 1.35607 0.0119743
 10 1.36104 0.0117601
 11 1.36139 0.0106962
 12 1.35347 0.0123965
 13 1.35215 0.0115123
 14 1.35383 0.0108111
 15 1.3537 0.0100911
 16 1.35425 0.00947559
 17 1.35238 0.00910164
 18 1.35453 0.00884576
 19 1.35837 0.00917456
 20 1.35878 0.008725
 1 1.4384 0
 2 1.40344 0.0247148
 3 1.36151 0.0379967
 4 1.35754 0.0287037
 5 1.35817 0.0229698
 6 1.36956 0.021782
 7 1.37825 0.0203318
 8 1.37165 0.0188318
 9 1.36625 0.0174958
 10 1.35662 0.0182081
 11 1.35491 0.0166327
 12 1.3555 0.0152571
 13 1.35356 0.0142057
 14 1.35803 0.0138762
 15 1.35452 0.0133878
 16 1.35474 0.0125529
 17 1.35281 0.011963
 18 1.35597 0.0117085
 19 1.35712 0.0111492
 20 1.35868 0.0106995
