 1 -0.972608 0
 2 -0.969612 0.00211849
 3 -0.9686 0.00163629
 4 -0.969206 0.00133472
 5 -0.969802 0.00119329
 6 -0.972085 0.00230977
 7 -0.973211 0.00223753
 8 -0.973907 0.00206313
 9 -0.9738 0.00183666
 10 -0.973584 0.00166565
 11 -0.974051 0.00157831
 12 -0.972857 0.00184366
 13 -0.97278 0.00170345
 14 -0.973005 0.00159654
 15 -0.973288 0.00151496
 16 -0.973187 0.00142364
 17 -0.973356 0.00134986
 18 -0.973278 0.00127709
 19 -0.973627 0.0012567
 20 -0.973897 0.0012224
 1 -0.979568 0
 2 -0.975904 0.00259084
 3 -0.975691 0.00173599
 4 -0.97088 0.00436487
 5 -0.970758 0.00349359
 6 -0.971751 0.00304898
 7 -0.972227 0.00265043
 8 -0.972782 0.00237643
 9 -0.973075 0.00213033
 10 -0.973378 0.00193872
 11 -0.974028 0.00186827
 12 -0.973529 0.00177796
 13 -0.97373 0.00165254
 14 -0.973686 0.00153509
 15 -0.973888 0.00144602
 16 -0.97286 0.00168181
 17 -0.973164 0.00161017
 18 -0.973156 0.00152073
 19 -0.973181 0.0014409
 20 -0.973036 0.00137609
 1 -0.975976 0
 2 -0.970332 0.00399091
 3 -0.972536 0.00321205
 4 -0.972492 0.00240934
 5 -0.970488 0.0026321
 6 -0.971903 0.00254535
 7 -0.972394 0.0022287
 8 -0.970551 0.00260306
 9 -0.97031 0.00232494
 10 -0.970236 0.00209363
 11 -0.970787 0.00197445
 12 -0.971597 0.00196923
 13 -0.97121 0.00185548
 14 -0.971827 0.00182265
 15 -0.972929 0.00200692
 16 -0.97295 0.00188161
 17 -0.972953 0.00177093
 18 -0.973322 0.00171051
 19 -0.973065 0.00163974
 20 -0.973061 0.00155775
 1 -0.976328 0
 2 -0.969496 0.00483095
 3 -0.972091 0.00385496
 4 -0.97338 0.00309934
 5 -0.973336 0.00247979
 6 -0.974728 0.00242592
 7 -0.973926 0.00220804
 8 -0.974095 0.00193852
 9 -0.975069 0.00195269
 10 -0.975124 0.00175819
 11 -0.975126 0.00159835
 12 -0.975875 0.00163145
 13 -0.975305 0.00160268
 14 -0.974438 0.00170636
 15 -0.974979 0.00167614
 16 -0.975395 0.00162214
 17 -0.975076 0.00155772
 18 -0.974539 0.00156119
 19 -0.974694 0.00148676
 20 -0.974404 0.00144056
 1 -0.963968 0
 2 -0.976196 0.0086465
 3 -0.977267 0.00583025
 4 -0.975742 0.00456769
 5 -0.974688 0.0037738
 6 -0.975077 0.00316485
 7 -0.972856 0.00340416
 8 -0.974909 0.00354405
 9 -0.974861 0.00315059
 10 -0.974282 0.00288837
 11 -0.975357 0.00281892
 12 -0.974808 0.00263695
 13 -0.974664 0.00243803
 14 -0.97444 0.00227416
 15 -0.974887 0.00216602
 16 -0.97471 0.0020379
 17 -0.975035 0.00194381
 18 -0.974886 0.00184153
 19 -0.974924 0.001745
 20 -0.975224 0.00168337
 1 -0.924632 0
 2 -0.925356 0.000511945
 3 -0.928747 0.00278943
 4 -0.926712 0.00273526
 5 -0.92771 0.00236341
 6 -0.928311 0.00204432
 7 -0.928718 0.00179234
 8 -0.929827 0.00188049
 9 -0.930825 0.00191813
 10 -0.931431 0.00181962
 11 -0.931531 0.00165693
 12 -0.931437 0.00152149
 13 -0.932001 0.00150511
 14 -0.932079 0.00139967
 15 -0.932616 0.00140545
 16 -0.932486 0.00132361
 17 -0.932234 0.00126953
 18 -0.931478 0.00140602
 19 -0.931379 0.00133555
 20 -0.930804 0.00138701
 1 -0.927776 0
 2 -0.928144 0.000260215
 3 -0.928965 0.00069269
 4 -0.930952 0.00179723
 5 -0.930181 0.00159468
 6 -0.929635 0.00141934
 7 -0.930963 0.00173016
 8 -0.931211 0.0015315
 9 -0.930652 0.00145994
 10 -0.93048 0.00132399
 11 -0.930532 0.00120463
 12 -0.930391 0.00111239
 13 -0.930483 0.00103059
 14 -0.930585 0.000961965
 15 -0.930676 0.000902194
 16 -0.931123 0.000949993
 17 -0.931217 0.00089879
 18 -0.931439 0.000875773
 19 -0.931938 0.000961384
 20 -0.931482 0.00101559
 1 -0.933408 0
 2 -0.937004 0.00254276
 3 -0.934347 0.0027534
 4 -0.937116 0.00316486
 5 -0.935395 0.002963
 6 -0.935623 0.00247788
 7 -0.933209 0.00308284
 8 -0.931638 0.00307186
 9 -0.931124 0.00277314
 10 -0.931204 0.00249697
 11 -0.930785 0.0023049
 12 -0.930081 0.00221756
 13 -0.93014 0.00204775
 14 -0.930373 0.00191468
 15 -0.930923 0.00186453
 16 -0.930715 0.00175952
 17 -0.93074 0.0016562
 18 -0.930565 0.00157339
 19 -0.930621 0.00149155
 20 -0.93059 0.00141728
 1 -0.929744 0
 2 -0.930708 0.000681651
 3 -0.929973 0.000752551
 4 -0.93214 0.00195944
 5 -0.934899 0.00292366
 6 -0.933275 0.00285223
 7 -0.934273 0.0026137
 8 -0.934314 0.0022873
 9 -0.934168 0.00203781
 10 -0.933898 0.00185189
 11 -0.933825 0.00168494
 12 -0.933573 0.00156337
 13 -0.932969 0.00155544
 14 -0.93291 0.00144545
 15 -0.933335 0.00141025
 16 -0.933093 0.00134261
 17 -0.932327 0.00146617
 18 -0.932602 0.0014103
 19 -0.932902 0.00136763
 20 -0.93383 0.00158269
 1 -0.936744 0
 2 -0.932436 0.00304622
 3 -0.930563 0.0025424
 4 -0.931022 0.00194785
 5 -0.931738 0.00168461
 6 -0.933019 0.00182712
 7 -0.933333 0.00159284
 8 -0.932558 0.00157082
 9 -0.932429 0.00140154
 10 -0.932192 0.00128132
 11 -0.932572 0.00121978
 12 -0.932573 0.00111814
 13 -0.932158 0.00110674
 14 -0.932044 0.00103349
 15 -0.931965 0.000967624
 16 -0.932017 0.000908555
 17 -0.931869 0.000867128
 18 -0.932159 0.000866219
 19 -0.931308 0.00116621
 20 -0.931332 0.00110816
 1 -0.880728 0
 2 -0.882884 0.00152452
 3 -0.884555 0.00170109
 4 -0.883474 0.00158228
 5 -0.885048 0.00189322
 6 -0.8858 0.00172056
 7 -0.886182 0.00151652
 8 -0.885494 0.00147467
 9 -0.885565 0.00131254
 10 -0.885354 0.00119824
 11 -0.885551 0.00110549
 12 -0.885874 0.00105943
 13 -0.885961 0.00098147
 14 -0.885624 0.000967369
 15 -0.886299 0.00111356
 16 -0.886377 0.00104672
 17 -0.886416 0.000985888
 18 -0.88656 0.00094157
 19 -0.886586 0.000892363
 20 -0.886626 0.000848619
 1 -0.886128 0
 2 -0.882732 0.00240133
 3 -0.884669 0.00225056
 4 -0.884354 0.00170987
 5 -0.884691 0.00140075
 6 -0.883809 0.00141797
 7 -0.883683 0.00122098
 8 -0.88357 0.00107361
 9 -0.883871 0.000995654
 10 -0.88398 0.000902024
 11 -0.884017 0.000820799
 12 -0.883977 0.000753379
 13 -0.883985 0.000695462
 14 -0.884083 0.000652768
 15 -0.884255 0.000631514
 16 -0.884489 0.000633755
 17 -0.88462 0.000609912
 18 -0.884791 0.000599487
 19 -0.884784 0.000567972
 20 -0.884694 0.000546661
 1 -0.890464 0
 2 -0.885752 0.00333189
 3 -0.888067 0.00291647
 4 -0.889866 0.00268565
 5 -0.888581 0.0024367
 6 -0.887351 0.00232041
 7 -0.885743 0.00248426
 8 -0.885583 0.00217887
 9 -0.885739 0.00194232
 10 -0.885079 0.00185667
 11 -0.88506 0.00168799
 12 -0.885247 0.00155765
 13 -0.88488 0.00148036
 14 -0.884585 0.00140379
 15 -0.884554 0.00131053
 16 -0.884804 0.00125222
 17 -0.884526 0.0012091
 18 -0.884682 0.00115202
 19 -0.884869 0.0011065
 20 -0.885337 0.00114562
 1 -0.88424 0
 2 -0.885096 0.000605283
 3 -0.884845 0.000452459
 4 -0.885782 0.000879297
 5 -0.886666 0.00105803
 6 -0.887265 0.00103784
 7 -0.887251 0.00088967
 8 -0.886613 0.000981144
 9 -0.886988 0.00094091
 10 -0.887109 0.000854595
 11 -0.886252 0.00112711
 12 -0.886246 0.0010332
 13 -0.886094 0.000964911
 14 -0.88575 0.000955093
 15 -0.8863 0.00103776
 16 -0.886113 0.000989562
 17 -0.886401 0.000972335
 18 -0.886144 0.000951666
 19 -0.886462 0.000953055
 20 -0.886412 0.000906687
 1 -0.886416 0
 2 -0.886692 0.000195161
 3 -0.886091 0.000507933
 4 -0.887608 0.00136815
 5 -0.887677 0.00109625
 6 -0.887448 0.000937116
 7 -0.887698 0.000835998
 8 -0.887342 0.000803842
 9 -0.886458 0.00109796
 10 -0.88609 0.00104808
 11 -0.885516 0.00109843
 12 -0.885783 0.00103883
 13 -0.885736 0.000960002
 14 -0.885818 0.000894901
 15 -0.885793 0.00083558
 16 -0.885879 0.000787712
 17 -0.885813 0.00074408
 18 -0.885598 0.000733133
 19 -0.885595 0.000694553
 20 -0.885282 0.000726926
 1 -0.837632 0
 2 -0.837568 4.52548e-05
 3 -0.839069 0.0012262
 4 -0.838784 0.000952273
 5 -0.838363 0.000849721
 6 -0.839103 0.000978306
 7 -0.838341 0.00109589
 8 -0.838494 0.000969587
 9 -0.838611 0.000868846
 10 -0.838838 0.000811258
 11 -0.838568 0.000781272
 12 -0.839007 0.000830556
 13 -0.83905 0.000767754
 14 -0.838817 0.000747514
 15 -0.838723 0.000703554
 16 -0.838874 0.000675557
 17 -0.839008 0.000648977
 18 -0.839191 0.00063824
 19 -0.839035 0.000623356
 20 -0.838972 0.000595398
 1 -0.835784 0
 2 -0.840288 0.00318481
 3 -0.840469 0.00212836
 4 -0.840194 0.00161398
 5 -0.840061 0.00129667
 6 -0.840587 0.00118239
 7 -0.840383 0.0010309
 8 -0.840436 0.000903402
 9 -0.840159 0.000844392
 10 -0.840642 0.000887155
 11 -0.840704 0.000808696
 12 -0.840463 0.00077648
 13 -0.839831 0.000938932
 14 -0.839385 0.000972384
 15 -0.839399 0.000907673
 16 -0.839467 0.000853415
 17 -0.839208 0.00084159
 18 -0.83917 0.000795661
 19 -0.838885 0.000803264
 20 -0.838955 0.000766123
 1 -0.837912 0
 2 -0.838684 0.000545886
 3 -0.837547 0.000997393
 4 -0.837718 0.000762619
 5 -0.838205 0.00074953
 6 -0.838108 0.000630828
 7 -0.837927 0.00056612
 8 -0.838781 0.000940075
 9 -0.838606 0.000851715
 10 -0.838423 0.000785962
 11 -0.83836 0.000717047
 12 -0.838772 0.000766572
 13 -0.838849 0.000711424
 14 -0.838887 0.000661635
 15 -0.838698 0.000644025
 16 -0.838538 0.000623116
 17 -0.838715 0.000611028
 18 -0.838588 0.000590102
 19 -0.838625 0.000560192
 20 -0.838512 0.000543512
 1 -0.841064 0
 2 -0.839644 0.00100409
 3 -0.839899 0.000700946
 4 -0.839716 0.000548995
 5 -0.840446 0.000787198
 6 -0.840364 0.000660297
 7 -0.840331 0.000566772
 8 -0.839166 0.00119766
 9 -0.839659 0.00116151
 10 -0.839634 0.00104563
 11 -0.839424 0.000971349
 12 -0.839708 0.000930995
 13 -0.839818 0.000865836
 14 -0.83981 0.000804024
 15 -0.840017 0.000776557
 16 -0.839914 0.00073483
 17 -0.839821 0.000697443
 18 -0.839845 0.000659099
 19 -0.839845 0.00062441
 20 -0.839587 0.000644074
 1 -0.834496 0
 2 -0.8362 0.00120491
 3 -0.836035 0.000814538
 4 -0.83679 0.000895041
 5 -0.837725 0.00110081
 6 -0.837716 0.000917377
 7 -0.838829 0.00129587
 8 -0.839173 0.00117877
 9 -0.839108 0.00104957
 10 -0.838896 0.00096587
 11 -0.838745 0.000889719
 12 -0.838903 0.000829465
 13 -0.838641 0.000806193
 14 -0.838674 0.00074931
 15 -0.838654 0.000699634
 16 -0.838603 0.000657718
 17 -0.838569 0.000619911
 18 -0.838865 0.000652289
 19 -0.839074 0.000650383
 20 -0.838848 0.000655983
 1 -0.7932 0
 2 -0.792064 0.000803273
 3 -0.79176 0.000590244
 4 -0.791312 0.000588639
 5 -0.79017 0.00112509
 6 -0.790784 0.00109253
 7 -0.791266 0.00103745
 8 -0.791093 0.000922131
 9 -0.791307 0.000844064
 10 -0.791594 0.000806955
 11 -0.791623 0.000734115
 12 -0.791767 0.00068694
 13 -0.791831 0.000637082
 14 -0.792134 0.000659928
 15 -0.792415 0.000672967
 16 -0.792393 0.000631248
 17 -0.7924 0.000594145
 18 -0.792325 0.000565806
 19 -0.792205 0.000548657
 20 -0.792263 0.000524341
 1 -0.793104 0
 2 -0.794808 0.00120491
 3 -0.793752 0.00117842
 4 -0.79356 0.00089932
 5 -0.79303 0.000861393
 6 -0.792477 0.000877598
 7 -0.792379 0.000757668
 8 -0.792324 0.000664984
 9 -0.792299 0.000591579
 10 -0.792617 0.000612014
 11 -0.791976 0.000826347
 12 -0.791759 0.000785545
 13 -0.792401 0.000951943
 14 -0.792467 0.000886249
 15 -0.792614 0.000839357
 16 -0.792884 0.000829217
 17 -0.793224 0.000846916
 18 -0.793249 0.000800258
 19 -0.793334 0.000762594
 20 -0.793418 0.000729043
 1 -0.793488 0
 2 -0.792356 0.000800445
 3 -0.791792 0.000704858
 4 -0.792844 0.00105332
 5 -0.791563 0.00142212
 6 -0.791367 0.00119861
 7 -0.791035 0.00107217
 8 -0.790831 0.000957439
 9 -0.790771 0.000852955
 10 -0.79109 0.000825135
 11 -0.790993 0.000755704
 12 -0.791168 0.000712601
 13 -0.790937 0.000694336
 14 -0.790712 0.000680102
 15 -0.790905 0.000661453
 16 -0.791039 0.000633533
 17 -0.791094 0.000598662
 18 -0.791296 0.000598626
 19 -0.791469 0.000591487
 20 -0.791235 0.000606374
 1 -0.794856 0
 2 -0.795116 0.000183848
 3 -0.793811 0.00107282
 4 -0.793914 0.00080958
 5 -0.793787 0.000657519
 6 -0.793323 0.000692861
 7 -0.793102 0.000628124
 8 -0.79269 0.000671111
 9 -0.792436 0.000642659
 10 -0.792355 0.000583506
 11 -0.792216 0.000546811
 12 -0.792319 0.000510791
 13 -0.79217 0.000492702
 14 -0.792157 0.000457673
 15 -0.792196 0.00042883
 16 -0.792126 0.000407826
 17 -0.791873 0.000455372
 18 -0.792001 0.000447808
 19 -0.791994 0.000424298
 20 -0.792109 0.000418298
 1 -0.793376 0
 2 -0.793292 5.9397e-05
 3 -0.794523 0.00100562
 4 -0.794162 0.00081633
 5 -0.793086 0.00116277
 6 -0.793019 0.000970943
 7 -0.793638 0.00101049
 8 -0.793157 0.000991955
 9 -0.79269 0.000985648
 10 -0.792266 0.00097409
 11 -0.79238 0.000892186
 12 -0.792486 0.000824153
 13 -0.792324 0.000776575
 14 -0.792395 0.000724411
 15 -0.79211 0.00073004
 16 -0.79215 0.000685486
 17 -0.792054 0.000651835
 18 -0.791917 0.00062981
 19 -0.791942 0.000597141
 20 -0.791909 0.000568178
 1 -0.749048 0
 2 -0.747388 0.0011738
 3 -0.747779 0.000845046
 4 -0.747344 0.000737146
 5 -0.74613 0.00123595
 6 -0.746081 0.0010309
 7 -0.746627 0.00101805
 8 -0.746967 0.00094573
 9 -0.747267 0.000886855
 10 -0.746556 0.00104481
 11 -0.746519 0.000950494
 12 -0.746846 0.000925975
 13 -0.747053 0.000877562
 14 -0.747137 0.000818856
 15 -0.746992 0.000776923
 16 -0.746952 0.000729394
 17 -0.747112 0.00070392
 18 -0.747043 0.000668221
 19 -0.746947 0.000639934
 20 -0.74683 0.000618603
 1 -0.746448 0
 2 -0.74738 0.000659024
 3 -0.747691 0.000507317
 4 -0.747956 0.000444491
 5 -0.747621 0.000465116
 6 -0.747636 0.000387845
 7 -0.748011 0.000480965
 8 -0.748021 0.000420939
 9 -0.747943 0.000381306
 10 -0.747994 0.000346608
 11 -0.747479 0.000583541
 12 -0.747351 0.000548901
 13 -0.74753 0.000535315
 14 -0.747726 0.00053169
 15 -0.747565 0.000520036
 16 -0.747719 0.000509591
 17 -0.747581 0.000497896
 18 -0.747296 0.000545816
 19 -0.747237 0.000520214
 20 -0.747257 0.000494594
 1 -0.74608 0
 2 -0.746152 5.09117e-05
 3 -0.747837 0.00137649
 4 -0.74843 0.00115292
 5 -0.747554 0.00121044
 6 -0.747532 0.00100889
 7 -0.746821 0.00108703
 8 -0.746625 0.000968588
 9 -0.746945 0.000912263
 10 -0.746825 0.000828903
 11 -0.74645 0.000833916
 12 -0.746815 0.00084031
 13 -0.746838 0.000775982
 14 -0.746866 0.000721087
 15 -0.746971 0.000680604
 16 -0.747023 0.000640034
 17 -0.74687 0.000620376
 18 -0.746762 0.000595219
 19 -0.74666 0.000572638
 20 -0.746639 0.000544376
 1 -0.751408 0
 2 -0.74948 0.0013633
 3 -0.748728 0.00109683
 4 -0.748406 0.000868605
 5 -0.748518 0.000702119
 6 -0.748631 0.000594007
 7 -0.748257 0.000615484
 8 -0.747945 0.000612608
 9 -0.747956 0.000544632
 10 -0.748038 0.000496429
 11 -0.748367 0.000549146
 12 -0.747987 0.000620656
 13 -0.747793 0.000602684
 14 -0.747707 0.000565704
 15 -0.748186 0.000702257
 16 -0.74799 0.000685208
 17 -0.748077 0.000650424
 18 -0.747963 0.000624211
 19 -0.748018 0.000593738
 20 -0.748207 0.000593406
 1 -0.752408 0
 2 -0.748776 0.00256821
 3 -0.747669 0.00193595
 4 -0.74926 0.00200146
 5 -0.749208 0.00160185
 6 -0.748385 0.00153162
 7 -0.748065 0.00134587
 8 -0.748348 0.001207
 9 -0.747996 0.00112292
 10 -0.747675 0.00105558
 11 -0.74714 0.00108669
 12 -0.747215 0.000998719
 13 -0.747368 0.00093349
 14 -0.747038 0.000923396
 15 -0.74693 0.000868143
 16 -0.746808 0.000822287
 17 -0.746859 0.000775455
 18 -0.746893 0.000733122
 19 -0.74697 0.000698591
 20 -0.747258 0.000720394
 1 -0.70632 0
 2 -0.703748 0.00181868
 3 -0.704288 0.00129013
 4 -0.703424 0.00122316
 5 -0.703522 0.000982414
 6 -0.703881 0.000882085
 7 -0.703982 0.000761763
 8 -0.703832 0.000681096
 9 -0.703874 0.000606699
 10 -0.704169 0.000613581
 11 -0.703822 0.000648532
 12 -0.703722 0.00060212
 13 -0.703823 0.000564172
 14 -0.703845 0.000524318
 15 -0.703911 0.00049354
 16 -0.704155 0.000519534
 17 -0.704215 0.000492376
 18 -0.704132 0.000471901
 19 -0.704268 0.000466185
 20 -0.704276 0.000442948
 1 -0.703928 0
 2 -0.704068 9.89949e-05
 3 -0.702904 0.000952691
 4 -0.703652 0.00096445
 5 -0.704051 0.000850173
 6 -0.704113 0.000710744
 7 -0.703928 0.000632912
 8 -0.704115 0.000580767
 9 -0.703892 0.000557251
 10 -0.703997 0.000511203
 11 -0.703657 0.000566269
 12 -0.703433 0.000561928
 13 -0.703484 0.00052107
 14 -0.703681 0.0005197
 15 -0.703637 0.000486942
 16 -0.703545 0.000465081
 17 -0.703527 0.000438069
 18 -0.703528 0.000413734
 19 -0.703758 0.000451322
 20 -0.703855 0.000439031
 1 -0.705432 0
 2 -0.707536 0.00148775
 3 -0.706083 0.00154656
 4 -0.705448 0.00128356
 5 -0.705362 0.00102975
 6 -0.70554 0.000873442
 7 -0.705448 0.000753494
 8 -0.704936 0.0008149
 9 -0.704835 0.000730629
 10 -0.704343 0.000806088
 11 -0.703977 0.000811552
 12 -0.704101 0.000753318
 13 -0.703873 0.000729087
 14 -0.70384 0.000677766
 15 -0.703659 0.000656254
 16 -0.703565 0.000622033
 17 -0.703716 0.000603555
 18 -0.703683 0.000570931
 19 -0.703659 0.000541375
 20 -0.703503 0.000536352
 1 -0.705816 0
 2 -0.705796 1.41421e-05
 3 -0.705187 0.000497608
 4 -0.706494 0.00119211
 5 -0.706562 0.000955602
 6 -0.705787 0.00106517
 7 -0.705289 0.00102261
 8 -0.705309 0.00089498
 9 -0.705162 0.000807556
 10 -0.705108 0.000728589
 11 -0.704647 0.000795169
 12 -0.704581 0.000731574
 13 -0.704598 0.000675479
 14 -0.704348 0.000671744
 15 -0.704206 0.000641822
 16 -0.704153 0.000603922
 17 -0.704203 0.00057049
 18 -0.70431 0.000548731
 19 -0.704283 0.000520506
 20 -0.704626 0.0005967
 1 -0.705648 0
 2 -0.704844 0.000568514
 3 -0.705053 0.000415766
 4 -0.703916 0.00103314
 5 -0.703677 0.000853754
 6 -0.703543 0.000721922
 7 -0.703536 0.000618821
 8 -0.703797 0.000593965
 9 -0.703592 0.000562233
 10 -0.703329 0.000564263
 11 -0.703367 0.000514227
 12 -0.703348 0.000471709
 13 -0.703437 0.000443726
 14 -0.70352 0.000419737
 15 -0.70346 0.000396057
 16 -0.703601 0.000395529
 17 -0.703795 0.000417483
 18 -0.703843 0.000396968
 19 -0.703696 0.000402258
 20 -0.703682 0.000382403
 1 -0.660968 0
 2 -0.663204 0.00158109
 3 -0.663251 0.00105475
 4 -0.663446 0.000808947
 5 -0.663355 0.000652233
 6 -0.663864 0.00071495
 7 -0.663602 0.000658977
 8 -0.664166 0.000781361
 9 -0.664129 0.000695424
 10 -0.664142 0.000626013
 11 -0.664151 0.000569166
 12 -0.664117 0.000522786
 13 -0.664088 0.000483357
 14 -0.664185 0.000458489
 15 -0.664301 0.000442401
 16 -0.664306 0.000414776
 17 -0.664236 0.000396201
 18 -0.664201 0.000375763
 19 -0.664288 0.000366039
 20 -0.66427 0.00034818
 1 -0.661248 0
 2 -0.66416 0.00205909
 3 -0.664957 0.00151928
 4 -0.66427 0.00128557
 5 -0.664443 0.00104006
 6 -0.664287 0.000878416
 7 -0.664926 0.000957571
 8 -0.664584 0.000896775
 9 -0.664574 0.000797187
 10 -0.664304 0.000761892
 11 -0.664644 0.000764886
 12 -0.664871 0.000734048
 13 -0.664775 0.000683905
 14 -0.664982 0.000665629
 15 -0.665212 0.000659801
 16 -0.665372 0.000637731
 17 -0.665199 0.000623226
 18 -0.665292 0.000595558
 19 -0.665259 0.00056513
 20 -0.66539 0.000551855
 1 -0.663952 0
 2 -0.662016 0.00136896
 3 -0.662699 0.00106939
 4 -0.662976 0.000837234
 5 -0.664061 0.001179
 6 -0.663865 0.000998574
 7 -0.663825 0.000856729
 8 -0.663608 0.000776669
 9 -0.66382 0.00071884
 10 -0.663712 0.000655085
 11 -0.664066 0.000684616
 12 -0.663847 0.000661822
 13 -0.663774 0.00061494
 14 -0.663658 0.000581716
 15 -0.663731 0.000547485
 16 -0.663813 0.000519342
 17 -0.663718 0.000497469
 18 -0.664003 0.000545623
 19 -0.6642 0.000551429
 20 -0.664124 0.000529182
 1 -0.661424 0
 2 -0.661112 0.000220617
 3 -0.661549 0.000386185
 4 -0.663056 0.00133657
 5 -0.663214 0.0010786
 6 -0.663435 0.000921052
 7 -0.664008 0.000951325
 8 -0.663571 0.000927364
 9 -0.663896 0.000879431
 10 -0.66394 0.000792587
 11 -0.663841 0.000726634
 12 -0.66369 0.000681683
 13 -0.663972 0.00068498
 14 -0.663682 0.000694726
 15 -0.663877 0.00067539
 16 -0.663646 0.000671468
 17 -0.663383 0.000681863
 18 -0.663355 0.000644536
 19 -0.663472 0.000621196
 20 -0.6635 0.000590749
 1 -0.661888 0
 2 -0.663752 0.00131805
 3 -0.663627 0.000884637
 4 -0.663752 0.000672298
 5 -0.664126 0.000633569
 6 -0.663764 0.000623058
 7 -0.663943 0.000559133
 8 -0.663684 0.000545883
 9 -0.663811 0.000499709
 10 -0.663718 0.000458177
 11 -0.663436 0.000495788
 12 -0.663626 0.000489398
 13 -0.663544 0.00045857
 14 -0.663719 0.000457941
 15 -0.663825 0.000439435
 16 -0.663744 0.000419375
 17 -0.663767 0.000395367
 18 -0.663889 0.000391724
 19 -0.663957 0.000377063
 20 -0.663932 0.000359069
 1 -0.62456 0
 2 -0.625412 0.000602455
 3 -0.62576 0.000491984
 4 -0.626124 0.000485308
 5 -0.625653 0.000573026
 6 -0.625631 0.000477949
 7 -0.625986 0.000525574
 8 -0.626363 0.000579363
 9 -0.626383 0.000515339
 10 -0.626398 0.000464031
 11 -0.626436 0.000423397
 12 -0.626703 0.000464721
 13 -0.626834 0.000447091
 14 -0.626864 0.00041613
 15 -0.626839 0.000389143
 16 -0.626672 0.000398827
 17 -0.626907 0.000438837
 18 -0.626962 0.000417884
 19 -0.627155 0.000438269
 20 -0.627043 0.000430366
 1 -0.626104 0
 2 -0.627628 0.00107763
 3 -0.627888 0.000749129
 4 -0.628194 0.000621208
 5 -0.628104 0.000503444
 6 -0.627283 0.000859167
 7 -0.627107 0.000754088
 8 -0.62707 0.000660755
 9 -0.627234 0.000607296
 10 -0.626726 0.000728302
 11 -0.626473 0.00070465
 12 -0.626455 0.00064618
 13 -0.626461 0.000596504
 14 -0.626473 0.000554022
 15 -0.62674 0.000577907
 16 -0.626646 0.000549503
 17 -0.626669 0.000517669
 18 -0.626492 0.000518336
 19 -0.626567 0.000496477
 20 -0.626536 0.000472629
 1 -0.628272 0
 2 -0.62718 0.000772161
 3 -0.627173 0.000514803
 4 -0.627064 0.000397542
 5 -0.627074 0.00031815
 6 -0.626679 0.000447513
 7 -0.626845 0.000413193
 8 -0.626706 0.000384077
 9 -0.626609 0.000353466
 10 -0.626747 0.000344118
 11 -0.626818 0.000320071
 12 -0.626841 0.000294235
 13 -0.626887 0.000275087
 14 -0.627111 0.00033448
 15 -0.627298 0.000360821
 16 -0.627403 0.000353041
 17 -0.627386 0.000332665
 18 -0.627473 0.000325475
 19 -0.627312 0.000345842
 20 -0.62735 0.000330585
 1 -0.627632 0
 2 -0.628396 0.00054023
 3 -0.629051 0.000644543
 4 -0.6294 0.00057027
 5 -0.629342 0.000459116
 6 -0.629143 0.000423821
 7 -0.629265 0.000380561
 8 -0.628699 0.000625568
 9 -0.628691 0.000556116
 10 -0.628618 0.000505178
 11 -0.628732 0.000471773
 12 -0.62837 0.000553988
 13 -0.628424 0.000513999
 14 -0.628349 0.000482705
 15 -0.628077 0.000521467
 16 -0.62808 0.000488882
 17 -0.627879 0.000499895
 18 -0.627795 0.000479042
 19 -0.627638 0.000478933
 20 -0.627593 0.000457105
 1 -0.62776 0
 2 -0.62878 0.000721249
 3 -0.62936 0.000674883
 4 -0.628982 0.000602796
 5 -0.628086 0.000935004
 6 -0.628488 0.000861108
 7 -0.628309 0.000756556
 8 -0.628442 0.000673649
 9 -0.628222 0.000633637
 10 -0.628262 0.000571496
 11 -0.628293 0.000520409
 12 -0.628132 0.000501354
 13 -0.628151 0.00046314
 14 -0.628389 0.000487559
 15 -0.628172 0.000500973
 16 -0.628036 0.000487713
 17 -0.627629 0.000605686
 18 -0.627534 0.000579501
 19 -0.627696 0.000571142
 20 -0.627686 0.000542666
 1 -0.592984 0
 2 -0.592876 7.63675e-05
 3 -0.593224 0.000288666
 4 -0.593398 0.000263778
 5 -0.592998 0.00041506
 6 -0.592483 0.000584197
 7 -0.592179 0.000574071
 8 -0.591727 0.000656828
 9 -0.591913 0.000609584
 10 -0.591951 0.000549828
 11 -0.592329 0.000616371
 12 -0.592521 0.000593926
 13 -0.59271 0.00057749
 14 -0.592594 0.000547733
 15 -0.592745 0.000531576
 16 -0.592708 0.000499641
 17 -0.592782 0.000475789
 18 -0.592957 0.000480385
 19 -0.59291 0.000457394
 20 -0.592858 0.000437414
 1 -0.590752 0
 2 -0.592144 0.000984293
 3 -0.592728 0.000811149
 4 -0.59247 0.000648095
 5 -0.592251 0.000554181
 6 -0.592939 0.000779177
 7 -0.593422 0.00080377
 8 -0.593884 0.000825605
 9 -0.593878 0.000733892
 10 -0.593829 0.000662164
 11 -0.593704 0.000613616
 12 -0.593945 0.000607848
 13 -0.593828 0.000572235
 14 -0.593462 0.000637744
 15 -0.593493 0.000596011
 16 -0.593509 0.000558953
 17 -0.593597 0.000533061
 18 -0.593575 0.000503903
 19 -0.593674 0.000487009
 20 -0.5937 0.000463346
 1 -0.592656 0
 2 -0.59254 8.20244e-05
 3 -0.592883 0.00028508
 4 -0.592366 0.000495906
 5 -0.592046 0.000488985
 6 -0.592224 0.000438555
 7 -0.592563 0.000489956
 8 -0.592484 0.000435102
 9 -0.592318 0.000417145
 10 -0.592386 0.000380961
 11 -0.592732 0.000478282
 12 -0.592791 0.000442045
 13 -0.592913 0.000424516
 14 -0.592948 0.000395615
 15 -0.593195 0.000439742
 16 -0.593167 0.000413161
 17 -0.593225 0.000392899
 18 -0.593288 0.000376028
 19 -0.593427 0.000381198
 20 -0.593608 0.000402676
 1 -0.595432 0
 2 -0.59392 0.00106915
 3 -0.592619 0.00127946
 4 -0.592336 0.000990325
 5 -0.592819 0.000902475
 6 -0.591965 0.00108313
 7 -0.592295 0.000977239
 8 -0.591872 0.000942139
 9 -0.591999 0.000845988
 10 -0.591921 0.000765005
 11 -0.591831 0.000700678
 12 -0.591681 0.000658275
 13 -0.591897 0.000642275
 14 -0.591919 0.000596782
 15 -0.591982 0.000560309
 16 -0.591781 0.000560149
 17 -0.59184 0.000530245
 18 -0.591934 0.00050909
 19 -0.592149 0.000525673
 20 -0.59223 0.000505644
 1 -0.590656 0
 2 -0.592528 0.0013237
 3 -0.591851 0.00104144
 4 -0.59303 0.00128577
 5 -0.593539 0.00112494
 6 -0.593501 0.000938084
 7 -0.593841 0.000863428
 8 -0.594104 0.000794504
 9 -0.594419 0.000766008
 10 -0.594455 0.000690278
 11 -0.594102 0.00071226
 12 -0.594154 0.000654813
 13 -0.594002 0.000621731
 14 -0.593722 0.000637565
 15 -0.593618 0.000603416
 16 -0.593903 0.000629362
 17 -0.593894 0.000592403
 18 -0.594017 0.000572163
 19 -0.594047 0.000542825
 20 -0.594009 0.000517038
 1 -0.5636 0
 2 -0.563524 5.37401e-05
 3 -0.562651 0.000713973
 4 -0.56232 0.000607243
 5 -0.56232 0.000485794
 6 -0.562329 0.000404918
 7 -0.562143 0.000387641
 8 -0.561439 0.000740631
 9 -0.561559 0.000668007
 10 -0.561562 0.000601211
 11 -0.561822 0.000600234
 12 -0.561974 0.00056918
 13 -0.561865 0.000535689
 14 -0.56167 0.00053191
 15 -0.561769 0.000505545
 16 -0.561882 0.000486515
 17 -0.561724 0.000482799
 18 -0.561852 0.000472694
 19 -0.561744 0.000460087
 20 -0.561546 0.000477634
 1 -0.560168 0
 2 -0.560028 9.89949e-05
 3 -0.560429 0.000334267
 4 -0.561552 0.00100406
 5 -0.561014 0.000936172
 6 -0.561659 0.000976997
 7 -0.562027 0.000904346
 8 -0.561812 0.000816559
 9 -0.561662 0.000739439
 10 -0.561827 0.000683652
 11 -0.561778 0.000623256
 12 -0.56213 0.000663224
 13 -0.562093 0.000613242
 14 -0.56224 0.000586811
 15 -0.562058 0.00057534
 16 -0.562298 0.000587463
 17 -0.562166 0.00056762
 18 -0.562094 0.00054056
 19 -0.561952 0.00053049
 20 -0.561918 0.000505079
 1 -0.563552 0
 2 -0.563452 7.07107e-05
 3 -0.563016 0.0003591
 4 -0.5633 0.00036473
 5 -0.562856 0.000492795
 6 -0.562553 0.000494957
 7 -0.562753 0.000462826
 8 -0.563104 0.000521264
 9 -0.563074 0.000464221
 10 -0.562932 0.000438915
 11 -0.562892 0.0004008
 12 -0.562843 0.000370468
 13 -0.562871 0.000343035
 14 -0.562994 0.000340043
 15 -0.56314 0.000347298
 16 -0.562917 0.000391091
 17 -0.562813 0.00038149
 18 -0.562958 0.000386731
 19 -0.562955 0.000366385
 20 -0.562909 0.000350962
 1 -0.56456 0
 2 -0.564296 0.000186676
 3 -0.562499 0.00147278
 4 -0.56171 0.0012987
 5 -0.560763 0.00134036
 6 -0.560815 0.00111796
 7 -0.560842 0.00095859
 8 -0.560807 0.000839416
 9 -0.560893 0.000750574
 10 -0.560984 0.000680971
 11 -0.561123 0.000633073
 12 -0.561485 0.000675819
 13 -0.561341 0.000638937
 14 -0.561442 0.000601196
 15 -0.561575 0.000575802
 16 -0.561572 0.000539825
 17 -0.561555 0.000508344
 18 -0.5616 0.000482145
 19 -0.5616 0.000456769
 20 -0.56178 0.000467902
 1 -0.564728 0
 2 -0.56422 0.00035921
 3 -0.563373 0.000731604
 4 -0.563322 0.000550501
 5 -0.563074 0.000493269
 6 -0.562917 0.000435107
 7 -0.562767 0.000398119
 8 -0.56293 0.000380315
 9 -0.562914 0.000338404
 10 -0.562788 0.000327104
 11 -0.562516 0.000394342
 12 -0.562695 0.000399763
 13 -0.56271 0.000369289
 14 -0.562685 0.000343716
 15 -0.562791 0.000336688
 16 -0.56281 0.000316157
 17 -0.562664 0.000329147
 18 -0.562503 0.000348369
 19 -0.562555 0.000333996
 20 -0.562633 0.000326148
 1 -0.530992 0
 2 -0.531228 0.000166877
 3 -0.532157 0.00076691
 4 -0.532704 0.000744962
 5 -0.532621 0.000600597
 6 -0.532944 0.000580988
 7 -0.533001 0.000500792
 8 -0.533338 0.000539724
 9 -0.533583 0.000532511
 10 -0.533244 0.000577223
 11 -0.533428 0.000553409
 12 -0.533665 0.000555455
 13 -0.53353 0.000528692
 14 -0.533903 0.000608423
 15 -0.534058 0.00058707
 16 -0.534157 0.00055873
 17 -0.534299 0.000543565
 18 -0.534146 0.000534359
 19 -0.534181 0.000507368
 20 -0.53418 0.000482
 1 -0.536296 0
 2 -0.536484 0.000132936
 3 -0.535512 0.000798568
 4 -0.535604 0.000604202
 5 -0.534677 0.000959895
 6 -0.534649 0.000800305
 7 -0.534685 0.000686751
 8 -0.534546 0.000614729
 9 -0.534226 0.000624283
 10 -0.534418 0.000590825
 11 -0.534495 0.000542091
 12 -0.534771 0.000562537
 13 -0.53481 0.000520628
 14 -0.53476 0.00048582
 15 -0.53485 0.000461718
 16 -0.534769 0.000439931
 17 -0.534719 0.000416878
 18 -0.534601 0.000410125
 19 -0.534774 0.00042346
 20 -0.534671 0.000414647
 1 -0.531672 0
 2 -0.532752 0.000763675
 3 -0.533712 0.000934666
 4 -0.534276 0.000854384
 5 -0.534318 0.000684558
 6 -0.5338 0.000741201
 7 -0.533934 0.000647264
 8 -0.533618 0.00063873
 9 -0.533584 0.000568664
 10 -0.533538 0.000513687
 11 -0.533777 0.000519979
 12 -0.533745 0.00047768
 13 -0.533862 0.000455008
 14 -0.533785 0.000428873
 15 -0.534074 0.00048803
 16 -0.533994 0.000463979
 17 -0.534158 0.000464485
 18 -0.534215 0.000442221
 19 -0.534152 0.000423366
 20 -0.534161 0.000402289
 1 -0.53368 0
 2 -0.53406 0.000268701
 3 -0.533736 0.000319488
 4 -0.534352 0.000584815
 5 -0.534134 0.00050672
 6 -0.533524 0.000699142
 7 -0.533257 0.000648195
 8 -0.53353 0.000621955
 9 -0.533944 0.000676752
 10 -0.533786 0.000627341
 11 -0.533621 0.000591486
 12 -0.533769 0.000560303
 13 -0.533838 0.000521494
 14 -0.533741 0.000493185
 15 -0.533605 0.00047864
 16 -0.533615 0.000448833
 17 -0.533515 0.000433473
 18 -0.533832 0.000511923
 19 -0.533916 0.000491861
 20 -0.534018 0.00047777
 1 -0.535072 0
 2 -0.53714 0.0014623
 3 -0.53668 0.00104471
 4 -0.536448 0.000808886
 5 -0.535741 0.000904906
 6 -0.535151 0.000926749
 7 -0.535011 0.000804748
 8 -0.534591 0.000806535
 9 -0.534428 0.000733118
 10 -0.534163 0.000706161
 11 -0.534079 0.000647019
 12 -0.534017 0.000596053
 13 -0.534177 0.00057142
 14 -0.534375 0.00056393
 15 -0.534673 0.000599512
 16 -0.534685 0.000562172
 17 -0.534723 0.000530374
 18 -0.534505 0.000543676
 19 -0.534565 0.000518331
 20 -0.534654 0.000500056
 1 -0.50508 0
 2 -0.505764 0.000483661
 3 -0.505675 0.000330588
 4 -0.506792 0.000998899
 5 -0.507656 0.00111166
 6 -0.507995 0.000976609
 7 -0.508295 0.000882024
 8 -0.508358 0.000774028
 9 -0.508169 0.000710752
 10 -0.508178 0.00063973
 11 -0.507932 0.000627076
 12 -0.508047 0.000585396
 13 -0.50806 0.000540496
 14 -0.507936 0.000515848
 15 -0.507886 0.000483889
 16 -0.507987 0.000464094
 17 -0.508075 0.000445114
 18 -0.50806 0.000420633
 19 -0.508036 0.000399192
 20 -0.508054 0.000379628
 1 -0.507408 0
 2 -0.50784 0.00030547
 3 -0.508504 0.00057914
 4 -0.507708 0.000814786
 5 -0.507531 0.000670736
 6 -0.507333 0.000587408
 7 -0.507609 0.000564542
 8 -0.507247 0.00059897
 9 -0.507372 0.000545214
 10 -0.50705 0.000577587
 11 -0.507204 0.000545213
 12 -0.507381 0.000527514
 13 -0.507602 0.000531522
 14 -0.507499 0.000503553
 15 -0.507466 0.000471044
 16 -0.507746 0.000518116
 17 -0.507821 0.000493062
 18 -0.507997 0.000496141
 19 -0.50809 0.000478623
 20 -0.508226 0.000473701
 1 -0.507808 0
 2 -0.508364 0.000393151
 3 -0.507173 0.00100689
 4 -0.507688 0.00087689
 5 -0.50757 0.00070946
 6 -0.507652 0.000595983
 7 -0.508065 0.000638172
 8 -0.507655 0.000677496
 9 -0.507734 0.000606833
 10 -0.507746 0.000546256
 11 -0.50784 0.000504687
 12 -0.507756 0.000469569
 13 -0.507684 0.00043898
 14 -0.507851 0.000438501
 15 -0.507857 0.000409304
 16 -0.507876 0.000384137
 17 -0.507765 0.000377181
 18 -0.507832 0.000362179
 19 -0.508037 0.000397148
 20 -0.508057 0.000377761
 1 -0.511512 0
 2 -0.512 0.000345068
 3 -0.510048 0.00161032
 4 -0.509464 0.00130936
 5 -0.509094 0.00109841
 6 -0.509671 0.00105574
 7 -0.509481 0.000921777
 8 -0.509069 0.000893957
 9 -0.50873 0.000856575
 10 -0.508554 0.000788667
 11 -0.508207 0.000789967
 12 -0.508062 0.000737242
 13 -0.508047 0.000680689
 14 -0.508049 0.000632071
 15 -0.507973 0.000594457
 16 -0.50787 0.000566037
 17 -0.507863 0.00053279
 18 -0.508029 0.0005285
 19 -0.50807 0.00050227
 20 -0.508172 0.000487262
 1 -0.508488 0
 2 -0.506756 0.00122471
 3 -0.507029 0.000846425
 4 -0.506596 0.000737447
 5 -0.507466 0.000976224
 6 -0.508165 0.00103433
 7 -0.508159 0.000886588
 8 -0.507678 0.000896734
 9 -0.507741 0.00079933
 10 -0.507897 0.00073436
 11 -0.507685 0.00069745
 12 -0.507698 0.000639448
 13 -0.507552 0.000606699
 14 -0.507524 0.000564009
 15 -0.507596 0.00053095
 16 -0.507482 0.000509802
 17 -0.507502 0.00048021
 18 -0.507515 0.000453708
 19 -0.507587 0.000435544
 20 -0.507711 0.000431011
 1 -0.4862 0
 2 -0.48402 0.00154149
 3 -0.483837 0.00103843
 4 -0.48327 0.000920849
 5 -0.483586 0.00078891
 6 -0.483959 0.000740398
 7 -0.484322 0.000718389
 8 -0.484106 0.000660346
 9 -0.484336 0.000625749
 10 -0.484434 0.000570858
 11 -0.484444 0.000519037
 12 -0.484339 0.000486151
 13 -0.484146 0.000485509
 14 -0.484438 0.000531343
 15 -0.484474 0.000497093
 16 -0.4845 0.000466725
 17 -0.484489 0.00043939
 18 -0.484474 0.000415242
 19 -0.484336 0.000415889
 20 -0.484326 0.000395215
 1 -0.48404 0
 2 -0.484412 0.000263044
 3 -0.483989 0.000387105
 4 -0.48403 0.000292457
 5 -0.483627 0.000429579
 6 -0.484133 0.000584489
 7 -0.484373 0.000547768
 8 -0.484651 0.000545489
 9 -0.484442 0.000523467
 10 -0.484392 0.000473481
 11 -0.484297 0.000439918
 12 -0.484429 0.000422581
 13 -0.48426 0.000422509
 14 -0.483852 0.000555215
 15 -0.48387 0.000518488
 16 -0.483814 0.000489083
 17 -0.483896 0.000467215
 18 -0.483801 0.00045093
 19 -0.483987 0.000463996
 20 -0.483937 0.000443498
 1 -0.484584 0
 2 -0.484316 0.000189505
 3 -0.483888 0.000371596
 4 -0.483836 0.000282312
 5 -0.4836 0.000309136
 6 -0.483889 0.000368952
 7 -0.483651 0.000385388
 8 -0.483591 0.000341919
 9 -0.483473 0.000323686
 10 -0.483697 0.000360539
 11 -0.48363 0.000333927
 12 -0.483445 0.000353405
 13 -0.483577 0.000349756
 14 -0.483679 0.000339548
 15 -0.483765 0.000327598
 16 -0.483792 0.000308207
 17 -0.483903 0.000309282
 18 -0.483984 0.000302512
 19 -0.483996 0.000286855
 20 -0.483982 0.000272844
 1 -0.478936 0
 2 -0.482548 0.00255407
 3 -0.484008 0.00207853
 4 -0.483618 0.00159507
 5 -0.484078 0.00134085
 6 -0.483613 0.00119531
 7 -0.483611 0.00102456
 8 -0.483802 0.000914038
 9 -0.483896 0.000817297
 10 -0.484067 0.000753285
 11 -0.483725 0.000758522
 12 -0.483924 0.000720921
 13 -0.483866 0.000667757
 14 -0.48394 0.000624097
 15 -0.483892 0.000584354
 16 -0.483988 0.000555624
 17 -0.484017 0.000523719
 18 -0.483998 0.000494958
 19 -0.483955 0.000470833
 20 -0.483911 0.000449317
 1 -0.483624 0
 2 -0.484532 0.000642053
 3 -0.483931 0.000651369
 4 -0.484018 0.000494347
 5 -0.484016 0.000395482
 6 -0.484643 0.000660208
 7 -0.485282 0.000819086
 8 -0.484816 0.00083899
 9 -0.484796 0.000745997
 10 -0.484964 0.000689957
 11 -0.484813 0.000643526
 12 -0.484616 0.000619345
 13 -0.484519 0.000579285
 14 -0.484348 0.000562515
 15 -0.48429 0.000528037
 16 -0.484249 0.000496593
 17 -0.484001 0.000525699
 18 -0.484113 0.000508366
 19 -0.483991 0.000496074
 20 -0.483939 0.000474025
 1 -0.462728 0
 2 -0.461244 0.00104935
 3 -0.460656 0.000848461
 4 -0.460912 0.000673861
 5 -0.461136 0.000575115
 6 -0.461356 0.00051964
 7 -0.461506 0.000466632
 8 -0.461867 0.000529681
 9 -0.461782 0.000477564
 10 -0.461783 0.000429808
 11 -0.461615 0.000422531
 12 -0.461865 0.000455708
 13 -0.461746 0.000436037
 14 -0.46195 0.000450034
 15 -0.461882 0.000425155
 16 -0.462125 0.000463044
 17 -0.462129 0.000435823
 18 -0.462129 0.00041161
 19 -0.462113 0.00039026
 20 -0.461934 0.00040969
 1 -0.462856 0
 2 -0.462304 0.000390323
 3 -0.461499 0.000707168
 4 -0.46191 0.000638901
 5 -0.461512 0.000622871
 6 -0.461937 0.000648212
 7 -0.461893 0.000557154
 8 -0.461836 0.000490373
 9 -0.461748 0.000443792
 10 -0.462114 0.000529762
 11 -0.462105 0.00048169
 12 -0.462343 0.000497146
 13 -0.46245 0.000470176
 14 -0.462581 0.000454402
 15 -0.462372 0.000469653
 16 -0.46251 0.000460202
 17 -0.462266 0.000493651
 18 -0.462265 0.000466227
 19 -0.462053 0.000487271
 20 -0.462049 0.000462929
 1 -0.461888 0
 2 -0.461836 3.67696e-05
 3 -0.462043 0.000170514
 4 -0.462644 0.000536242
 5 -0.462173 0.000601381
 6 -0.462411 0.000546171
 7 -0.461912 0.0006575
 8 -0.46199 0.00057992
 9 -0.462171 0.000542898
 10 -0.462537 0.000599488
 11 -0.462537 0.00054499
 12 -0.462538 0.000499574
 13 -0.462479 0.000464571
 14 -0.462514 0.000432654
 15 -0.462579 0.000408657
 16 -0.462851 0.000465089
 17 -0.462908 0.000441181
 18 -0.462783 0.000433924
 19 -0.462598 0.000448714
 20 -0.462528 0.000431752
 1 -0.461832 0
 2 -0.462616 0.000554372
 3 -0.462784 0.000394216
 4 -0.462958 0.000331848
 5 -0.463475 0.000533362
 6 -0.463211 0.000505833
 7 -0.463283 0.000438773
 8 -0.463272 0.000384076
 9 -0.463232 0.000343477
 10 -0.463159 0.00031675
 11 -0.463008 0.000322027
 12 -0.462911 0.00030936
 13 -0.462719 0.000339936
 14 -0.462651 0.000322488
 15 -0.462669 0.000301487
 16 -0.462745 0.000291994
 17 -0.462706 0.000277359
 18 -0.462727 0.000262728
 19 -0.462666 0.000255785
 20 -0.462625 0.000246245
 1 -0.463032 0
 2 -0.46138 0.00116814
 3 -0.461635 0.000806042
 4 -0.461794 0.00062008
 5 -0.461718 0.000500651
 6 -0.461796 0.000423181
 7 -0.462113 0.000466671
 8 -0.462373 0.000475209
 9 -0.462339 0.000423647
 10 -0.462165 0.000415431
 11 -0.462071 0.000388209
 12 -0.462063 0.000355926
 13 -0.461864 0.00038029
 14 -0.462146 0.000445748
 15 -0.462255 0.000429068
 16 -0.462144 0.000416471
 17 -0.462105 0.000393753
 18 -0.462286 0.000411498
 19 -0.462408 0.00040758
 20 -0.462403 0.000387235
