 1 0.335056 0
 2 0.357711 0.0160195
 3 0.373746 0.0168958
 4 0.365369 0.0146015
 5 0.366178 0.0117036
 6 0.345827 0.0209822
 7 0.335097 0.0205458
 8 0.327213 0.0194316
 9 0.328434 0.0173109
 10 0.330948 0.0157613
 11 0.328073 0.0145884
 12 0.335676 0.0152257
 13 0.336345 0.0140692
 14 0.33627 0.0130644
 15 0.333301 0.0125263
 16 0.335247 0.0118936
 17 0.333817 0.0112796
 18 0.334689 0.0106866
 19 0.330914 0.0107701
 20 0.32793 0.0106369
 1 0.261339 0
 2 0.317928 0.0400144
 3 0.315715 0.0267374
 4 0.336507 0.0269512
 5 0.336307 0.0215617
 6 0.33213 0.0183682
 7 0.332012 0.0157445
 8 0.33032 0.0138671
 9 0.332995 0.0125815
 10 0.329529 0.011791
 11 0.324003 0.0119439
 12 0.327755 0.0115228
 13 0.324882 0.0109888
 14 0.327398 0.0104881
 15 0.32543 0.00997176
 16 0.331329 0.0109551
 17 0.328238 0.010738
 18 0.330619 0.0104022
 19 0.329427 0.00992284
 20 0.330048 0.00944608
 1 0.287641 0
 2 0.348599 0.0431035
 3 0.334603 0.0309245
 4 0.336562 0.0232553
 5 0.35154 0.0229255
 6 0.343368 0.0205093
 7 0.337838 0.0183098
 8 0.347406 0.0183515
 9 0.350507 0.0165724
 10 0.350054 0.0149214
 11 0.348033 0.0137012
 12 0.340711 0.0143833
 13 0.344482 0.0137623
 14 0.341293 0.0131435
 15 0.330156 0.0163168
 16 0.330727 0.015307
 17 0.331225 0.0144147
 18 0.328427 0.0138828
 19 0.331803 0.0135563
 20 0.332546 0.0128988
 1 0.317367 0
 2 0.364182 0.033103
 3 0.335436 0.0322166
 4 0.33155 0.0243956
 5 0.334908 0.0197462
 6 0.32404 0.0192145
 7 0.325187 0.0165037
 8 0.32571 0.014449
 9 0.314937 0.0163739
 10 0.313306 0.0148176
 11 0.312048 0.0135238
 12 0.304657 0.0142743
 13 0.308814 0.0137681
 14 0.315101 0.0141474
 15 0.310899 0.0138141
 16 0.309411 0.0130307
 17 0.31207 0.0125327
 18 0.316951 0.0127515
 19 0.316207 0.0121021
 20 0.318053 0.0116369
 1 0.399283 0
 2 0.280769 0.083802
 3 0.273257 0.0562036
 4 0.294515 0.0459974
 5 0.307769 0.0386605
 6 0.304883 0.0323246
 7 0.323055 0.0324145
 8 0.302392 0.0343223
 9 0.305918 0.0306894
 10 0.309984 0.0278885
 11 0.302105 0.0264428
 12 0.304896 0.0243861
 13 0.306024 0.0225363
 14 0.310811 0.0214289
 15 0.30652 0.0204252
 16 0.30782 0.01919
 17 0.305389 0.0182145
 18 0.308075 0.0173996
 19 0.308308 0.0164854
 20 0.305204 0.0159506
 1 0.356569 0
 2 0.390805 0.0242086
 3 0.40297 0.0189506
 4 0.412506 0.0164384
 5 0.415443 0.0134104
 6 0.421149 0.0123297
 7 0.422029 0.0105997
 8 0.42116 0.00931029
 9 0.420531 0.00829706
 10 0.418578 0.00769365
 11 0.420069 0.00713731
 12 0.421912 0.00677631
 13 0.421798 0.00625602
 14 0.422399 0.00583789
 15 0.42288 0.00546851
 16 0.421264 0.0053601
 17 0.418523 0.00570279
 18 0.416598 0.00570151
 19 0.417071 0.005421
 20 0.416952 0.00515126
 1 0.431055 0
 2 0.439531 0.00599316
 3 0.443149 0.0049687
 4 0.436296 0.00700714
 5 0.438839 0.00604933
 6 0.437411 0.0052068
 7 0.434757 0.00509466
 8 0.430873 0.00575099
 9 0.432889 0.00545382
 10 0.427816 0.00687436
 11 0.427374 0.00626356
 12 0.423515 0.00682765
 13 0.422164 0.00643474
 14 0.425026 0.00658069
 15 0.423853 0.00624553
 16 0.423295 0.00588011
 17 0.42171 0.00574368
 18 0.422172 0.00544312
 19 0.419714 0.00568467
 20 0.417759 0.00572664
 1 0.416609 0
 2 0.39529 0.0150748
 3 0.415025 0.0189908
 4 0.406152 0.0161836
 5 0.417023 0.0161915
 6 0.410197 0.0148622
 7 0.406071 0.0132997
 8 0.407108 0.0116776
 9 0.405511 0.0104888
 10 0.40484 0.00946132
 11 0.411742 0.0108299
 12 0.409915 0.0100804
 13 0.411861 0.00949094
 14 0.416127 0.00972471
 15 0.41486 0.0091586
 16 0.414625 0.00858919
 17 0.416668 0.00832325
 18 0.419374 0.00828916
 19 0.418617 0.00788742
 20 0.417831 0.00753207
 1 0.386099 0
 2 0.398273 0.00860858
 3 0.400649 0.0060581
 4 0.404032 0.00540593
 5 0.406023 0.0046773
 6 0.403989 0.00431774
 7 0.404257 0.00370927
 8 0.400537 0.00475891
 9 0.402649 0.00467542
 10 0.405508 0.00500635
 11 0.408589 0.00541719
 12 0.409141 0.0049938
 13 0.406329 0.00534336
 14 0.409856 0.00601438
 15 0.408469 0.00577107
 16 0.406508 0.00573404
 17 0.409006 0.00591602
 18 0.411504 0.00609186
 19 0.411276 0.00577548
 20 0.412396 0.00559426
 1 0.409128 0
 2 0.411118 0.00140689
 3 0.426499 0.0125938
 4 0.410846 0.0165225
 5 0.416562 0.0141723
 6 0.421075 0.0125082
 7 0.42551 0.0114809
 8 0.423544 0.0102128
 9 0.427566 0.00983807
 10 0.42633 0.00893151
 11 0.426696 0.00812702
 12 0.422724 0.00836422
 13 0.420722 0.00795684
 14 0.419308 0.00751303
 15 0.417703 0.00718156
 16 0.419571 0.00697143
 17 0.420607 0.00663787
 18 0.423631 0.00692401
 19 0.421003 0.0070407
 20 0.41983 0.0067857
 1 0.441748 0
 2 0.416758 0.0176703
 3 0.433522 0.0180589
 4 0.437785 0.0140384
 5 0.438349 0.011242
 6 0.444142 0.0107581
 7 0.443107 0.00927083
 8 0.442954 0.00811325
 9 0.438081 0.00855081
 10 0.436355 0.00786812
 11 0.432205 0.00817406
 12 0.430053 0.00777109
 13 0.426978 0.00775773
 14 0.430024 0.00777859
 15 0.427643 0.00761586
 16 0.429456 0.00735259
 17 0.429726 0.00692504
 18 0.429746 0.00654035
 19 0.431742 0.00649347
 20 0.430836 0.00623157
 1 0.443137 0
 2 0.435736 0.00523356
 3 0.441853 0.00609297
 4 0.436632 0.00642889
 5 0.430804 0.00732288
 6 0.432442 0.00628305
 7 0.425183 0.00861245
 8 0.424453 0.00756677
 9 0.423805 0.00675374
 10 0.424623 0.00612775
 11 0.430107 0.00763992
 12 0.431136 0.00707224
 13 0.432786 0.00671807
 14 0.432413 0.00624857
 15 0.431143 0.00595966
 16 0.429348 0.00585124
 17 0.428396 0.00558396
 18 0.427989 0.00528856
 19 0.427534 0.00502974
 20 0.43011 0.0053979
 1 0.414887 0
 2 0.432493 0.0124489
 3 0.450944 0.0171998
 4 0.441162 0.0154327
 5 0.431599 0.0150194
 6 0.429032 0.0127337
 7 0.432649 0.0114169
 8 0.428939 0.0105755
 9 0.424136 0.0104342
 10 0.419272 0.0104632
 11 0.419661 0.00951927
 12 0.422785 0.00922423
 13 0.42412 0.00861081
 14 0.427252 0.00854625
 15 0.427634 0.00798502
 16 0.426856 0.00752375
 17 0.426643 0.00708419
 18 0.426439 0.00669357
 19 0.425233 0.00644891
 20 0.425655 0.00614021
 1 0.409054 0
 2 0.40983 0.000548526
 3 0.434505 0.0201502
 4 0.441419 0.0162557
 5 0.427589 0.0179479
 6 0.427652 0.0149567
 7 0.429401 0.012922
 8 0.43251 0.0116746
 9 0.42815 0.0111619
 10 0.431653 0.0105813
 11 0.430909 0.00964548
 12 0.433188 0.00910696
 13 0.43269 0.00842
 14 0.432245 0.00783033
 15 0.432371 0.00730932
 16 0.431035 0.00697351
 17 0.431007 0.00656336
 18 0.429721 0.00632331
 19 0.430372 0.00602383
 20 0.432314 0.00602771
 1 0.458589 0
 2 0.451829 0.00477965
 3 0.443064 0.00783384
 4 0.441101 0.00611642
 5 0.442811 0.00512666
 6 0.439924 0.00501992
 7 0.434581 0.00655632
 8 0.431651 0.00635754
 9 0.430963 0.0056883
 10 0.430064 0.00518996
 11 0.430732 0.00476085
 12 0.430604 0.00436581
 13 0.431091 0.00405696
 14 0.431255 0.00377052
 15 0.429013 0.00413244
 16 0.432924 0.00541764
 17 0.433898 0.00518576
 18 0.434853 0.00498482
 19 0.433945 0.00480457
 20 0.431864 0.00499455
 1 0.470992 0
 2 0.442751 0.0199695
 3 0.438681 0.0137215
 4 0.43961 0.0103225
 5 0.434529 0.00942618
 6 0.43612 0.00798841
 7 0.435974 0.00684855
 8 0.438315 0.00637999
 9 0.436062 0.00605581
 10 0.438685 0.0059914
 11 0.440643 0.00575794
 12 0.442049 0.00544697
 13 0.439035 0.00580234
 14 0.438716 0.00539665
 15 0.440135 0.00522012
 16 0.442095 0.0052491
 17 0.441794 0.00494897
 18 0.440993 0.00473834
 19 0.441668 0.00453667
 20 0.441621 0.00431008
 1 0.444339 0
 2 0.458089 0.00972329
 3 0.453438 0.00751295
 4 0.454402 0.00569619
 5 0.458492 0.00584386
 6 0.461529 0.00560358
 7 0.451462 0.0104845
 8 0.449237 0.0094072
 9 0.448414 0.00839784
 10 0.447651 0.00759268
 11 0.446341 0.00701451
 12 0.446005 0.006438
 13 0.445209 0.00599172
 14 0.444393 0.00561911
 15 0.44545 0.00534304
 16 0.44609 0.00504731
 17 0.444022 0.00515662
 18 0.442724 0.00503102
 19 0.441613 0.0048874
 20 0.441767 0.00464547
 1 0.427501 0
 2 0.434267 0.00478457
 3 0.443866 0.00846179
 4 0.443971 0.00634699
 5 0.442373 0.00527502
 6 0.441728 0.0044351
 7 0.439961 0.00413849
 8 0.44057 0.00366567
 9 0.440228 0.0032743
 10 0.440893 0.00301364
 11 0.438165 0.00377741
 12 0.437552 0.00351202
 13 0.439525 0.00375532
 14 0.439182 0.00350273
 15 0.437927 0.00348675
 16 0.438033 0.00327045
 17 0.43947 0.00337895
 18 0.438594 0.00330281
 19 0.437601 0.00327489
 20 0.436313 0.00335461
 1 0.448417 0
 2 0.444145 0.0030208
 3 0.451411 0.00626468
 4 0.453599 0.00506632
 5 0.447346 0.00690682
 6 0.446614 0.00579438
 7 0.442534 0.00623993
 8 0.4423 0.00546433
 9 0.441802 0.00487981
 10 0.440529 0.00455469
 11 0.442676 0.00461893
 12 0.443646 0.00433456
 13 0.441673 0.00442716
 14 0.439088 0.00480684
 15 0.440227 0.00461935
 16 0.437415 0.00511543
 17 0.437567 0.00481677
 18 0.438222 0.00459345
 19 0.43877 0.0043843
 20 0.43837 0.00418331
 1 0.454461 0
 2 0.456085 0.00114806
 3 0.446809 0.00761191
 4 0.447228 0.00572042
 5 0.440849 0.00731385
 6 0.440714 0.00609613
 7 0.445699 0.00697197
 8 0.445546 0.00610216
 9 0.445347 0.00542739
 10 0.443328 0.00524673
 11 0.443049 0.00477719
 12 0.442825 0.00438434
 13 0.445141 0.00461851
 14 0.444543 0.00432709
 15 0.444159 0.00405569
 16 0.443134 0.0039295
 17 0.443321 0.00370281
 18 0.445396 0.00403679
 19 0.445638 0.00383158
 20 0.444438 0.00382326
 1 0.424854 0
 2 0.431528 0.00471911
 3 0.43623 0.00496365
 4 0.4341 0.00415453
 5 0.43344 0.00337561
 6 0.435926 0.00361426
 7 0.435166 0.00317688
 8 0.435121 0.00278009
 9 0.434492 0.00254143
 10 0.434906 0.00232076
 11 0.43466 0.00212275
 12 0.433698 0.00215281
 13 0.433254 0.00203254
 14 0.433116 0.00189205
 15 0.432836 0.00178654
 16 0.433023 0.00168472
 17 0.433308 0.0016094
 18 0.432931 0.00156337
 19 0.433669 0.0016459
 20 0.433847 0.00157325
 1 0.403401 0
 2 0.414076 0.00754857
 3 0.418548 0.00621726
 4 0.423736 0.00647582
 5 0.428111 0.00649197
 6 0.429132 0.00548972
 7 0.429947 0.00476558
 8 0.427792 0.00463167
 9 0.426288 0.00435413
 10 0.426384 0.00391976
 11 0.429932 0.00491337
 12 0.430262 0.00451501
 13 0.429755 0.00419604
 14 0.429444 0.00390784
 15 0.42847 0.00376674
 16 0.42957 0.00368837
 17 0.430378 0.00355891
 18 0.42944 0.00348257
 19 0.42992 0.00333208
 20 0.429465 0.00319638
 1 0.446008 0
 2 0.430048 0.0112853
 3 0.43757 0.00971249
 4 0.430506 0.00951268
 5 0.42968 0.00764597
 6 0.42828 0.00649846
 7 0.429343 0.0056564
 8 0.428201 0.00506341
 9 0.429292 0.00461695
 10 0.428482 0.00422577
 11 0.429343 0.00392837
 12 0.429147 0.00360589
 13 0.428169 0.00345852
 14 0.428912 0.00329019
 15 0.429923 0.00322264
 16 0.431028 0.00320489
 17 0.431231 0.00302283
 18 0.430322 0.00298845
 19 0.429977 0.00285111
 20 0.430095 0.002711
 1 0.4237 0
 2 0.429006 0.00375184
 3 0.43172 0.00334158
 4 0.42967 0.00307096
 5 0.428556 0.00265114
 6 0.43056 0.00286816
 7 0.428062 0.00337531
 8 0.428022 0.00295363
 9 0.430905 0.00377895
 10 0.431765 0.00349742
 11 0.429789 0.0036955
 12 0.428435 0.00362713
 13 0.429923 0.00364061
 14 0.429604 0.00339456
 15 0.428515 0.00333826
 16 0.429213 0.00320171
 17 0.428225 0.00316213
 18 0.428548 0.00300289
 19 0.428601 0.00284532
 20 0.42718 0.00303716
 1 0.425213 0
 2 0.432496 0.0051498
 3 0.436234 0.0045933
 4 0.431676 0.00523886
 5 0.430042 0.0044386
 6 0.433572 0.00490575
 7 0.432079 0.00442633
 8 0.429782 0.00442936
 9 0.430766 0.00404515
 10 0.430671 0.00364174
 11 0.431251 0.00335653
 12 0.432306 0.00323825
 13 0.431617 0.00306153
 14 0.430839 0.00294008
 15 0.430578 0.00275564
 16 0.430637 0.00258406
 17 0.430995 0.00245673
 18 0.42979 0.00259907
 19 0.430061 0.00247634
 20 0.429937 0.00235561
 1 0.426633 0
 2 0.420609 0.00425936
 3 0.41496 0.00541675
 4 0.410651 0.00551631
 5 0.409858 0.00446964
 6 0.406753 0.00468065
 7 0.408046 0.00418695
 8 0.409135 0.00380256
 9 0.408599 0.00341774
 10 0.409523 0.00319857
 11 0.410743 0.00313194
 12 0.410591 0.00287467
 13 0.409583 0.00282447
 14 0.410941 0.00293101
 15 0.411403 0.0027718
 16 0.412552 0.00282643
 17 0.412429 0.00266283
 18 0.412812 0.00254235
 19 0.412976 0.0024138
 20 0.413723 0.00240585
 1 0.41003 0
 2 0.412156 0.00150306
 3 0.410339 0.00179038
 4 0.410853 0.00141468
 5 0.415198 0.00404772
 6 0.41288 0.00398182
 7 0.415967 0.00445146
 8 0.414346 0.00417981
 9 0.41367 0.00376964
 10 0.414999 0.0036196
 11 0.415036 0.00329073
 12 0.413624 0.00330548
 13 0.413076 0.00309625
 14 0.41264 0.00290574
 15 0.41163 0.00288205
 16 0.410224 0.00302575
 17 0.410228 0.00284777
 18 0.410296 0.00269037
 19 0.409958 0.00256989
 20 0.410512 0.00250048
 1 0.441001 0
 2 0.43128 0.00687414
 3 0.426575 0.0059798
 4 0.424908 0.00471136
 5 0.421535 0.00482792
 6 0.419498 0.00443243
 7 0.420252 0.00386282
 8 0.417812 0.00407841
 9 0.416691 0.003776
 10 0.415075 0.00372839
 11 0.414593 0.0034204
 12 0.413682 0.00325448
 13 0.414136 0.00303569
 14 0.412674 0.00315126
 15 0.413061 0.00296483
 16 0.413464 0.00280669
 17 0.413018 0.00267681
 18 0.412653 0.00255284
 19 0.413185 0.00247328
 20 0.412828 0.00237522
 1 0.408527 0
 2 0.413647 0.00362006
 3 0.413882 0.00242102
 4 0.415071 0.00208714
 5 0.411341 0.00373063
 6 0.409678 0.00345973
 7 0.410936 0.00318604
 8 0.412449 0.00312649
 9 0.412208 0.00278835
 10 0.411592 0.00257673
 11 0.411005 0.00240837
 12 0.410722 0.00222428
 13 0.410729 0.00205319
 14 0.410015 0.00202708
 15 0.410303 0.00191228
 16 0.410373 0.00179404
 17 0.410012 0.00172444
 18 0.410011 0.00162864
 19 0.410217 0.00155596
 20 0.410851 0.0016019
 1 0.411101 0
 2 0.410433 0.000472341
 3 0.413625 0.00262467
 4 0.412766 0.00210438
 5 0.409861 0.00309553
 6 0.41201 0.00324048
 7 0.412379 0.0027985
 8 0.41066 0.00292934
 9 0.412532 0.00314578
 10 0.411492 0.00299823
 11 0.411628 0.00272872
 12 0.412301 0.0025831
 13 0.412027 0.00239889
 14 0.41175 0.00224354
 15 0.412239 0.00214664
 16 0.411991 0.00202675
 17 0.411853 0.00191221
 18 0.412414 0.00188653
 19 0.412763 0.00181925
 20 0.413346 0.00181916
 1 0.384248 0
 2 0.378304 0.00420327
 3 0.379353 0.00293028
 4 0.380591 0.00244527
 5 0.386183 0.00537071
 6 0.385836 0.00448679
 7 0.383961 0.0042195
 8 0.382237 0.00402895
 9 0.384569 0.00420257
 10 0.384457 0.00378382
 11 0.383719 0.00351105
 12 0.383532 0.00322346
 13 0.38329 0.00298457
 14 0.384078 0.00287354
 15 0.384908 0.00279932
 16 0.384258 0.00269876
 17 0.385126 0.00267596
 18 0.384898 0.00253699
 19 0.384642 0.00241628
 20 0.384902 0.00230933
 1 0.399752 0
 2 0.396394 0.00237392
 3 0.391291 0.00445717
 4 0.391365 0.0033435
 5 0.389592 0.00310979
 6 0.388249 0.00286669
 7 0.386253 0.00307452
 8 0.386537 0.00270325
 9 0.385369 0.00264312
 10 0.384845 0.00243021
 11 0.385115 0.00222429
 12 0.385558 0.00208241
 13 0.386885 0.00230662
 14 0.386344 0.00220436
 15 0.385851 0.00211181
 16 0.386234 0.00201426
 17 0.386148 0.0018976
 18 0.385849 0.00181562
 19 0.386171 0.00174848
 20 0.386363 0.0016715
 1 0.377751 0
 2 0.387329 0.00677288
 3 0.3873 0.00451532
 4 0.386581 0.00344314
 5 0.384966 0.00311039
 6 0.385642 0.00266436
 7 0.385953 0.0023019
 8 0.387942 0.00274193
 9 0.386654 0.00272308
 10 0.387052 0.00247959
 11 0.386755 0.00227185
 12 0.387273 0.00214087
 13 0.386966 0.00199813
 14 0.386373 0.00194132
 15 0.386264 0.00181496
 16 0.386491 0.00171561
 17 0.387189 0.00175105
 18 0.386804 0.00169556
 19 0.386864 0.00160739
 20 0.387092 0.00154303
 1 0.393902 0
 2 0.391235 0.00188638
 3 0.394694 0.00309214
 4 0.393938 0.00240984
 5 0.390459 0.00366064
 6 0.390858 0.00307219
 7 0.390736 0.0026357
 8 0.391014 0.00232083
 9 0.39123 0.00207301
 10 0.391363 0.00186993
 11 0.391289 0.00170138
 12 0.39113 0.001567
 13 0.390769 0.0014876
 14 0.38973 0.00170596
 15 0.390106 0.00163324
 16 0.389476 0.00164838
 17 0.38928 0.00156305
 18 0.389863 0.00158122
 19 0.390096 0.00151516
 20 0.389563 0.00153027
 1 0.371424 0
 2 0.382202 0.00762123
 3 0.3848 0.0055059
 4 0.384898 0.00413029
 5 0.38463 0.00331291
 6 0.383733 0.00287953
 7 0.384216 0.00250824
 8 0.384267 0.00219524
 9 0.382783 0.00240137
 10 0.381631 0.00242186
 11 0.382928 0.00252523
 12 0.382761 0.00232029
 13 0.381984 0.00226806
 14 0.383112 0.00236976
 15 0.383348 0.00222351
 16 0.383204 0.00208918
 17 0.383356 0.0019718
 18 0.384791 0.00232676
 19 0.385268 0.00225255
 20 0.385222 0.00214039
 1 0.356947 0
 2 0.362392 0.00385009
 3 0.362867 0.00259591
 4 0.365158 0.00277985
 5 0.362373 0.00333935
 6 0.361582 0.00287488
 7 0.361003 0.00252177
 8 0.36107 0.00220744
 9 0.361089 0.00196224
 10 0.361275 0.00177481
 11 0.361523 0.00163079
 12 0.360553 0.00176027
 13 0.360483 0.00162623
 14 0.359782 0.0016545
 15 0.360265 0.0016133
 16 0.360084 0.0015226
 17 0.359229 0.00165562
 18 0.358783 0.00162283
 19 0.358865 0.00153949
 20 0.359048 0.00147335
 1 0.363327 0
 2 0.36208 0.000881289
 3 0.363819 0.00153652
 4 0.363844 0.00115259
 5 0.361259 0.0024889
 6 0.360157 0.00230509
 7 0.358273 0.00263602
 8 0.358827 0.00236418
 9 0.358976 0.00210619
 10 0.36071 0.00250945
 11 0.361105 0.00231216
 12 0.361141 0.00211977
 13 0.361042 0.00195905
 14 0.360709 0.00184716
 15 0.360799 0.00172623
 16 0.360489 0.00164604
 17 0.360127 0.00158845
 18 0.359718 0.00155192
 19 0.359661 0.00147128
 20 0.360036 0.00144464
 1 0.363553 0
 2 0.36069 0.00202457
 3 0.358842 0.00202403
 4 0.356941 0.00223924
 5 0.358854 0.00247706
 6 0.35722 0.00254675
 7 0.356601 0.00225682
 8 0.357138 0.00203745
 9 0.357256 0.00181451
 10 0.357728 0.00169317
 11 0.358211 0.0016069
 12 0.35831 0.00147599
 13 0.358349 0.00136299
 14 0.356868 0.00190793
 15 0.358189 0.00219083
 16 0.35768 0.00211212
 17 0.357497 0.00199584
 18 0.357855 0.00191688
 19 0.357527 0.00184393
 20 0.358014 0.00181503
 1 0.359195 0
 2 0.365597 0.0045267
 3 0.361453 0.0045341
 4 0.359787 0.00369372
 5 0.360425 0.00300947
 6 0.359047 0.00280542
 7 0.35939 0.00242552
 8 0.360686 0.00244414
 9 0.359647 0.00238318
 10 0.359626 0.00214496
 11 0.359965 0.00197651
 12 0.35893 0.00206498
 13 0.358938 0.00190615
 14 0.358213 0.00190298
 15 0.357954 0.00179367
 16 0.357387 0.00176884
 17 0.357163 0.00167894
 18 0.356708 0.00164624
 19 0.356035 0.00169146
 20 0.357052 0.0018883
 1 0.357528 0
 2 0.366041 0.00601918
 3 0.362403 0.00499249
 4 0.363841 0.00394612
 5 0.362344 0.00342929
 6 0.362489 0.0028608
 7 0.363204 0.00254001
 8 0.362421 0.00234023
 9 0.361048 0.00244987
 10 0.361405 0.0022307
 11 0.361437 0.00202814
 12 0.361575 0.0018638
 13 0.361842 0.00173951
 14 0.361398 0.00167102
 15 0.361692 0.00158523
 16 0.362283 0.00159277
 17 0.36283 0.00159004
 18 0.362428 0.00155169
 19 0.362578 0.00147731
 20 0.362114 0.0014745
 1 0.331904 0
 2 0.335376 0.00245509
 3 0.334461 0.00179913
 4 0.332567 0.00212395
 5 0.33154 0.00193127
 6 0.329362 0.00255809
 7 0.329105 0.00220557
 8 0.328385 0.00204398
 9 0.328999 0.00190689
 10 0.329163 0.00172324
 11 0.328877 0.00159022
 12 0.328313 0.00155423
 13 0.328 0.00146601
 14 0.327959 0.00136187
 15 0.327741 0.00128832
 16 0.32739 0.00125468
 17 0.327084 0.0012178
 18 0.326575 0.00125188
 19 0.326659 0.00118882
 20 0.327219 0.0012545
 1 0.325767 0
 2 0.327103 0.000945001
 3 0.330479 0.00282708
 4 0.333516 0.00337858
 5 0.332004 0.00302214
 6 0.331589 0.00254688
 7 0.331893 0.00220121
 8 0.332495 0.00200666
 9 0.331181 0.00217167
 10 0.331954 0.00208746
 11 0.330938 0.00213062
 12 0.331536 0.00203507
 13 0.331432 0.00188117
 14 0.3311 0.00177587
 15 0.331305 0.00166929
 16 0.330499 0.00174872
 17 0.330275 0.00166013
 18 0.330765 0.00163866
 19 0.330811 0.00155305
 20 0.330984 0.00148495
 1 0.311603 0
 2 0.321355 0.00689512
 3 0.324783 0.00538218
 4 0.328343 0.00507887
 5 0.328023 0.00407316
 6 0.329095 0.00353262
 7 0.329088 0.00302797
 8 0.328985 0.00265121
 9 0.329415 0.00239128
 10 0.329402 0.00215219
 11 0.330308 0.00213864
 12 0.330586 0.00197843
 13 0.329856 0.00195641
 14 0.330159 0.00184011
 15 0.329624 0.00179352
 16 0.329928 0.00170691
 17 0.330254 0.00163734
 18 0.330674 0.00159931
 19 0.330904 0.00153162
 20 0.330931 0.00145528
 1 0.337906 0
 2 0.333418 0.00317322
 3 0.335909 0.00293455
 4 0.333891 0.00281043
 5 0.334221 0.00226759
 6 0.334781 0.00195766
 7 0.335567 0.00182894
 8 0.334606 0.00183541
 9 0.333635 0.00187102
 10 0.333872 0.00169892
 11 0.33321 0.00166858
 12 0.332362 0.00173141
 13 0.333051 0.00172987
 14 0.332477 0.00169889
 15 0.332244 0.00160151
 16 0.33203 0.00151573
 17 0.331534 0.00150532
 18 0.331411 0.00142677
 19 0.331074 0.00139074
 20 0.330848 0.00133951
 1 0.328818 0
 2 0.329891 0.000758783
 3 0.32762 0.00192183
 4 0.326093 0.00195649
 5 0.324924 0.001882
 6 0.325993 0.001847
 7 0.323997 0.00243307
 8 0.325029 0.00233758
 9 0.325002 0.00207801
 10 0.326057 0.00212118
 11 0.32727 0.00224876
 12 0.328429 0.00234103
 13 0.328375 0.00216158
 14 0.327755 0.00209422
 15 0.328063 0.00197715
 16 0.32795 0.00185684
 17 0.327613 0.00177786
 18 0.32844 0.00186175
 19 0.328576 0.00176867
 20 0.328656 0.00168205
 1 0.299983 0
 2 0.301118 0.000803051
 3 0.299855 0.00116215
 4 0.299455 0.000938036
 5 0.299523 0.000752877
 6 0.300282 0.000935293
 7 0.299629 0.0010042
 8 0.29965 0.000878887
 9 0.300484 0.00110866
 10 0.301369 0.00130365
 11 0.301102 0.00121211
 12 0.301059 0.00111185
 13 0.300796 0.00105712
 14 0.300281 0.00109973
 15 0.300263 0.00102656
 16 0.301184 0.00131237
 17 0.300914 0.00126277
 18 0.300161 0.00139889
 19 0.300177 0.00132535
 20 0.3001 0.00126131
 1 0.301509 0
 2 0.299363 0.00151783
 3 0.298478 0.00124308
 4 0.300392 0.00190173
 5 0.30062 0.00153495
 6 0.300012 0.00139423
 7 0.30041 0.00125063
 8 0.300859 0.00117189
 9 0.30162 0.00126474
 10 0.30063 0.00147555
 11 0.300736 0.00134526
 12 0.299994 0.00142323
 13 0.299683 0.00134746
 14 0.299363 0.00128844
 15 0.30002 0.00135961
 16 0.300363 0.00131705
 17 0.300374 0.00123962
 18 0.300095 0.00120175
 19 0.300269 0.0011511
 20 0.300396 0.00110051
 1 0.302903 0
 2 0.301034 0.0013213
 3 0.303147 0.00193747
 4 0.304252 0.00173976
 5 0.305317 0.00168638
 6 0.308221 0.00300023
 7 0.307396 0.00268247
 8 0.306028 0.0026736
 9 0.306608 0.00243875
 10 0.306176 0.00223284
 11 0.306866 0.0021337
 12 0.30638 0.00201041
 13 0.305871 0.00191905
 14 0.305731 0.0017871
 15 0.304954 0.001829
 16 0.304308 0.00182518
 17 0.303834 0.00177839
 18 0.303923 0.00168185
 19 0.303652 0.00161513
 20 0.303718 0.00153572
 1 0.294585 0
 2 0.300633 0.00427691
 3 0.303641 0.00376305
 4 0.301513 0.00337081
 5 0.301353 0.00270045
 6 0.301133 0.00225931
 7 0.301136 0.00193655
 8 0.300861 0.00171391
 9 0.302078 0.00190719
 10 0.302533 0.00176995
 11 0.302277 0.00162738
 12 0.302406 0.00149687
 13 0.302055 0.0014223
 14 0.302693 0.00145666
 15 0.302976 0.00138683
 16 0.302421 0.0014071
 17 0.302136 0.00135277
 18 0.302297 0.00128718
 19 0.302046 0.00124373
 20 0.30245 0.00124537
 1 0.296751 0
 2 0.300896 0.00293074
 3 0.300685 0.00196141
 4 0.301638 0.00168681
 5 0.302699 0.00164965
 6 0.303236 0.00145959
 7 0.304197 0.00153478
 8 0.303295 0.00158566
 9 0.30306 0.00142678
 10 0.303101 0.00128468
 11 0.302584 0.00126764
 12 0.302884 0.00119697
 13 0.302495 0.00116643
 14 0.302879 0.0011447
 15 0.303093 0.00108819
 16 0.303198 0.00102521
 17 0.303074 0.000972399
 18 0.302073 0.00133754
 19 0.302035 0.0012677
 20 0.302128 0.00120779
 1 0.282729 0
 2 0.278723 0.00283291
 3 0.279536 0.00200178
 4 0.27916 0.00153624
 5 0.278821 0.00126578
 6 0.27808 0.00125295
 7 0.277431 0.00123065
 8 0.276757 0.00124767
 9 0.276436 0.00114955
 10 0.277172 0.00124815
 11 0.27648 0.00131263
 12 0.276568 0.00120621
 13 0.276548 0.0011136
 14 0.276376 0.00104727
 15 0.276029 0.00103316
 16 0.276411 0.00103668
 17 0.277088 0.00117645
 18 0.276872 0.00113072
 19 0.276787 0.00107446
 20 0.276826 0.00102147
 1 0.280736 0
 2 0.279311 0.00100784
 3 0.280234 0.0010096
 4 0.281131 0.00108503
 5 0.28211 0.00123265
 6 0.280673 0.00166583
 7 0.280886 0.00144135
 8 0.281013 0.00126676
 9 0.280521 0.00121777
 10 0.28079 0.0011253
 11 0.28052 0.00105475
 12 0.279903 0.00113314
 13 0.279873 0.00104637
 14 0.279442 0.0010569
 15 0.279479 0.000987111
 16 0.279234 0.000955518
 17 0.278955 0.000939158
 18 0.278074 0.00123276
 19 0.278149 0.0011702
 20 0.278045 0.00111632
 1 0.271799 0
 2 0.271023 0.000549069
 3 0.272389 0.00117459
 4 0.272912 0.000990275
 5 0.273658 0.00103605
 6 0.274398 0.00109615
 7 0.275273 0.00124067
 8 0.275988 0.00127501
 9 0.275619 0.00118546
 10 0.275436 0.00108098
 11 0.275122 0.00102735
 12 0.274898 0.000965738
 13 0.274825 0.000894229
 14 0.275328 0.00096134
 15 0.275056 0.00093488
 16 0.275045 0.000876518
 17 0.274991 0.000826621
 18 0.27456 0.000885881
 19 0.274464 0.000844429
 20 0.274862 0.000890898
 1 0.271063 0
 2 0.271835 0.000545614
 3 0.272755 0.000834878
 4 0.273861 0.001144
 5 0.273618 0.000940611
 6 0.274658 0.00123118
 7 0.275212 0.00117352
 8 0.275604 0.00109024
 9 0.275763 0.000980575
 10 0.276101 0.000938942
 11 0.275931 0.000868794
 12 0.275108 0.00112009
 13 0.275322 0.00105407
 14 0.27515 0.000992732
 15 0.275511 0.000990223
 16 0.275764 0.000959963
 17 0.275949 0.000921223
 18 0.276101 0.000882438
 19 0.276511 0.000926535
 20 0.27674 0.000908151
 1 0.27168 0
 2 0.271326 0.000250161
 3 0.274651 0.0027202
 4 0.274819 0.00204534
 5 0.275249 0.00168085
 6 0.275393 0.0014068
 7 0.27572 0.00124339
 8 0.275606 0.00109324
 9 0.275565 0.000972523
 10 0.2751 0.000980349
 11 0.27512 0.00089143
 12 0.275212 0.000821923
 13 0.275688 0.00088577
 14 0.275968 0.000865727
 15 0.27595 0.000808193
 16 0.275938 0.000757779
 17 0.276391 0.000837685
 18 0.27617 0.000819733
 19 0.276133 0.000777439
 20 0.27616 0.000739066
 1 0.253915 0
 2 0.255825 0.00135093
 3 0.254605 0.00134317
 4 0.254922 0.00104405
 5 0.254795 0.000842894
 6 0.254348 0.000812153
 7 0.253408 0.00111471
 8 0.253664 0.00100438
 9 0.25316 0.00101151
 10 0.25275 0.000989987
 11 0.252874 0.000907701
 12 0.252529 0.000894995
 13 0.252077 0.00093327
 14 0.252094 0.000866766
 15 0.252014 0.000812745
 16 0.251984 0.000762506
 17 0.252068 0.000722352
 18 0.252165 0.00068863
 19 0.252341 0.000674624
 20 0.252103 0.000681618
 1 0.246633 0
 2 0.251231 0.00325097
 3 0.251532 0.00218119
 4 0.25203 0.00169192
 5 0.251553 0.00141933
 6 0.253778 0.00235079
 7 0.253966 0.0020225
 8 0.253809 0.00177578
 9 0.254059 0.00159587
 10 0.253397 0.00156742
 11 0.253657 0.00144642
 12 0.25361 0.00132667
 13 0.254023 0.00128733
 14 0.253745 0.00122489
 15 0.253853 0.00114795
 16 0.253644 0.0010951
 17 0.253505 0.00103947
 18 0.253233 0.00101664
 19 0.25311 0.000970503
 20 0.2531 0.000922031
 1 0.249609 0
 2 0.251335 0.00122037
 3 0.25229 0.00112655
 4 0.251851 0.000926418
 5 0.251496 0.000806429
 6 0.252594 0.00120741
 7 0.252266 0.00107859
 8 0.252415 0.000953931
 9 0.25293 0.000977035
 10 0.253643 0.00110991
 11 0.253738 0.00101305
 12 0.252996 0.00116951
 13 0.252531 0.00116836
 14 0.252368 0.00109612
 15 0.252072 0.00106229
 16 0.252429 0.00105419
 17 0.25213 0.00103375
 18 0.251867 0.00100936
 19 0.251784 0.000959592
 20 0.251691 0.000916087
 1 0.249853 0
 2 0.253247 0.00239961
 3 0.257032 0.00348035
 4 0.254844 0.00322575
 5 0.254322 0.00262253
 6 0.25438 0.00218609
 7 0.253511 0.0020391
 8 0.253264 0.00179913
 9 0.25287 0.00164178
 10 0.252278 0.0015806
 11 0.252619 0.00147313
 12 0.252877 0.0013728
 13 0.252992 0.00127202
 14 0.25267 0.00122131
 15 0.252551 0.00114564
 16 0.252291 0.00110315
 17 0.252587 0.00107723
 18 0.252697 0.00102298
 19 0.252321 0.00103595
 20 0.252796 0.00108753
 1 0.245463 0
 2 0.25232 0.00484842
 3 0.253316 0.00333303
 4 0.253466 0.00250315
 5 0.252375 0.00222752
 6 0.251188 0.0021495
 7 0.251894 0.0019548
 8 0.253164 0.00208266
 9 0.252201 0.00206204
 10 0.252561 0.00188701
 11 0.253352 0.00187406
 12 0.253688 0.00174783
 13 0.253392 0.00163835
 14 0.25329 0.00152447
 15 0.253594 0.00145285
 16 0.253487 0.00136603
 17 0.253305 0.00129776
 18 0.253373 0.00122748
 19 0.253514 0.0011709
 20 0.253412 0.0011168
 1 0.229115 0
 2 0.228824 0.000206283
 3 0.229681 0.000713118
 4 0.231725 0.00184915
 5 0.232572 0.00166232
 6 0.233176 0.001491
 7 0.232693 0.00135407
 8 0.232204 0.00126998
 9 0.232036 0.00114001
 10 0.232126 0.00102961
 11 0.23276 0.00111426
 12 0.232943 0.00103626
 13 0.232915 0.000956917
 14 0.232813 0.000894032
 15 0.233427 0.00102377
 16 0.23313 0.00100184
 17 0.233474 0.0010001
 18 0.233361 0.00095084
 19 0.233704 0.000960681
 20 0.233884 0.000929288
 1 0.236352 0
 2 0.238523 0.00153568
 3 0.236833 0.00171818
 4 0.236091 0.00144019
 5 0.234865 0.00159017
 6 0.234918 0.00132601
 7 0.234626 0.00116823
 8 0.234872 0.00104762
 9 0.234258 0.00109622
 10 0.235057 0.00124423
 11 0.234345 0.0013191
 12 0.233921 0.00127564
 13 0.233868 0.00117863
 14 0.233907 0.00109509
 15 0.234039 0.00103004
 16 0.234118 0.000968678
 17 0.233864 0.000944354
 18 0.234153 0.000935141
 19 0.233862 0.000930111
 20 0.233611 0.000916815
 1 0.237531 0
 2 0.232871 0.00329453
 3 0.232651 0.0022037
 4 0.235319 0.00284058
 5 0.234106 0.00251829
 6 0.233579 0.00215299
 7 0.23431 0.00196581
 8 0.234919 0.00181193
 9 0.235404 0.00167429
 10 0.235427 0.00150701
 11 0.235087 0.00140784
 12 0.234562 0.00138476
 13 0.234689 0.00128405
 14 0.234097 0.00132176
 15 0.234034 0.00123517
 16 0.233994 0.00115862
 17 0.234142 0.00109991
 18 0.234251 0.00104422
 19 0.233972 0.00102591
 20 0.233847 0.000982226
 1 0.228044 0
 2 0.230886 0.00200958
 3 0.229757 0.00162638
 4 0.230256 0.00129413
 5 0.231853 0.0017639
 6 0.231766 0.00147202
 7 0.231267 0.0013439
 8 0.232028 0.00137493
 9 0.232012 0.00122226
 10 0.232446 0.0011748
 11 0.232539 0.00107164
 12 0.232775 0.00100808
 13 0.232805 0.000930988
 14 0.232828 0.000864768
 15 0.232238 0.000988432
 16 0.232276 0.000927419
 17 0.232251 0.00087321
 18 0.232327 0.000828018
 19 0.232447 0.000792998
 20 0.232298 0.000767167
 1 0.233017 0
 2 0.23164 0.000973446
 3 0.231737 0.000653804
 4 0.231812 0.000494592
 5 0.232751 0.000928621
 6 0.232841 0.000778223
 7 0.232104 0.000954114
 8 0.232357 0.000867657
 9 0.232271 0.000775487
 10 0.232395 0.000707744
 11 0.231781 0.000870113
 12 0.231726 0.000799342
 13 0.232007 0.000785857
 14 0.231903 0.000736654
 15 0.231903 0.000687544
 16 0.232202 0.000706645
 17 0.232395 0.000690718
 18 0.232877 0.000803575
 19 0.233128 0.000799332
 20 0.232894 0.000792722
 1 0.212689 0
 2 0.211612 0.000761721
 3 0.213838 0.00188744
 4 0.215458 0.00199305
 5 0.214696 0.00173408
 6 0.214598 0.00144782
 7 0.214821 0.00125793
 8 0.215163 0.0011464
 9 0.215379 0.00103913
 10 0.21506 0.000983011
 11 0.21515 0.000897729
 12 0.215028 0.000831109
 13 0.215299 0.00081026
 14 0.214974 0.000815111
 15 0.214883 0.0007658
 16 0.215056 0.000737099
 17 0.214754 0.00075292
 18 0.215092 0.000783269
 19 0.215071 0.00074232
 20 0.214788 0.000757176
 1 0.210015 0
 2 0.21113 0.000788608
 3 0.212158 0.000990176
 4 0.211275 0.00106583
 5 0.211329 0.000854012
 6 0.211726 0.000798829
 7 0.211697 0.00068524
 8 0.21164 0.000601937
 9 0.212469 0.000947319
 10 0.212198 0.000890555
 11 0.212768 0.000974898
 12 0.212681 0.000897521
 13 0.212858 0.000845698
 14 0.213339 0.000911861
 15 0.21299 0.000915218
 16 0.213105 0.000865247
 17 0.213247 0.000825807
 18 0.213495 0.000816379
 19 0.213503 0.000773454
 20 0.213435 0.000737793
 1 0.215719 0
 2 0.215332 0.000273995
 3 0.214879 0.000412485
 4 0.21474 0.00033194
 5 0.215264 0.000538845
 6 0.215081 0.000478989
 7 0.215378 0.000493964
 8 0.214797 0.000694583
 9 0.215225 0.000738005
 10 0.214839 0.000758746
 11 0.214688 0.000704686
 12 0.214383 0.000708612
 13 0.214304 0.0006585
 14 0.213983 0.0006855
 15 0.213833 0.00065593
 16 0.21374 0.000621559
 17 0.213864 0.000597255
 18 0.213886 0.000564504
 19 0.213839 0.000536741
 20 0.213718 0.0005235
 1 0.216372 0
 2 0.21716 0.000557265
 3 0.218215 0.000938464
 4 0.217313 0.00105153
 5 0.21608 0.00138722
 6 0.215306 0.00135498
 7 0.214549 0.00135637
 8 0.215139 0.00130894
 9 0.21498 0.00117309
 10 0.214836 0.00106462
 11 0.214457 0.001033
 12 0.214448 0.000946961
 13 0.214413 0.000874756
 14 0.214359 0.00081393
 15 0.214346 0.000759784
 16 0.214176 0.000730926
 17 0.214194 0.000688149
 18 0.214223 0.000650529
 19 0.213851 0.000714781
 20 0.213954 0.000686455
 1 0.212989 0
 2 0.21249 0.000352774
 3 0.214005 0.00125883
 4 0.214608 0.00107903
 5 0.215158 0.000993753
 6 0.214157 0.0012336
 7 0.213373 0.00128234
 8 0.213348 0.00112229
 9 0.212992 0.00105273
 10 0.212892 0.000952129
 11 0.213487 0.00103469
 12 0.213337 0.000959178
 13 0.213616 0.00092505
 14 0.21334 0.000899239
 15 0.213109 0.000868409
 16 0.213333 0.000842393
 17 0.213539 0.000817627
 18 0.21352 0.000772418
 19 0.21329 0.000765334
 20 0.213274 0.000727224
 1 0.197007 0
 2 0.199239 0.00157837
 3 0.198133 0.00138671
 4 0.198319 0.00105242
 5 0.198014 0.000884895
 6 0.197411 0.000920555
 7 0.196846 0.000946413
 8 0.196782 0.000830301
 9 0.196837 0.000739894
 10 0.196936 0.000672449
 11 0.196877 0.000613861
 12 0.196594 0.000624704
 13 0.196281 0.000650156
 14 0.19648 0.00063344
 15 0.196649 0.000613166
 16 0.196672 0.000575289
 17 0.196482 0.000571931
 18 0.196671 0.000570509
 19 0.196451 0.000581597
 20 0.19669 0.000599971
 1 0.193142 0
 2 0.195234 0.00147912
 3 0.197452 0.00206205
 4 0.199705 0.00248984
 5 0.19979 0.00199331
 6 0.199314 0.00171683
 7 0.198825 0.00153964
 8 0.19836 0.00141578
 9 0.197826 0.00135541
 10 0.197464 0.00126731
 11 0.197657 0.00116668
 12 0.197355 0.00110772
 13 0.19723 0.00102954
 14 0.196966 0.000989254
 15 0.196972 0.000923322
 16 0.196979 0.000865638
 17 0.197017 0.000815535
 18 0.19662 0.000861108
 19 0.196819 0.000838328
 20 0.19685 0.000797009
 1 0.200827 0
 2 0.1977 0.00221156
 3 0.197248 0.00151981
 4 0.196812 0.00120073
 5 0.197205 0.00102274
 6 0.196182 0.00126395
 7 0.196051 0.00109021
 8 0.195696 0.00101005
 9 0.195851 0.000909666
 10 0.196058 0.000841961
 11 0.196325 0.000806531
 12 0.196022 0.000794251
 13 0.195911 0.000740808
 14 0.196039 0.000698807
 15 0.195985 0.000654287
 16 0.196146 0.000632798
 17 0.196029 0.000606195
 18 0.196029 0.000572517
 19 0.195873 0.000563291
 20 0.195743 0.00054991
 1 0.201922 0
 2 0.199391 0.00178988
 3 0.198833 0.00127712
 4 0.198272 0.00107408
 5 0.197116 0.00134444
 6 0.196889 0.00113933
 7 0.196785 0.000981335
 8 0.196917 0.000867561
 9 0.197061 0.000782891
 10 0.197082 0.000704902
 11 0.1967 0.00073745
 12 0.196598 0.000682948
 13 0.196906 0.000696279
 14 0.196518 0.000746882
 15 0.196164 0.000776188
 16 0.195838 0.000793296
 17 0.19607 0.000779809
 18 0.195999 0.000739725
 19 0.195981 0.000701005
 20 0.195949 0.000666694
 1 0.199041 0
 2 0.19724 0.0012735
 3 0.196122 0.00124654
 4 0.196386 0.000962312
 5 0.196024 0.000834932
 6 0.195788 0.00072836
 7 0.196923 0.0012224
 8 0.196892 0.00107002
 9 0.197137 0.00097883
 10 0.197409 0.000917928
 11 0.197312 0.000839528
 12 0.197385 0.000772695
 13 0.197013 0.000797538
 14 0.197156 0.000753154
 15 0.19718 0.000703348
 16 0.197085 0.000665867
 17 0.196777 0.000694
 18 0.197045 0.000705185
 19 0.19697 0.000672077
 20 0.197018 0.000640228
