 1 0.21832 0
 2 0.163506 0.0387594
 3 0.103543 0.0553602
 4 0.196453 0.0905437
 5 0.137226 0.0897393
 6 0.0161673 0.133436
 7 0.136317 0.159546
 8 0.189883 0.148322
 9 0.211142 0.133357
 10 0.22393 0.120633
 11 0.235749 0.110244
 12 0.210803 0.103841
 13 0.203926 0.0960807
 14 0.164847 0.0968395
 15 0.104121 0.107754
 16 0.124494 0.102927
 17 0.128775 0.0969618
 18 0.103966 0.0946955
 19 0.0980486 0.0898963
 20 0.131517 0.0914194
 1 0.546016 0
 2 0.003688 0.383484
 3 -0.008352 0.255845
 4 0.02336 0.193839
 5 0.0957376 0.168041
 6 0.148115 0.147972
 7 0.159012 0.127234
 8 0.114435 0.118882
 9 0.0656547 0.115247
 10 0.0097356 0.116502
 11 0.0238764 0.106765
 12 0.0206407 0.0979173
 13 0.0346689 0.0913846
 14 0.0465806 0.0856299
 15 0.0713952 0.0834393
 16 0.0826625 0.0789814
 17 0.0794416 0.0744011
 18 0.0763836 0.0703305
 19 0.0316499 0.0795939
 20 0.0258408 0.0758259
 1 0.274544 0
 2 -0.05008 0.229544
 3 -0.101261 0.158633
 4 -0.079331 0.120481
 5 -0.074792 0.0964701
 6 -0.025864 0.0919662
 7 -0.047936 0.0814338
 8 0.032223 0.103438
 9 0.059904 0.0955773
 10 0.0382848 0.0884309
 11 0.0436349 0.0805534
 12 -0.0309023 0.10269
 13 -0.0389412 0.095105
 14 -0.0636189 0.0914574
 15 -0.0497808 0.0864008
 16 -0.0614197 0.0817809
 17 -0.0561889 0.0771374
 18 -0.0665264 0.0735414
 19 -0.0807236 0.0710279
 20 -0.0968274 0.0692781
 1 0.049724 0
 2 -0.124378 0.123109
 3 -0.056764 0.0989124
 4 -0.201439 0.145607
 5 -0.0875472 0.154745
 6 -0.00265933 0.150446
 7 -0.0166869 0.129606
 8 -0.0825105 0.129043
 9 -0.174634 0.143878
 10 -0.179753 0.129581
 11 -0.141143 0.123419
 12 -0.0782433 0.128164
 13 -0.0295483 0.12722
 14 -0.0272471 0.118154
 15 0.0353339 0.125763
 16 0.027234 0.118163
 17 -0.00331929 0.115095
 18 0.00564133 0.109049
 19 -0.0307156 0.109202
 20 -0.0648766 0.108954
 1 -0.304436 0
 2 0.241142 0.385782
 3 -0.0245453 0.33646
 4 0.165098 0.301084
 5 0.2097 0.244148
 6 0.140242 0.213108
 7 0.112177 0.184503
 8 0.218164 0.189452
 9 0.208288 0.168659
 10 0.225768 0.152696
 11 0.256732 0.141919
 12 0.234913 0.131759
 13 0.256225 0.123335
 14 0.183145 0.134445
 15 0.142863 0.131377
 16 0.111063 0.126957
 17 0.109947 0.119494
 18 0.10633 0.11291
 19 0.0662583 0.113856
 20 0.101649 0.11353
 1 -0.043692 0
 2 -0.16147 0.0832816
 3 -0.0617493 0.0985498
 4 -0.060839 0.0739166
 5 -0.002436 0.0789016
 6 -0.0349293 0.0721324
 7 -0.0235874 0.0627132
 8 -0.049609 0.0600303
 9 -0.0449164 0.0535434
 10 -0.0337696 0.0493357
 11 -0.0579051 0.0504098
 12 -0.0317093 0.0525766
 13 -0.0312203 0.0485345
 14 -0.0239031 0.045616
 15 -0.0116925 0.044179
 16 0.0134103 0.0480229
 17 0.0140494 0.0452023
 18 0.0139227 0.0426912
 19 -0.000986526 0.0429689
 20 -0.0069804 0.0412364
 1 -0.270544 0
 2 -0.213124 0.0406021
 3 -0.163408 0.04879
 4 -0.216139 0.0585186
 5 -0.150034 0.0754155
 6 -0.110203 0.0726068
 7 -0.129169 0.0646638
 8 -0.109389 0.0595292
 9 -0.0672658 0.0661604
 10 -0.10199 0.0680492
 11 -0.0800596 0.065301
 12 -0.0951017 0.0615674
 13 -0.0802858 0.058587
 14 -0.0627129 0.0569767
 15 -0.0397115 0.0576344
 16 -0.0378502 0.0540623
 17 -0.0337685 0.051036
 18 -0.0284162 0.0484805
 19 -0.0200253 0.0466494
 20 -0.0199688 0.044317
 1 0.020052 0
 2 -0.13594 0.110303
 3 -0.151511 0.0746262
 4 -0.136362 0.0574867
 5 -0.067516 0.0768559
 6 -0.0896193 0.0671498
 7 -0.103773 0.0590298
 8 -0.102887 0.0516578
 9 -0.0628142 0.0594628
 10 -0.0168528 0.0690306
 11 -0.003688 0.0639981
 12 -0.0174317 0.0601226
 13 -0.0283052 0.0564725
 14 -0.0136006 0.0543195
 15 0.002232 0.0529553
 16 0.011536 0.0504563
 17 0.0171741 0.0478023
 18 0.000815333 0.0478639
 19 -0.0115149 0.0469061
 20 -0.0170144 0.044882
 1 -0.022396 0
 2 -0.159762 0.0971324
 3 -0.120751 0.072165
 4 -0.082525 0.0634451
 5 -0.176466 0.098164
 6 -0.144181 0.0869507
 7 -0.15164 0.0748485
 8 -0.138466 0.0666417
 9 -0.134344 0.0593644
 10 -0.118557 0.0554875
 11 -0.134084 0.0525708
 12 -0.138688 0.048391
 13 -0.143029 0.044863
 14 -0.121307 0.0466219
 15 -0.119553 0.0435467
 16 -0.120563 0.0408367
 17 -0.108486 0.0401808
 18 -0.0977742 0.0393505
 19 -0.0860131 0.0389974
 20 -0.0718204 0.0395459
 1 0.000504 0
 2 0.066046 0.0463452
 3 0.00810533 0.0565039
 4 0.029451 0.0462344
 5 -0.0118064 0.0522476
 6 -0.0615487 0.0629096
 7 -0.0385509 0.0579739
 8 -0.030213 0.0513233
 9 -0.0603302 0.0537356
 10 -0.0463664 0.0501435
 11 -0.0458698 0.0455875
 12 -0.056478 0.0430051
 13 -0.0585951 0.0397491
 14 -0.0293209 0.0464554
 15 -0.0340291 0.0435963
 16 -0.02306 0.0422289
 17 -0.0374784 0.0421345
 18 -0.0380796 0.039798
 19 -0.0347851 0.0378395
 20 -0.024217 0.0373941
 1 0.087748 0
 2 0.00587 0.0578965
 3 0.00877067 0.0386703
 4 -0.000698 0.0301396
 5 -0.0173632 0.0283471
 6 -0.00677 0.0255253
 7 0.017508 0.0313672
 8 0.003264 0.0305095
 9 -0.008964 0.0294683
 10 -0.0077404 0.0265468
 11 -0.00751818 0.0241344
 12 -0.007107 0.0221267
 13 -0.00511108 0.0205145
 14 -0.006844 0.0191222
 15 -0.0167291 0.0202418
 16 -0.0271713 0.0215021
 17 -0.0267308 0.0202417
 18 -0.0248104 0.0192081
 19 -0.0252141 0.0182014
 20 -0.0222056 0.0175382
 1 0.004044 0
 2 -0.033754 0.0267272
 3 -0.069988 0.0345363
 4 -0.063669 0.026474
 5 -0.0509256 0.0240515
 6 -0.0447693 0.0208159
 7 -0.037276 0.0191435
 8 -0.028317 0.0187299
 9 -0.0155578 0.02054
 10 -0.0034656 0.0217562
 11 -0.0105011 0.020885
 12 -0.0102277 0.0191463
 13 -0.00826431 0.0177739
 14 -0.00733114 0.0165288
 15 -8.69333e-05 0.0169402
 16 0.0068035 0.0172259
 17 0.00489459 0.016318
 18 -0.00130622 0.0165477
 19 -0.00416842 0.0159224
 20 0.0025808 0.0164948
 1 0.00082 0
 2 -0.055442 0.0397832
 3 -0.0359307 0.030939
 4 0.032303 0.0634847
 5 0.0337928 0.0508053
 6 0.029528 0.0425163
 7 0.0268829 0.0365248
 8 0.0326735 0.0324149
 9 0.0266813 0.0293619
 10 0.0367512 0.0280995
 11 0.0339185 0.0256874
 12 0.0321583 0.023607
 13 0.0306409 0.0218398
 14 0.0376037 0.0213609
 15 0.0309957 0.020934
 16 0.0319227 0.0196461
 17 0.0317828 0.018491
 18 0.0297489 0.0175752
 19 0.0221213 0.0182304
 20 0.0212792 0.0173383
 1 0.102588 0
 2 0.07921 0.0165307
 3 0.0704 0.0131604
 4 0.079016 0.0123733
 5 0.0821456 0.0102868
 6 0.0846407 0.00886979
 7 0.0936137 0.0112612
 8 0.096579 0.0102365
 9 0.0964716 0.00909967
 10 0.0884444 0.0111832
 11 0.0839145 0.0110459
 12 0.0674427 0.0187413
 13 0.075276 0.0188658
 14 0.0698474 0.0182826
 15 0.070376 0.0170714
 16 0.0718565 0.0160685
 17 0.0704854 0.0151817
 18 0.0680136 0.0145381
 19 0.0733579 0.0147225
 20 0.059415 0.0195014
 1 0.125324 0
 2 0.106288 0.0134605
 3 0.0485013 0.0480284
 4 0.054248 0.0363635
 5 0.031824 0.0353347
 6 0.032402 0.0294503
 7 0.0246223 0.0262506
 8 0.021481 0.0231565
 9 0.0158498 0.0212572
 10 -0.0094932 0.0307254
 11 -0.00841236 0.0279512
 12 -0.0106537 0.0257117
 13 -0.00112092 0.0254397
 14 -0.00776914 0.0244759
 15 -0.0070152 0.0228557
 16 0.00025925 0.0225552
 17 0.000408235 0.0212289
 18 0.000608667 0.0200505
 19 0.00101179 0.0189993
 20 -0.0023712 0.018348
 1 0.02934 0
 2 0.013328 0.0113222
 3 0.018596 0.00868766
 4 0.038225 0.0182052
 5 0.0267656 0.0178092
 6 0.0284533 0.0149208
 7 0.0148543 0.0179466
 8 0.0223365 0.0171924
 9 0.0114702 0.0183984
 10 0.0177928 0.0176114
 11 0.00496655 0.0201467
 12 0.0027 0.0185949
 13 -0.000662769 0.0174659
 14 0.00307086 0.0166126
 15 0.00383493 0.0155227
 16 0.001953 0.0146661
 17 0.00897176 0.0153915
 18 0.0132091 0.0151085
 19 0.0121082 0.0143534
 20 0.0096474 0.013845
 1 -0.000868 0
 2 -0.013938 0.00924189
 3 -0.0152587 0.00625491
 4 -0.017934 0.00523213
 5 -0.0097352 0.00844372
 6 -0.0158433 0.00897789
 7 -0.00376857 0.0135716
 8 -0.008072 0.0125389
 9 -0.00104089 0.0129681
 10 0.0078128 0.0143794
 11 0.0109055 0.0134006
 12 0.003088 0.0143845
 13 -0.00166123 0.0140402
 14 -0.00597829 0.0136849
 15 -0.00778373 0.0128911
 16 -0.01083 0.0124401
 17 -0.00931835 0.0117999
 18 -0.0156598 0.0127348
 19 -0.0136674 0.0122194
 20 -0.014177 0.0116191
 1 0.059828 0
 2 -0.016962 0.0542987
 3 -0.0148013 0.0362421
 4 -0.005524 0.0283441
 5 0.0011024 0.0234371
 6 -0.0114393 0.0226392
 7 -0.0176617 0.0202421
 8 -0.0099175 0.019136
 9 -0.00761244 0.017148
 10 -0.0092648 0.0155126
 11 -0.00574545 0.0144961
 12 -0.00567667 0.0132883
 13 -0.00220185 0.0127123
 14 0.000988571 0.0121981
 15 0.00430027 0.0118259
 16 0.0045385 0.0110892
 17 0.00448306 0.010437
 18 0.00225111 0.010093
 19 0.00257242 0.00956689
 20 -0.000154 0.00946907
 1 0.062408 0
 2 0.031728 0.021694
 3 0.0288587 0.0146512
 4 0.020892 0.0129748
 5 0.014208 0.0119784
 6 0.00739067 0.0117631
 7 0.013616 0.0116137
 8 0.016219 0.0104496
 9 0.0200107 0.00995272
 10 0.012272 0.0115816
 11 0.0116487 0.0105455
 12 0.00931967 0.00992058
 13 0.0127409 0.00972953
 14 0.0155143 0.00942154
 15 0.0113008 0.00968992
 16 0.008815 0.00939774
 17 0.00927624 0.00885624
 18 0.0104584 0.00844276
 19 0.0126326 0.00827362
 20 0.0105402 0.00812022
 1 -0.022468 0
 2 -0.053298 0.0218001
 3 -0.055172 0.0146137
 4 -0.037887 0.0185528
 5 -0.0185928 0.0227619
 6 -0.00521133 0.0225614
 7 0.0244377 0.0335776
 8 0.0237565 0.0293873
 9 0.0219996 0.0261745
 10 0.0336884 0.0260365
 11 0.0314956 0.0237617
 12 0.024774 0.0227124
 13 0.0155378 0.0227659
 14 0.008142 0.0223088
 15 0.00651067 0.0208811
 16 0.00607475 0.0195806
 17 0.00943812 0.0187154
 18 0.00650467 0.0179041
 19 0.00814316 0.0170366
 20 0.0098026 0.0162654
 1 -0.034596 0
 2 -0.017468 0.0121113
 3 -0.0114293 0.00946062
 4 -0.004994 0.00902251
 5 -0.003208 0.00739267
 6 -0.000558667 0.00661828
 7 0.00240457 0.00630136
 8 0.000514 0.00579036
 9 -0.000352444 0.00521141
 10 0.0017444 0.00509467
 11 0.00125855 0.00465463
 12 -0.000355667 0.00453802
 13 -0.00284123 0.00482183
 14 -0.00591057 0.00536611
 15 -0.008772 0.00572064
 16 -0.009742 0.00544472
 17 -0.00694706 0.00579759
 18 -0.00693333 0.00547552
 19 -0.00622358 0.00523313
 20 -0.0083634 0.00539124
 1 -0.039676 0
 2 -0.04124 0.00110592
 3 -0.0141947 0.0220947
 4 -0.010291 0.0169124
 5 -0.004384 0.0145249
 6 -0.0102447 0.0132337
 7 -0.00955943 0.0113609
 8 -0.012149 0.0102317
 9 -0.0133969 0.00917061
 10 -0.0122212 0.00832857
 11 -0.0118811 0.00757837
 12 -0.00717333 0.00828098
 13 -0.005812 0.00775507
 14 -0.00464971 0.00728771
 15 -0.00694027 0.00715278
 16 -0.00477025 0.0070272
 17 -0.00728965 0.00705101
 18 -0.00454378 0.00717405
 19 -0.00460168 0.0067967
 20 -0.005094 0.00647467
 1 -0.048152 0
 2 -0.027094 0.0148903
 3 0.00388933 0.0271757
 4 -0.006038 0.0221208
 5 -0.0056384 0.0177003
 6 0.00452533 0.0174257
 7 -0.00260457 0.0163299
 8 8.5e-05 0.0145085
 9 0.005184 0.0137633
 10 -0.0010576 0.0137295
 11 0.00176145 0.0127675
 12 0.00488233 0.0120789
 13 0.00481446 0.01115
 14 0.00818057 0.0108498
 15 0.00699333 0.0101912
 16 0.0076015 0.00957238
 17 0.00766729 0.00900953
 18 0.00656733 0.00857588
 19 0.00987453 0.00873898
 20 0.0097054 0.00830366
 1 -0.071508 0
 2 -0.025788 0.0323289
 3 -0.0220573 0.0217668
 4 -0.003411 0.0229624
 5 0.0041784 0.019584
 6 0.00497533 0.0163362
 7 0.00744571 0.014188
 8 0.002617 0.0132107
 9 -0.00278844 0.012801
 10 -0.0015536 0.0115803
 11 -0.00384 0.0107509
 12 -0.00974767 0.0113628
 13 -0.00985108 0.0104892
 14 -0.00675457 0.0101868
 15 -0.00335733 0.0100582
 16 -0.0035355 0.00943116
 17 -0.00325129 0.00888067
 18 -0.00130578 0.00859776
 19 -0.00269432 0.00825661
 20 -0.00249 0.00784631
 1 -0.024132 0
 2 -0.008708 0.0109064
 3 -0.012188 0.00780642
 4 -0.026202 0.0134749
 5 -0.0203896 0.011968
 6 -0.00817667 0.0149588
 7 -0.00423029 0.0133322
 8 -0.0100055 0.0128558
 9 -0.00202044 0.0136844
 10 0.0016596 0.0128012
 11 -0.00157891 0.0120401
 12 0.003846 0.0121979
 13 0.00503692 0.0113175
 14 0.000680857 0.0113165
 15 0.0004208 0.010565
 16 -0.0011795 0.0100252
 17 -0.00201082 0.00946986
 18 -0.000874222 0.00901171
 19 -0.00304463 0.00879489
 20 -0.0050286 0.008576
 1 -0.043412 0
 2 -0.024024 0.0137094
 3 -0.00821867 0.0158136
 4 -0.000109 0.0137837
 5 -0.0059488 0.0122015
 6 0.00219267 0.0125945
 7 0.00652743 0.0115172
 8 0.0059115 0.010094
 9 0.00550711 0.00898051
 10 0.0045988 0.00812826
 11 0.00840436 0.00823213
 12 0.005643 0.00799585
 13 0.00769569 0.00763973
 14 0.00563114 0.00736771
 15 0.0064416 0.00692096
 16 0.00600425 0.00650221
 17 0.00264847 0.0069318
 18 0.00410711 0.00669841
 19 0.00492695 0.00639584
 20 0.004926 0.00607605
 1 0.018156 0
 2 0.003028 0.0106971
 3 0.00291467 0.00713201
 4 -0.002217 0.00695431
 5 -0.0031128 0.00562084
 6 -0.004066 0.00476417
 7 -0.00394229 0.00408518
 8 -0.004537 0.00361757
 9 -0.00691022 0.00391747
 10 -0.0031384 0.00502341
 11 -0.000256 0.00532992
 12 0.000355 0.00492066
 13 0.00288862 0.0051533
 14 0.006154 0.00572707
 15 0.00858133 0.00583704
 16 0.0096885 0.00557624
 17 0.008456 0.00538271
 18 0.00979689 0.00524803
 19 0.00882 0.00506192
 20 0.0074026 0.00500333
 1 -0.017668 0
 2 0.002882 0.014531
 3 -0.0144053 0.0171196
 4 -0.017097 0.0130496
 5 -0.0129008 0.0110938
 6 -0.013982 0.00929738
 7 -0.0137691 0.00797162
 8 -0.0123345 0.00710309
 9 -0.0119484 0.00632434
 10 -0.0134476 0.0058669
 11 -0.0144258 0.00541448
 12 -0.0114843 0.00570661
 13 -0.0133406 0.00556137
 14 -0.0109306 0.0056623
 15 -0.00849733 0.00578404
 16 -0.00991825 0.00559435
 17 -0.0110548 0.00537949
 18 -0.0131251 0.0054645
 19 -0.0105575 0.00574857
 20 -0.0093512 0.00558627
 1 0.019704 0
 2 0.005412 0.010106
 3 0.0128613 0.0090767
 4 0.016945 0.00767135
 5 0.0134208 0.00689926
 6 0.00752067 0.00787814
 7 0.002428 0.00823584
 8 0.0007775 0.00736989
 9 0.000442222 0.00655863
 10 0.0024516 0.00620294
 11 0.00446073 0.00595554
 12 0.002798 0.00568661
 13 0.00444031 0.00548121
 14 0.00379971 0.00512699
 15 0.00285147 0.00487209
 16 0.003749 0.00464952
 17 0.00239553 0.00456877
 18 0.00195956 0.0043357
 19 0.000289263 0.00441754
 20 4.3e-05 0.00420352
 1 0.024956 0
 2 -0.003416 0.020062
 3 0.006596 0.0156751
 4 -0.011405 0.0195253
 5 -0.0026992 0.0174535
 6 0.00149533 0.0150402
 7 0.00256971 0.0129299
 8 0.002492 0.0113139
 9 0.00310311 0.0100733
 10 -1.52e-05 0.00953641
 11 0.00022 0.00867236
 12 -0.000573667 0.0079859
 13 0.00159046 0.00765922
 14 0.00675 0.00867766
 15 0.00429307 0.00843981
 16 0.00406675 0.00791535
 17 0.00194565 0.00772872
 18 0.00219311 0.00730331
 19 0.00187516 0.00692584
 20 -0.000375 0.00693545
 1 0.0044 0
 2 -0.015558 0.0141124
 3 -0.0181227 0.00963851
 4 -0.008023 0.0113472
 5 -0.0026864 0.0102562
 6 -0.00513667 0.00883467
 7 -0.00366286 0.00769452
 8 0.0014255 0.00824526
 9 0.00446044 0.00786787
 10 0.0024632 0.0073302
 11 0.000676727 0.00687807
 12 4.7e-05 0.00633366
 13 0.00167908 0.00605308
 14 0.000344857 0.00576589
 15 0.0027912 0.0058776
 16 0.00359475 0.0055649
 17 0.00273482 0.00530358
 18 0.000583556 0.00542773
 19 -6.10526e-06 0.00517399
 20 -0.001651 0.00517016
 1 -0.029624 0
 2 -0.031282 0.00117238
 3 -0.0256293 0.00468109
 4 -0.01684 0.00838243
 5 -0.0113304 0.00832191
 6 -0.011838 0.00695039
 7 -0.00923714 0.0064257
 8 -0.011134 0.00589582
 9 -0.0117027 0.00526808
 10 -0.0100196 0.00500291
 11 -0.009296 0.00460013
 12 -0.00912233 0.00422007
 13 -0.00787508 0.0040756
 14 -0.00890086 0.00391144
 15 -0.00809493 0.00373278
 16 -0.0098975 0.00391057
 17 -0.00993153 0.00368068
 18 -0.00953711 0.00349727
 19 -0.00879558 0.00339091
 20 -0.0092284 0.00324887
 1 0.015216 0
 2 0.028048 0.00907359
 3 0.019176 0.00943748
 4 0.007893 0.0120656
 5 0.014564 0.0113478
 6 0.0127547 0.00959966
 7 0.0116783 0.0082884
 8 0.0139595 0.00755977
 9 0.0137836 0.00672184
 10 0.01268 0.00613958
 11 0.014748 0.00591948
 12 0.0126433 0.00578826
 13 0.0118234 0.00540078
 14 0.011798 0.00501507
 15 0.0105067 0.00484413
 16 0.008841 0.00481924
 17 0.00883294 0.00453577
 18 0.008842 0.00428379
 19 0.00554105 0.00517617
 20 0.0051604 0.00493134
 1 0.02222 0
 2 0.008642 0.0096011
 3 0.00726533 0.00649868
 4 -0.00029 0.00815894
 5 0.0058144 0.00850968
 6 0.00968533 0.00792305
 7 0.009968 0.00679623
 8 0.0082215 0.00616702
 9 0.007264 0.00555563
 10 0.0051488 0.00538771
 11 0.00306436 0.00528578
 12 0.00368167 0.00488121
 13 0.00483169 0.00463923
 14 0.00792343 0.00523772
 15 0.00594827 0.00524776
 16 0.00723725 0.00507561
 17 0.00662024 0.0048144
 18 0.00631133 0.00455683
 19 0.00523558 0.00444216
 20 0.0043124 0.00431492
 1 -0.004908 0
 2 0.002002 0.00488611
 3 -0.005952 0.00726554
 4 -0.009105 0.00609503
 5 -0.00566 0.00576802
 6 -0.00137933 0.0061947
 7 -0.00343143 0.0056394
 8 -0.0028545 0.0049639
 9 -0.00437511 0.00463942
 10 -0.0053952 0.00428616
 11 -0.00447455 0.00399416
 12 -0.006757 0.00426388
 13 -0.00794862 0.00409902
 14 -0.00590486 0.00428556
 15 -0.00801787 0.00449065
 16 -0.0060005 0.00464106
 17 -0.00594612 0.00436837
 18 -0.00577533 0.00412902
 19 -0.00445621 0.00411703
 20 -0.003104 0.00412727
 1 0.026996 0
 2 0.00191 0.0177385
 3 0.012216 0.014514
 4 0.006083 0.0121121
 5 0.0082136 0.00987532
 6 0.00582533 0.00851333
 7 0.00523771 0.00731739
 8 0.0049995 0.00640659
 9 0.002148 0.00629744
 10 0.002164 0.00566772
 11 0.00212036 0.00515264
 12 0.00158033 0.00475147
 13 0.000720308 0.00446313
 14 -0.000123714 0.00422338
 15 -6.37333e-05 0.00394225
 16 -0.00114625 0.00384161
 17 -0.00237694 0.00380767
 18 -0.002902 0.00363215
 19 -0.00294821 0.00344128
 20 -0.0024172 0.00330993
 1 -0.008536 0
 2 -0.006926 0.00113844
 3 -0.000286667 0.00547386
 4 -0.005853 0.00633185
 5 -0.001504 0.00638672
 6 -0.00243467 0.00538964
 7 -0.00226057 0.00462251
 8 -0.001472 0.00411141
 9 0.000179111 0.00397231
 10 -0.0020592 0.00415815
 11 0.000583636 0.00454302
 12 -0.00182267 0.00475923
 13 -0.00107569 0.00445137
 14 0.00065 0.00445538
 15 -0.0006872 0.0043544
 16 0.00042125 0.00422098
 17 0.000111529 0.00398403
 18 -0.000870444 0.00388183
 19 -0.000962316 0.00367861
 20 -6.74e-05 0.00360189
 1 0.02258 0
 2 0.021584 0.000704278
 3 0.0149107 0.00546895
 4 0.010987 0.00532639
 5 0.0106864 0.00426958
 6 0.00638133 0.00530131
 7 0.007468 0.00465402
 8 0.006892 0.00410776
 9 0.00397067 0.00457365
 10 0.0028124 0.00426042
 11 0.00153527 0.00406002
 12 0.001873 0.00373571
 13 0.00183692 0.00344852
 14 0.00102257 0.00329695
 15 -0.000560267 0.00343616
 16 0.00015825 0.00329567
 17 -0.000837882 0.00324886
 18 -0.000838222 0.00306837
 19 0.000610947 0.00323102
 20 0.0008918 0.00308165
 1 0.014852 0
 2 -0.000882 0.0111256
 3 -0.00811333 0.00948022
 4 -0.012553 0.00808315
 5 -0.0040224 0.0100016
 6 -0.00599533 0.00852707
 7 -0.005072 0.00735874
 8 -0.0050125 0.00643914
 9 -0.00740356 0.00615162
 10 -0.0058452 0.00573044
 11 -0.00495345 0.00527842
 12 -0.00325267 0.00510522
 13 -0.00357754 0.00472283
 14 -0.00448429 0.00447168
 15 -0.0042568 0.00417935
 16 -0.00408575 0.00392164
 17 -0.00311082 0.00381022
 18 -0.00350778 0.00361916
 19 -0.00226084 0.00363714
 20 -0.0016992 0.00349838
 1 -0.003664 0
 2 0.003226 0.00487197
 3 -0.007784 0.00955839
 4 0.000509 0.0101475
 5 -0.0034832 0.00886861
 6 -0.00305533 0.00740082
 7 -0.00496171 0.00658452
 8 -0.0033505 0.00595532
 9 -0.00267333 0.00533198
 10 -0.0027068 0.00479889
 11 -0.00274764 0.0043628
 12 -0.003121 0.00401517
 13 -0.00390215 0.00378154
 14 -0.00457943 0.00357156
 15 -0.00576107 0.00352351
 16 -0.00496525 0.00339197
 17 -0.00406471 0.00330983
 18 -0.00342578 0.00318702
 19 -0.00409284 0.00308831
 20 -0.0042704 0.00293899
 1 0.016976 0
 2 0.009766 0.00509824
 3 -0.000192 0.00881248
 4 0.001851 0.00684208
 5 0.0016088 0.00547795
 6 0.001358 0.0045707
 7 0.00270343 0.00411099
 8 -6.9e-05 0.0044345
 9 0.000610667 0.00399353
 10 0.0029028 0.00420078
 11 0.00185018 0.00394857
 12 -0.000516667 0.00427037
 13 -0.000697538 0.00394571
 14 -0.000142286 0.00370274
 15 -0.000956267 0.00354423
 16 -0.0002145 0.00339945
 17 -0.00112588 0.00331941
 18 -0.00126111 0.00313775
 19 -0.00116484 0.00297408
 20 -0.0013788 0.00283306
 1 -0.007336 0
 2 4.6e-05 0.00521986
 3 -0.003476 0.00451436
 4 0.001477 0.00546467
 5 0.0021912 0.00441816
 6 0.00112133 0.00380913
 7 0.00269029 0.00357351
 8 0.0003395 0.00382262
 9 -0.00127156 0.00372193
 10 0.0019248 0.00451838
 11 0.00390364 0.00452021
 12 0.00492 0.00425626
 13 0.003916 0.00404554
 14 0.00271343 0.00393125
 15 0.00104347 0.00400819
 16 0.00089975 0.00376026
 17 -0.000680471 0.00385684
 18 -0.00152956 0.00373486
 19 -0.00167789 0.00354124
 20 -0.0018664 0.00336919
 1 0.01134 0
 2 0.013432 0.00147927
 3 0.012612 0.00119198
 4 0.006111 0.00570057
 5 0.001992 0.00586265
 6 0.002744 0.00493354
 7 0.00393943 0.00437118
 8 0.004293 0.00383905
 9 0.00466267 0.00343024
 10 0.001696 0.00417755
 11 0.000425455 0.0039863
 12 0.00126767 0.00374202
 13 0.00187046 0.00350239
 14 0.00132829 0.00329392
 15 0.000796533 0.00311695
 16 -0.0003915 0.0031404
 17 0.000928941 0.00322133
 18 0.000631111 0.00305611
 19 0.00105726 0.00292482
 20 4.02e-05 0.00295012
 1 0.003632 0
 2 0.002696 0.000661852
 3 0.00548933 0.00232304
 4 0.002475 0.0031385
 5 0.000344 0.00315231
 6 0.004536 0.00464164
 7 0.00526286 0.00403505
 8 0.0039575 0.00373585
 9 0.000553333 0.00461825
 10 0.0015248 0.00425737
 11 0.00254655 0.00399106
 12 0.000166667 0.00431002
 13 -0.000567077 0.00404045
 14 -0.000294857 0.00376101
 15 0.0003536 0.00356574
 16 0.0015075 0.00352464
 17 0.00149106 0.00331735
 18 0.00209 0.00318666
 19 0.00224737 0.00302283
 20 0.0021772 0.0028725
 1 -0.001872 0
 2 -0.01094 0.00641204
 3 -0.009656 0.00440138
 4 -0.004712 0.0054064
 5 -0.00012 0.00596455
 6 0.000792667 0.0050398
 7 0.00255943 0.00461914
 8 0.002273 0.00405062
 9 0.00324667 0.00371573
 10 0.0011644 0.00388402
 11 0.000903273 0.0035397
 12 -4.46667e-05 0.00336926
 13 0.000252615 0.00312318
 14 -0.000376857 0.00296285
 15 -0.0005664 0.00277138
 16 0.00021825 0.00270697
 17 0.000581412 0.00257198
 18 0.000131333 0.00246816
 19 0.00119663 0.00255784
 20 0.0010766 0.00243277
 1 0.011512 0
 2 0.011044 0.000330926
 3 0.00664267 0.00360044
 4 0.005978 0.002761
 5 0.0052864 0.00229378
 6 0.005756 0.00195897
 7 0.00216914 0.00372116
 8 0.001014 0.00343063
 9 -0.000654222 0.00343116
 10 -0.0002164 0.00311585
 11 0.000493091 0.00291225
 12 0.00073 0.00267918
 13 0.002928 0.00325204
 14 0.002818 0.00302161
 15 0.00274267 0.00282111
 16 0.003056 0.00266213
 17 0.00345576 0.00253537
 18 0.00357356 0.00239725
 19 0.00328821 0.002288
 20 0.003657 0.00220312
 1 0.005284 0
 2 0.001722 0.00251871
 3 0.004044 0.00253258
 4 0.007268 0.00337691
 5 0.007 0.00271214
 6 0.00608533 0.00240942
 7 0.00501486 0.00229071
 8 0.004179 0.00215147
 9 0.005384 0.00222442
 10 0.003462 0.00270787
 11 0.00184727 0.0029035
 12 0.002794 0.00281165
 13 0.00212123 0.00267465
 14 0.00191057 0.00249189
 15 0.0029016 0.00251512
 16 0.0027985 0.00236004
 17 0.00299812 0.00222964
 18 0.00390933 0.00228439
 19 0.00329516 0.00224521
 20 0.0020434 0.00245724
 1 0.00336 0
 2 -0.00333 0.00473054
 3 -0.00351467 0.0031573
 4 -0.003984 0.0024026
 5 -0.0020968 0.00255805
 6 -0.003286 0.00239221
 7 -0.00202057 0.00236156
 8 -0.0022565 0.00207812
 9 -0.00152667 0.00197121
 10 -0.001892 0.00180763
 11 -0.002652 0.00179597
 12 -0.00397167 0.00207527
 13 -0.00336462 0.00200245
 14 -0.00379171 0.00190442
 15 -0.0029688 0.00194715
 16 -0.00288775 0.00182714
 17 -0.00266259 0.00173348
 18 -0.00181311 0.00183354
 19 -0.00183116 0.00173713
 20 -0.0015036 0.00168087
 1 -0.003928 0
 2 -0.008826 0.00346341
 3 -0.0128147 0.00399218
 4 -0.013732 0.00309774
 5 -0.0125152 0.00270664
 6 -0.0129047 0.00228338
 7 -0.0123857 0.00201529
 8 -0.0088805 0.00372293
 9 -0.00731689 0.00362278
 10 -0.006262 0.00341063
 11 -0.00551891 0.00318049
 12 -0.00559567 0.00291638
 13 -0.00508615 0.00273618
 14 -0.00386429 0.0028003
 15 -0.00326693 0.00267657
 16 -0.002024 0.00278295
 17 -0.00173482 0.00263423
 18 -0.00226 0.0025397
 19 -0.00137368 0.00255601
 20 -0.0005172 0.0025677
 1 -0.013392 0
 2 -0.007334 0.00428365
 3 -0.009392 0.00331346
 4 -0.005375 0.00427527
 5 -0.0014872 0.00487748
 6 -0.00112267 0.00407817
 7 -0.00247886 0.00371423
 8 -0.004447 0.00373518
 9 -0.00441689 0.00332028
 10 -0.0025756 0.00346136
 11 -0.00182582 0.00322687
 12 -0.00308967 0.0031959
 13 -0.00253169 0.00299837
 14 -0.00126657 0.00303941
 15 -0.00120907 0.00283732
 16 -0.0022825 0.00285584
 17 -0.002276 0.00268785
 18 -0.00284222 0.00259748
 19 -0.00287158 0.00246094
 20 -0.0032472 0.00236638
 1 -0.005288 0
 2 -0.006968 0.00118794
 3 -0.009 0.00183845
 4 -0.004628 0.00402951
 5 -0.0066928 0.00371516
 6 -0.005926 0.00317411
 7 -0.00497143 0.0028606
 8 -0.003369 0.00291753
 9 -0.00387333 0.00263659
 10 -0.0031908 0.00245969
 11 -0.00242036 0.00235365
 12 -0.00275 0.00218047
 13 -0.00223908 0.00207174
 14 -0.00179943 0.00196985
 15 -0.0019184 0.00184212
 16 -0.0023105 0.00176822
 17 -0.00150729 0.0018376
 18 -0.00170356 0.00174596
 19 -0.00232779 0.00176213
 20 -0.0014302 0.00188885
 1 -0.000528 0
 2 0.00124 0.00125016
 3 -0.00172133 0.00255753
 4 -0.009347 0.00687695
 5 -0.0062056 0.00617753
 6 -0.005192 0.00523043
 7 -0.00696971 0.00477579
 8 -0.004465 0.00479081
 9 -0.00464444 0.00426186
 10 -0.0033392 0.00403059
 11 -0.00326982 0.00366477
 12 -0.003895 0.00341228
 13 -0.00417108 0.00316095
 14 -0.00471171 0.00298104
 15 -0.0047992 0.00278359
 16 -0.00393025 0.00274189
 17 -0.00437482 0.0026164
 18 -0.00470467 0.00249175
 19 -0.00414989 0.00242157
 20 -0.0038398 0.00232026
 1 -0.005036 0
 2 -0.00357 0.00103662
 3 -0.00688667 0.00279484
 4 -0.006755 0.00209923
 5 -0.0074904 0.0018036
 6 -0.00591533 0.00207999
 7 -0.00724686 0.00216754
 8 -0.005714 0.00237761
 9 -0.00504044 0.00220678
 10 -0.0038376 0.00229058
 11 -0.00372 0.00208536
 12 -0.00293567 0.00205379
 13 -0.00367138 0.00202329
 14 -0.004626 0.00209189
 15 -0.0042984 0.00197791
 16 -0.0037445 0.00193029
 17 -0.00368071 0.0018178
 18 -0.00260689 0.0020091
 19 -0.00275979 0.00190916
 20 -0.0029928 0.00182787
 1 0.00132 0
 2 -0.00462 0.00420021
 3 -0.00364267 0.00291163
 4 -0.005512 0.00271835
 5 -0.0011256 0.00448572
 6 -1e-05 0.00387434
 7 -0.00362171 0.00471265
 8 -0.0029695 0.00416846
 9 -0.00237867 0.00374694
 10 -0.0021152 0.00338149
 11 -0.000170909 0.00358979
 12 -0.00108667 0.00340544
 13 -0.000493846 0.00319467
 14 -0.000356 0.00296945
 15 -0.000914133 0.00282345
 16 -0.0018025 0.00278324
 17 -0.00202635 0.00262851
 18 -0.00229311 0.00249598
 19 -0.00222126 0.00236564
 20 -0.0025216 0.00226635
 1 0.022792 0
 2 0.01409 0.00615324
 3 0.002768 0.0101137
 4 -0.001968 0.00862312
 5 -0.0024616 0.00691261
 6 -0.00213133 0.00576839
 7 -0.00295143 0.00500229
 8 -0.0014 0.00461132
 9 -0.00158756 0.00410276
 10 -0.0027852 0.00386334
 11 -0.00242764 0.00352863
 12 -0.00148667 0.0033577
 13 -0.00144369 0.00309969
 14 -0.00129057 0.00288206
 15 -0.00185173 0.00274401
 16 -0.001486 0.00259677
 17 -0.00105129 0.00248014
 18 -0.00123667 0.00234927
 19 -0.00152337 0.00224305
 20 -0.0022184 0.00223599
 1 -0.01442 0
 2 -0.005988 0.00596232
 3 -0.00176133 0.00526398
 4 -0.002429 0.0039901
 5 5.2e-05 0.00388763
 6 -0.00267 0.00408289
 7 -0.00387886 0.00367423
 8 -0.0023105 0.00353386
 9 -0.00282844 0.00317894
 10 -0.0024156 0.00288773
 11 -0.00245309 0.00262545
 12 -0.00345433 0.00259055
 13 -0.00427385 0.00251757
 14 -0.00458314 0.00235667
 15 -0.0039256 0.00228945
 16 -0.0035095 0.00218385
 17 -0.00348541 0.00205552
 18 -0.00366778 0.00194939
 19 -0.00348021 0.0018558
 20 -0.0037838 0.00178767
 1 0.006088 0
 2 -0.003556 0.00681934
 3 -0.000878667 0.00504449
 4 -0.001013 0.00378516
 5 0.000144 0.00320007
 6 0.00270067 0.00354381
 7 0.00243543 0.00304746
 8 0.0040515 0.00306522
 9 0.00266356 0.00302258
 10 0.0027244 0.00272094
 11 0.00329382 0.00253246
 12 0.00161333 0.00282448
 13 0.00114462 0.00264582
 14 0.000447143 0.00254711
 15 0.000312267 0.00238087
 16 -0.0007785 0.00246931
 17 -0.00131294 0.00238119
 18 -0.001154 0.0022542
 19 -0.00105389 0.00213778
 20 -0.0008392 0.00204165
 1 0.011204 0
 2 0.009388 0.00128411
 3 0.00589733 0.00297591
 4 0.007342 0.00255867
 5 0.008348 0.00223598
 6 0.008312 0.0018636
 7 0.00417714 0.00414804
 8 0.003869 0.00364096
 9 0.00233867 0.00354345
 10 0.0019996 0.00320529
 11 0.00149127 0.00295393
 12 0.001455 0.00270799
 13 0.00305785 0.00293597
 14 0.00249257 0.00278014
 15 0.00247013 0.00259489
 16 0.0020245 0.00247068
 17 0.00224894 0.00233552
 18 0.00237467 0.00220915
 19 0.00290653 0.00215595
 20 0.0031468 0.0020615
 1 0.002688 0
 2 0.003612 0.000653367
 3 0.001736 0.00159248
 4 0.003976 0.00227809
 5 0.0023456 0.00233409
 6 0.001752 0.00201914
 7 0.002148 0.0017691
 8 0.0025165 0.00158588
 9 0.00318267 0.00154326
 10 0.00201 0.00177954
 11 0.001824 0.00162745
 12 0.00116833 0.00161853
 13 0.00177538 0.00160383
 14 0.00236629 0.00159442
 15 0.00094 0.0020281
 16 0.00031575 0.0019951
 17 0.000504 0.0018866
 18 0.000808222 0.00180615
 19 0.00215874 0.00215771
 20 0.0016648 0.00210561
 1 -0.001256 0
 2 -0.000538 0.000507703
 3 -0.00115067 0.000603988
 4 0.001138 0.00203315
 5 0.0011568 0.00162661
 6 0.00125267 0.00135833
 7 0.000111429 0.00157223
 8 0.0001365 0.0013759
 9 0.000196 0.00122431
 10 -0.000228 0.001173
 11 0.000884727 0.00150424
 12 -0.000153 0.00169955
 13 0.000486462 0.00168483
 14 0.00159743 0.0018957
 15 0.00159573 0.00176932
 16 0.00107875 0.00173262
 17 0.00119529 0.00163462
 18 0.000679778 0.00162306
 19 0.000291579 0.00158338
 20 0.0011092 0.00170227
 1 -0.009948 0
 2 -0.001466 0.00599768
 3 0.003128 0.00548247
 4 -0.000557 0.00520498
 5 0.0002528 0.00422651
 6 0.00262133 0.0041328
 7 0.00125371 0.00376189
 8 0.0016355 0.00331097
 9 0.001652 0.00294312
 10 0.0016356 0.00264886
 11 0.00221345 0.00247028
 12 0.00212767 0.00226591
 13 0.002212 0.00209318
 14 0.00182114 0.00197982
 15 0.000775467 0.00210595
 16 0.00110525 0.00199998
 17 0.00124188 0.001887
 18 0.00119222 0.00178282
 19 0.000863158 0.00171909
 20 0.0005032 0.00167039
 1 -0.016028 0
 2 -0.006466 0.00676136
 3 -0.00653867 0.00450796
 4 -0.004792 0.00370393
 5 -0.0018184 0.00398172
 6 -0.001768 0.00331842
 7 -0.00129714 0.00287757
 8 -0.0010485 0.00252859
 9 -0.00184311 0.0023692
 10 -0.0020016 0.00213758
 11 -0.000973818 0.00217636
 12 0.000305667 0.00234108
 13 0.000735385 0.00220008
 14 0.000500286 0.00205546
 15 0.000688267 0.001927
 16 0.00135925 0.00191983
 17 0.00169082 0.00183531
 18 0.00168333 0.00173336
 19 0.00184968 0.0016501
 20 0.0013512 0.00164116
 1 -0.003468 0
 2 -0.001252 0.00156695
 3 0.00172667 0.00264693
 4 -0.004246 0.00554036
 5 -0.0046864 0.00444976
 6 -0.00470133 0.00370815
 7 -0.00614514 0.00344806
 8 -0.00493 0.00322407
 9 -0.00279156 0.00350398
 10 -0.0035072 0.00322583
 11 -0.00278909 0.00301145
 12 -0.00222633 0.00281258
 13 -0.00244923 0.00260505
 14 -0.00111971 0.0027373
 15 -0.00113547 0.00255485
 16 -0.00096975 0.00240054
 17 -0.00132588 0.0022856
 18 -0.00140356 0.00215994
 19 -0.000883789 0.00210787
 20 -0.0005584 0.00202744
 1 0.002464 0
 2 -0.003836 0.00445477
 3 -0.00282 0.00308353
 4 0.00028 0.00354342
 5 -0.0020272 0.00350632
 6 -0.001012 0.00306538
 7 0.00161886 0.00358277
 8 0.003207 0.0034691
 9 0.00203289 0.00327631
 10 0.0030172 0.00309301
 11 0.00256691 0.00284442
 12 0.00204033 0.00265568
 13 0.00168431 0.00247514
 14 0.00101057 0.00238828
 15 -7.73333e-05 0.00246442
 16 1e-05 0.00231194
 17 0.000569176 0.00224255
 18 0.000238222 0.00214224
 19 -2.14737e-05 0.00204517
 20 0.0001086 0.00194705
 1 0.003432 0
 2 -0.000528 0.00280014
 3 0.00146667 0.00247735
 4 -0.001365 0.00307668
 5 3.52e-05 0.00276164
 6 -0.000282 0.00231951
 7 -8.4e-05 0.00199659
 8 -0.0018125 0.0023804
 9 -0.00184578 0.00211614
 10 -0.0027792 0.00210033
 11 -0.00324727 0.00196085
 12 -0.00368333 0.0018453
 13 -0.00258031 0.00200611
 14 -0.002204 0.00189778
 15 -0.000954933 0.00214325
 16 -0.000385 0.0020837
 17 -0.000250353 0.00196548
 18 -0.000990222 0.00199067
 19 -0.00117663 0.00189461
 20 -0.000951 0.00181326
 1 -0.00786 0
 2 -0.004818 0.00215102
 3 -0.00278933 0.0021909
 4 -0.001401 0.00203608
 5 0.0019576 0.00341722
 6 0.003764 0.00329067
 7 0.00176686 0.0033726
 8 0.000924 0.00305453
 9 0.00134622 0.00274416
 10 0.0016316 0.00248454
 11 0.00140145 0.00226931
 12 0.00129367 0.00208276
 13 0.00164954 0.00195271
 14 0.00100114 0.00191786
 15 0.0018816 0.00198183
 16 0.00177575 0.00186079
 17 0.00173365 0.00175181
 18 0.00119133 0.0017364
 19 0.000929263 0.00166467
 20 0.0003224 0.00168843
 1 0.006088 0
 2 0.007968 0.00132936
 3 0.0111413 0.00273839
 4 0.011364 0.00206283
 5 0.00866 0.00292791
 6 0.00736467 0.00271136
 7 0.00714857 0.00233262
 8 0.0062465 0.00220859
 9 0.00652667 0.00198088
 10 0.0062288 0.00180505
 11 0.00493164 0.00205485
 12 0.00521767 0.00190341
 13 0.00434 0.00194887
 14 0.00415343 0.00181857
 15 0.00477947 0.00180187
 16 0.0045115 0.00170906
 17 0.00440188 0.00161204
 18 0.00477222 0.00156444
 19 0.00416484 0.00159566
 20 0.003678 0.00158841
 1 7.2e-05 0
 2 -0.003738 0.00269408
 3 -0.00302 0.00188931
 4 0.002283 0.00480616
 5 0.0028504 0.00387828
 6 -4.6e-05 0.00417566
 7 0.000179429 0.00358521
 8 0.0009785 0.00322488
 9 0.00160444 0.00292668
 10 0.001136 0.00267124
 11 -0.000865091 0.00308828
 12 -0.001588 0.0029143
 13 -0.00217815 0.00274923
 14 -0.00221686 0.00255313
 15 -0.0020048 0.00239171
 16 -0.00238025 0.00227151
 17 -0.00204988 0.00216178
 18 -0.00183978 0.00205186
 19 -0.00176505 0.00194523
 20 -0.001672 0.00185019
 1 -0.006764 0
 2 -0.004938 0.00129118
 3 -0.00344533 0.00149209
 4 -0.002493 0.00139015
 5 -0.0026656 0.00112278
 6 -0.00470533 0.00208388
 7 -0.003972 0.00191086
 8 -0.0052885 0.00207656
 9 -0.00461689 0.00195142
 10 -0.0052768 0.00186453
 11 -0.00430509 0.0019317
 12 -0.00456067 0.00178756
 13 -0.00303108 0.0022096
 14 -0.00295886 0.00205295
 15 -0.0029824 0.00191623
 16 -0.002145 0.00197096
 17 -0.00169529 0.00190563
 18 -0.00144089 0.00181667
 19 -0.00223684 0.00188739
 20 -0.0018762 0.00182715
 1 0.005724 0
 2 -0.002222 0.00561867
 3 -0.001332 0.00381562
 4 -0.001431 0.002863
 5 0.000496 0.00286646
 6 0.00113133 0.00245812
 7 0.00119257 0.00210772
 8 0.0023545 0.0021407
 9 0.000408444 0.00264332
 10 0.0011024 0.0024684
 11 0.000317091 0.00236563
 12 0.000176 0.0021727
 13 0.000514769 0.0020318
 14 0.000722286 0.00189724
 15 -0.000208533 0.00198601
 16 0.0001105 0.00188734
 17 -0.000177882 0.00179822
 18 0.000168889 0.00173143
 19 0.000809053 0.00175466
 20 0.0014992 0.00179753
 1 -0.0056 0
 2 -0.002632 0.00209869
 3 -0.00432933 0.00196931
 4 -0.000384 0.00372233
 5 0.0001032 0.00300958
 6 1.93333e-05 0.00250915
 7 -0.000584 0.00222205
 8 -0.001118 0.00200744
 9 -0.00156578 0.00183365
 10 -0.0004584 0.0019563
 11 -0.00104582 0.00186456
 12 -0.000418333 0.00181169
 13 -0.000911077 0.00173804
 14 -0.000651143 0.00163322
 15 0.000166667 0.00171693
 16 0.00113925 0.00186485
 17 0.00165835 0.00182597
 18 0.00134556 0.00175112
 19 0.00142947 0.00166096
 20 0.0014604 0.0015782
 1 0.000552 0
 2 -0.002952 0.0024777
 3 -0.00448267 0.00207133
 4 -0.008929 0.0041522
 5 -0.005992 0.00423496
 6 -0.00492133 0.00366197
 7 -0.00628857 0.00338446
 8 -0.0045065 0.00339834
 9 -0.00479644 0.00303309
 10 -0.0029928 0.00322173
 11 -0.00288509 0.00293064
 12 -0.00300967 0.00268907
 13 -0.00347815 0.0025227
 14 -0.00369286 0.00235162
 15 -0.00327733 0.00223126
 16 -0.003023 0.00210625
 17 -0.00318824 0.00198882
 18 -0.00316178 0.00187851
 19 -0.00243032 0.00191677
 20 -0.0022534 0.00182907
 1 -0.020452 0
 2 -0.007518 0.00914572
 3 -0.00630933 0.0061765
 4 -0.006315 0.00463237
 5 -0.0053936 0.00379643
 6 -0.003052 0.00381814
 7 -0.00282514 0.00327942
 8 -0.0027915 0.00286967
 9 -0.00149467 0.00282871
 10 0.0001196 0.00297095
 11 0.000696 0.00275621
 12 0.000485667 0.00253454
 13 -0.000126154 0.00241229
 14 -0.000667714 0.00229997
 15 -0.000742933 0.00214787
 16 -0.000983 0.002027
 17 -0.000433412 0.00198087
 18 -0.000913111 0.00192803
 19 -0.000396 0.00189463
 20 -0.0004482 0.00180062
 1 -0.00726 0
 2 -0.005546 0.00121198
 3 -0.000142667 0.00448518
 4 0.000967 0.00349846
 5 0.0002112 0.00287925
 6 -0.000997333 0.00264086
 7 -0.00287771 0.00285562
 8 -0.0042615 0.00281405
 9 -0.00282711 0.00284354
 10 -0.0033288 0.00260307
 11 -0.00449164 0.00261328
 12 -0.00383033 0.00247777
 13 -0.00425538 0.00232334
 14 -0.00360971 0.00224532
 15 -0.0034816 0.00209928
 16 -0.00366625 0.00197618
 17 -0.00362918 0.00186028
 18 -0.00287378 0.00190414
 19 -0.00296589 0.00180615
 20 -0.0025206 0.00176988
 1 -0.004836 0
 2 -0.004744 6.50538e-05
 3 -0.00349733 0.00101882
 4 -0.005067 0.00155941
 5 -0.0032008 0.00208386
 6 -0.00295533 0.00175095
 7 -0.001804 0.00184083
 8 -0.001983 0.0016194
 9 -0.00190444 0.00144137
 10 -0.001834 0.00129896
 11 -0.00129309 0.00128858
 12 -0.000258667 0.00154146
 13 0.000728923 0.00171024
 14 0.000334571 0.00163291
 15 0.0009232 0.00162669
 16 0.00156525 0.00164686
 17 0.001452 0.00155387
 18 0.00151644 0.00146888
 19 0.00163326 0.00139621
 20 0.0015144 0.00133145
