-0.283379
-0.289077
-0.294556
-0.299534
-0.303863
-0.30753
-0.310538
-0.312978
-0.314943
-0.31654
-0.317848
-0.318975
-0.319991
-0.320952
-0.321902
-0.322879
-0.323901
-0.324976
-0.32609
-0.327206
-0.328309
-0.329344
-0.330206
-0.33082
-0.331065
-0.330771
-0.329786
-0.32795
-0.325135
-0.321296
-0.316507
-0.311069
-0.305474
-0.300442
-0.296778
-0.295204
-0.296096
-0.299373
-0.304507
-0.310602
-0.316708
-0.321993
-0.325902
-0.328113
-0.328488
-0.327047
-0.323866
-0.319033
-0.312746
-0.305313
-0.297195
-0.289018
-0.281525
-0.275423
-0.271325
-0.269648
-0.270546
-0.273757
-0.278665
-0.284468
-0.29043
-0.296083
-0.301231
-0.305874
-0.310052
-0.313795
-0.31707
-0.319821
-0.322045
-0.323709
-0.324843
-0.32551
-0.325752
-0.325647
-0.325262
-0.324651
-0.323894
-0.323062
-0.322202
-0.321372
-0.320634
-0.320024
-0.319592
-0.319362
-0.319351
-0.31958
-0.32003
-0.320676
-0.321484
-0.322429
-0.323458
-0.324514
-0.325562
-0.326558
-0.32748
-0.32832
-0.329055
-0.32971
-0.330284
-0.330808
