1.8037
1.80941
1.81488
1.81985
1.82418
1.82784
1.83085
1.8333
1.83526
1.83686
1.83818
1.83931
1.84032
1.84129
1.84224
1.84322
1.84424
1.84531
1.84642
1.84754
1.84864
1.84967
1.85054
1.85116
1.85139
1.8511
1.85012
1.84828
1.84547
1.84163
1.83685
1.8314
1.8258
1.82077
1.81711
1.81553
1.81642
1.81971
1.82484
1.83093
1.83703
1.84232
1.84623
1.84844
1.84883
1.8474
1.84421
1.83938
1.83309
1.82565
1.81753
1.80936
1.80186
1.79575
1.79165
1.78997
1.79087
1.79408
1.79899
1.80479
1.81075
1.81641
1.82156
1.82621
1.83039
1.83412
1.83739
1.84015
1.84237
1.84404
1.84518
1.84584
1.84608
1.84597
1.84558
1.84498
1.84423
1.8434
1.84254
1.84172
1.84098
1.84038
1.83994
1.83972
1.83971
1.83994
1.84039
1.84104
1.84185
1.84279
1.84381
1.84486
1.84591
1.84691
1.84784
1.84868
1.84942
1.85007
1.85064
1.85116
