1 4
2 100
3 64
4 400
5 576
6 576
7 400
8 196
9 196
10 196
11 256
12 400
13 324
14 400
15 400
16 676
17 324
18 324
19 64
20 64
21 100
22 144
23 64
24 196
25 256
26 100
27 144
28 256
29 484
30 324
31 256
32 144
33 400
34 576
35 256
36 256
37 36
38 0
39 4
40 16
41 36
42 100
43 16
44 36
45 64
46 4
47 4
48 36
49 36
50 16
51 16
52 16
53 16
54 4
55 4
56 16
57 4
58 16
59 16
60 64
61 64
62 16
63 100
64 256
65 400
66 484
67 324
68 324
69 324
70 784
71 576
72 484
73 576
74 576
75 576
76 784
77 900
78 1024
79 1764
80 1296
81 1936
82 2304
83 1764
84 1936
85 1296
86 784
87 576
88 400
89 324
90 324
91 324
92 324
93 324
94 196
95 196
96 324
97 324
98 144
99 100
100 196
101 196
102 324
103 400
104 576
105 676
106 1444
107 1444
108 1764
109 1764
110 2116
111 2304
112 2500
113 2500
114 2500
115 1936
116 1936
117 1764
118 1936
119 1600
120 784
121 676
122 900
123 1156
124 1024
125 784
126 676
127 576
128 484
129 676
130 676
131 400
132 676
133 676
134 576
135 400
136 256
137 400
138 400
139 576
140 784
141 676
142 784
143 484
144 324
145 676
146 576
147 324
148 196
149 256
150 16
151 144
152 196
153 256
154 400
155 144
156 144
157 100
158 100
159 36
160 64
161 196
162 144
163 256
164 196
165 144
166 64
167 196
168 144
169 36
170 100
171 144
172 16
173 36
174 100
175 144
176 196
177 64
178 0
179 4
180 36
181 64
182 4
183 4
184 16
185 4
186 36
187 16
188 0
189 0
190 36
191 0
192 36
193 144
194 144
195 144
196 144
197 144
198 64
199 144
200 324
201 256
202 400
203 324
204 256
205 324
206 144
207 144
208 196
209 100
210 100
211 64
212 100
213 64
214 16
215 36
216 100
217 100
218 196
219 144
220 324
221 324
222 256
223 484
224 484
225 256
226 144
227 256
228 196
229 256
230 144
231 36
232 100
233 144
234 36
235 64
236 36
237 4
238 16
239 0
240 36
241 4
242 16
243 4
244 0
245 100
246 196
247 196
248 256
249 64
250 144
251 144
252 100
253 64
254 484
255 484
256 576
257 324
258 256
259 324
260 144
261 16
262 196
263 324
264 484
265 484
266 484
267 400
268 676
269 256
270 256
271 576
272 784
273 1156
274 1156
275 1156
276 1024
277 676
278 784
279 400
280 676
281 400
282 400
283 576
284 676
285 784
286 324
287 144
288 64
289 100
290 400
291 100
292 144
293 196
294 484
295 676
296 400
297 256
298 196
299 36
300 36
301 100
302 100
303 36
304 16
305 36
306 16
307 4
308 4
309 0
310 36
311 0
312 16
313 16
314 4
315 64
316 144
317 144
318 144
319 196
320 576
321 484
322 324
323 484
324 324
325 484
326 484
327 676
328 576
329 484
330 484
331 784
332 900
333 1296
334 900
335 1024
336 1296
337 1156
338 1156
339 1296
340 576
341 484
342 256
343 256
344 196
345 196
346 64
347 100
348 36
349 16
350 36
351 64
352 4
353 16
354 64
355 100
356 36
357 144
358 324
359 196
360 196
361 324
362 400
363 256
364 484
365 676
366 676
367 484
368 676
369 400
370 324
371 256
372 256
373 196
374 36
375 100
376 64
377 0
378 0
379 0
380 4
381 36
382 16
383 16
384 16
385 4
386 4
387 36
388 36
389 0
390 0
391 16
392 16
393 36
394 16
395 64
396 36
397 36
398 36
399 36
400 36
401 16
402 64
403 100
404 144
405 256
406 324
407 196
408 64
409 100
410 16
411 0
412 0
413 4
414 4
415 4
416 4
417 4
418 36
419 144
420 36
421 100
422 4
423 36
424 100
425 144
426 400
427 144
428 196
429 144
430 100
431 256
432 144
433 64
434 4
435 100
436 36
437 144
438 196
439 196
440 196
441 16
442 64
443 64
444 144
445 36
446 100
447 100
448 0
449 4
450 16
451 0
452 36
453 4
454 64
455 100
456 324
457 256
458 196
459 64
460 0
461 64
462 4
463 16
464 64
465 100
466 144
467 196
468 256
469 144
470 64
471 16
472 16
473 4
474 36
475 196
476 196
477 64
478 400
479 484
480 324
481 324
482 144
483 100
484 36
485 36
486 36
487 100
488 4
489 4
490 4
491 36
492 4
493 64
494 36
495 100
496 64
497 256
498 196
499 144
500 36
501 4
502 4
503 16
504 16
505 16
506 16
507 4
508 16
509 36
510 16
511 64
512 144
513 400
514 1024
515 1024
516 1024
517 900
518 900
519 900
520 676
521 576
522 676
523 400
524 256
525 676
526 676
527 676
528 784
529 324
530 400
531 324
532 484
533 400
534 400
535 324
536 196
537 196
538 64
539 16
540 36
541 36
542 16
543 4
544 16
545 4
546 64
547 196
548 16
549 16
550 4
551 36
552 16
553 100
554 100
555 4
556 16
557 4
558 16
559 4
560 4
561 0
562 36
563 36
564 36
565 36
566 16
567 4
568 16
569 144
570 196
571 196
572 256
573 400
574 400
575 484
576 784
577 676
578 484
579 196
580 64
581 16
582 64
583 0
584 4
585 16
586 64
587 36
588 64
589 144
590 144
591 196
592 256
593 400
594 400
595 400
596 324
597 256
598 196
599 256
600 400
601 400
602 576
603 484
604 324
605 100
606 144
607 100
608 4
609 16
610 36
611 16
612 16
613 36
614 36
615 16
616 4
617 0
618 16
619 4
620 4
621 16
622 4
623 64
624 256
625 324
626 100
627 64
628 36
629 144
630 576
631 576
632 400
633 484
634 324
635 256
636 676
637 400
638 256
639 400
640 324
641 100
642 324
643 196
644 196
645 64
646 100
647 196
648 400
649 196
650 196
651 64
652 16
653 0
654 4
655 64
656 256
657 324
658 324
659 400
660 484
661 784
662 900
663 784
664 576
665 576
666 784
667 784
668 400
669 900
670 1024
671 484
672 400
673 100
674 4
675 64
676 144
677 324
678 484
679 400
680 484
681 784
682 900
683 1764
684 1936
685 1444
686 1296
687 1296
688 1156
689 900
690 900
691 676
692 900
693 1296
694 1156
695 1156
696 900
697 1156
698 900
699 900
700 1296
701 1024
702 400
703 400
704 256
705 400
706 324
707 400
708 484
709 784
710 900
711 784
712 676
713 324
714 196
715 144
716 36
717 144
718 196
719 0
720 16
721 4
722 100
723 100
724 400
725 64
726 256
727 400
728 676
729 400
730 256
731 100
732 16
733 16
734 0
735 64
736 196
737 400
738 324
739 256
740 484
741 256
742 196
743 36
744 64
745 144
746 64
747 64
748 144
749 256
750 484
751 676
752 576
753 900
754 784
755 676
756 1156
757 1444
758 1024
759 1444
760 900
761 676
762 900
763 900
764 1024
765 1024
766 676
767 400
768 256
769 196
770 196
771 676
772 1024
773 1156
774 1296
775 1024
776 900
777 900
778 676
779 676
780 900
781 900
782 676
783 784
784 1024
785 1156
786 1296
787 1296
788 784
789 676
790 900
791 1296
792 1024
793 1024
794 576
795 676
796 676
797 900
798 1024
799 1024
800 900
801 484
802 1024
803 1156
804 1296
805 676
806 676
807 900
808 900
809 576
810 324
811 196
812 64
813 64
814 36
815 64
816 0
817 0
818 0
819 4
820 16
821 0
822 64
823 36
824 256
825 144
826 324
827 100
828 144
829 144
830 196
831 576
832 676
833 676
834 784
835 784
836 784
837 484
838 784
839 484
840 484
841 484
842 676
843 676
844 400
845 256
846 100
847 144
848 36
849 16
850 36
851 64
852 16
853 36
854 16
855 36
856 16
857 0
858 16
859 36
860 16
861 196
862 324
863 676
864 576
865 484
866 400
867 196
868 196
869 100
870 400
871 576
872 784
873 1024
874 784
875 900
876 784
877 784
878 784
879 400
880 324
881 16
882 100
883 324
884 324
885 400
886 256
887 324
888 144
889 784
890 676
891 900
892 784
893 900
894 1156
895 1156
896 784
897 484
898 256
899 196
900 100
901 196
902 144
903 576
904 324
905 100
906 100
907 0
908 36
909 36
910 36
911 36
912 0
913 36
914 100
915 100
916 400
917 484
918 484
919 400
920 576
921 484
922 576
923 784
924 676
925 576
926 256
927 324
928 400
929 484
930 576
931 324
932 324
933 196
934 64
935 36
936 4
937 36
938 16
939 16
940 4
941 0
942 0
943 16
944 16
945 0
946 0
947 16
948 0
949 16
950 4
951 4
952 0
953 16
954 36
955 256
956 196
957 144
958 36
959 4
960 64
961 36
962 16
963 0
964 4
965 16
966 0
967 16
968 0
969 0
970 36
971 0
972 100
973 196
974 484
975 256
976 196
977 196
978 64
979 64
980 100
981 36
982 36
983 324
984 400
985 484
986 256
987 324
988 676
989 676
990 484
991 576
992 484
993 900
994 784
995 576
996 784
997 576
998 324
999 196
1000 100
1001 100
1002 144
1003 100
1004 4
1005 64
1006 256
1007 324
1008 144
1009 144
1010 64
1011 0
1012 196
1013 196
1014 144
1015 144
1016 100
1017 100
1018 64
1019 0
1020 64
1021 0
1022 0
1023 4
1024 4
1025 16
1026 36
1027 36
1028 4
1029 16
1030 100
1031 100
1032 4
1033 4
1034 64
1035 16
1036 4
1037 4
1038 36
1039 4
1040 64
1041 64
1042 36
1043 196
1044 324
1045 484
1046 484
1047 400
1048 144
1049 196
1050 256
1051 256
1052 256
1053 400
1054 144
1055 256
1056 196
1057 100
1058 100
1059 36
1060 36
1061 0
1062 16
1063 4
1064 16
1065 64
1066 100
1067 196
1068 400
1069 256
1070 484
1071 400
1072 676
1073 784
1074 676
1075 576
1076 576
1077 576
1078 576
1079 256
1080 784
1081 484
1082 196
1083 256
1084 324
1085 256
1086 400
1087 256
1088 196
1089 196
1090 16
1091 100
1092 144
1093 256
1094 256
1095 144
1096 16
1097 16
1098 36
1099 16
1100 16
1101 100
1102 144
1103 36
1104 100
1105 36
1106 4
1107 4
1108 100
1109 324
1110 144
1111 196
1112 16
1113 100
1114 100
1115 256
1116 256
1117 324
1118 196
1119 196
1120 676
1121 484
1122 324
1123 16
1124 16
1125 64
1126 64
1127 196
1128 16
1129 100
1130 144
1131 100
1132 196
1133 64
1134 36
1135 4
1136 16
1137 36
1138 144
1139 144
1140 256
1141 400
1142 196
1143 144
1144 16
1145 16
1146 36
1147 36
1148 16
1149 16
1150 64
1151 16
1152 16
1153 144
1154 196
1155 400
1156 324
1157 256
1158 100
1159 36
1160 100
1161 4
1162 16
1163 36
1164 64
1165 0
1166 16
1167 36
1168 36
1169 64
1170 36
1171 4
1172 0
1173 0
1174 0
1175 4
1176 16
1177 4
1178 4
1179 64
1180 0
1181 36
1182 4
1183 0
1184 16
1185 16
1186 16
1187 64
1188 64
1189 196
1190 64
1191 100
1192 100
1193 144
1194 256
1195 196
1196 64
1197 64
1198 144
1199 64
1200 144
1201 144
1202 64
1203 400
1204 484
1205 400
1206 144
1207 4
1208 16
1209 36
1210 36
1211 4
1212 16
1213 16
1214 4
1215 4
1216 4
1217 4
1218 16
1219 4
1220 4
1221 100
1222 64
1223 256
1224 64
1225 64
1226 144
1227 324
1228 256
1229 400
1230 484
1231 484
1232 324
1233 400
1234 400
1235 324
1236 400
1237 196
1238 100
1239 64
1240 144
1241 144
1242 256
1243 256
1244 144
1245 144
1246 196
1247 196
1248 196
1249 256
1250 64
1251 36
1252 16
1253 0
1254 0
1255 36
1256 36
1257 16
1258 0
1259 36
1260 64
1261 16
1262 16
1263 36
1264 0
1265 36
1266 100
1267 196
1268 144
1269 100
1270 400
1271 484
1272 784
1273 1156
1274 1296
1275 1444
1276 1444
1277 1024
1278 900
1279 676
1280 400
1281 400
1282 484
1283 256
1284 256
1285 256
1286 196
1287 16
1288 16
1289 64
1290 4
1291 0
1292 36
1293 256
1294 196
1295 196
1296 196
1297 64
1298 144
1299 256
1300 324
1301 484
1302 784
1303 324
1304 256
1305 400
1306 484
1307 324
1308 400
1309 196
1310 64
1311 0
1312 64
1313 36
1314 100
1315 36
1316 4
1317 4
1318 16
1319 64
1320 64
1321 144
1322 256
1323 400
1324 256
1325 256
1326 16
1327 100
1328 144
1329 196
1330 196
1331 4
1332 4
1333 36
1334 100
1335 196
1336 324
1337 256
1338 36
1339 4
1340 16
1341 144
1342 16
1343 64
1344 36
1345 16
1346 144
1347 144
1348 256
1349 256
1350 144
1351 100
1352 36
1353 36
1354 36
1355 36
1356 64
1357 36
1358 4
1359 4
1360 0
1361 36
1362 100
1363 144
1364 400
1365 36
1366 4
1367 144
1368 64
1369 4
1370 16
1371 4
1372 16
1373 100
1374 100
1375 144
1376 4
1377 4
1378 64
1379 0
1380 16
1381 16
1382 64
1383 64
1384 16
1385 64
1386 196
1387 324
1388 256
1389 36
1390 100
1391 100
1392 100
1393 324
1394 324
1395 256
1396 324
1397 400
1398 324
1399 576
1400 400
1401 144
1402 100
1403 100
1404 64
1405 196
1406 100
1407 100
1408 100
1409 100
1410 256
1411 324
1412 64
1413 256
1414 36
1415 64
1416 16
1417 4
1418 4
1419 4
1420 16
1421 16
1422 36
1423 16
1424 16
1425 4
1426 100
1427 16
1428 4
1429 16
1430 4
1431 4
1432 4
1433 100
1434 64
1435 144
1436 324
1437 324
1438 484
1439 484
1440 484
1441 324
1442 256
1443 576
1444 324
1445 144
1446 196
1447 324
1448 324
1449 256
1450 256
1451 196
1452 256
1453 144
1454 256
1455 196
1456 324
1457 324
1458 256
1459 196
1460 676
1461 576
1462 676
1463 484
1464 484
1465 676
1466 484
1467 400
1468 100
1469 64
1470 100
1471 196
1472 36
1473 144
1474 100
1475 256
1476 324
1477 400
1478 484
1479 400
1480 256
1481 324
1482 324
1483 144
1484 100
1485 196
1486 256
1487 196
1488 64
1489 16
1490 36
1491 36
1492 4
1493 4
1494 4
1495 16
1496 36
1497 144
1498 324
1499 400
1500 484
1501 576
1502 576
1503 900
1504 784
1505 784
1506 1156
1507 1444
1508 1024
1509 784
1510 784
1511 676
1512 324
1513 576
1514 900
1515 324
1516 196
1517 400
1518 16
1519 4
1520 36
1521 64
1522 16
1523 100
1524 36
1525 0
1526 36
1527 16
1528 16
1529 16
1530 36
1531 64
1532 100
1533 64
1534 64
1535 64
1536 324
1537 400
1538 256
1539 144
1540 36
1541 196
1542 144
1543 196
1544 256
1545 256
1546 484
1547 484
1548 676
1549 484
1550 400
1551 576
1552 400
1553 484
1554 144
1555 36
1556 36
1557 64
1558 100
1559 36
1560 64
1561 100
1562 196
1563 196
1564 144
1565 100
1566 100
1567 36
1568 16
1569 0
1570 0
1571 4
1572 144
1573 100
1574 144
1575 484
1576 784
1577 484
1578 484
1579 400
1580 256
1581 324
1582 196
1583 484
1584 484
1585 400
1586 256
1587 324
1588 100
1589 144
1590 16
1591 36
1592 16
1593 64
1594 324
1595 324
1596 196
1597 400
1598 676
1599 576
1600 144
1601 324
1602 484
1603 576
1604 900
1605 784
1606 900
1607 576
1608 784
1609 1296
1610 1296
1611 1156
1612 676
1613 484
1614 1156
1615 1296
1616 1296
1617 1444
1618 1156
1619 1156
1620 676
1621 484
1622 324
1623 256
1624 144
1625 100
1626 144
1627 256
1628 484
1629 676
1630 784
1631 1156
1632 784
1633 484
1634 900
1635 784
1636 324
1637 400
1638 324
1639 256
1640 324
1641 196
1642 676
1643 576
1644 484
1645 196
1646 100
1647 64
1648 36
1649 4
1650 144
1651 196
1652 324
1653 576
1654 676
1655 484
1656 576
1657 196
1658 196
1659 144
1660 256
1661 484
1662 400
1663 256
1664 100
1665 100
1666 144
1667 256
1668 196
1669 196
1670 64
1671 16
1672 16
1673 4
1674 0
1675 0
1676 36
1677 100
1678 784
1679 676
1680 484
1681 484
1682 484
1683 484
1684 400
1685 484
1686 676
1687 900
1688 576
1689 676
1690 784
1691 784
1692 676
1693 676
1694 576
1695 400
1696 196
1697 100
1698 144
1699 144
1700 144
1701 36
1702 16
1703 64
1704 100
1705 4
1706 36
1707 16
1708 144
1709 144
1710 64
1711 256
1712 16
1713 4
1714 0
1715 4
1716 64
1717 64
1718 100
1719 256
1720 196
1721 256
1722 324
1723 324
1724 256
1725 324
1726 144
1727 144
1728 196
1729 196
1730 256
1731 100
1732 4
1733 4
1734 36
1735 4
1736 4
1737 0
1738 16
1739 16
1740 16
1741 64
1742 196
1743 256
1744 484
1745 676
1746 144
1747 400
1748 196
1749 256
1750 144
1751 100
1752 64
1753 64
1754 144
1755 324
1756 484
1757 784
1758 1444
1759 784
1760 1024
1761 1296
1762 784
1763 900
1764 676
1765 576
1766 1156
1767 1024
1768 784
1769 784
1770 676
1771 256
1772 100
1773 100
1774 4
1775 4
1776 16
1777 64
1778 4
1779 144
1780 64
1781 100
1782 64
1783 36
1784 4
1785 16
1786 16
1787 4
1788 4
1789 4
1790 144
1791 100
1792 144
1793 196
1794 196
1795 16
1796 4
1797 16
1798 16
1799 0
1800 0
1801 16
1802 4
1803 4
1804 16
1805 16
1806 4
1807 4
1808 4
1809 0
1810 4
1811 144
1812 400
1813 256
1814 256
1815 324
1816 324
1817 196
1818 64
1819 64
1820 0
1821 100
1822 64
1823 324
1824 324
1825 324
1826 324
1827 676
1828 576
1829 784
1830 676
1831 1024
1832 1156
1833 1156
1834 784
1835 324
1836 484
1837 324
1838 256
1839 144
1840 256
1841 144
1842 100
1843 4
1844 16
1845 16
1846 36
1847 196
1848 256
1849 400
1850 256
1851 576
1852 484
1853 400
1854 576
1855 676
1856 676
1857 484
1858 400
1859 400
1860 256
1861 196
1862 100
1863 256
1864 484
1865 196
1866 144
1867 484
1868 484
1869 484
1870 484
1871 484
1872 484
1873 400
1874 576
1875 576
1876 676
1877 784
1878 676
1879 900
1880 1296
1881 1024
1882 784
1883 784
1884 1024
1885 900
1886 1024
1887 900
1888 1024
1889 1296
1890 1444
1891 1296
1892 1296
1893 1296
1894 1600
1895 1600
1896 1296
1897 900
1898 576
1899 900
1900 784
1901 784
1902 400
1903 144
1904 64
1905 64
1906 100
1907 144
1908 256
1909 324
1910 100
1911 144
1912 400
1913 324
1914 16
1915 100
1916 196
1917 256
1918 144
1919 400
1920 484
1921 576
1922 900
1923 784
1924 676
1925 324
1926 484
1927 256
1928 400
1929 484
1930 676
1931 324
1932 1024
1933 1444
1934 1764
1935 1600
1936 1156
1937 1600
1938 1444
1939 1764
1940 2500
1941 2500
1942 2116
1943 1936
1944 2116
1945 1936
1946 1296
1947 1024
1948 784
1949 576
1950 484
1951 256
1952 256
1953 196
1954 196
1955 196
1956 324
1957 324
1958 576
1959 784
1960 900
1961 400
1962 1024
1963 1296
1964 1156
1965 1156
1966 1444
1967 1600
1968 1444
1969 1296
1970 1444
1971 1156
1972 900
1973 1024
1974 1156
1975 784
1976 484
1977 784
1978 784
1979 1296
1980 1156
1981 1296
1982 1444
1983 1156
1984 1444
1985 1444
1986 1444
1987 900
1988 484
1989 400
1990 144
1991 256
1992 484
1993 900
1994 1024
1995 1444
1996 1936
1997 2116
1998 2116
1999 1936
2000 1600
2001 1936
2002 1444
2003 1764
2004 1444
2005 1296
2006 1156
2007 1296
2008 1600
2009 1600
2010 784
2011 1024
2012 1296
2013 1296
2014 576
2015 196
2016 324
2017 324
2018 100
2019 324
2020 196
2021 256
2022 484
2023 484
2024 900
2025 1024
2026 784
2027 900
2028 676
2029 676
2030 784
2031 676
2032 324
2033 400
2034 256
2035 324
2036 324
2037 100
2038 100
2039 256
2040 196
2041 100
2042 400
2043 324
2044 484
2045 196
2046 256
2047 400
2048 100
2049 16
2050 16
2051 0
2052 0
2053 4
2054 4
2055 36
2056 100
2057 4
2058 4
2059 4
2060 64
2061 64
2062 36
2063 100
2064 100
2065 144
2066 100
2067 16
2068 16
2069 16
2070 4
2071 100
2072 4
2073 16
2074 4
2075 0
2076 0
2077 16
2078 0
2079 64
2080 196
2081 0
2082 64
2083 64
2084 16
2085 16
2086 16
2087 16
2088 4
2089 64
2090 36
2091 36
2092 4
2093 4
2094 36
2095 196
2096 100
2097 144
2098 256
2099 324
2100 676
2101 400
2102 256
2103 256
2104 196
2105 144
2106 144
2107 196
2108 196
2109 144
2110 196
2111 324
2112 324
2113 676
2114 256
2115 324
2116 256
2117 256
2118 144
2119 64
2120 64
2121 64
2122 36
2123 36
2124 36
2125 16
2126 4
2127 0
2128 4
2129 4
2130 4
2131 4
2132 4
2133 0
2134 36
2135 64
2136 64
2137 16
2138 4
2139 4
2140 64
2141 196
2142 484
2143 484
2144 324
2145 400
2146 256
2147 64
2148 64
2149 16
2150 4
2151 64
2152 144
2153 64
2154 64
2155 196
2156 324
2157 256
2158 256
2159 64
2160 64
2161 64
2162 144
2163 196
2164 324
2165 484
2166 64
2167 100
2168 64
2169 36
2170 36
2171 4
2172 16
2173 64
2174 144
2175 324
2176 324
2177 324
2178 256
2179 324
2180 324
2181 324
2182 256
2183 324
2184 576
2185 576
2186 324
2187 484
2188 324
2189 196
2190 16
2191 16
2192 36
2193 36
2194 64
2195 144
2196 256
2197 256
2198 324
2199 324
2200 400
2201 400
2202 324
2203 576
2204 900
2205 1024
2206 1296
2207 1024
2208 676
2209 576
2210 484
2211 400
2212 100
2213 100
2214 256
2215 256
2216 576
2217 900
2218 900
2219 1024
2220 784
2221 1024
2222 1156
2223 1156
2224 1156
2225 1156
2226 1156
2227 1296
2228 1444
2229 1296
2230 1600
2231 1764
2232 2116
2233 1936
2234 1764
2235 1296
2236 1296
2237 1296
2238 1156
2239 1444
2240 1600
2241 1600
2242 1600
2243 1764
2244 1444
2245 1764
2246 1444
2247 1600
2248 1600
2249 2304
2250 2500
2251 2500
2252 2500
2253 2304
2254 2116
2255 1600
2256 2116
2257 2500
2258 2500
2259 2500
2260 2500
2261 2500
2262 2500
2263 2500
2264 2500
2265 2500
2266 2500
2267 2500
2268 1296
2269 1444
2270 1156
2271 1444
2272 1024
2273 1296
2274 1296
2275 1296
2276 1156
2277 784
2278 324
2279 64
2280 100
2281 144
2282 144
2283 64
2284 324
2285 196
2286 256
2287 196
2288 100
2289 196
2290 324
2291 324
2292 64
2293 36
2294 144
2295 256
2296 256
2297 144
2298 36
2299 36
2300 16
2301 36
2302 196
2303 256
2304 256
2305 144
2306 256
2307 144
2308 196
2309 144
2310 36
2311 16
2312 16
2313 4
2314 36
2315 36
2316 16
2317 4
2318 36
2319 144
2320 144
2321 400
2322 400
2323 324
2324 576
2325 784
2326 676
2327 576
2328 324
2329 676
2330 900
2331 676
2332 484
2333 400
2334 676
2335 576
2336 576
2337 324
2338 324
2339 324
2340 196
2341 324
2342 484
2343 484
2344 256
2345 400
2346 400
2347 400
2348 256
2349 400
2350 324
2351 256
2352 100
2353 100
2354 144
2355 144
2356 256
2357 64
2358 36
2359 16
2360 196
2361 16
2362 16
2363 64
2364 64
2365 100
2366 256
2367 324
2368 400
2369 676
2370 576
2371 1156
2372 676
2373 676
2374 256
2375 16
2376 100
2377 324
2378 324
2379 256
2380 100
2381 36
2382 64
2383 16
2384 16
2385 4
2386 16
2387 36
2388 144
2389 36
2390 4
2391 16
2392 16
2393 196
2394 256
2395 324
2396 196
2397 144
2398 64
2399 36
2400 4
2401 16
2402 16
2403 16
2404 64
2405 144
2406 196
2407 196
2408 324
2409 484
2410 576
2411 784
2412 900
2413 576
2414 900
2415 1024
2416 676
2417 900
2418 784
2419 676
2420 784
2421 1024
2422 676
2423 676
2424 784
2425 900
2426 576
2427 400
2428 400
2429 484
2430 784
2431 1156
2432 784
2433 1024
2434 196
2435 484
2436 256
2437 900
2438 676
2439 784
2440 900
2441 576
2442 676
2443 576
2444 400
2445 400
2446 400
2447 784
2448 576
2449 576
2450 400
2451 576
2452 576
2453 324
2454 484
2455 324
2456 324
2457 400
2458 256
2459 256
2460 100
2461 256
2462 144
2463 196
2464 100
2465 196
2466 324
2467 576
2468 484
2469 484
2470 256
2471 196
2472 196
2473 324
2474 324
2475 400
2476 484
2477 196
2478 144
2479 64
2480 16
2481 4
2482 16
2483 256
2484 484
2485 484
2486 576
2487 400
2488 256
2489 256
2490 324
2491 196
2492 144
2493 196
2494 256
2495 400
2496 144
2497 64
2498 256
2499 324
2500 64
2501 64
2502 256
2503 484
2504 784
2505 1296
2506 484
2507 400
2508 576
2509 676
2510 1024
2511 1444
2512 1600
2513 1444
2514 1600
2515 2116
2516 2304
2517 2304
2518 2116
2519 2500
2520 2304
2521 1936
2522 1600
2523 1764
2524 1764
2525 1024
2526 676
2527 676
2528 676
2529 900
2530 1024
2531 1600
2532 1156
2533 1024
2534 1024
2535 784
2536 784
2537 484
2538 576
2539 484
2540 676
2541 576
2542 900
2543 784
2544 576
2545 676
2546 900
2547 784
2548 784
2549 484
2550 676
2551 256
2552 256
2553 36
2554 16
2555 196
2556 100
2557 324
2558 324
2559 100
2560 100
2561 4
2562 0
2563 100
2564 64
2565 64
2566 144
2567 144
2568 100
2569 196
2570 64
2571 64
2572 64
2573 36
2574 36
2575 64
2576 144
2577 576
2578 484
2579 784
2580 1024
2581 1156
2582 900
2583 900
2584 784
2585 1156
2586 784
2587 900
2588 784
2589 1156
2590 1156
2591 784
2592 676
2593 784
2594 1156
2595 900
2596 484
2597 676
2598 784
2599 1024
2600 676
2601 784
2602 484
2603 324
2604 676
2605 324
2606 576
2607 900
2608 1024
2609 1156
2610 1024
2611 1296
2612 1024
2613 784
2614 784
2615 784
2616 1444
2617 1296
2618 1764
2619 1936
2620 2116
2621 2304
2622 2116
2623 2116
2624 2116
2625 2304
2626 2304
2627 2500
2628 2304
2629 2500
2630 2500
2631 2500
2632 2500
2633 2500
2634 2500
2635 2500
2636 2500
2637 1156
2638 1156
2639 1024
2640 1156
2641 900
2642 784
2643 484
2644 484
2645 256
2646 324
2647 256
2648 576
2649 900
2650 1156
2651 1296
2652 900
2653 1156
2654 1296
2655 1444
2656 1444
2657 1600
2658 2116
2659 2116
2660 1936
2661 1764
2662 1936
2663 1444
2664 1444
2665 1444
2666 1024
2667 1024
2668 576
2669 784
2670 900
2671 1156
2672 1444
2673 1764
2674 2304
2675 1764
2676 2116
2677 2304
2678 1936
2679 1600
2680 1156
2681 784
2682 676
2683 576
2684 576
2685 784
2686 1024
2687 784
2688 676
2689 576
2690 484
2691 484
2692 576
2693 400
2694 900
2695 256
2696 196
2697 100
2698 64
2699 16
2700 16
2701 16
2702 4
2703 0
2704 144
2705 144
2706 36
2707 16
2708 0
2709 0
2710 16
2711 36
2712 64
2713 100
2714 144
2715 100
2716 100
2717 64
2718 64
2719 36
2720 16
2721 100
2722 36
2723 64
2724 100
2725 144
2726 324
2727 400
2728 196
2729 64
2730 64
2731 16
2732 64
2733 144
2734 256
2735 196
2736 100
2737 16
2738 36
2739 64
2740 100
2741 100
2742 324
2743 324
2744 256
2745 324
2746 676
2747 900
2748 1024
2749 1156
2750 1444
2751 1296
2752 900
2753 1024
2754 1156
2755 784
2756 1444
2757 2116
2758 2116
2759 2500
2760 2500
2761 2500
2762 2500
2763 2304
2764 2500
2765 2500
2766 2500
2767 2500
2768 2500
2769 1600
2770 1600
2771 1764
2772 1600
2773 1600
2774 1296
2775 484
2776 784
2777 576
2778 900
2779 576
2780 676
2781 1156
2782 1600
2783 1156
2784 900
2785 784
2786 484
2787 484
2788 324
2789 400
2790 324
2791 64
2792 4
2793 16
2794 36
2795 64
2796 100
2797 256
2798 256
2799 324
2800 400
2801 484
2802 784
2803 676
2804 576
2805 676
2806 400
2807 676
2808 676
2809 676
2810 900
2811 484
2812 324
2813 400
2814 324
2815 400
2816 576
2817 576
2818 144
2819 100
2820 4
2821 4
2822 100
2823 144
2824 196
2825 100
2826 324
2827 484
2828 484
2829 400
2830 256
2831 400
2832 484
2833 324
2834 256
2835 64
2836 16
2837 4
2838 16
2839 16
2840 16
2841 16
2842 16
2843 64
2844 4
2845 4
2846 4
2847 4
2848 0
2849 0
2850 36
2851 36
2852 64
2853 144
2854 64
2855 36
2856 0
2857 16
2858 0
2859 36
2860 64
2861 64
2862 36
2863 16
2864 4
2865 36
2866 4
2867 64
2868 36
2869 0
2870 4
2871 4
2872 64
2873 144
2874 324
2875 324
2876 196
2877 100
2878 196
2879 484
2880 324
2881 196
2882 0
2883 36
2884 4
2885 4
2886 0
2887 0
2888 36
2889 144
2890 484
2891 324
2892 324
2893 324
2894 324
2895 400
2896 484
2897 576
2898 324
2899 256
2900 144
2901 64
2902 64
2903 36
2904 100
2905 16
2906 64
2907 36
2908 36
2909 4
2910 16
2911 0
2912 16
2913 196
2914 256
2915 64
2916 16
2917 4
2918 36
2919 144
2920 400
2921 256
2922 400
2923 484
2924 196
2925 64
2926 100
2927 64
2928 16
2929 16
2930 64
2931 4
2932 36
2933 4
2934 16
2935 16
2936 100
2937 196
2938 324
2939 256
2940 196
2941 256
2942 784
2943 1024
2944 1024
2945 784
2946 576
2947 784
2948 1024
2949 576
2950 400
2951 400
2952 256
2953 256
2954 484
2955 484
2956 400
2957 676
2958 400
2959 400
2960 576
2961 324
2962 196
2963 400
2964 324
2965 324
2966 324
2967 256
2968 400
2969 576
2970 324
2971 256
2972 196
2973 324
2974 324
2975 576
2976 100
2977 36
2978 144
2979 64
2980 100
2981 64
2982 36
2983 0
2984 0
2985 4
2986 100
2987 36
2988 144
2989 144
2990 196
2991 324
2992 784
2993 900
2994 900
2995 784
2996 400
2997 324
2998 484
2999 784
3000 576
3001 576
3002 484
3003 676
3004 784
3005 1156
3006 1024
3007 1156
3008 1024
3009 784
3010 484
3011 324
3012 256
3013 144
3014 64
3015 144
3016 400
3017 256
3018 144
3019 100
3020 64
3021 36
3022 16
3023 196
3024 256
3025 256
3026 400
3027 256
3028 256
3029 144
3030 144
3031 144
3032 144
3033 144
3034 144
3035 400
3036 324
3037 400
3038 196
3039 196
3040 144
3041 64
3042 144
3043 196
3044 144
3045 256
3046 484
3047 144
3048 400
3049 400
3050 400
3051 324
3052 400
3053 576
3054 676
3055 400
3056 576
3057 400
3058 576
3059 676
3060 484
3061 576
3062 576
3063 484
3064 784
3065 676
3066 784
3067 576
3068 256
3069 324
3070 256
3071 484
3072 324
3073 400
3074 484
3075 676
3076 784
3077 784
3078 676
3079 484
3080 676
3081 676
3082 676
3083 576
3084 576
3085 676
3086 676
3087 576
3088 676
3089 484
3090 576
3091 676
3092 1024
3093 784
3094 576
3095 484
3096 784
3097 900
3098 676
3099 484
3100 400
3101 676
3102 676
3103 324
3104 400
3105 400
3106 324
3107 4
3108 64
3109 64
3110 196
3111 196
3112 144
3113 36
3114 36
3115 16
3116 64
3117 100
3118 196
3119 4
3120 36
3121 4
3122 0
3123 0
3124 196
3125 144
3126 64
3127 324
3128 324
3129 100
3130 100
3131 196
3132 144
3133 196
3134 144
3135 256
3136 196
3137 196
3138 196
3139 256
3140 196
3141 64
3142 36
3143 144
3144 196
3145 196
3146 196
3147 0
3148 196
3149 196
3150 324
3151 484
3152 576
3153 324
3154 36
3155 64
3156 196
3157 484
3158 784
3159 900
3160 576
3161 324
3162 484
3163 324
3164 324
3165 400
3166 784
3167 400
3168 484
3169 400
3170 576
3171 676
3172 900
3173 484
3174 900
3175 784
3176 484
3177 900
3178 676
3179 1296
3180 1444
3181 1296
3182 1156
3183 1296
3184 1156
3185 1156
3186 1296
3187 1024
3188 1156
3189 1156
3190 1156
3191 1156
3192 1444
3193 1764
3194 1764
3195 1444
3196 1764
3197 1600
3198 1600
3199 1764
3200 2500
3201 2500
3202 2500
3203 2500
3204 1936
3205 1936
3206 1936
3207 1600
3208 1444
3209 1156
3210 1024
3211 1024
3212 1024
3213 1444
3214 1156
3215 1024
3216 1600
3217 1936
3218 2116
3219 2500
3220 2500
3221 2500
3222 2500
3223 2500
3224 2304
3225 2500
3226 2304
3227 2116
3228 2116
3229 2304
3230 2500
3231 2500
3232 2500
3233 2500
3234 2500
3235 1936
3236 1764
3237 1444
3238 1296
3239 1296
3240 1156
3241 1156
3242 1444
3243 1600
3244 1156
3245 1444
3246 1024
3247 1156
3248 784
3249 1024
3250 1296
3251 1296
3252 1024
3253 1296
3254 676
3255 676
3256 676
3257 1156
3258 1600
3259 1936
3260 1936
3261 1600
3262 2116
3263 2500
3264 2500
3265 2500
3266 2500
3267 2500
3268 1936
3269 1600
3270 1764
3271 1600
3272 1156
3273 1296
3274 900
3275 900
3276 784
3277 676
3278 484
3279 400
3280 676
3281 900
3282 484
3283 484
3284 400
3285 784
3286 900
3287 576
3288 784
3289 576
3290 256
3291 100
3292 36
3293 4
3294 16
3295 0
3296 36
3297 100
3298 36
3299 144
3300 16
3301 36
3302 64
3303 36
3304 100
3305 64
3306 256
3307 144
3308 36
3309 36
3310 0
3311 4
3312 0
3313 4
3314 16
3315 64
3316 144
3317 400
3318 576
3319 256
3320 196
3321 144
3322 100
3323 100
3324 144
3325 16
3326 256
3327 196
3328 324
3329 400
3330 256
3331 324
3332 576
3333 784
3334 576
3335 676
3336 576
3337 484
3338 324
3339 196
3340 196
3341 256
3342 256
3343 256
3344 256
3345 144
3346 324
3347 256
3348 256
3349 400
3350 484
3351 324
3352 400
3353 576
3354 484
3355 256
3356 400
3357 400
3358 196
3359 64
3360 100
3361 256
3362 100
3363 16
3364 16
3365 100
3366 100
3367 196
3368 100
3369 144
3370 196
3371 100
3372 100
3373 100
3374 16
3375 100
3376 144
3377 256
3378 196
3379 64
3380 100
3381 256
3382 400
3383 196
3384 64
3385 64
3386 144
3387 256
3388 256
3389 144
3390 36
3391 64
3392 36
3393 100
3394 4
3395 4
3396 36
3397 36
3398 100
3399 196
3400 484
3401 484
3402 576
3403 484
3404 256
3405 400
3406 484
3407 400
3408 576
3409 484
3410 256
3411 484
3412 576
3413 784
3414 676
3415 484
3416 484
3417 324
3418 484
3419 144
3420 196
3421 256
3422 144
3423 256
3424 144
3425 64
3426 100
3427 196
3428 256
3429 196
3430 144
3431 324
3432 196
3433 196
3434 484
3435 1156
3436 1444
3437 1296
3438 484
3439 1024
3440 1156
3441 1600
3442 2304
3443 2304
3444 2500
3445 2304
3446 2116
3447 2304
3448 2116
3449 2304
3450 2116
3451 2500
3452 2304
3453 2116
3454 2116
3455 2304
3456 1936
3457 1296
3458 1024
3459 1024
3460 1444
3461 1444
3462 1444
3463 1444
3464 2304
3465 2304
3466 2500
3467 2500
3468 2500
3469 2500
3470 2500
3471 2304
3472 2304
3473 2304
3474 2500
3475 2500
3476 2500
3477 1936
3478 1936
3479 1936
3480 1936
3481 1936
3482 2304
3483 2116
3484 2304
3485 2304
3486 2500
3487 2304
3488 2500
3489 2116
3490 2304
3491 2500
3492 2500
3493 2116
3494 2304
3495 2304
3496 1444
3497 1296
3498 1024
3499 1156
3500 900
3501 484
3502 1156
3503 900
3504 576
3505 900
3506 900
3507 1156
3508 1024
3509 1024
3510 1156
3511 1156
3512 1444
3513 1296
3514 1444
3515 1600
3516 900
3517 784
3518 676
3519 784
3520 400
3521 324
3522 676
3523 676
3524 576
3525 324
3526 144
3527 144
3528 36
3529 4
3530 64
3531 36
3532 144
3533 100
3534 16
3535 324
3536 676
3537 1156
3538 1764
3539 1764
3540 1764
3541 1764
3542 1600
3543 1296
3544 1156
3545 1024
3546 1600
3547 1600
3548 1024
3549 1024
3550 576
3551 484
3552 576
3553 576
3554 400
3555 324
3556 196
3557 324
3558 256
3559 196
3560 676
3561 676
3562 676
3563 576
3564 484
3565 576
3566 484
3567 484
3568 256
3569 324
3570 256
3571 324
3572 100
3573 196
3574 64
3575 64
3576 0
3577 4
3578 0
3579 4
3580 4
3581 64
3582 36
3583 36
3584 4
3585 0
3586 196
3587 324
3588 196
3589 64
3590 100
3591 36
3592 36
3593 100
3594 64
3595 64
3596 256
3597 484
3598 400
3599 400
3600 256
3601 576
3602 900
3603 484
3604 676
3605 784
3606 676
3607 1156
3608 900
3609 1296
3610 1600
3611 1600
3612 1764
3613 1936
3614 2116
3615 1764
3616 1936
3617 1024
3618 900
3619 676
3620 576
3621 676
3622 324
3623 324
3624 400
3625 576
3626 324
3627 144
3628 576
3629 484
3630 484
3631 256
3632 100
3633 196
3634 400
3635 324
3636 576
3637 676
3638 784
3639 784
3640 900
3641 576
3642 144
3643 100
3644 100
3645 4
3646 16
3647 4
3648 144
3649 100
3650 196
3651 144
3652 144
3653 144
3654 256
3655 196
3656 36
3657 0
3658 4
3659 64
3660 0
3661 16
3662 144
3663 144
3664 324
3665 400
3666 196
3667 64
3668 576
3669 400
3670 256
3671 400
3672 196
3673 484
3674 400
3675 256
3676 196
3677 196
3678 256
3679 484
3680 484
3681 400
3682 144
3683 16
3684 16
3685 36
3686 0
3687 16
3688 16
3689 4
3690 36
3691 36
3692 4
3693 16
3694 4
3695 0
3696 4
3697 16
3698 4
3699 0
3700 36
3701 16
3702 36
3703 16
3704 36
3705 4
3706 36
3707 64
3708 144
3709 36
3710 4
3711 0
3712 16
3713 16
3714 0
3715 16
3716 16
3717 16
3718 64
3719 144
3720 144
3721 324
3722 256
3723 196
3724 324
3725 484
3726 400
3727 484
3728 400
3729 256
3730 256
3731 256
3732 256
3733 100
3734 64
3735 36
3736 100
3737 256
3738 324
3739 324
3740 400
3741 676
3742 900
3743 900
3744 784
3745 900
3746 1024
3747 784
3748 784
3749 1156
3750 1444
3751 900
3752 1156
3753 900
3754 576
3755 576
3756 400
3757 784
3758 900
3759 1600
3760 1296
3761 1156
3762 1444
3763 900
3764 1156
3765 1156
3766 1296
3767 1444
3768 1156
3769 676
3770 484
3771 576
3772 484
3773 400
3774 576
3775 900
3776 900
3777 1024
3778 1444
3779 1936
3780 1764
3781 1600
3782 1444
3783 1156
3784 576
3785 784
3786 576
3787 324
3788 324
3789 324
3790 100
3791 36
3792 36
3793 0
3794 0
3795 64
3796 256
3797 484
3798 484
3799 400
3800 576
3801 676
3802 784
3803 1444
3804 1764
3805 1936
3806 1764
3807 1764
3808 1600
3809 1156
3810 676
3811 400
3812 1024
3813 1156
3814 1156
3815 676
3816 676
3817 576
3818 576
3819 324
3820 400
3821 400
3822 400
3823 256
3824 64
3825 36
3826 36
3827 144
3828 64
3829 16
3830 16
3831 36
3832 16
3833 144
3834 144
3835 144
3836 64
3837 64
3838 144
3839 144
3840 484
3841 784
3842 676
3843 400
3844 484
3845 784
3846 676
3847 484
3848 400
3849 256
3850 324
3851 324
3852 324
3853 400
3854 256
3855 196
3856 196
3857 0
3858 64
3859 4
3860 36
3861 100
3862 36
3863 100
3864 36
3865 144
3866 144
3867 256
3868 196
3869 144
3870 196
3871 400
3872 484
3873 1156
3874 1156
3875 1296
3876 1156
3877 1296
3878 2116
3879 2304
3880 2500
3881 2500
3882 2116
3883 1444
3884 900
3885 256
3886 256
3887 196
3888 64
3889 16
3890 36
3891 0
3892 4
3893 100
3894 16
3895 64
3896 36
3897 16
3898 64
3899 144
3900 256
3901 576
3902 484
3903 484
3904 900
3905 1156
3906 900
3907 1156
3908 1024
3909 1024
3910 1156
3911 900
3912 784
3913 676
3914 324
3915 484
3916 256
3917 144
3918 400
3919 576
3920 324
3921 676
3922 576
3923 676
3924 576
3925 484
3926 676
3927 576
3928 484
3929 400
3930 576
3931 784
3932 484
3933 64
3934 256
3935 196
3936 36
3937 36
3938 36
3939 64
3940 100
3941 256
3942 256
3943 400
3944 484
3945 484
3946 676
3947 784
3948 576
3949 576
3950 784
3951 784
3952 1024
3953 676
3954 484
3955 484
3956 576
3957 400
3958 1156
3959 676
3960 1156
3961 676
3962 676
3963 676
3964 576
3965 576
3966 256
3967 324
3968 484
3969 484
3970 676
3971 676
3972 676
3973 784
3974 784
3975 784
3976 900
3977 784
3978 576
3979 400
3980 484
3981 576
3982 400
3983 196
3984 196
3985 256
3986 324
3987 484
3988 144
3989 196
3990 100
3991 64
3992 36
3993 0
3994 144
3995 100
3996 64
3997 36
3998 4
3999 4
4000 4
4001 4
4002 4
4003 0
4004 4
4005 0
4006 4
4007 4
4008 324
4009 400
4010 324
4011 484
4012 484
4013 324
4014 484
4015 784
4016 900
4017 484
4018 484
4019 484
4020 784
4021 1156
4022 1024
4023 1296
4024 900
4025 1296
4026 1156
4027 784
4028 1024
4029 1024
4030 900
4031 576
4032 484
4033 256
4034 144
4035 256
4036 196
4037 144
4038 324
4039 324
4040 400
4041 1024
4042 1296
4043 1600
4044 1936
4045 1296
4046 900
4047 1444
4048 1444
4049 1296
4050 2116
4051 2304
4052 2116
4053 1936
4054 1936
4055 2304
4056 2304
4057 2304
4058 1936
4059 1600
4060 1600
4061 1296
4062 900
4063 576
4064 676
4065 676
4066 1156
4067 784
4068 900
4069 676
4070 1024
4071 576
4072 676
4073 676
4074 400
4075 576
4076 400
4077 484
4078 576
4079 676
4080 900
4081 784
4082 484
4083 256
4084 484
4085 784
4086 1024
4087 784
4088 1156
4089 784
4090 400
4091 64
4092 144
4093 100
4094 16
4095 36
4096 4
4097 144
4098 36
4099 4
4100 16
4101 16
4102 4
4103 0
4104 36
4105 64
4106 64
4107 36
4108 144
4109 64
4110 100
4111 36
4112 16
4113 64
4114 196
4115 64
4116 36
4117 36
4118 256
4119 196
4120 100
4121 196
4122 256
4123 64
4124 4
4125 16
4126 100
4127 256
4128 324
4129 256
4130 100
4131 0
4132 4
4133 36
4134 4
4135 4
4136 0
4137 16
4138 64
4139 16
4140 64
4141 100
4142 100
4143 196
4144 256
4145 36
4146 4
4147 4
4148 36
4149 16
4150 36
4151 64
4152 144
4153 4
4154 4
4155 4
4156 16
4157 16
4158 36
4159 36
4160 64
4161 196
4162 576
4163 484
4164 196
4165 64
4166 256
4167 36
4168 100
4169 324
4170 324
4171 484
4172 784
4173 400
4174 484
4175 256
4176 100
4177 64
4178 16
4179 100
4180 100
4181 36
4182 100
4183 64
4184 16
4185 196
4186 64
4187 16
4188 100
4189 324
4190 256
4191 100
4192 0
4193 100
4194 256
4195 324
4196 676
4197 676
4198 400
4199 400
4200 576
4201 676
4202 484
4203 324
4204 576
4205 324
4206 324
4207 400
4208 676
4209 676
4210 900
4211 784
4212 1024
4213 1296
4214 1156
4215 1156
4216 1156
4217 1444
4218 1296
4219 1296
4220 784
4221 576
4222 900
4223 576
4224 256
4225 324
4226 256
4227 256
4228 256
4229 256
4230 144
4231 100
4232 100
4233 64
4234 36
4235 36
4236 36
4237 100
4238 64
4239 36
4240 16
4241 36
4242 196
4243 4
4244 36
4245 100
4246 256
4247 324
4248 400
4249 400
4250 400
4251 324
4252 256
4253 324
4254 324
4255 196
4256 196
4257 256
4258 484
4259 484
4260 784
4261 900
4262 784
4263 400
4264 256
4265 324
4266 324
4267 324
4268 324
4269 576
4270 900
4271 676
4272 676
4273 676
4274 1296
4275 1764
4276 1600
4277 1600
4278 2116
4279 1936
4280 2500
4281 2500
4282 2304
4283 2500
4284 2116
4285 2500
4286 2500
4287 2500
4288 2304
4289 2304
4290 1936
4291 1444
4292 1296
4293 1600
4294 1936
4295 2500
4296 2500
4297 2116
4298 1600
4299 1936
4300 1936
4301 1296
4302 1600
4303 1764
4304 1600
4305 1156
4306 1156
4307 1024
4308 1444
4309 1444
4310 1444
4311 1024
4312 1444
4313 1444
4314 1156
4315 1444
4316 1600
4317 1156
4318 900
4319 1024
4320 1024
4321 784
4322 784
4323 784
4324 576
4325 676
4326 484
4327 676
4328 784
4329 576
4330 676
4331 484
4332 484
4333 400
4334 324
4335 196
4336 196
4337 196
4338 144
4339 100
4340 16
4341 144
4342 196
4343 676
4344 900
4345 1296
4346 1024
4347 1444
4348 1296
4349 900
4350 400
4351 484
4352 784
4353 900
4354 900
4355 1296
4356 900
4357 1600
4358 1444
4359 1764
4360 1444
4361 1444
4362 900
4363 784
4364 900
4365 900
4366 576
4367 676
4368 676
4369 400
4370 676
4371 576
4372 576
4373 900
4374 1024
4375 1024
4376 784
4377 784
4378 784
4379 900
4380 784
4381 784
4382 1156
4383 1444
4384 1296
4385 1296
4386 1024
4387 676
4388 400
4389 256
4390 100
4391 100
4392 16
4393 196
4394 100
4395 100
4396 36
4397 16
4398 16
4399 100
4400 16
4401 36
4402 4
4403 0
4404 36
4405 0
4406 0
4407 64
4408 144
4409 64
4410 400
4411 324
4412 484
4413 256
4414 144
4415 144
4416 64
4417 36
4418 144
4419 64
4420 64
4421 144
4422 144
4423 324
4424 144
4425 196
4426 144
4427 100
4428 196
4429 144
4430 400
4431 784
4432 900
4433 676
4434 784
4435 576
4436 784
4437 484
4438 324
4439 400
4440 400
4441 676
4442 784
4443 484
4444 1024
4445 676
4446 400
4447 676
4448 484
4449 100
4450 64
4451 196
4452 484
4453 400
4454 256
4455 144
4456 144
4457 144
4458 576
4459 576
4460 576
4461 400
4462 576
4463 400
4464 324
4465 400
4466 324
4467 324
4468 196
4469 484
4470 100
4471 100
4472 0
4473 36
4474 36
4475 64
4476 36
4477 36
4478 16
4479 0
4480 4
4481 16
4482 16
4483 4
4484 0
4485 16
4486 64
4487 100
4488 256
4489 400
4490 400
4491 400
4492 324
4493 196
4494 144
4495 36
4496 144
4497 100
4498 64
4499 16
4500 4
4501 144
4502 576
4503 784
4504 900
4505 900
4506 1024
4507 676
4508 1156
4509 1296
4510 1156
4511 1444
4512 1156
4513 1444
4514 1764
4515 1764
4516 1764
4517 1296
4518 1600
4519 1156
4520 900
4521 1296
4522 1296
4523 1024
4524 900
4525 576
4526 484
4527 676
4528 400
4529 484
4530 784
4531 484
4532 324
4533 256
4534 256
4535 400
4536 144
4537 144
4538 256
4539 100
4540 100
4541 0
4542 36
4543 64
4544 36
4545 16
4546 0
4547 4
4548 64
4549 64
4550 144
4551 100
4552 16
4553 4
4554 4
4555 4
4556 100
4557 64
4558 144
4559 36
4560 0
4561 0
4562 4
4563 100
4564 100
4565 100
4566 196
4567 484
4568 256
4569 400
4570 324
4571 256
4572 324
4573 256
4574 256
4575 484
4576 100
4577 64
4578 484
4579 676
4580 784
4581 900
4582 1296
4583 784
4584 400
4585 400
4586 400
4587 484
4588 256
4589 100
4590 36
4591 64
4592 100
4593 4
4594 36
4595 16
4596 16
4597 16
4598 16
4599 0
4600 36
4601 4
4602 16
4603 100
4604 324
4605 784
4606 900
4607 1024
4608 784
4609 484
4610 196
4611 196
4612 144
4613 324
4614 400
4615 324
4616 256
4617 256
4618 196
4619 196
4620 196
4621 256
4622 196
4623 256
4624 64
4625 144
4626 64
4627 16
4628 16
4629 100
4630 16
4631 64
4632 100
4633 196
4634 256
4635 576
4636 484
4637 676
4638 576
4639 400
4640 484
4641 784
4642 676
4643 1296
4644 784
4645 676
4646 784
4647 900
4648 784
4649 576
4650 676
4651 784
4652 900
4653 1156
4654 676
4655 324
4656 400
4657 144
4658 324
4659 36
4660 256
4661 64
4662 64
4663 196
4664 144
4665 144
4666 256
4667 400
4668 256
4669 256
4670 64
4671 4
4672 36
4673 16
4674 144
4675 100
4676 324
4677 324
4678 100
4679 64
4680 36
4681 64
4682 324
4683 256
4684 196
4685 196
4686 100
4687 100
4688 144
4689 196
4690 196
4691 196
4692 196
4693 144
4694 100
4695 36
4696 64
4697 36
4698 0
4699 100
4700 100
4701 4
4702 4
4703 0
4704 16
4705 16
4706 16
4707 36
4708 4
4709 0
4710 0
4711 4
4712 16
4713 36
4714 100
4715 324
4716 144
4717 36
4718 36
4719 16
4720 36
4721 196
4722 324
4723 144
4724 144
4725 64
4726 64
4727 4
4728 16
4729 16
4730 4
4731 36
4732 64
4733 100
4734 36
4735 36
4736 4
4737 0
4738 4
4739 4
4740 64
4741 16
4742 4
4743 4
4744 16
4745 16
4746 16
4747 64
4748 4
4749 16
4750 16
4751 196
4752 100
4753 36
4754 4
4755 100
4756 64
4757 36
4758 0
4759 100
4760 196
4761 324
4762 324
4763 324
4764 196
4765 36
4766 36
4767 64
4768 144
4769 36
4770 64
4771 144
4772 100
4773 196
4774 324
4775 400
4776 144
4777 100
4778 100
4779 36
4780 16
4781 36
4782 64
4783 196
4784 64
4785 100
4786 36
4787 36
4788 4
4789 0
4790 16
4791 4
4792 0
4793 0
4794 0
4795 16
4796 64
4797 64
4798 64
4799 100
4800 100
4801 100
4802 16
4803 4
4804 16
4805 64
4806 0
4807 36
4808 16
4809 64
4810 36
4811 36
4812 196
4813 144
4814 256
4815 100
4816 64
4817 64
4818 16
4819 36
4820 0
4821 4
4822 4
4823 4
4824 36
4825 144
4826 324
4827 256
4828 196
4829 144
4830 16
4831 16
4832 4
4833 64
4834 64
4835 0
4836 64
4837 36
4838 36
4839 0
4840 100
4841 64
4842 144
4843 256
4844 196
4845 196
4846 144
4847 16
4848 36
4849 36
4850 4
4851 0
4852 16
4853 36
4854 144
4855 144
4856 196
4857 400
4858 576
4859 1296
4860 1600
4861 1764
4862 2304
4863 2500
4864 2116
4865 1936
4866 1936
4867 2116
4868 2116
4869 1936
4870 1600
4871 1444
4872 1296
4873 1296
4874 900
4875 784
4876 1024
4877 784
4878 676
4879 676
4880 900
4881 900
4882 676
4883 484
4884 144
4885 100
4886 196
4887 196
4888 400
4889 196
4890 36
4891 16
4892 16
4893 16
4894 144
4895 144
4896 196
4897 400
4898 484
4899 576
4900 196
4901 324
4902 256
4903 324
4904 256
4905 144
4906 16
4907 16
4908 4
4909 4
4910 4
4911 64
4912 64
4913 64
4914 64
4915 16
4916 256
4917 784
4918 784
4919 676
4920 784
4921 900
4922 900
4923 400
4924 576
4925 900
4926 900
4927 1156
4928 1156
4929 1296
4930 900
4931 1024
4932 1156
4933 1600
4934 1764
4935 1936
4936 1764
4937 2304
4938 2500
4939 2500
4940 2500
4941 2304
4942 2116
4943 2500
4944 1936
4945 2116
4946 1764
4947 1296
4948 1764
4949 1600
4950 1600
4951 1600
4952 1156
4953 1024
4954 676
4955 576
4956 484
4957 484
4958 400
4959 784
4960 484
4961 676
4962 676
4963 784
4964 784
4965 196
4966 36
4967 100
4968 100
4969 144
4970 64
4971 0
4972 4
4973 36
4974 0
4975 4
4976 36
4977 4
4978 16
4979 100
4980 36
4981 0
4982 36
4983 144
4984 400
4985 256
4986 196
4987 196
4988 144
4989 196
4990 676
4991 484
4992 400
4993 400
4994 400
4995 196
4996 196
4997 64
4998 16
4999 36
5000 4
