1 -22.04
2 -22.2
3 -30.16
4 -42.4
5 -42.48
6 -46.48
7 -42.4
8 -38.28
9 -42.28
10 -42.28
11 -42.32
12 -46.4
13 -42.36
14 -42.4
15 -46.4
16 -46.52
17 -42.36
18 -42.36
19 -42.16
20 -42.16
21 -42.2
22 -38.24
23 -38.16
24 -38.28
25 -38.32
26 -30.2
27 -34.24
28 -34.32
29 -34.44
30 -34.36
31 -38.32
32 -34.24
33 -42.4
34 -42.48
35 -38.32
36 -38.32
37 -42.12
38 -46
39 -46.04
40 -46.08
41 -46.12
42 -46.2
43 -42.08
44 -42.12
45 -42.16
46 -42.04
47 -41.96
48 -41.88
49 -45.88
50 -45.92
51 -45.92
52 -45.92
53 -45.92
54 -45.96
55 -46.04
56 -46.08
57 -46.04
58 -46.08
59 -46.08
60 -46.16
61 -34.16
62 -42.08
63 -46.2
64 -42.32
65 -38.4
66 -42.44
67 -42.36
68 -38.36
69 -38.36
70 -42.56
71 -34.48
72 -34.44
73 -38.48
74 -38.48
75 -38.48
76 -42.56
77 -38.6
78 -34.64
79 -42.84
80 -34.72
81 -46.88
82 -46.96
83 -42.84
84 -38.88
85 -34.72
86 -34.56
87 -42.48
88 -42.4
89 -38.36
90 -38.36
91 -38.36
92 -34.36
93 -38.36
94 -38.28
95 -42.28
96 -42.36
97 -42.36
98 -34.24
99 -34.2
100 -34.28
101 -30.28
102 -38.36
103 -38.4
104 -38.48
105 -38.52
106 -42.76
107 -42.76
108 -46.84
109 -46.84
110 -46.92
111 -46.96
112 -51
113 -51
114 -51
115 -46.88
116 -46.88
117 -42.84
118 -42.88
119 -42.8
120 -34.56
121 -42.52
122 -42.6
123 -42.68
124 -42.64
125 -42.56
126 -42.52
127 -42.48
128 -38.44
129 -38.52
130 -38.52
131 -42.4
132 -42.52
133 -42.52
134 -42.48
135 -42.4
136 -42.32
137 -42.4
138 -42.4
139 -42.48
140 -38.56
141 -38.52
142 -38.56
143 -38.44
144 -34.36
145 -42.52
146 -42.48
147 -38.36
148 -38.28
149 -38.32
150 -34.08
151 -34.24
152 -34.28
153 -34.32
154 -26.4
155 -26.24
156 -26.24
157 -34.2
158 -34.2
159 -38.12
160 -38.16
161 -38.28
162 -38.24
163 -34.32
164 -38.28
165 -34.24
166 -34.16
167 -34.28
168 -30.24
169 -38.12
170 -38.2
171 -38.24
172 -42.08
173 -42.12
174 -42.2
175 -38.24
176 -38.28
177 -42.16
178 -42
179 -37.96
180 -41.88
181 -41.84
182 -41.96
183 -41.96
184 -42.08
185 -45.96
186 -45.88
187 -45.92
188 -46
189 -46
190 -46.12
191 -42
192 -41.88
193 -45.76
194 -45.76
195 -41.76
196 -41.76
197 -41.76
198 -37.84
199 -41.76
200 -41.64
201 -41.68
202 -41.6
203 -41.64
204 -41.68
205 -37.64
206 -45.76
207 -45.76
208 -41.72
209 -45.8
210 -45.8
211 -41.84
212 -41.8
213 -41.84
214 -41.92
215 -41.88
216 -41.8
217 -41.8
218 -41.72
219 -41.76
220 -41.64
221 -41.64
222 -33.68
223 -37.56
224 -33.56
225 -37.68
226 -41.76
227 -37.68
228 -33.72
229 -37.68
230 -37.76
231 -37.88
232 -37.8
233 -37.76
234 -37.88
235 -37.84
236 -37.88
237 -33.96
238 -33.92
239 -38
240 -38.12
241 -38.04
242 -41.92
243 -38.04
244 -38
245 -41.8
246 -37.72
247 -41.72
248 -37.68
249 -45.84
250 -37.76
251 -41.76
252 -37.8
253 -37.84
254 -37.56
255 -37.56
256 -33.52
257 -37.64
258 -33.68
259 -33.64
260 -33.76
261 -33.92
262 -37.72
263 -37.64
264 -41.56
265 -41.56
266 -37.56
267 -41.6
268 -41.48
269 -45.68
270 -33.68
271 -41.52
272 -41.44
273 -41.32
274 -41.32
275 -41.32
276 -37.36
277 -41.48
278 -41.44
279 -37.6
280 -37.48
281 -41.6
282 -41.6
283 -41.52
284 -37.48
285 -37.44
286 -37.64
287 -37.76
288 -37.84
289 -41.8
290 -41.6
291 -41.8
292 -37.76
293 -33.72
294 -37.56
295 -37.48
296 -37.6
297 -37.68
298 -37.72
299 -41.88
300 -45.88
301 -45.8
302 -37.8
303 -33.88
304 -33.92
305 -37.88
306 -37.92
307 -42.04
308 -42.04
309 -38
310 -34.12
311 -34
312 -33.92
313 -38.08
314 -42.04
315 -38.16
316 -34.24
317 -38.24
318 -38.24
319 -38.28
320 -42.48
321 -38.44
322 -34.36
323 -42.44
324 -42.36
325 -42.44
326 -42.44
327 -38.52
328 -38.48
329 -42.44
330 -42.44
331 -42.56
332 -42.6
333 -46.72
334 -42.6
335 -42.64
336 -46.72
337 -46.68
338 -46.68
339 -46.72
340 -38.48
341 -42.44
342 -38.32
343 -42.32
344 -42.28
345 -38.28
346 -34.16
347 -38.2
348 -38.12
349 -38.08
350 -42.12
351 -42.16
352 -42.04
353 -42.08
354 -42.16
355 -38.2
356 -38.12
357 -38.24
358 -34.36
359 -38.28
360 -38.28
361 -38.36
362 -38.4
363 -38.32
364 -38.44
365 -38.52
366 -34.52
367 -38.44
368 -38.52
369 -38.4
370 -38.36
371 -38.32
372 -42.32
373 -42.28
374 -42.12
375 -42.2
376 -42.16
377 -42
378 -42
379 -42
380 -42.04
381 -46.12
382 -42.08
383 -41.92
384 -41.92
385 -37.96
386 -42.04
387 -37.88
388 -37.88
389 -42
390 -42
391 -38.08
392 -42.08
393 -38.12
394 -30.08
395 -38.16
396 -46.12
397 -46.12
398 -38.12
399 -42.12
400 -38.12
401 -38.08
402 -42.16
403 -46.2
404 -46.24
405 -46.32
406 -42.36
407 -42.28
408 -42.16
409 -42.2
410 -42.08
411 -38
412 -38
413 -41.96
414 -37.96
415 -37.96
416 -38.04
417 -41.96
418 -45.88
419 -41.76
420 -41.88
421 -37.8
422 -37.96
423 -41.88
424 -41.8
425 -37.76
426 -37.6
427 -33.76
428 -33.72
429 -33.76
430 -33.8
431 -33.68
432 -33.76
433 -29.84
434 -33.96
435 -37.8
436 -37.88
437 -37.76
438 -37.72
439 -37.72
440 -37.72
441 -37.92
442 -34.16
443 -30.16
444 -30.24
445 -34.12
446 -38.2
447 -38.2
448 -38
449 -33.96
450 -37.92
451 -46
452 -42.12
453 -42.04
454 -42.16
455 -42.2
456 -42.36
457 -42.32
458 -42.28
459 -42.16
460 -38
461 -29.84
462 -38.04
463 -42.08
464 -42.16
465 -42.2
466 -38.24
467 -30.28
468 -34.32
469 -38.24
470 -38.16
471 -30.08
472 -37.92
473 -33.96
474 -37.88
475 -37.72
476 -37.72
477 -29.84
478 -41.6
479 -41.56
480 -41.64
481 -41.64
482 -33.76
483 -37.8
484 -37.88
485 -37.88
486 -37.88
487 -37.8
488 -41.96
489 -41.96
490 -42.04
491 -37.88
492 -34.04
493 -34.16
494 -34.12
495 -33.8
496 -37.84
497 -41.68
498 -45.72
499 -41.76
500 -41.88
501 -41.96
502 -41.96
503 -38.08
504 -41.92
505 -41.92
506 -41.92
507 -41.96
508 -33.92
509 -37.88
510 -41.92
511 -41.84
512 -41.76
513 -37.6
514 -37.36
515 -45.36
516 -45.36
517 -41.4
518 -45.4
519 -45.4
520 -45.48
521 -45.52
522 -45.48
523 -41.6
524 -33.68
525 -41.48
526 -41.48
527 -45.48
528 -45.44
529 -41.64
530 -41.6
531 -37.64
532 -37.56
533 -37.6
534 -37.6
535 -37.64
536 -33.72
537 -33.72
538 -37.84
539 -42.08
540 -42.12
541 -42.12
542 -38.08
543 -34.04
544 -33.92
545 -38.04
546 -38.16
547 -34.28
548 -42.08
549 -37.92
550 -37.96
551 -41.88
552 -41.92
553 -37.8
554 -37.8
555 -37.96
556 -38.08
557 -42.04
558 -42.08
559 -42.04
560 -37.96
561 -34
562 -34.12
563 -34.12
564 -38.12
565 -38.12
566 -34.08
567 -33.96
568 -33.92
569 -33.76
570 -37.72
571 -37.72
572 -41.68
573 -41.6
574 -41.6
575 -41.56
576 -41.44
577 -41.48
578 -37.56
579 -41.72
580 -41.84
581 -41.92
582 -37.84
583 -42
584 -42.04
585 -41.92
586 -41.84
587 -41.88
588 -45.84
589 -41.76
590 -41.76
591 -41.72
592 -41.68
593 -41.6
594 -41.6
595 -45.6
596 -45.64
597 -41.68
598 -45.72
599 -45.68
600 -41.6
601 -41.6
602 -41.52
603 -41.56
604 -41.64
605 -37.8
606 -37.76
607 -37.8
608 -37.96
609 -34.08
610 -38.12
611 -38.08
612 -38.08
613 -38.12
614 -38.12
615 -37.92
616 -38.04
617 -42
618 -41.92
619 -37.96
620 -34.04
621 -34.08
622 -33.96
623 -42.16
624 -42.32
625 -38.36
626 -38.2
627 -38.16
628 -38.12
629 -29.76
630 -33.52
631 -29.52
632 -29.6
633 -29.56
634 -33.64
635 -33.68
636 -29.48
637 -33.6
638 -33.68
639 -37.6
640 -37.64
641 -37.8
642 -33.64
643 -37.72
644 -29.72
645 -33.84
646 -33.8
647 -33.72
648 -33.6
649 -33.72
650 -21.72
651 -29.84
652 -34.08
653 -34
654 -34.04
655 -34.16
656 -34.32
657 -30.36
658 -34.36
659 -42.4
660 -46.44
661 -46.56
662 -42.6
663 -46.56
664 -42.48
665 -46.48
666 -42.56
667 -38.56
668 -42.4
669 -42.6
670 -38.64
671 -38.44
672 -38.4
673 -34.2
674 -34.04
675 -42.16
676 -42.24
677 -42.36
678 -42.44
679 -38.4
680 -38.44
681 -34.56
682 -34.6
683 -46.84
684 -46.88
685 -46.76
686 -46.72
687 -46.72
688 -42.68
689 -42.6
690 -42.6
691 -42.52
692 -42.6
693 -42.72
694 -42.68
695 -42.68
696 -42.6
697 -38.68
698 -34.6
699 -38.6
700 -34.72
701 -34.64
702 -34.4
703 -42.4
704 -42.32
705 -42.4
706 -42.36
707 -42.4
708 -42.44
709 -42.56
710 -42.6
711 -38.56
712 -38.52
713 -34.36
714 -38.28
715 -38.24
716 -34.12
717 -34.24
718 -34.28
719 -38
720 -38.08
721 -42.04
722 -38.2
723 -34.2
724 -38.4
725 -30.16
726 -38.32
727 -30.4
728 -38.52
729 -38.4
730 -38.32
731 -34.2
732 -34.08
733 -38.08
734 -30
735 -38.16
736 -38.28
737 -38.4
738 -34.36
739 -30.32
740 -26.44
741 -34.32
742 -38.28
743 -42.12
744 -38.16
745 -42.24
746 -38.16
747 -42.16
748 -42.24
749 -42.32
750 -38.44
751 -38.52
752 -38.48
753 -42.6
754 -38.56
755 -38.52
756 -38.68
757 -42.76
758 -38.64
759 -42.76
760 -42.6
761 -42.52
762 -42.6
763 -42.6
764 -38.64
765 -38.64
766 -38.52
767 -38.4
768 -42.32
769 -46.28
770 -46.28
771 -42.52
772 -46.64
773 -42.68
774 -46.72
775 -46.64
776 -46.6
777 -46.6
778 -46.52
779 -46.52
780 -46.6
781 -46.6
782 -42.52
783 -42.56
784 -42.64
785 -42.68
786 -42.72
787 -42.72
788 -38.56
789 -34.52
790 -34.6
791 -42.72
792 -42.64
793 -38.64
794 -34.48
795 -38.52
796 -38.52
797 -42.6
798 -38.64
799 -42.64
800 -42.6
801 -42.44
802 -46.64
803 -46.68
804 -46.72
805 -38.52
806 -38.52
807 -42.6
808 -42.6
809 -42.48
810 -42.36
811 -42.28
812 -42.16
813 -42.16
814 -38.12
815 -46.16
816 -46
817 -46
818 -46
819 -42.04
820 -41.92
821 -42
822 -37.84
823 -37.88
824 -37.68
825 -37.76
826 -37.64
827 -37.8
828 -37.76
829 -37.76
830 -37.72
831 -33.52
832 -33.48
833 -37.48
834 -41.44
835 -41.44
836 -41.44
837 -37.56
838 -37.44
839 -37.56
840 -37.56
841 -37.56
842 -41.48
843 -41.48
844 -41.6
845 -41.68
846 -41.8
847 -41.76
848 -33.88
849 -34.08
850 -34.12
851 -38.16
852 -34.08
853 -38.12
854 -42.08
855 -42.12
856 -42.08
857 -42
858 -37.92
859 -41.88
860 -30.08
861 -38.28
862 -38.36
863 -38.52
864 -38.48
865 -34.44
866 -34.4
867 -34.28
868 -30.28
869 -30.2
870 -38.4
871 -38.48
872 -42.56
873 -42.64
874 -46.56
875 -46.6
876 -46.56
877 -46.56
878 -42.56
879 -38.4
880 -38.36
881 -38.08
882 -38.2
883 -38.36
884 -38.36
885 -34.4
886 -38.32
887 -38.36
888 -38.24
889 -30.56
890 -30.52
891 -34.6
892 -38.56
893 -38.6
894 -38.68
895 -38.68
896 -34.56
897 -30.44
898 -30.32
899 -30.28
900 -34.2
901 -30.28
902 -34.24
903 -38.48
904 -38.36
905 -34.2
906 -38.2
907 -34
908 -34.12
909 -34.12
910 -42.12
911 -38.12
912 -38
913 -41.88
914 -41.8
915 -37.8
916 -41.6
917 -45.56
918 -45.56
919 -45.6
920 -41.52
921 -45.56
922 -45.52
923 -41.44
924 -41.48
925 -41.52
926 -37.68
927 -37.64
928 -37.6
929 -45.56
930 -45.52
931 -41.64
932 -41.64
933 -37.72
934 -37.84
935 -37.88
936 -37.96
937 -33.88
938 -37.92
939 -37.92
940 -38.04
941 -38
942 -38
943 -37.92
944 -37.92
945 -38
946 -34
947 -37.92
948 -34
949 -37.92
950 -37.96
951 -37.96
952 -34
953 -38.08
954 -34.12
955 -38.32
956 -38.28
957 -38.24
958 -42.12
959 -41.96
960 -41.84
961 -37.88
962 -41.92
963 -42
964 -38.04
965 -37.92
966 -34
967 -38.08
968 -38
969 -38
970 -42.12
971 -42
972 -37.8
973 -37.72
974 -41.56
975 -41.68
976 -37.72
977 -33.72
978 -37.84
979 -33.84
980 -33.8
981 -33.88
982 -33.88
983 -37.64
984 -41.6
985 -41.56
986 -37.68
987 -33.64
988 -41.48
989 -41.48
990 -41.56
991 -41.52
992 -41.56
993 -41.4
994 -41.44
995 -37.52
996 -37.44
997 -37.52
998 -37.64
999 -33.72
1000 -37.8
1001 -37.8
1002 -37.76
1003 -37.8
1004 -33.96
1005 -37.84
1006 -37.68
1007 -37.64
1008 -37.76
1009 -33.76
1010 -33.84
1011 -34
1012 -42.28
1013 -42.28
1014 -42.24
1015 -42.24
1016 -42.2
1017 -42.2
1018 -42.16
1019 -42
1020 -42.16
1021 -38
1022 -42
1023 -38.04
1024 -42.04
1025 -41.92
1026 -41.88
1027 -41.88
1028 -37.96
1029 -33.92
1030 -37.8
1031 -37.8
1032 -37.96
1033 -38.04
1034 -38.16
1035 -42.08
1036 -42.04
1037 -41.96
1038 -41.88
1039 -37.96
1040 -33.84
1041 -37.84
1042 -37.88
1043 -33.72
1044 -37.64
1045 -41.56
1046 -41.56
1047 -41.6
1048 -41.76
1049 -41.72
1050 -41.68
1051 -41.68
1052 -45.68
1053 -41.6
1054 -33.76
1055 -41.68
1056 -41.72
1057 -37.8
1058 -41.8
1059 -41.88
1060 -45.88
1061 -46
1062 -45.92
1063 -41.96
1064 -45.92
1065 -41.84
1066 -41.8
1067 -41.72
1068 -37.6
1069 -41.68
1070 -37.56
1071 -45.6
1072 -45.48
1073 -41.44
1074 -41.48
1075 -37.52
1076 -45.52
1077 -41.52
1078 -37.52
1079 -37.68
1080 -37.44
1081 -37.56
1082 -29.72
1083 -37.68
1084 -41.64
1085 -41.68
1086 -41.6
1087 -41.68
1088 -41.72
1089 -41.72
1090 -37.92
1091 -41.8
1092 -37.76
1093 -37.68
1094 -37.68
1095 -33.76
1096 -37.92
1097 -41.92
1098 -33.88
1099 -38.08
1100 -37.92
1101 -41.8
1102 -37.76
1103 -33.88
1104 -37.8
1105 -37.88
1106 -37.96
1107 -38.04
1108 -38.2
1109 -42.36
1110 -42.24
1111 -30.28
1112 -30.08
1113 -38.2
1114 -42.2
1115 -42.32
1116 -42.32
1117 -42.36
1118 -34.28
1119 -34.28
1120 -38.52
1121 -38.44
1122 -38.36
1123 -38.08
1124 -38.08
1125 -38.16
1126 -34.16
1127 -38.28
1128 -38.08
1129 -34.2
1130 -34.24
1131 -34.2
1132 -38.28
1133 -38.16
1134 -30.12
1135 -37.96
1136 -38.08
1137 -46.12
1138 -42.24
1139 -38.24
1140 -38.32
1141 -42.4
1142 -46.28
1143 -46.24
1144 -42.08
1145 -41.92
1146 -37.88
1147 -45.88
1148 -37.92
1149 -41.92
1150 -37.84
1151 -45.92
1152 -45.92
1153 -37.76
1154 -33.72
1155 -37.6
1156 -41.64
1157 -37.68
1158 -37.8
1159 -37.88
1160 -37.8
1161 -37.96
1162 -37.92
1163 -41.88
1164 -41.84
1165 -38
1166 -41.92
1167 -45.88
1168 -41.88
1169 -41.84
1170 -41.88
1171 -41.96
1172 -42
1173 -42
1174 -42
1175 -45.96
1176 -45.92
1177 -41.96
1178 -45.96
1179 -41.84
1180 -38
1181 -34.12
1182 -38.04
1183 -30
1184 -37.92
1185 -33.92
1186 -38.08
1187 -42.16
1188 -42.16
1189 -46.28
1190 -46.16
1191 -46.2
1192 -46.2
1193 -46.24
1194 -46.32
1195 -42.28
1196 -42.16
1197 -42.16
1198 -42.24
1199 -42.16
1200 -38.24
1201 -38.24
1202 -42.16
1203 -42.4
1204 -42.44
1205 -34.4
1206 -38.24
1207 -34.04
1208 -34.08
1209 -42.12
1210 -42.12
1211 -38.04
1212 -38.08
1213 -38.08
1214 -41.96
1215 -41.96
1216 -41.96
1217 -42.04
1218 -42.08
1219 -42.04
1220 -42.04
1221 -41.8
1222 -41.84
1223 -41.68
1224 -37.84
1225 -33.84
1226 -33.76
1227 -33.64
1228 -33.68
1229 -41.6
1230 -41.56
1231 -41.56
1232 -45.64
1233 -45.6
1234 -41.6
1235 -41.64
1236 -41.6
1237 -37.72
1238 -41.8
1239 -45.84
1240 -41.76
1241 -45.76
1242 -45.68
1243 -45.68
1244 -45.76
1245 -41.76
1246 -41.72
1247 -45.72
1248 -41.72
1249 -45.68
1250 -41.84
1251 -41.88
1252 -45.92
1253 -42
1254 -42
1255 -42.12
1256 -38.12
1257 -42.08
1258 -42
1259 -46.12
1260 -46.16
1261 -46.08
1262 -46.08
1263 -42.12
1264 -42
1265 -45.88
1266 -41.8
1267 -41.72
1268 -41.76
1269 -41.8
1270 -37.6
1271 -37.56
1272 -41.44
1273 -41.32
1274 -37.28
1275 -41.24
1276 -41.24
1277 -37.36
1278 -33.4
1279 -33.48
1280 -33.6
1281 -37.6
1282 -41.56
1283 -41.68
1284 -37.68
1285 -37.68
1286 -33.72
1287 -29.92
1288 -25.92
1289 -29.84
1290 -29.96
1291 -34
1292 -38.12
1293 -38.32
1294 -38.28
1295 -34.28
1296 -34.28
1297 -34.16
1298 -34.24
1299 -38.32
1300 -38.36
1301 -38.44
1302 -38.56
1303 -38.36
1304 -38.32
1305 -38.4
1306 -38.44
1307 -38.36
1308 -38.4
1309 -34.28
1310 -38.16
1311 -42
1312 -41.84
1313 -41.88
1314 -41.8
1315 -41.88
1316 -41.96
1317 -37.96
1318 -41.92
1319 -37.84
1320 -37.84
1321 -41.76
1322 -37.68
1323 -37.6
1324 -33.68
1325 -37.68
1326 -33.92
1327 -37.8
1328 -33.76
1329 -37.72
1330 -37.72
1331 -33.96
1332 -26.04
1333 -30.12
1334 -34.2
1335 -30.28
1336 -30.36
1337 -34.32
1338 -30.12
1339 -29.96
1340 -29.92
1341 -29.76
1342 -25.92
1343 -33.84
1344 -33.88
1345 -33.92
1346 -33.76
1347 -37.76
1348 -37.68
1349 -29.68
1350 -29.76
1351 -33.8
1352 -41.88
1353 -41.88
1354 -42.12
1355 -42.12
1356 -38.16
1357 -38.12
1358 -42.04
1359 -42.04
1360 -34
1361 -37.88
1362 -37.8
1363 -29.76
1364 -29.6
1365 -29.88
1366 -33.96
1367 -37.76
1368 -29.84
1369 -33.96
1370 -38.08
1371 -38.04
1372 -38.08
1373 -38.2
1374 -34.2
1375 -38.24
1376 -34.04
1377 -34.04
1378 -34.16
1379 -34
1380 -30.08
1381 -38.08
1382 -38.16
1383 -34.16
1384 -38.08
1385 -34.16
1386 -34.28
1387 -38.36
1388 -42.32
1389 -42.12
1390 -46.2
1391 -46.2
1392 -42.2
1393 -38.36
1394 -38.36
1395 -38.32
1396 -38.36
1397 -38.4
1398 -34.36
1399 -34.48
1400 -38.4
1401 -38.24
1402 -34.2
1403 -34.2
1404 -34.16
1405 -38.28
1406 -38.2
1407 -34.2
1408 -34.2
1409 -34.2
1410 -30.32
1411 -34.36
1412 -38.16
1413 -38.32
1414 -38.12
1415 -38.16
1416 -42.08
1417 -37.96
1418 -37.96
1419 -37.96
1420 -38.08
1421 -34.08
1422 -38.12
1423 -38.08
1424 -41.92
1425 -41.96
1426 -41.8
1427 -41.92
1428 -45.96
1429 -41.92
1430 -41.96
1431 -41.96
1432 -41.96
1433 -41.8
1434 -41.84
1435 -41.76
1436 -41.64
1437 -37.64
1438 -41.56
1439 -41.56
1440 -37.56
1441 -37.64
1442 -37.68
1443 -37.52
1444 -37.64
1445 -37.76
1446 -37.72
1447 -37.64
1448 -33.64
1449 -37.68
1450 -37.68
1451 -41.72
1452 -41.68
1453 -37.76
1454 -37.68
1455 -37.72
1456 -37.64
1457 -37.64
1458 -37.68
1459 -41.72
1460 -45.48
1461 -41.52
1462 -41.48
1463 -41.56
1464 -41.56
1465 -41.48
1466 -37.56
1467 -37.6
1468 -33.8
1469 -33.84
1470 -37.8
1471 -37.72
1472 -41.88
1473 -41.76
1474 -37.8
1475 -37.68
1476 -37.64
1477 -37.6
1478 -41.56
1479 -41.6
1480 -41.68
1481 -41.64
1482 -41.64
1483 -37.76
1484 -37.8
1485 -37.72
1486 -33.68
1487 -41.72
1488 -41.84
1489 -41.92
1490 -38.12
1491 -42.12
1492 -38.04
1493 -42.04
1494 -42.04
1495 -41.92
1496 -37.88
1497 -37.76
1498 -41.64
1499 -41.6
1500 -41.56
1501 -37.52
1502 -37.52
1503 -41.4
1504 -41.44
1505 -41.44
1506 -45.32
1507 -45.24
1508 -37.36
1509 -37.44
1510 -37.44
1511 -37.48
1512 -29.64
1513 -29.52
1514 -37.4
1515 -37.64
1516 -37.72
1517 -33.6
1518 -33.92
1519 -41.96
1520 -37.88
1521 -41.84
1522 -33.92
1523 -37.8
1524 -41.88
1525 -42
1526 -41.88
1527 -41.92
1528 -41.92
1529 -41.92
1530 -45.88
1531 -45.84
1532 -45.8
1533 -41.84
1534 -45.84
1535 -41.84
1536 -37.64
1537 -33.6
1538 -37.68
1539 -37.76
1540 -37.88
1541 -41.72
1542 -41.76
1543 -41.72
1544 -41.68
1545 -41.68
1546 -41.56
1547 -41.56
1548 -41.48
1549 -37.56
1550 -41.6
1551 -41.52
1552 -41.6
1553 -41.56
1554 -41.76
1555 -41.88
1556 -41.88
1557 -45.84
1558 -45.8
1559 -45.88
1560 -45.84
1561 -45.8
1562 -45.72
1563 -45.72
1564 -45.76
1565 -41.8
1566 -33.8
1567 -33.88
1568 -29.92
1569 -38
1570 -34
1571 -38.04
1572 -38.24
1573 -34.2
1574 -30.24
1575 -38.44
1576 -42.56
1577 -38.44
1578 -38.44
1579 -38.4
1580 -38.32
1581 -38.36
1582 -38.28
1583 -38.44
1584 -42.44
1585 -38.4
1586 -42.32
1587 -38.36
1588 -38.2
1589 -38.24
1590 -38.08
1591 -38.12
1592 -22.08
1593 -34.16
1594 -30.36
1595 -30.36
1596 -34.28
1597 -38.4
1598 -38.52
1599 -38.48
1600 -30.24
1601 -34.36
1602 -38.44
1603 -38.48
1604 -42.6
1605 -38.56
1606 -38.6
1607 -34.48
1608 -42.56
1609 -42.72
1610 -46.72
1611 -42.68
1612 -38.52
1613 -38.44
1614 -38.68
1615 -38.72
1616 -42.72
1617 -42.76
1618 -42.68
1619 -42.68
1620 -38.52
1621 -30.44
1622 -34.36
1623 -38.32
1624 -38.24
1625 -34.2
1626 -38.24
1627 -34.32
1628 -38.44
1629 -42.52
1630 -42.56
1631 -46.68
1632 -46.56
1633 -42.44
1634 -42.6
1635 -42.56
1636 -34.36
1637 -38.4
1638 -38.36
1639 -38.32
1640 -38.36
1641 -38.28
1642 -38.52
1643 -42.48
1644 -42.44
1645 -42.28
1646 -42.2
1647 -42.16
1648 -42.12
1649 -46.04
1650 -46.24
1651 -46.28
1652 -42.36
1653 -42.48
1654 -42.52
1655 -42.44
1656 -42.48
1657 -38.28
1658 -38.28
1659 -38.24
1660 -42.32
1661 -42.44
1662 -42.4
1663 -38.32
1664 -34.2
1665 -34.2
1666 -38.24
1667 -38.32
1668 -38.28
1669 -34.28
1670 -34.16
1671 -34.08
1672 -34.08
1673 -34.04
1674 -30
1675 -26
1676 -33.88
1677 -33.8
1678 -37.44
1679 -37.48
1680 -41.56
1681 -37.56
1682 -33.56
1683 -33.56
1684 -37.6
1685 -37.56
1686 -37.48
1687 -41.4
1688 -37.52
1689 -37.48
1690 -41.44
1691 -41.44
1692 -41.48
1693 -41.48
1694 -41.52
1695 -45.6
1696 -33.72
1697 -33.8
1698 -41.76
1699 -41.76
1700 -41.76
1701 -37.88
1702 -29.92
1703 -37.84
1704 -37.8
1705 -33.96
1706 -30.12
1707 -38.08
1708 -38.24
1709 -34.24
1710 -34.16
1711 -42.32
1712 -38.08
1713 -42.04
1714 -42
1715 -37.96
1716 -37.84
1717 -33.84
1718 -33.8
1719 -41.68
1720 -41.72
1721 -37.68
1722 -33.64
1723 -29.64
1724 -37.68
1725 -37.64
1726 -33.76
1727 -37.76
1728 -37.72
1729 -37.72
1730 -37.68
1731 -37.8
1732 -37.96
1733 -38.04
1734 -37.88
1735 -33.96
1736 -34.04
1737 -34
1738 -33.92
1739 -33.92
1740 -33.92
1741 -33.84
1742 -33.72
1743 -33.68
1744 -33.56
1745 -33.48
1746 -33.76
1747 -33.6
1748 -37.72
1749 -41.68
1750 -37.76
1751 -37.8
1752 -41.84
1753 -41.84
1754 -41.76
1755 -33.64
1756 -37.56
1757 -33.44
1758 -33.24
1759 -33.44
1760 -37.36
1761 -33.28
1762 -33.44
1763 -33.4
1764 -33.48
1765 -41.52
1766 -41.32
1767 -37.36
1768 -41.44
1769 -41.44
1770 -41.48
1771 -33.68
1772 -33.8
1773 -33.8
1774 -34.04
1775 -34.04
1776 -37.92
1777 -41.84
1778 -37.96
1779 -41.76
1780 -41.84
1781 -37.8
1782 -29.84
1783 -33.88
1784 -38.04
1785 -38.08
1786 -34.08
1787 -25.96
1788 -29.96
1789 -34.04
1790 -38.24
1791 -38.2
1792 -38.24
1793 -38.28
1794 -38.28
1795 -34.08
1796 -34.04
1797 -30.08
1798 -34.08
1799 -42
1800 -38
1801 -38.08
1802 -38.04
1803 -29.96
1804 -33.92
1805 -30.08
1806 -33.96
1807 -42.04
1808 -42.04
1809 -42
1810 -41.96
1811 -37.76
1812 -41.6
1813 -41.68
1814 -41.68
1815 -41.64
1816 -41.64
1817 -41.72
1818 -41.84
1819 -41.84
1820 -38
1821 -34.2
1822 -34.16
1823 -38.36
1824 -38.36
1825 -34.36
1826 -34.36
1827 -38.52
1828 -38.48
1829 -42.56
1830 -42.52
1831 -42.64
1832 -42.68
1833 -42.68
1834 -38.56
1835 -38.36
1836 -34.44
1837 -38.36
1838 -38.32
1839 -38.24
1840 -34.32
1841 -38.24
1842 -38.2
1843 -30.04
1844 -33.92
1845 -38.08
1846 -38.12
1847 -38.28
1848 -38.32
1849 -38.4
1850 -38.32
1851 -38.48
1852 -38.44
1853 -38.4
1854 -38.48
1855 -38.52
1856 -34.52
1857 -30.44
1858 -38.4
1859 -38.4
1860 -34.32
1861 -38.28
1862 -38.2
1863 -38.32
1864 -38.44
1865 -42.28
1866 -42.24
1867 -42.44
1868 -42.44
1869 -42.44
1870 -42.44
1871 -42.44
1872 -42.44
1873 -38.4
1874 -42.48
1875 -38.48
1876 -42.52
1877 -42.56
1878 -42.52
1879 -42.6
1880 -42.72
1881 -42.64
1882 -38.56
1883 -38.56
1884 -42.64
1885 -42.6
1886 -42.64
1887 -38.6
1888 -42.64
1889 -42.72
1890 -38.76
1891 -42.72
1892 -38.72
1893 -38.72
1894 -38.8
1895 -42.8
1896 -42.72
1897 -38.6
1898 -38.48
1899 -38.6
1900 -38.56
1901 -38.56
1902 -34.4
1903 -38.24
1904 -42.16
1905 -42.16
1906 -42.2
1907 -42.24
1908 -42.32
1909 -42.36
1910 -38.2
1911 -42.24
1912 -38.4
1913 -34.36
1914 -38.08
1915 -34.2
1916 -34.28
1917 -38.32
1918 -38.24
1919 -38.4
1920 -38.44
1921 -38.48
1922 -42.6
1923 -34.56
1924 -30.52
1925 -34.36
1926 -38.44
1927 -30.32
1928 -34.4
1929 -34.44
1930 -38.52
1931 -34.36
1932 -34.64
1933 -38.76
1934 -42.84
1935 -46.8
1936 -46.68
1937 -46.8
1938 -46.76
1939 -46.84
1940 -51
1941 -51
1942 -42.92
1943 -46.88
1944 -46.92
1945 -42.88
1946 -42.72
1947 -42.64
1948 -38.56
1949 -38.48
1950 -34.44
1951 -30.32
1952 -38.32
1953 -34.28
1954 -34.28
1955 -38.28
1956 -38.36
1957 -38.36
1958 -30.48
1959 -38.56
1960 -38.6
1961 -30.4
1962 -38.64
1963 -38.72
1964 -38.68
1965 -42.68
1966 -42.76
1967 -42.8
1968 -42.76
1969 -42.72
1970 -46.76
1971 -42.68
1972 -42.6
1973 -42.64
1974 -42.68
1975 -42.56
1976 -42.44
1977 -38.56
1978 -38.56
1979 -38.72
1980 -46.68
1981 -46.72
1982 -46.76
1983 -46.68
1984 -46.76
1985 -46.76
1986 -42.76
1987 -38.6
1988 -30.44
1989 -30.4
1990 -30.24
1991 -34.32
1992 -30.44
1993 -34.6
1994 -38.64
1995 -38.76
1996 -42.88
1997 -46.92
1998 -46.92
1999 -42.88
2000 -42.8
2001 -46.88
2002 -46.76
2003 -42.84
2004 -42.76
2005 -42.72
2006 -42.68
2007 -42.72
2008 -42.8
2009 -42.8
2010 -34.56
2011 -38.64
2012 -38.72
2013 -34.72
2014 -34.48
2015 -34.28
2016 -38.36
2017 -38.36
2018 -34.2
2019 -38.36
2020 -38.28
2021 -38.32
2022 -46.44
2023 -38.44
2024 -46.6
2025 -46.64
2026 -42.56
2027 -46.6
2028 -46.52
2029 -46.52
2030 -46.56
2031 -46.52
2032 -42.36
2033 -38.4
2034 -46.32
2035 -46.36
2036 -46.36
2037 -46.2
2038 -46.2
2039 -38.32
2040 -42.28
2041 -46.2
2042 -34.4
2043 -34.36
2044 -42.44
2045 -38.28
2046 -34.32
2047 -34.4
2048 -30.2
2049 -38.08
2050 -42.08
2051 -46
2052 -46
2053 -45.96
2054 -45.96
2055 -41.88
2056 -41.8
2057 -41.96
2058 -42.04
2059 -37.96
2060 -41.84
2061 -41.84
2062 -37.88
2063 -33.8
2064 -29.8
2065 -37.76
2066 -37.8
2067 -37.92
2068 -37.92
2069 -41.92
2070 -41.96
2071 -33.8
2072 -42.04
2073 -37.92
2074 -37.96
2075 -38
2076 -38
2077 -38.08
2078 -38
2079 -34.16
2080 -30.28
2081 -30
2082 -33.84
2083 -29.84
2084 -34.08
2085 -34.08
2086 -33.92
2087 -38.08
2088 -38.04
2089 -38.16
2090 -38.12
2091 -38.12
2092 -42.04
2093 -37.96
2094 -41.88
2095 -41.72
2096 -41.8
2097 -41.76
2098 -37.68
2099 -37.64
2100 -41.48
2101 -45.6
2102 -41.68
2103 -37.68
2104 -41.72
2105 -45.76
2106 -41.76
2107 -45.72
2108 -45.72
2109 -45.76
2110 -41.72
2111 -45.64
2112 -45.64
2113 -41.48
2114 -45.68
2115 -41.64
2116 -41.68
2117 -37.68
2118 -41.76
2119 -45.84
2120 -45.84
2121 -45.84
2122 -45.88
2123 -45.88
2124 -45.88
2125 -45.92
2126 -41.96
2127 -46
2128 -46.04
2129 -46.04
2130 -42.04
2131 -46.04
2132 -45.96
2133 -46
2134 -46.12
2135 -42.16
2136 -46.16
2137 -42.08
2138 -37.96
2139 -37.96
2140 -33.84
2141 -33.72
2142 -33.56
2143 -33.56
2144 -29.64
2145 -33.6
2146 -29.68
2147 -33.84
2148 -37.84
2149 -33.92
2150 -42.04
2151 -38.16
2152 -34.24
2153 -42.16
2154 -42.16
2155 -34.28
2156 -46.36
2157 -38.32
2158 -38.32
2159 -38.16
2160 -34.16
2161 -38.16
2162 -38.24
2163 -34.28
2164 -38.36
2165 -42.44
2166 -42.16
2167 -46.2
2168 -46.16
2169 -42.12
2170 -46.12
2171 -46.04
2172 -42.08
2173 -42.16
2174 -42.24
2175 -42.36
2176 -42.36
2177 -42.36
2178 -38.32
2179 -42.36
2180 -38.36
2181 -38.36
2182 -38.32
2183 -42.36
2184 -38.48
2185 -38.48
2186 -38.36
2187 -42.44
2188 -42.36
2189 -38.28
2190 -34.08
2191 -34.08
2192 -34.12
2193 -34.12
2194 -34.16
2195 -42.24
2196 -38.32
2197 -38.32
2198 -38.36
2199 -46.36
2200 -46.4
2201 -46.4
2202 -42.36
2203 -46.48
2204 -46.6
2205 -46.64
2206 -46.72
2207 -46.64
2208 -46.52
2209 -46.48
2210 -46.44
2211 -42.4
2212 -42.2
2213 -42.2
2214 -38.32
2215 -38.32
2216 -38.48
2217 -34.6
2218 -38.6
2219 -34.64
2220 -34.56
2221 -34.64
2222 -38.68
2223 -42.68
2224 -42.68
2225 -42.68
2226 -46.68
2227 -46.72
2228 -46.76
2229 -42.72
2230 -38.8
2231 -38.84
2232 -42.92
2233 -42.88
2234 -42.84
2235 -38.72
2236 -42.72
2237 -42.72
2238 -38.68
2239 -42.76
2240 -42.8
2241 -42.8
2242 -42.8
2243 -42.84
2244 -38.76
2245 -42.84
2246 -42.76
2247 -42.8
2248 -42.8
2249 -46.96
2250 -51
2251 -51
2252 -51
2253 -46.96
2254 -46.92
2255 -42.8
2256 -46.92
2257 -51
2258 -51
2259 -51
2260 -51
2261 -51
2262 -51
2263 -51
2264 -51
2265 -51
2266 -51
2267 -51
2268 -38.72
2269 -38.76
2270 -34.68
2271 -38.76
2272 -42.64
2273 -42.72
2274 -42.72
2275 -38.72
2276 -42.68
2277 -38.56
2278 -34.36
2279 -34.16
2280 -34.2
2281 -38.24
2282 -34.24
2283 -38.16
2284 -38.36
2285 -38.28
2286 -34.32
2287 -38.28
2288 -38.2
2289 -38.28
2290 -38.36
2291 -38.36
2292 -38.16
2293 -38.12
2294 -38.24
2295 -38.32
2296 -34.32
2297 -34.24
2298 -38.12
2299 -38.12
2300 -38.08
2301 -38.12
2302 -42.28
2303 -42.32
2304 -38.32
2305 -42.24
2306 -42.32
2307 -42.24
2308 -42.28
2309 -38.24
2310 -30.12
2311 -29.92
2312 -29.92
2313 -26.04
2314 -30.12
2315 -30.12
2316 -30.08
2317 -30.04
2318 -38.12
2319 -38.24
2320 -38.24
2321 -38.4
2322 -38.4
2323 -34.36
2324 -38.48
2325 -38.56
2326 -42.52
2327 -42.48
2328 -38.36
2329 -46.52
2330 -46.6
2331 -46.52
2332 -46.44
2333 -42.4
2334 -46.52
2335 -46.48
2336 -42.48
2337 -42.36
2338 -42.36
2339 -42.36
2340 -42.28
2341 -38.36
2342 -42.44
2343 -42.44
2344 -46.32
2345 -46.4
2346 -46.4
2347 -46.4
2348 -46.32
2349 -46.4
2350 -42.36
2351 -38.32
2352 -34.2
2353 -38.2
2354 -34.24
2355 -38.24
2356 -38.32
2357 -34.16
2358 -34.12
2359 -34.08
2360 -34.28
2361 -38.08
2362 -34.08
2363 -34.16
2364 -30.16
2365 -30.2
2366 -30.32
2367 -38.36
2368 -34.4
2369 -38.52
2370 -38.48
2371 -38.68
2372 -38.52
2373 -38.52
2374 -38.32
2375 -34.08
2376 -30.2
2377 -38.36
2378 -38.36
2379 -38.32
2380 -38.2
2381 -38.12
2382 -38.16
2383 -26.08
2384 -30.08
2385 -30.04
2386 -33.92
2387 -33.88
2388 -37.76
2389 -37.88
2390 -42.04
2391 -42.08
2392 -42.08
2393 -46.28
2394 -46.32
2395 -46.36
2396 -46.28
2397 -42.24
2398 -42.16
2399 -38.12
2400 -42.04
2401 -37.92
2402 -37.92
2403 -41.92
2404 -33.84
2405 -33.76
2406 -33.72
2407 -37.72
2408 -41.64
2409 -37.56
2410 -41.52
2411 -45.44
2412 -45.4
2413 -41.52
2414 -37.4
2415 -33.36
2416 -33.48
2417 -37.4
2418 -33.44
2419 -33.48
2420 -37.44
2421 -41.36
2422 -41.48
2423 -41.48
2424 -37.44
2425 -41.4
2426 -37.52
2427 -37.6
2428 -37.6
2429 -33.56
2430 -33.44
2431 -33.32
2432 -29.44
2433 -33.36
2434 -33.72
2435 -33.56
2436 -37.68
2437 -41.4
2438 -41.48
2439 -41.44
2440 -41.4
2441 -37.52
2442 -41.48
2443 -41.52
2444 -41.6
2445 -37.6
2446 -37.6
2447 -37.44
2448 -41.52
2449 -33.52
2450 -37.6
2451 -41.52
2452 -37.52
2453 -33.64
2454 -37.56
2455 -37.64
2456 -33.64
2457 -33.6
2458 -33.68
2459 -37.68
2460 -29.8
2461 -41.68
2462 -37.76
2463 -41.72
2464 -37.8
2465 -33.72
2466 -29.64
2467 -33.52
2468 -29.56
2469 -33.56
2470 -33.68
2471 -33.72
2472 -29.72
2473 -25.64
2474 -29.64
2475 -37.6
2476 -37.56
2477 -33.72
2478 -37.76
2479 -37.84
2480 -37.92
2481 -34.04
2482 -38.08
2483 -34.32
2484 -38.44
2485 -46.44
2486 -46.48
2487 -46.4
2488 -42.32
2489 -42.32
2490 -46.36
2491 -46.28
2492 -42.24
2493 -42.28
2494 -42.32
2495 -42.4
2496 -42.24
2497 -42.16
2498 -38.32
2499 -34.36
2500 -34.16
2501 -34.16
2502 -30.32
2503 -34.44
2504 -30.56
2505 -34.72
2506 -38.44
2507 -34.4
2508 -34.48
2509 -38.52
2510 -38.64
2511 -46.76
2512 -46.8
2513 -42.76
2514 -46.8
2515 -46.92
2516 -46.96
2517 -46.96
2518 -46.92
2519 -51
2520 -46.96
2521 -46.88
2522 -46.8
2523 -46.84
2524 -42.84
2525 -34.64
2526 -38.52
2527 -34.52
2528 -34.52
2529 -34.6
2530 -34.64
2531 -38.8
2532 -42.68
2533 -42.64
2534 -42.64
2535 -38.56
2536 -38.56
2537 -34.44
2538 -34.48
2539 -38.44
2540 -42.52
2541 -42.48
2542 -42.6
2543 -38.56
2544 -38.48
2545 -38.52
2546 -42.6
2547 -38.56
2548 -42.56
2549 -34.44
2550 -34.52
2551 -34.32
2552 -34.32
2553 -34.12
2554 -34.08
2555 -38.28
2556 -30.2
2557 -30.36
2558 -34.36
2559 -38.2
2560 -34.2
2561 -38.04
2562 -38
2563 -33.8
2564 -37.84
2565 -41.84
2566 -41.76
2567 -41.76
2568 -41.8
2569 -41.72
2570 -33.84
2571 -33.84
2572 -33.84
2573 -37.88
2574 -30.12
2575 -38.16
2576 -38.24
2577 -42.48
2578 -38.44
2579 -42.56
2580 -38.64
2581 -38.68
2582 -42.6
2583 -42.6
2584 -42.56
2585 -38.68
2586 -34.56
2587 -38.6
2588 -38.56
2589 -38.68
2590 -38.68
2591 -38.56
2592 -38.52
2593 -34.56
2594 -38.68
2595 -38.6
2596 -38.44
2597 -38.52
2598 -38.56
2599 -38.64
2600 -38.52
2601 -38.56
2602 -34.44
2603 -30.36
2604 -34.52
2605 -34.36
2606 -34.48
2607 -34.6
2608 -38.64
2609 -38.68
2610 -38.64
2611 -38.72
2612 -42.64
2613 -42.56
2614 -38.56
2615 -34.56
2616 -42.76
2617 -38.72
2618 -46.84
2619 -46.88
2620 -46.92
2621 -46.96
2622 -46.92
2623 -46.92
2624 -46.92
2625 -46.96
2626 -46.96
2627 -51
2628 -46.96
2629 -51
2630 -51
2631 -51
2632 -51
2633 -51
2634 -51
2635 -51
2636 -51
2637 -42.68
2638 -42.68
2639 -38.64
2640 -38.68
2641 -34.6
2642 -38.56
2643 -34.44
2644 -34.44
2645 -38.32
2646 -34.36
2647 -38.32
2648 -38.48
2649 -38.6
2650 -38.68
2651 -38.72
2652 -38.6
2653 -38.68
2654 -42.72
2655 -42.76
2656 -42.76
2657 -42.8
2658 -46.92
2659 -46.92
2660 -46.88
2661 -42.84
2662 -46.88
2663 -34.76
2664 -42.76
2665 -46.76
2666 -46.64
2667 -46.64
2668 -34.48
2669 -38.56
2670 -38.6
2671 -42.68
2672 -42.76
2673 -34.84
2674 -46.96
2675 -42.84
2676 -46.92
2677 -46.96
2678 -42.88
2679 -42.8
2680 -42.68
2681 -38.56
2682 -42.52
2683 -38.48
2684 -42.48
2685 -38.56
2686 -42.64
2687 -46.56
2688 -46.52
2689 -46.48
2690 -46.44
2691 -46.44
2692 -42.48
2693 -42.4
2694 -38.6
2695 -34.32
2696 -42.28
2697 -42.2
2698 -42.16
2699 -38.08
2700 -45.92
2701 -45.92
2702 -42.04
2703 -34
2704 -34.24
2705 -30.24
2706 -30.12
2707 -38.08
2708 -42
2709 -42
2710 -30.08
2711 -42.12
2712 -42.16
2713 -42.2
2714 -42.24
2715 -42.2
2716 -38.2
2717 -42.16
2718 -42.16
2719 -42.12
2720 -42.08
2721 -38.2
2722 -38.12
2723 -34.16
2724 -34.2
2725 -34.24
2726 -42.36
2727 -42.4
2728 -38.28
2729 -42.16
2730 -38.16
2731 -34.08
2732 -38.16
2733 -42.24
2734 -42.32
2735 -42.28
2736 -42.2
2737 -38.08
2738 -38.12
2739 -42.16
2740 -42.2
2741 -38.2
2742 -42.36
2743 -42.36
2744 -38.32
2745 -38.36
2746 -42.52
2747 -42.6
2748 -38.64
2749 -38.68
2750 -42.76
2751 -38.72
2752 -34.6
2753 -38.64
2754 -30.68
2755 -26.56
2756 -34.76
2757 -46.92
2758 -42.92
2759 -51
2760 -51
2761 -51
2762 -51
2763 -46.96
2764 -51
2765 -51
2766 -51
2767 -51
2768 -51
2769 -42.8
2770 -38.8
2771 -46.84
2772 -46.8
2773 -46.8
2774 -42.72
2775 -30.44
2776 -38.56
2777 -34.48
2778 -42.6
2779 -38.48
2780 -38.52
2781 -42.68
2782 -42.8
2783 -42.68
2784 -42.6
2785 -42.56
2786 -30.44
2787 -34.44
2788 -34.36
2789 -26.4
2790 -26.36
2791 -30.16
2792 -33.96
2793 -37.92
2794 -37.88
2795 -42.16
2796 -42.2
2797 -42.32
2798 -38.32
2799 -38.36
2800 -42.4
2801 -42.44
2802 -46.56
2803 -46.52
2804 -46.48
2805 -42.52
2806 -42.4
2807 -46.52
2808 -46.52
2809 -46.52
2810 -42.6
2811 -46.44
2812 -46.36
2813 -46.4
2814 -42.36
2815 -46.4
2816 -42.48
2817 -42.48
2818 -38.24
2819 -34.2
2820 -34.04
2821 -38.04
2822 -38.2
2823 -38.24
2824 -38.28
2825 -34.2
2826 -42.36
2827 -46.44
2828 -46.44
2829 -46.4
2830 -42.32
2831 -46.4
2832 -42.44
2833 -42.36
2834 -42.32
2835 -42.16
2836 -42.08
2837 -37.96
2838 -34.08
2839 -38.08
2840 -37.92
2841 -45.92
2842 -45.92
2843 -45.84
2844 -45.96
2845 -45.96
2846 -41.96
2847 -41.96
2848 -42
2849 -38
2850 -37.88
2851 -37.88
2852 -37.84
2853 -41.76
2854 -37.84
2855 -33.88
2856 -34
2857 -30.08
2858 -26
2859 -25.88
2860 -26.16
2861 -34.16
2862 -42.12
2863 -42.08
2864 -42.04
2865 -42.12
2866 -38.04
2867 -46.16
2868 -42.12
2869 -38
2870 -33.96
2871 -37.96
2872 -37.84
2873 -41.76
2874 -41.64
2875 -41.64
2876 -29.72
2877 -33.8
2878 -37.72
2879 -37.56
2880 -37.64
2881 -33.72
2882 -38
2883 -37.88
2884 -37.96
2885 -37.96
2886 -42
2887 -38
2888 -42.12
2889 -42.24
2890 -38.44
2891 -38.36
2892 -38.36
2893 -38.36
2894 -42.36
2895 -42.4
2896 -38.44
2897 -38.48
2898 -34.36
2899 -34.32
2900 -34.24
2901 -34.16
2902 -38.16
2903 -38.12
2904 -38.2
2905 -38.08
2906 -38.16
2907 -37.88
2908 -37.88
2909 -33.96
2910 -33.92
2911 -30
2912 -30.08
2913 -34.28
2914 -38.32
2915 -38.16
2916 -37.92
2917 -37.96
2918 -37.88
2919 -37.76
2920 -37.6
2921 -37.68
2922 -37.6
2923 -37.56
2924 -37.72
2925 -37.84
2926 -33.8
2927 -33.84
2928 -37.92
2929 -37.92
2930 -37.84
2931 -34.04
2932 -38.12
2933 -42.04
2934 -37.92
2935 -37.92
2936 -37.8
2937 -33.72
2938 -37.64
2939 -37.68
2940 -41.72
2941 -41.68
2942 -41.44
2943 -41.36
2944 -41.36
2945 -41.44
2946 -41.52
2947 -41.44
2948 -41.36
2949 -41.52
2950 -41.6
2951 -41.6
2952 -41.68
2953 -41.68
2954 -41.56
2955 -37.56
2956 -41.6
2957 -41.48
2958 -37.6
2959 -37.6
2960 -41.52
2961 -41.64
2962 -37.72
2963 -41.6
2964 -41.64
2965 -41.64
2966 -41.64
2967 -41.68
2968 -41.6
2969 -37.52
2970 -37.64
2971 -37.68
2972 -41.72
2973 -41.64
2974 -41.64
2975 -41.52
2976 -33.8
2977 -37.88
2978 -41.76
2979 -41.84
2980 -41.8
2981 -41.84
2982 -37.88
2983 -42
2984 -42
2985 -38.04
2986 -42.2
2987 -34.12
2988 -38.24
2989 -42.24
2990 -42.28
2991 -42.36
2992 -46.56
2993 -46.6
2994 -46.6
2995 -46.56
2996 -46.4
2997 -42.36
2998 -46.44
2999 -42.56
3000 -42.48
3001 -38.48
3002 -34.44
3003 -42.52
3004 -46.56
3005 -46.68
3006 -46.64
3007 -46.68
3008 -42.64
3009 -38.56
3010 -34.44
3011 -30.36
3012 -30.32
3013 -38.24
3014 -38.16
3015 -42.24
3016 -38.4
3017 -38.32
3018 -42.24
3019 -42.2
3020 -46.16
3021 -42.12
3022 -42.08
3023 -46.28
3024 -46.32
3025 -42.32
3026 -42.4
3027 -46.32
3028 -46.32
3029 -46.24
3030 -46.24
3031 -42.24
3032 -42.24
3033 -38.24
3034 -34.24
3035 -38.4
3036 -42.36
3037 -42.4
3038 -38.28
3039 -38.28
3040 -34.24
3041 -38.16
3042 -38.24
3043 -34.28
3044 -38.24
3045 -38.32
3046 -42.44
3047 -34.24
3048 -34.4
3049 -42.4
3050 -38.4
3051 -38.36
3052 -38.4
3053 -34.48
3054 -38.52
3055 -38.4
3056 -38.48
3057 -38.4
3058 -38.48
3059 -38.52
3060 -38.44
3061 -38.48
3062 -38.48
3063 -38.44
3064 -42.56
3065 -42.52
3066 -38.56
3067 -38.48
3068 -34.32
3069 -34.36
3070 -34.32
3071 -42.44
3072 -42.36
3073 -42.4
3074 -38.44
3075 -46.52
3076 -46.56
3077 -46.56
3078 -46.52
3079 -42.44
3080 -42.52
3081 -42.52
3082 -42.52
3083 -42.48
3084 -42.48
3085 -42.52
3086 -38.52
3087 -38.48
3088 -38.52
3089 -30.44
3090 -38.48
3091 -42.52
3092 -46.64
3093 -42.56
3094 -42.48
3095 -42.44
3096 -38.56
3097 -38.6
3098 -42.52
3099 -42.44
3100 -42.4
3101 -42.52
3102 -42.52
3103 -34.36
3104 -34.4
3105 -34.4
3106 -34.36
3107 -30.04
3108 -38.16
3109 -38.16
3110 -38.28
3111 -34.28
3112 -38.24
3113 -34.12
3114 -34.12
3115 -34.08
3116 -38.16
3117 -34.2
3118 -30.28
3119 -30.04
3120 -38.12
3121 -37.96
3122 -34
3123 -34
3124 -34.28
3125 -34.24
3126 -38.16
3127 -38.36
3128 -34.36
3129 -30.2
3130 -34.2
3131 -38.28
3132 -38.24
3133 -34.28
3134 -34.24
3135 -38.32
3136 -38.28
3137 -34.28
3138 -30.28
3139 -34.32
3140 -34.28
3141 -34.16
3142 -34.12
3143 -34.24
3144 -38.28
3145 -30.28
3146 -34.28
3147 -30
3148 -33.72
3149 -33.72
3150 -37.64
3151 -33.56
3152 -37.52
3153 -33.64
3154 -33.88
3155 -33.84
3156 -33.72
3157 -37.56
3158 -41.44
3159 -45.4
3160 -45.52
3161 -45.64
3162 -41.56
3163 -41.64
3164 -41.64
3165 -37.6
3166 -45.44
3167 -41.6
3168 -41.56
3169 -41.6
3170 -45.52
3171 -45.48
3172 -45.4
3173 -37.56
3174 -41.4
3175 -41.44
3176 -33.56
3177 -37.4
3178 -37.48
3179 -45.28
3180 -45.24
3181 -45.28
3182 -45.32
3183 -41.28
3184 -41.32
3185 -45.32
3186 -45.28
3187 -41.36
3188 -45.32
3189 -45.32
3190 -41.32
3191 -45.32
3192 -45.24
3193 -45.16
3194 -45.16
3195 -41.24
3196 -41.16
3197 -41.2
3198 -37.2
3199 -41.16
3200 -49
3201 -49
3202 -49
3203 -49
3204 -41.12
3205 -41.12
3206 -45.12
3207 -41.2
3208 -41.24
3209 -37.32
3210 -37.36
3211 -37.36
3212 -37.36
3213 -41.24
3214 -37.32
3215 -37.36
3216 -41.2
3217 -41.12
3218 -41.08
3219 -49
3220 -49
3221 -49
3222 -49
3223 -49
3224 -45.04
3225 -49
3226 -45.04
3227 -45.08
3228 -41.08
3229 -45.04
3230 -49
3231 -49
3232 -49
3233 -49
3234 -49
3235 -37.12
3236 -45.16
3237 -41.24
3238 -41.28
3239 -41.28
3240 -41.32
3241 -41.32
3242 -41.24
3243 -41.2
3244 -41.32
3245 -41.24
3246 -41.36
3247 -41.32
3248 -37.44
3249 -37.36
3250 -45.28
3251 -41.28
3252 -41.36
3253 -41.28
3254 -37.48
3255 -37.48
3256 -37.48
3257 -37.32
3258 -37.2
3259 -45.12
3260 -45.12
3261 -41.2
3262 -45.08
3263 -49
3264 -49
3265 -49
3266 -49
3267 -49
3268 -45.12
3269 -45.2
3270 -45.16
3271 -41.2
3272 -37.32
3273 -41.28
3274 -41.4
3275 -41.4
3276 -37.44
3277 -37.48
3278 -37.56
3279 -37.6
3280 -41.48
3281 -41.4
3282 -41.56
3283 -37.56
3284 -41.6
3285 -41.44
3286 -41.4
3287 -41.52
3288 -41.44
3289 -37.52
3290 -41.68
3291 -41.8
3292 -33.88
3293 -33.96
3294 -37.92
3295 -38
3296 -38.12
3297 -38.2
3298 -38.12
3299 -34.24
3300 -30.08
3301 -33.88
3302 -33.84
3303 -33.88
3304 -38.2
3305 -34.16
3306 -34.32
3307 -34.24
3308 -42.12
3309 -42.12
3310 -42
3311 -42.04
3312 -42
3313 -41.96
3314 -37.92
3315 -29.84
3316 -37.76
3317 -33.6
3318 -33.52
3319 -29.68
3320 -29.72
3321 -29.76
3322 -37.8
3323 -37.8
3324 -37.76
3325 -29.92
3326 -37.68
3327 -41.72
3328 -41.64
3329 -37.6
3330 -37.68
3331 -37.64
3332 -41.52
3333 -45.44
3334 -45.52
3335 -45.48
3336 -41.52
3337 -37.56
3338 -33.64
3339 -29.72
3340 -37.72
3341 -37.68
3342 -41.68
3343 -41.68
3344 -41.68
3345 -37.76
3346 -41.64
3347 -37.68
3348 -41.68
3349 -41.6
3350 -45.56
3351 -41.64
3352 -41.6
3353 -45.52
3354 -45.56
3355 -41.68
3356 -45.6
3357 -45.6
3358 -37.72
3359 -37.84
3360 -37.8
3361 -37.68
3362 -37.8
3363 -37.92
3364 -37.92
3365 -37.8
3366 -33.8
3367 -45.72
3368 -41.8
3369 -45.76
3370 -45.72
3371 -37.8
3372 -37.8
3373 -37.8
3374 -37.92
3375 -38.2
3376 -42.24
3377 -42.32
3378 -38.28
3379 -38.16
3380 -38.2
3381 -38.32
3382 -42.4
3383 -34.28
3384 -38.16
3385 -34.16
3386 -38.24
3387 -38.32
3388 -38.32
3389 -38.24
3390 -38.12
3391 -38.16
3392 -38.12
3393 -38.2
3394 -34.04
3395 -42.04
3396 -42.12
3397 -42.12
3398 -42.2
3399 -38.28
3400 -34.44
3401 -42.44
3402 -42.48
3403 -42.44
3404 -42.32
3405 -42.4
3406 -38.44
3407 -42.4
3408 -42.48
3409 -42.44
3410 -42.32
3411 -42.44
3412 -42.48
3413 -42.56
3414 -42.52
3415 -42.44
3416 -38.44
3417 -38.36
3418 -42.44
3419 -34.24
3420 -38.28
3421 -38.32
3422 -38.24
3423 -38.32
3424 -42.24
3425 -38.16
3426 -38.2
3427 -42.28
3428 -42.32
3429 -38.28
3430 -38.24
3431 -38.36
3432 -38.28
3433 -38.28
3434 -34.44
3435 -42.68
3436 -42.76
3437 -42.72
3438 -38.44
3439 -42.64
3440 -42.68
3441 -42.8
3442 -46.96
3443 -46.96
3444 -51
3445 -46.96
3446 -42.92
3447 -46.96
3448 -42.92
3449 -46.96
3450 -46.92
3451 -51
3452 -46.96
3453 -42.92
3454 -42.92
3455 -46.96
3456 -46.88
3457 -46.72
3458 -46.64
3459 -46.64
3460 -46.76
3461 -46.76
3462 -46.76
3463 -46.76
3464 -46.96
3465 -46.96
3466 -51
3467 -51
3468 -51
3469 -51
3470 -51
3471 -46.96
3472 -46.96
3473 -46.96
3474 -51
3475 -51
3476 -51
3477 -42.88
3478 -42.88
3479 -46.88
3480 -42.88
3481 -42.88
3482 -46.96
3483 -46.92
3484 -46.96
3485 -46.96
3486 -51
3487 -46.96
3488 -51
3489 -46.92
3490 -46.96
3491 -51
3492 -51
3493 -46.92
3494 -46.96
3495 -46.96
3496 -46.76
3497 -46.72
3498 -46.64
3499 -46.68
3500 -46.6
3501 -34.44
3502 -38.68
3503 -34.6
3504 -34.48
3505 -42.6
3506 -42.6
3507 -42.68
3508 -42.64
3509 -42.64
3510 -38.68
3511 -42.68
3512 -42.76
3513 -38.72
3514 -42.76
3515 -42.8
3516 -42.6
3517 -42.56
3518 -34.52
3519 -38.56
3520 -38.4
3521 -34.36
3522 -42.52
3523 -42.52
3524 -38.48
3525 -42.36
3526 -42.24
3527 -42.24
3528 -30.12
3529 -34.04
3530 -38.16
3531 -30.12
3532 -38.24
3533 -38.2
3534 -38.08
3535 -38.36
3536 -38.52
3537 -34.68
3538 -46.84
3539 -46.84
3540 -46.84
3541 -42.84
3542 -46.8
3543 -42.72
3544 -38.68
3545 -42.64
3546 -46.8
3547 -46.8
3548 -42.64
3549 -46.64
3550 -46.48
3551 -46.44
3552 -46.48
3553 -46.48
3554 -34.4
3555 -42.36
3556 -42.28
3557 -38.36
3558 -38.32
3559 -38.28
3560 -38.52
3561 -38.52
3562 -38.52
3563 -38.48
3564 -42.44
3565 -42.48
3566 -34.44
3567 -38.44
3568 -42.32
3569 -42.36
3570 -38.32
3571 -38.36
3572 -42.2
3573 -42.28
3574 -38.16
3575 -34.16
3576 -34
3577 -33.96
3578 -38
3579 -33.96
3580 -37.96
3581 -34.16
3582 -34.12
3583 -29.88
3584 -34.04
3585 -34
3586 -33.72
3587 -33.64
3588 -41.72
3589 -41.84
3590 -41.8
3591 -41.88
3592 -41.88
3593 -41.8
3594 -37.84
3595 -41.84
3596 -41.68
3597 -37.56
3598 -41.6
3599 -41.6
3600 -33.68
3601 -37.52
3602 -29.4
3603 -33.56
3604 -33.48
3605 -37.44
3606 -37.48
3607 -37.32
3608 -33.4
3609 -41.28
3610 -41.2
3611 -41.2
3612 -41.16
3613 -45.12
3614 -45.08
3615 -45.16
3616 -45.12
3617 -37.36
3618 -37.4
3619 -37.48
3620 -37.52
3621 -37.48
3622 -29.64
3623 -29.64
3624 -33.6
3625 -33.52
3626 -37.64
3627 -37.76
3628 -45.52
3629 -41.56
3630 -45.56
3631 -41.68
3632 -37.8
3633 -37.72
3634 -33.6
3635 -41.64
3636 -37.52
3637 -41.48
3638 -37.44
3639 -41.44
3640 -37.4
3641 -33.52
3642 -37.76
3643 -37.8
3644 -37.8
3645 -30.04
3646 -34.08
3647 -33.96
3648 -37.76
3649 -37.8
3650 -41.72
3651 -41.76
3652 -37.76
3653 -37.76
3654 -41.68
3655 -41.72
3656 -41.88
3657 -42
3658 -42.04
3659 -42.16
3660 -38
3661 -37.92
3662 -37.76
3663 -37.76
3664 -37.64
3665 -33.6
3666 -33.72
3667 -33.84
3668 -33.52
3669 -33.6
3670 -33.68
3671 -33.6
3672 -37.72
3673 -33.56
3674 -37.6
3675 -37.68
3676 -37.72
3677 -37.72
3678 -37.68
3679 -37.56
3680 -33.56
3681 -29.6
3682 -29.76
3683 -29.92
3684 -22.08
3685 -29.88
3686 -34
3687 -34.08
3688 -38.08
3689 -42.04
3690 -42.12
3691 -42.12
3692 -42.04
3693 -42.08
3694 -34.04
3695 -30
3696 -37.96
3697 -34.08
3698 -34.04
3699 -34
3700 -38.12
3701 -38.08
3702 -38.12
3703 -38.08
3704 -37.88
3705 -22.04
3706 -30.12
3707 -34.16
3708 -34.24
3709 -34.12
3710 -34.04
3711 -34
3712 -38.08
3713 -34.08
3714 -42
3715 -46.08
3716 -46.08
3717 -42.08
3718 -42.16
3719 -42.24
3720 -38.24
3721 -42.36
3722 -42.32
3723 -42.28
3724 -38.36
3725 -38.44
3726 -42.4
3727 -42.44
3728 -38.4
3729 -34.32
3730 -38.32
3731 -38.32
3732 -34.32
3733 -34.2
3734 -30.16
3735 -38.12
3736 -38.2
3737 -38.32
3738 -38.36
3739 -42.36
3740 -38.4
3741 -38.52
3742 -42.6
3743 -38.6
3744 -42.56
3745 -42.6
3746 -38.64
3747 -38.56
3748 -42.56
3749 -42.68
3750 -42.76
3751 -34.6
3752 -38.68
3753 -42.6
3754 -46.48
3755 -46.48
3756 -42.4
3757 -46.56
3758 -46.6
3759 -42.8
3760 -38.72
3761 -42.68
3762 -42.76
3763 -34.6
3764 -42.68
3765 -42.68
3766 -42.72
3767 -38.76
3768 -34.68
3769 -34.52
3770 -34.44
3771 -34.48
3772 -38.44
3773 -38.4
3774 -38.48
3775 -42.6
3776 -42.6
3777 -42.64
3778 -38.76
3779 -46.88
3780 -46.84
3781 -46.8
3782 -42.76
3783 -46.68
3784 -38.48
3785 -38.56
3786 -38.48
3787 -34.36
3788 -34.36
3789 -38.36
3790 -38.2
3791 -38.12
3792 -34.12
3793 -34
3794 -30
3795 -34.16
3796 -38.32
3797 -38.44
3798 -38.44
3799 -38.4
3800 -38.48
3801 -42.52
3802 -42.56
3803 -46.76
3804 -46.84
3805 -46.88
3806 -42.84
3807 -42.84
3808 -38.8
3809 -42.68
3810 -38.52
3811 -34.4
3812 -38.64
3813 -42.68
3814 -42.68
3815 -46.52
3816 -46.52
3817 -46.48
3818 -42.48
3819 -46.36
3820 -42.4
3821 -46.4
3822 -46.4
3823 -46.32
3824 -46.16
3825 -46.12
3826 -42.12
3827 -42.24
3828 -46.16
3829 -46.08
3830 -46.08
3831 -42.12
3832 -42.08
3833 -46.24
3834 -46.24
3835 -46.24
3836 -38.16
3837 -38.16
3838 -34.24
3839 -34.24
3840 -34.44
3841 -42.56
3842 -38.52
3843 -46.4
3844 -46.44
3845 -46.56
3846 -46.52
3847 -46.44
3848 -46.4
3849 -42.32
3850 -46.36
3851 -42.36
3852 -38.36
3853 -30.4
3854 -38.32
3855 -38.28
3856 -34.28
3857 -30
3858 -34.16
3859 -34.04
3860 -34.12
3861 -38.2
3862 -38.12
3863 -38.2
3864 -38.12
3865 -38.24
3866 -38.24
3867 -38.32
3868 -42.28
3869 -42.24
3870 -42.28
3871 -34.4
3872 -38.44
3873 -38.68
3874 -34.68
3875 -42.72
3876 -38.68
3877 -38.72
3878 -42.92
3879 -46.96
3880 -51
3881 -51
3882 -42.92
3883 -38.76
3884 -38.6
3885 -30.32
3886 -42.32
3887 -38.28
3888 -42.16
3889 -38.08
3890 -34.12
3891 -38
3892 -34.04
3893 -38.2
3894 -42.08
3895 -41.84
3896 -41.88
3897 -29.92
3898 -33.84
3899 -33.76
3900 -37.68
3901 -37.52
3902 -37.56
3903 -33.56
3904 -33.4
3905 -41.32
3906 -33.4
3907 -33.32
3908 -41.36
3909 -41.36
3910 -41.32
3911 -41.4
3912 -41.44
3913 -41.48
3914 -41.64
3915 -41.56
3916 -41.68
3917 -33.76
3918 -37.6
3919 -41.52
3920 -41.64
3921 -37.48
3922 -45.52
3923 -45.48
3924 -41.52
3925 -37.56
3926 -45.48
3927 -41.52
3928 -41.56
3929 -41.6
3930 -41.52
3931 -41.44
3932 -45.56
3933 -37.84
3934 -41.68
3935 -41.72
3936 -41.88
3937 -41.88
3938 -41.88
3939 -41.84
3940 -41.8
3941 -45.68
3942 -45.68
3943 -45.6
3944 -45.56
3945 -45.56
3946 -41.48
3947 -41.44
3948 -41.52
3949 -41.52
3950 -37.44
3951 -37.44
3952 -41.36
3953 -41.48
3954 -37.56
3955 -41.56
3956 -41.52
3957 -37.6
3958 -33.32
3959 -33.48
3960 -33.32
3961 -33.48
3962 -33.48
3963 -29.48
3964 -37.52
3965 -41.52
3966 -37.68
3967 -33.64
3968 -33.56
3969 -33.56
3970 -41.48
3971 -41.48
3972 -45.48
3973 -45.44
3974 -45.44
3975 -45.44
3976 -41.4
3977 -45.44
3978 -41.52
3979 -41.6
3980 -41.56
3981 -41.52
3982 -41.6
3983 -37.72
3984 -41.72
3985 -33.68
3986 -41.64
3987 -41.56
3988 -37.76
3989 -37.72
3990 -37.8
3991 -37.84
3992 -37.88
3993 -38
3994 -30.24
3995 -34.2
3996 -38.16
3997 -38.12
3998 -37.96
3999 -38.04
4000 -37.96
4001 -38.04
4002 -37.96
4003 -38
4004 -42.04
4005 -42
4006 -38.04
4007 -38.04
4008 -38.36
4009 -38.4
4010 -42.36
4011 -38.44
4012 -38.44
4013 -38.36
4014 -38.44
4015 -38.56
4016 -38.6
4017 -38.44
4018 -38.44
4019 -42.44
4020 -42.56
4021 -42.68
4022 -42.64
4023 -42.72
4024 -30.6
4025 -42.72
4026 -42.68
4027 -30.56
4028 -42.64
4029 -42.64
4030 -42.6
4031 -34.48
4032 -30.44
4033 -34.32
4034 -34.24
4035 -30.32
4036 -34.28
4037 -38.24
4038 -38.36
4039 -38.36
4040 -38.4
4041 -34.64
4042 -42.72
4043 -42.8
4044 -42.88
4045 -38.72
4046 -34.6
4047 -38.76
4048 -38.76
4049 -42.72
4050 -42.92
4051 -46.96
4052 -46.92
4053 -46.88
4054 -42.88
4055 -46.96
4056 -46.96
4057 -46.96
4058 -42.88
4059 -42.8
4060 -42.8
4061 -38.72
4062 -38.6
4063 -38.48
4064 -38.52
4065 -38.52
4066 -38.68
4067 -42.56
4068 -42.6
4069 -38.52
4070 -42.64
4071 -42.48
4072 -42.52
4073 -42.52
4074 -42.4
4075 -46.48
4076 -46.4
4077 -46.44
4078 -46.48
4079 -42.52
4080 -46.6
4081 -42.56
4082 -42.44
4083 -42.32
4084 -42.44
4085 -34.56
4086 -38.64
4087 -34.56
4088 -38.68
4089 -38.56
4090 -30.4
4091 -30.16
4092 -30.24
4093 -30.2
4094 -25.92
4095 -29.88
4096 -29.96
4097 -34.24
4098 -42.12
4099 -38.04
4100 -34.08
4101 -34.08
4102 -34.04
4103 -34
4104 -34.12
4105 -34.16
4106 -30.16
4107 -34.12
4108 -42.24
4109 -38.16
4110 -38.2
4111 -34.12
4112 -42.08
4113 -38.16
4114 -34.28
4115 -38.16
4116 -38.12
4117 -38.12
4118 -38.32
4119 -38.28
4120 -38.2
4121 -38.28
4122 -38.32
4123 -42.16
4124 -34.04
4125 -37.92
4126 -33.8
4127 -33.68
4128 -37.64
4129 -37.68
4130 -37.8
4131 -34
4132 -37.96
4133 -38.12
4134 -30.04
4135 -25.96
4136 -34
4137 -37.92
4138 -33.84
4139 -29.92
4140 -33.84
4141 -37.8
4142 -37.8
4143 -37.72
4144 -37.68
4145 -33.88
4146 -33.96
4147 -37.96
4148 -37.88
4149 -38.08
4150 -38.12
4151 -38.16
4152 -34.24
4153 -30.04
4154 -29.96
4155 -30.04
4156 -34.08
4157 -34.08
4158 -38.12
4159 -34.12
4160 -34.16
4161 -30.28
4162 -38.48
4163 -42.44
4164 -38.28
4165 -38.16
4166 -38.32
4167 -38.12
4168 -38.2
4169 -38.36
4170 -38.36
4171 -42.44
4172 -38.56
4173 -38.4
4174 -42.44
4175 -34.32
4176 -42.2
4177 -38.16
4178 -30.08
4179 -42.2
4180 -42.2
4181 -38.12
4182 -42.2
4183 -42.16
4184 -42.08
4185 -34.28
4186 -30.16
4187 -38.08
4188 -42.2
4189 -38.36
4190 -34.32
4191 -38.2
4192 -34
4193 -38.2
4194 -38.32
4195 -38.36
4196 -46.52
4197 -46.52
4198 -46.4
4199 -46.4
4200 -46.48
4201 -46.52
4202 -46.44
4203 -42.36
4204 -38.48
4205 -34.36
4206 -42.36
4207 -42.4
4208 -46.52
4209 -46.52
4210 -42.6
4211 -46.56
4212 -46.64
4213 -42.72
4214 -46.68
4215 -46.68
4216 -46.68
4217 -46.76
4218 -42.72
4219 -42.72
4220 -42.56
4221 -38.48
4222 -38.6
4223 -30.48
4224 -30.32
4225 -30.36
4226 -34.32
4227 -38.32
4228 -38.32
4229 -42.32
4230 -42.24
4231 -42.2
4232 -38.2
4233 -38.16
4234 -38.12
4235 -42.12
4236 -42.12
4237 -42.2
4238 -38.16
4239 -38.12
4240 -34.08
4241 -38.12
4242 -26.28
4243 -37.96
4244 -38.12
4245 -42.2
4246 -46.32
4247 -42.36
4248 -42.4
4249 -42.4
4250 -46.4
4251 -42.36
4252 -42.32
4253 -42.36
4254 -42.36
4255 -42.28
4256 -42.28
4257 -46.32
4258 -46.44
4259 -46.44
4260 -42.56
4261 -46.6
4262 -46.56
4263 -46.4
4264 -46.32
4265 -34.36
4266 -38.36
4267 -38.36
4268 -38.36
4269 -38.48
4270 -42.6
4271 -38.52
4272 -34.52
4273 -42.52
4274 -42.72
4275 -46.84
4276 -46.8
4277 -46.8
4278 -42.92
4279 -38.88
4280 -51
4281 -51
4282 -46.96
4283 -51
4284 -46.92
4285 -51
4286 -51
4287 -51
4288 -46.96
4289 -46.96
4290 -42.88
4291 -42.76
4292 -42.72
4293 -46.8
4294 -46.88
4295 -51
4296 -51
4297 -42.92
4298 -38.8
4299 -42.88
4300 -42.88
4301 -46.72
4302 -46.8
4303 -46.84
4304 -46.8
4305 -42.68
4306 -46.68
4307 -46.64
4308 -46.76
4309 -46.76
4310 -46.76
4311 -34.64
4312 -46.76
4313 -42.76
4314 -42.68
4315 -46.76
4316 -46.8
4317 -42.68
4318 -42.6
4319 -42.64
4320 -46.64
4321 -46.56
4322 -46.56
4323 -42.56
4324 -42.48
4325 -46.52
4326 -46.44
4327 -46.52
4328 -46.56
4329 -46.48
4330 -46.52
4331 -46.44
4332 -46.44
4333 -46.4
4334 -46.36
4335 -42.28
4336 -42.28
4337 -38.28
4338 -42.24
4339 -42.2
4340 -34.08
4341 -42.24
4342 -42.28
4343 -46.52
4344 -46.6
4345 -46.72
4346 -42.64
4347 -46.76
4348 -46.72
4349 -38.6
4350 -42.4
4351 -42.44
4352 -42.56
4353 -42.6
4354 -42.6
4355 -42.72
4356 -38.6
4357 -46.8
4358 -42.76
4359 -46.84
4360 -42.76
4361 -42.76
4362 -38.6
4363 -42.56
4364 -42.6
4365 -42.6
4366 -42.48
4367 -42.52
4368 -42.52
4369 -42.4
4370 -42.52
4371 -38.48
4372 -42.48
4373 -42.6
4374 -42.64
4375 -42.64
4376 -42.56
4377 -34.56
4378 -38.56
4379 -38.6
4380 -38.56
4381 -38.56
4382 -42.68
4383 -42.76
4384 -42.72
4385 -46.72
4386 -42.64
4387 -38.52
4388 -38.4
4389 -38.32
4390 -30.2
4391 -30.2
4392 -26.08
4393 -34.28
4394 -34.2
4395 -26.2
4396 -34.12
4397 -37.92
4398 -37.92
4399 -37.8
4400 -33.92
4401 -33.88
4402 -34.04
4403 -42
4404 -38.12
4405 -42
4406 -38
4407 -38.16
4408 -38.24
4409 -30.16
4410 -30.4
4411 -34.36
4412 -38.44
4413 -34.32
4414 -42.24
4415 -38.24
4416 -38.16
4417 -46.12
4418 -46.24
4419 -38.16
4420 -38.16
4421 -42.24
4422 -38.24
4423 -38.36
4424 -42.24
4425 -42.28
4426 -42.24
4427 -38.2
4428 -38.28
4429 -38.24
4430 -42.4
4431 -42.56
4432 -46.6
4433 -46.52
4434 -38.56
4435 -42.48
4436 -38.56
4437 -34.44
4438 -34.36
4439 -30.4
4440 -34.4
4441 -30.52
4442 -38.56
4443 -34.44
4444 -38.64
4445 -34.52
4446 -34.4
4447 -34.52
4448 -34.44
4449 -30.2
4450 -30.16
4451 -34.28
4452 -34.44
4453 -34.4
4454 -34.32
4455 -34.24
4456 -38.24
4457 -38.24
4458 -38.48
4459 -38.48
4460 -38.48
4461 -38.4
4462 -38.48
4463 -38.4
4464 -38.36
4465 -38.4
4466 -34.36
4467 -30.36
4468 -42.28
4469 -42.44
4470 -38.2
4471 -38.2
4472 -42
4473 -42.12
4474 -38.12
4475 -38.16
4476 -38.12
4477 -38.12
4478 -37.92
4479 -34
4480 -33.96
4481 -38.08
4482 -37.92
4483 -41.96
4484 -42
4485 -42.08
4486 -42.16
4487 -42.2
4488 -46.32
4489 -46.4
4490 -46.4
4491 -46.4
4492 -46.36
4493 -46.28
4494 -46.24
4495 -42.12
4496 -46.24
4497 -46.2
4498 -42.16
4499 -42.08
4500 -42.04
4501 -38.24
4502 -42.48
4503 -42.56
4504 -42.6
4505 -42.6
4506 -38.64
4507 -34.52
4508 -42.68
4509 -38.72
4510 -38.68
4511 -42.76
4512 -42.68
4513 -42.76
4514 -46.84
4515 -46.84
4516 -46.84
4517 -46.72
4518 -46.8
4519 -42.68
4520 -42.6
4521 -38.72
4522 -34.72
4523 -38.64
4524 -34.6
4525 -38.48
4526 -38.44
4527 -38.52
4528 -34.4
4529 -38.44
4530 -34.56
4531 -34.44
4532 -34.36
4533 -38.32
4534 -42.32
4535 -42.4
4536 -34.24
4537 -34.24
4538 -34.32
4539 -34.2
4540 -34.2
4541 -30
4542 -33.88
4543 -25.84
4544 -25.88
4545 -33.92
4546 -34
4547 -34.04
4548 -38.16
4549 -42.16
4550 -42.24
4551 -38.2
4552 -34.08
4553 -33.96
4554 -33.96
4555 -37.96
4556 -38.2
4557 -38.16
4558 -38.24
4559 -38.12
4560 -34
4561 -38
4562 -38.04
4563 -38.2
4564 -34.2
4565 -38.2
4566 -38.28
4567 -38.44
4568 -38.32
4569 -38.4
4570 -38.36
4571 -38.32
4572 -30.36
4573 -30.32
4574 -38.32
4575 -34.44
4576 -34.2
4577 -38.16
4578 -42.44
4579 -46.52
4580 -42.56
4581 -42.6
4582 -42.72
4583 -38.56
4584 -42.4
4585 -34.4
4586 -38.4
4587 -38.44
4588 -42.32
4589 -42.2
4590 -42.12
4591 -42.16
4592 -30.2
4593 -38.04
4594 -38.12
4595 -42.08
4596 -42.08
4597 -42.08
4598 -42.08
4599 -42
4600 -37.88
4601 -38.04
4602 -33.92
4603 -29.8
4604 -29.64
4605 -33.44
4606 -33.4
4607 -41.36
4608 -41.44
4609 -41.56
4610 -41.72
4611 -41.72
4612 -37.76
4613 -41.64
4614 -41.6
4615 -41.64
4616 -41.68
4617 -41.68
4618 -41.72
4619 -41.72
4620 -41.72
4621 -41.68
4622 -41.72
4623 -37.68
4624 -37.84
4625 -37.76
4626 -37.84
4627 -37.92
4628 -38.08
4629 -38.2
4630 -38.08
4631 -38.16
4632 -38.2
4633 -38.28
4634 -34.32
4635 -42.48
4636 -38.44
4637 -38.52
4638 -42.48
4639 -42.4
4640 -46.44
4641 -42.56
4642 -42.52
4643 -42.72
4644 -38.56
4645 -34.52
4646 -34.56
4647 -34.6
4648 -34.56
4649 -38.48
4650 -38.52
4651 -42.56
4652 -42.6
4653 -42.68
4654 -38.52
4655 -38.36
4656 -38.4
4657 -30.24
4658 -34.36
4659 -34.12
4660 -34.32
4661 -34.16
4662 -34.16
4663 -34.28
4664 -34.24
4665 -30.24
4666 -38.32
4667 -38.4
4668 -38.32
4669 -30.32
4670 -30.16
4671 -33.96
4672 -38.12
4673 -38.08
4674 -38.24
4675 -38.2
4676 -42.36
4677 -42.36
4678 -42.2
4679 -42.16
4680 -42.12
4681 -42.16
4682 -42.36
4683 -42.32
4684 -42.28
4685 -42.28
4686 -42.2
4687 -42.2
4688 -42.24
4689 -42.28
4690 -42.28
4691 -38.28
4692 -34.28
4693 -38.24
4694 -38.2
4695 -38.12
4696 -34.16
4697 -42.12
4698 -42
4699 -34.2
4700 -34.2
4701 -30.04
4702 -37.96
4703 -38
4704 -37.92
4705 -37.92
4706 -33.92
4707 -33.88
4708 -37.96
4709 -38
4710 -38
4711 -37.96
4712 -37.92
4713 -37.88
4714 -41.8
4715 -41.64
4716 -37.76
4717 -41.88
4718 -33.88
4719 -38.08
4720 -33.88
4721 -29.72
4722 -37.64
4723 -41.76
4724 -41.76
4725 -41.84
4726 -41.84
4727 -41.96
4728 -38.08
4729 -42.08
4730 -42.04
4731 -46.12
4732 -46.16
4733 -42.2
4734 -42.12
4735 -38.12
4736 -38.04
4737 -38
4738 -42.04
4739 -41.96
4740 -41.84
4741 -37.92
4742 -41.96
4743 -41.96
4744 -42.08
4745 -38.08
4746 -38.08
4747 -34.16
4748 -33.96
4749 -33.92
4750 -37.92
4751 -37.72
4752 -41.8
4753 -41.88
4754 -42.04
4755 -42.2
4756 -42.16
4757 -42.12
4758 -42
4759 -34.2
4760 -34.28
4761 -38.36
4762 -38.36
4763 -42.36
4764 -42.28
4765 -42.12
4766 -42.12
4767 -38.16
4768 -38.24
4769 -38.12
4770 -42.16
4771 -42.24
4772 -42.2
4773 -38.28
4774 -38.36
4775 -34.4
4776 -34.24
4777 -34.2
4778 -34.2
4779 -38.12
4780 -38.08
4781 -38.12
4782 -38.16
4783 -42.28
4784 -42.16
4785 -42.2
4786 -42.12
4787 -42.12
4788 -42.04
4789 -42
4790 -41.92
4791 -41.96
4792 -42
4793 -42
4794 -42
4795 -42.08
4796 -42.16
4797 -42.16
4798 -42.16
4799 -42.2
4800 -30.2
4801 -38.2
4802 -42.08
4803 -41.96
4804 -41.92
4805 -42.16
4806 -42
4807 -45.88
4808 -45.92
4809 -41.84
4810 -41.88
4811 -42.12
4812 -34.28
4813 -30.24
4814 -34.32
4815 -38.2
4816 -38.16
4817 -38.16
4818 -38.08
4819 -38.12
4820 -38
4821 -37.96
4822 -38.04
4823 -38.04
4824 -37.88
4825 -37.76
4826 -37.64
4827 -37.68
4828 -37.72
4829 -33.76
4830 -34.08
4831 -38.08
4832 -38.04
4833 -34.16
4834 -42.16
4835 -42
4836 -41.84
4837 -41.88
4838 -37.88
4839 -38
4840 -37.8
4841 -37.84
4842 -37.76
4843 -37.68
4844 -29.72
4845 -33.72
4846 -33.76
4847 -33.92
4848 -33.88
4849 -33.88
4850 -33.96
4851 -34
4852 -30.08
4853 -26.12
4854 -30.24
4855 -34.24
4856 -38.28
4857 -38.4
4858 -38.48
4859 -42.72
4860 -42.8
4861 -46.84
4862 -46.96
4863 -51
4864 -46.92
4865 -38.88
4866 -42.88
4867 -46.92
4868 -46.92
4869 -42.88
4870 -46.8
4871 -46.76
4872 -46.72
4873 -42.72
4874 -46.6
4875 -46.56
4876 -46.64
4877 -46.56
4878 -46.52
4879 -42.52
4880 -42.6
4881 -42.6
4882 -38.52
4883 -34.44
4884 -34.24
4885 -34.2
4886 -34.28
4887 -30.28
4888 -34.4
4889 -34.28
4890 -34.12
4891 -30.08
4892 -33.92
4893 -33.92
4894 -33.76
4895 -37.76
4896 -37.72
4897 -41.6
4898 -37.56
4899 -37.52
4900 -41.72
4901 -41.64
4902 -41.68
4903 -41.64
4904 -37.68
4905 -37.76
4906 -37.92
4907 -37.92
4908 -38.04
4909 -37.96
4910 -37.96
4911 -37.84
4912 -37.84
4913 -33.84
4914 -37.84
4915 -37.92
4916 -33.68
4917 -37.44
4918 -33.44
4919 -29.48
4920 -29.44
4921 -37.4
4922 -37.4
4923 -33.6
4924 -29.52
4925 -33.4
4926 -37.4
4927 -41.32
4928 -41.32
4929 -41.28
4930 -37.4
4931 -41.36
4932 -41.32
4933 -45.2
4934 -45.16
4935 -41.12
4936 -37.16
4937 -45.04
4938 -49
4939 -49
4940 -49
4941 -45.04
4942 -45.08
4943 -49
4944 -45.12
4945 -41.08
4946 -41.16
4947 -33.28
4948 -41.16
4949 -41.2
4950 -41.2
4951 -41.2
4952 -45.32
4953 -45.36
4954 -37.48
4955 -41.52
4956 -45.56
4957 -45.56
4958 -45.6
4959 -45.44
4960 -45.56
4961 -41.48
4962 -41.48
4963 -37.44
4964 -41.44
4965 -37.72
4966 -37.88
4967 -41.8
4968 -33.8
4969 -37.76
4970 -37.84
4971 -34
4972 -38.04
4973 -38.12
4974 -38
4975 -37.96
4976 -33.88
4977 -38.04
4978 -38.08
4979 -34.2
4980 -37.88
4981 -38
4982 -33.88
4983 -29.76
4984 -29.6
4985 -33.68
4986 -37.72
4987 -37.72
4988 -37.76
4989 -37.72
4990 -41.48
4991 -37.56
4992 -37.6
4993 -37.6
4994 -33.6
4995 -25.72
4996 -29.72
4997 -33.84
4998 -29.92
4999 -38.12
5000 -37.96
