1 485.762
2 492.84
3 909.626
4 1797.76
5 1804.55
6 2160.39
7 1797.76
8 1465.36
9 1787.6
10 1787.6
11 1790.98
12 2152.96
13 1794.37
14 1797.76
15 2152.96
16 2164.11
17 1794.37
18 1794.37
19 1777.47
20 1777.47
21 1780.84
22 1462.3
23 1456.19
24 1465.36
25 1468.42
26 912.04
27 1172.38
28 1177.86
29 1186.11
30 1180.61
31 1468.42
32 1172.38
33 1797.76
34 1804.55
35 1468.42
36 1468.42
37 1774.09
38 2116
39 2119.68
40 2123.37
41 2127.05
42 2134.44
43 1770.73
44 1774.09
45 1777.47
46 1767.36
47 1760.64
48 1753.93
49 2104.97
50 2108.65
51 2108.65
52 2108.65
53 2108.65
54 2112.32
55 2119.68
56 2123.37
57 2119.68
58 2123.37
59 2123.37
60 2130.75
61 1166.91
62 1770.73
63 2134.44
64 1790.98
65 1474.56
66 1801.15
67 1794.37
68 1471.49
69 1471.49
70 1811.35
71 1188.87
72 1186.11
73 1480.71
74 1480.71
75 1480.71
76 1811.35
77 1489.96
78 1199.93
79 1835.27
80 1205.48
81 2197.73
82 2205.24
83 1835.27
84 1511.65
85 1205.48
86 1194.39
87 1804.55
88 1797.76
89 1471.49
90 1471.49
91 1471.49
92 1180.61
93 1471.49
94 1465.36
95 1787.6
96 1794.37
97 1794.37
98 1172.38
99 1169.64
100 1175.12
101 916.878
102 1471.49
103 1474.56
104 1480.71
105 1483.79
106 1828.42
107 1828.42
108 2193.99
109 2193.99
110 2201.49
111 2205.24
112 2601
113 2601
114 2601
115 2197.73
116 2197.73
117 1835.27
118 1838.69
119 1831.84
120 1194.39
121 1807.95
122 1814.76
123 1821.58
124 1818.17
125 1811.35
126 1807.95
127 1804.55
128 1477.63
129 1483.79
130 1483.79
131 1797.76
132 1807.95
133 1807.95
134 1804.55
135 1797.76
136 1790.98
137 1797.76
138 1797.76
139 1804.55
140 1486.87
141 1483.79
142 1486.87
143 1477.63
144 1180.61
145 1807.95
146 1804.55
147 1471.49
148 1465.36
149 1468.42
150 1161.45
151 1172.38
152 1175.12
153 1177.86
154 696.96
155 688.538
156 688.538
157 1169.64
158 1169.64
159 1453.13
160 1456.19
161 1465.36
162 1462.3
163 1177.86
164 1465.36
165 1172.38
166 1166.91
167 1175.12
168 914.458
169 1453.13
170 1459.24
171 1462.3
172 1770.73
173 1774.09
174 1780.84
175 1462.3
176 1465.36
177 1777.47
178 1764
179 1440.96
180 1753.93
181 1750.59
182 1760.64
183 1760.64
184 1770.73
185 2112.32
186 2104.97
187 2108.65
188 2116
189 2116
190 2127.05
191 1764
192 1753.93
193 2093.98
194 2093.98
195 1743.9
196 1743.9
197 1743.9
198 1431.87
199 1743.9
200 1733.89
201 1737.22
202 1730.56
203 1733.89
204 1737.22
205 1416.77
206 2093.98
207 2093.98
208 1740.56
209 2097.64
210 2097.64
211 1750.59
212 1747.24
213 1750.59
214 1757.29
215 1753.93
216 1747.24
217 1747.24
218 1740.56
219 1743.9
220 1733.89
221 1733.89
222 1134.34
223 1410.75
224 1126.27
225 1419.78
226 1743.9
227 1419.78
228 1137.04
229 1419.78
230 1425.82
231 1434.89
232 1428.84
233 1425.82
234 1434.89
235 1431.87
236 1434.89
237 1153.28
238 1150.57
239 1444
240 1453.13
241 1447.04
242 1757.29
243 1447.04
244 1444
245 1747.24
246 1422.8
247 1740.56
248 1419.78
249 2101.31
250 1425.82
251 1743.9
252 1428.84
253 1431.87
254 1410.75
255 1410.75
256 1123.59
257 1416.77
258 1134.34
259 1131.65
260 1139.74
261 1150.57
262 1422.8
263 1416.77
264 1727.23
265 1727.23
266 1410.75
267 1730.56
268 1720.59
269 2086.66
270 1134.34
271 1723.91
272 1717.27
273 1707.34
274 1707.34
275 1707.34
276 1395.77
277 1720.59
278 1717.27
279 1413.76
280 1404.75
281 1730.56
282 1730.56
283 1723.91
284 1404.75
285 1401.75
286 1416.77
287 1425.82
288 1431.87
289 1747.24
290 1730.56
291 1747.24
292 1425.82
293 1137.04
294 1410.75
295 1404.75
296 1413.76
297 1419.78
298 1422.8
299 1753.93
300 2104.97
301 2097.64
302 1428.84
303 1147.85
304 1150.57
305 1434.89
306 1437.93
307 1767.36
308 1767.36
309 1444
310 1164.17
311 1156
312 1150.57
313 1450.09
314 1767.36
315 1456.19
316 1172.38
317 1462.3
318 1462.3
319 1465.36
320 1804.55
321 1477.63
322 1180.61
323 1801.15
324 1794.37
325 1801.15
326 1801.15
327 1483.79
328 1480.71
329 1801.15
330 1801.15
331 1811.35
332 1814.76
333 2182.76
334 1814.76
335 1818.17
336 2182.76
337 2179.02
338 2179.02
339 2182.76
340 1480.71
341 1801.15
342 1468.42
343 1790.98
344 1787.6
345 1465.36
346 1166.91
347 1459.24
348 1453.13
349 1450.09
350 1774.09
351 1777.47
352 1767.36
353 1770.73
354 1777.47
355 1459.24
356 1453.13
357 1462.3
358 1180.61
359 1465.36
360 1465.36
361 1471.49
362 1474.56
363 1468.42
364 1477.63
365 1483.79
366 1191.63
367 1477.63
368 1483.79
369 1474.56
370 1471.49
371 1468.42
372 1790.98
373 1787.6
374 1774.09
375 1780.84
376 1777.47
377 1764
378 1764
379 1764
380 1767.36
381 2127.05
382 1770.73
383 1757.29
384 1757.29
385 1440.96
386 1767.36
387 1434.89
388 1434.89
389 1764
390 1764
391 1450.09
392 1770.73
393 1453.13
394 904.806
395 1456.19
396 2127.05
397 2127.05
398 1453.13
399 1774.09
400 1453.13
401 1450.09
402 1777.47
403 2134.44
404 2138.14
405 2145.54
406 1794.37
407 1787.6
408 1777.47
409 1780.84
410 1770.73
411 1444
412 1444
413 1760.64
414 1440.96
415 1440.96
416 1447.04
417 1760.64
418 2104.97
419 1743.9
420 1753.93
421 1428.84
422 1440.96
423 1753.93
424 1747.24
425 1425.82
426 1413.76
427 1139.74
428 1137.04
429 1139.74
430 1142.44
431 1134.34
432 1139.74
433 890.426
434 1153.28
435 1428.84
436 1434.89
437 1425.82
438 1422.8
439 1422.8
440 1422.8
441 1437.93
442 1166.91
443 909.626
444 914.458
445 1164.17
446 1459.24
447 1459.24
448 1444
449 1153.28
450 1437.93
451 2116
452 1774.09
453 1767.36
454 1777.47
455 1780.84
456 1794.37
457 1790.98
458 1787.6
459 1777.47
460 1444
461 890.426
462 1447.04
463 1770.73
464 1777.47
465 1780.84
466 1462.3
467 916.878
468 1177.86
469 1462.3
470 1456.19
471 904.806
472 1437.93
473 1153.28
474 1434.89
475 1422.8
476 1422.8
477 890.426
478 1730.56
479 1727.23
480 1733.89
481 1733.89
482 1139.74
483 1428.84
484 1434.89
485 1434.89
486 1434.89
487 1428.84
488 1760.64
489 1760.64
490 1767.36
491 1434.89
492 1158.72
493 1166.91
494 1164.17
495 1142.44
496 1431.87
497 1737.22
498 2090.32
499 1743.9
500 1753.93
501 1760.64
502 1760.64
503 1450.09
504 1757.29
505 1757.29
506 1757.29
507 1760.64
508 1150.57
509 1434.89
510 1757.29
511 1750.59
512 1743.9
513 1413.76
514 1395.77
515 2057.53
516 2057.53
517 1713.96
518 2061.16
519 2061.16
520 2068.43
521 2072.07
522 2068.43
523 1730.56
524 1134.34
525 1720.59
526 1720.59
527 2068.43
528 2064.79
529 1733.89
530 1730.56
531 1416.77
532 1410.75
533 1413.76
534 1413.76
535 1416.77
536 1137.04
537 1137.04
538 1431.87
539 1770.73
540 1774.09
541 1774.09
542 1450.09
543 1158.72
544 1150.57
545 1447.04
546 1456.19
547 1175.12
548 1770.73
549 1437.93
550 1440.96
551 1753.93
552 1757.29
553 1428.84
554 1428.84
555 1440.96
556 1450.09
557 1767.36
558 1770.73
559 1767.36
560 1440.96
561 1156
562 1164.17
563 1164.17
564 1453.13
565 1453.13
566 1161.45
567 1153.28
568 1150.57
569 1139.74
570 1422.8
571 1422.8
572 1737.22
573 1730.56
574 1730.56
575 1727.23
576 1717.27
577 1720.59
578 1410.75
579 1740.56
580 1750.59
581 1757.29
582 1431.87
583 1764
584 1767.36
585 1757.29
586 1750.59
587 1753.93
588 2101.31
589 1743.9
590 1743.9
591 1740.56
592 1737.22
593 1730.56
594 1730.56
595 2079.36
596 2083.01
597 1737.22
598 2090.32
599 2086.66
600 1730.56
601 1730.56
602 1723.91
603 1727.23
604 1733.89
605 1428.84
606 1425.82
607 1428.84
608 1440.96
609 1161.45
610 1453.13
611 1450.09
612 1450.09
613 1453.13
614 1453.13
615 1437.93
616 1447.04
617 1764
618 1757.29
619 1440.96
620 1158.72
621 1161.45
622 1153.28
623 1777.47
624 1790.98
625 1471.49
626 1459.24
627 1456.19
628 1453.13
629 885.658
630 1123.59
631 871.43
632 876.16
633 873.794
634 1131.65
635 1134.34
636 869.07
637 1128.96
638 1134.34
639 1413.76
640 1416.77
641 1428.84
642 1131.65
643 1422.8
644 883.278
645 1145.15
646 1142.44
647 1137.04
648 1128.96
649 1137.04
650 471.758
651 890.426
652 1161.45
653 1156
654 1158.72
655 1166.91
656 1177.86
657 921.73
658 1180.61
659 1797.76
660 2156.67
661 2167.83
662 1814.76
663 2167.83
664 1804.55
665 2160.39
666 1811.35
667 1486.87
668 1797.76
669 1814.76
670 1493.05
671 1477.63
672 1474.56
673 1169.64
674 1158.72
675 1777.47
676 1784.22
677 1794.37
678 1801.15
679 1474.56
680 1477.63
681 1194.39
682 1197.16
683 2193.99
684 2197.73
685 2186.5
686 2182.76
687 2182.76
688 1821.58
689 1814.76
690 1814.76
691 1807.95
692 1814.76
693 1825
694 1821.58
695 1821.58
696 1814.76
697 1496.14
698 1197.16
699 1489.96
700 1205.48
701 1199.93
702 1183.36
703 1797.76
704 1790.98
705 1797.76
706 1794.37
707 1797.76
708 1801.15
709 1811.35
710 1814.76
711 1486.87
712 1483.79
713 1180.61
714 1465.36
715 1462.3
716 1164.17
717 1172.38
718 1175.12
719 1444
720 1450.09
721 1767.36
722 1459.24
723 1169.64
724 1474.56
725 909.626
726 1468.42
727 924.16
728 1483.79
729 1474.56
730 1468.42
731 1169.64
732 1161.45
733 1450.09
734 900
735 1456.19
736 1465.36
737 1474.56
738 1180.61
739 919.302
740 699.074
741 1177.86
742 1465.36
743 1774.09
744 1456.19
745 1784.22
746 1456.19
747 1777.47
748 1784.22
749 1790.98
750 1477.63
751 1483.79
752 1480.71
753 1814.76
754 1486.87
755 1483.79
756 1496.14
757 1828.42
758 1493.05
759 1828.42
760 1814.76
761 1807.95
762 1814.76
763 1814.76
764 1493.05
765 1493.05
766 1483.79
767 1474.56
768 1790.98
769 2141.84
770 2141.84
771 1807.95
772 2175.29
773 1821.58
774 2182.76
775 2175.29
776 2171.56
777 2171.56
778 2164.11
779 2164.11
780 2171.56
781 2171.56
782 1807.95
783 1811.35
784 1818.17
785 1821.58
786 1825
787 1825
788 1486.87
789 1191.63
790 1197.16
791 1825
792 1818.17
793 1493.05
794 1188.87
795 1483.79
796 1483.79
797 1814.76
798 1493.05
799 1818.17
800 1814.76
801 1801.15
802 2175.29
803 2179.02
804 2182.76
805 1483.79
806 1483.79
807 1814.76
808 1814.76
809 1804.55
810 1794.37
811 1787.6
812 1777.47
813 1777.47
814 1453.13
815 2130.75
816 2116
817 2116
818 2116
819 1767.36
820 1757.29
821 1764
822 1431.87
823 1434.89
824 1419.78
825 1425.82
826 1416.77
827 1428.84
828 1425.82
829 1425.82
830 1422.8
831 1123.59
832 1120.91
833 1404.75
834 1717.27
835 1717.27
836 1717.27
837 1410.75
838 1401.75
839 1410.75
840 1410.75
841 1410.75
842 1720.59
843 1720.59
844 1730.56
845 1737.22
846 1747.24
847 1743.9
848 1147.85
849 1161.45
850 1164.17
851 1456.19
852 1161.45
853 1453.13
854 1770.73
855 1774.09
856 1770.73
857 1764
858 1437.93
859 1753.93
860 904.806
861 1465.36
862 1471.49
863 1483.79
864 1480.71
865 1186.11
866 1183.36
867 1175.12
868 916.878
869 912.04
870 1474.56
871 1480.71
872 1811.35
873 1818.17
874 2167.83
875 2171.56
876 2167.83
877 2167.83
878 1811.35
879 1474.56
880 1471.49
881 1450.09
882 1459.24
883 1471.49
884 1471.49
885 1183.36
886 1468.42
887 1471.49
888 1462.3
889 933.914
890 931.47
891 1197.16
892 1486.87
893 1489.96
894 1496.14
895 1496.14
896 1194.39
897 926.594
898 919.302
899 916.878
900 1169.64
901 916.878
902 1172.38
903 1480.71
904 1471.49
905 1169.64
906 1459.24
907 1156
908 1164.17
909 1164.17
910 1774.09
911 1453.13
912 1444
913 1753.93
914 1747.24
915 1428.84
916 1730.56
917 2075.71
918 2075.71
919 2079.36
920 1723.91
921 2075.71
922 2072.07
923 1717.27
924 1720.59
925 1723.91
926 1419.78
927 1416.77
928 1413.76
929 2075.71
930 2072.07
931 1733.89
932 1733.89
933 1422.8
934 1431.87
935 1434.89
936 1440.96
937 1147.85
938 1437.93
939 1437.93
940 1447.04
941 1444
942 1444
943 1437.93
944 1437.93
945 1444
946 1156
947 1437.93
948 1156
949 1437.93
950 1440.96
951 1440.96
952 1156
953 1450.09
954 1164.17
955 1468.42
956 1465.36
957 1462.3
958 1774.09
959 1760.64
960 1750.59
961 1434.89
962 1757.29
963 1764
964 1447.04
965 1437.93
966 1156
967 1450.09
968 1444
969 1444
970 1774.09
971 1764
972 1428.84
973 1422.8
974 1727.23
975 1737.22
976 1422.8
977 1137.04
978 1431.87
979 1145.15
980 1142.44
981 1147.85
982 1147.85
983 1416.77
984 1730.56
985 1727.23
986 1419.78
987 1131.65
988 1720.59
989 1720.59
990 1727.23
991 1723.91
992 1727.23
993 1713.96
994 1717.27
995 1407.75
996 1401.75
997 1407.75
998 1416.77
999 1137.04
1000 1428.84
1001 1428.84
1002 1425.82
1003 1428.84
1004 1153.28
1005 1431.87
1006 1419.78
1007 1416.77
1008 1425.82
1009 1139.74
1010 1145.15
1011 1156
1012 1787.6
1013 1787.6
1014 1784.22
1015 1784.22
1016 1780.84
1017 1780.84
1018 1777.47
1019 1764
1020 1777.47
1021 1444
1022 1764
1023 1447.04
1024 1767.36
1025 1757.29
1026 1753.93
1027 1753.93
1028 1440.96
1029 1150.57
1030 1428.84
1031 1428.84
1032 1440.96
1033 1447.04
1034 1456.19
1035 1770.73
1036 1767.36
1037 1760.64
1038 1753.93
1039 1440.96
1040 1145.15
1041 1431.87
1042 1434.89
1043 1137.04
1044 1416.77
1045 1727.23
1046 1727.23
1047 1730.56
1048 1743.9
1049 1740.56
1050 1737.22
1051 1737.22
1052 2086.66
1053 1730.56
1054 1139.74
1055 1737.22
1056 1740.56
1057 1428.84
1058 1747.24
1059 1753.93
1060 2104.97
1061 2116
1062 2108.65
1063 1760.64
1064 2108.65
1065 1750.59
1066 1747.24
1067 1740.56
1068 1413.76
1069 1737.22
1070 1410.75
1071 2079.36
1072 2068.43
1073 1717.27
1074 1720.59
1075 1407.75
1076 2072.07
1077 1723.91
1078 1407.75
1079 1419.78
1080 1401.75
1081 1410.75
1082 883.278
1083 1419.78
1084 1733.89
1085 1737.22
1086 1730.56
1087 1737.22
1088 1740.56
1089 1740.56
1090 1437.93
1091 1747.24
1092 1425.82
1093 1419.78
1094 1419.78
1095 1139.74
1096 1437.93
1097 1757.29
1098 1147.85
1099 1450.09
1100 1437.93
1101 1747.24
1102 1425.82
1103 1147.85
1104 1428.84
1105 1434.89
1106 1440.96
1107 1447.04
1108 1459.24
1109 1794.37
1110 1784.22
1111 916.878
1112 904.806
1113 1459.24
1114 1780.84
1115 1790.98
1116 1790.98
1117 1794.37
1118 1175.12
1119 1175.12
1120 1483.79
1121 1477.63
1122 1471.49
1123 1450.09
1124 1450.09
1125 1456.19
1126 1166.91
1127 1465.36
1128 1450.09
1129 1169.64
1130 1172.38
1131 1169.64
1132 1465.36
1133 1456.19
1134 907.214
1135 1440.96
1136 1450.09
1137 2127.05
1138 1784.22
1139 1462.3
1140 1468.42
1141 1797.76
1142 2141.84
1143 2138.14
1144 1770.73
1145 1757.29
1146 1434.89
1147 2104.97
1148 1437.93
1149 1757.29
1150 1431.87
1151 2108.65
1152 2108.65
1153 1425.82
1154 1137.04
1155 1413.76
1156 1733.89
1157 1419.78
1158 1428.84
1159 1434.89
1160 1428.84
1161 1440.96
1162 1437.93
1163 1753.93
1164 1750.59
1165 1444
1166 1757.29
1167 2104.97
1168 1753.93
1169 1750.59
1170 1753.93
1171 1760.64
1172 1764
1173 1764
1174 1764
1175 2112.32
1176 2108.65
1177 1760.64
1178 2112.32
1179 1750.59
1180 1444
1181 1164.17
1182 1447.04
1183 900
1184 1437.93
1185 1150.57
1186 1450.09
1187 1777.47
1188 1777.47
1189 2141.84
1190 2130.75
1191 2134.44
1192 2134.44
1193 2138.14
1194 2145.54
1195 1787.6
1196 1777.47
1197 1777.47
1198 1784.22
1199 1777.47
1200 1462.3
1201 1462.3
1202 1777.47
1203 1797.76
1204 1801.15
1205 1183.36
1206 1462.3
1207 1158.72
1208 1161.45
1209 1774.09
1210 1774.09
1211 1447.04
1212 1450.09
1213 1450.09
1214 1760.64
1215 1760.64
1216 1760.64
1217 1767.36
1218 1770.73
1219 1767.36
1220 1767.36
1221 1747.24
1222 1750.59
1223 1737.22
1224 1431.87
1225 1145.15
1226 1139.74
1227 1131.65
1228 1134.34
1229 1730.56
1230 1727.23
1231 1727.23
1232 2083.01
1233 2079.36
1234 1730.56
1235 1733.89
1236 1730.56
1237 1422.8
1238 1747.24
1239 2101.31
1240 1743.9
1241 2093.98
1242 2086.66
1243 2086.66
1244 2093.98
1245 1743.9
1246 1740.56
1247 2090.32
1248 1740.56
1249 2086.66
1250 1750.59
1251 1753.93
1252 2108.65
1253 1764
1254 1764
1255 1774.09
1256 1453.13
1257 1770.73
1258 1764
1259 2127.05
1260 2130.75
1261 2123.37
1262 2123.37
1263 1774.09
1264 1764
1265 2104.97
1266 1747.24
1267 1740.56
1268 1743.9
1269 1747.24
1270 1413.76
1271 1410.75
1272 1717.27
1273 1707.34
1274 1389.8
1275 1700.74
1276 1700.74
1277 1395.77
1278 1115.56
1279 1120.91
1280 1128.96
1281 1413.76
1282 1727.23
1283 1737.22
1284 1419.78
1285 1419.78
1286 1137.04
1287 895.206
1288 671.846
1289 890.426
1290 897.602
1291 1156
1292 1453.13
1293 1468.42
1294 1465.36
1295 1175.12
1296 1175.12
1297 1166.91
1298 1172.38
1299 1468.42
1300 1471.49
1301 1477.63
1302 1486.87
1303 1471.49
1304 1468.42
1305 1474.56
1306 1477.63
1307 1471.49
1308 1474.56
1309 1175.12
1310 1456.19
1311 1764
1312 1750.59
1313 1753.93
1314 1747.24
1315 1753.93
1316 1760.64
1317 1440.96
1318 1757.29
1319 1431.87
1320 1431.87
1321 1743.9
1322 1419.78
1323 1413.76
1324 1134.34
1325 1419.78
1326 1150.57
1327 1428.84
1328 1139.74
1329 1422.8
1330 1422.8
1331 1153.28
1332 678.082
1333 907.214
1334 1169.64
1335 916.878
1336 921.73
1337 1177.86
1338 907.214
1339 897.602
1340 895.206
1341 885.658
1342 671.846
1343 1145.15
1344 1147.85
1345 1150.57
1346 1139.74
1347 1425.82
1348 1419.78
1349 880.902
1350 885.658
1351 1142.44
1352 1753.93
1353 1753.93
1354 1774.09
1355 1774.09
1356 1456.19
1357 1453.13
1358 1767.36
1359 1767.36
1360 1156
1361 1434.89
1362 1428.84
1363 885.658
1364 876.16
1365 892.814
1366 1153.28
1367 1425.82
1368 890.426
1369 1153.28
1370 1450.09
1371 1447.04
1372 1450.09
1373 1459.24
1374 1169.64
1375 1462.3
1376 1158.72
1377 1158.72
1378 1166.91
1379 1156
1380 904.806
1381 1450.09
1382 1456.19
1383 1166.91
1384 1450.09
1385 1166.91
1386 1175.12
1387 1471.49
1388 1790.98
1389 1774.09
1390 2134.44
1391 2134.44
1392 1780.84
1393 1471.49
1394 1471.49
1395 1468.42
1396 1471.49
1397 1474.56
1398 1180.61
1399 1188.87
1400 1474.56
1401 1462.3
1402 1169.64
1403 1169.64
1404 1166.91
1405 1465.36
1406 1459.24
1407 1169.64
1408 1169.64
1409 1169.64
1410 919.302
1411 1180.61
1412 1456.19
1413 1468.42
1414 1453.13
1415 1456.19
1416 1770.73
1417 1440.96
1418 1440.96
1419 1440.96
1420 1450.09
1421 1161.45
1422 1453.13
1423 1450.09
1424 1757.29
1425 1760.64
1426 1747.24
1427 1757.29
1428 2112.32
1429 1757.29
1430 1760.64
1431 1760.64
1432 1760.64
1433 1747.24
1434 1750.59
1435 1743.9
1436 1733.89
1437 1416.77
1438 1727.23
1439 1727.23
1440 1410.75
1441 1416.77
1442 1419.78
1443 1407.75
1444 1416.77
1445 1425.82
1446 1422.8
1447 1416.77
1448 1131.65
1449 1419.78
1450 1419.78
1451 1740.56
1452 1737.22
1453 1425.82
1454 1419.78
1455 1422.8
1456 1416.77
1457 1416.77
1458 1419.78
1459 1740.56
1460 2068.43
1461 1723.91
1462 1720.59
1463 1727.23
1464 1727.23
1465 1720.59
1466 1410.75
1467 1413.76
1468 1142.44
1469 1145.15
1470 1428.84
1471 1422.8
1472 1753.93
1473 1743.9
1474 1428.84
1475 1419.78
1476 1416.77
1477 1413.76
1478 1727.23
1479 1730.56
1480 1737.22
1481 1733.89
1482 1733.89
1483 1425.82
1484 1428.84
1485 1422.8
1486 1134.34
1487 1740.56
1488 1750.59
1489 1757.29
1490 1453.13
1491 1774.09
1492 1447.04
1493 1767.36
1494 1767.36
1495 1757.29
1496 1434.89
1497 1425.82
1498 1733.89
1499 1730.56
1500 1727.23
1501 1407.75
1502 1407.75
1503 1713.96
1504 1717.27
1505 1717.27
1506 2053.9
1507 2046.66
1508 1395.77
1509 1401.75
1510 1401.75
1511 1404.75
1512 878.53
1513 871.43
1514 1398.76
1515 1416.77
1516 1422.8
1517 1128.96
1518 1150.57
1519 1760.64
1520 1434.89
1521 1750.59
1522 1150.57
1523 1428.84
1524 1753.93
1525 1764
1526 1753.93
1527 1757.29
1528 1757.29
1529 1757.29
1530 2104.97
1531 2101.31
1532 2097.64
1533 1750.59
1534 2101.31
1535 1750.59
1536 1416.77
1537 1128.96
1538 1419.78
1539 1425.82
1540 1434.89
1541 1740.56
1542 1743.9
1543 1740.56
1544 1737.22
1545 1737.22
1546 1727.23
1547 1727.23
1548 1720.59
1549 1410.75
1550 1730.56
1551 1723.91
1552 1730.56
1553 1727.23
1554 1743.9
1555 1753.93
1556 1753.93
1557 2101.31
1558 2097.64
1559 2104.97
1560 2101.31
1561 2097.64
1562 2090.32
1563 2090.32
1564 2093.98
1565 1747.24
1566 1142.44
1567 1147.85
1568 895.206
1569 1444
1570 1156
1571 1447.04
1572 1462.3
1573 1169.64
1574 914.458
1575 1477.63
1576 1811.35
1577 1477.63
1578 1477.63
1579 1474.56
1580 1468.42
1581 1471.49
1582 1465.36
1583 1477.63
1584 1801.15
1585 1474.56
1586 1790.98
1587 1471.49
1588 1459.24
1589 1462.3
1590 1450.09
1591 1453.13
1592 487.526
1593 1166.91
1594 921.73
1595 921.73
1596 1175.12
1597 1474.56
1598 1483.79
1599 1480.71
1600 914.458
1601 1180.61
1602 1477.63
1603 1480.71
1604 1814.76
1605 1486.87
1606 1489.96
1607 1188.87
1608 1811.35
1609 1825
1610 2182.76
1611 1821.58
1612 1483.79
1613 1477.63
1614 1496.14
1615 1499.24
1616 1825
1617 1828.42
1618 1821.58
1619 1821.58
1620 1483.79
1621 926.594
1622 1180.61
1623 1468.42
1624 1462.3
1625 1169.64
1626 1462.3
1627 1177.86
1628 1477.63
1629 1807.95
1630 1811.35
1631 2179.02
1632 2167.83
1633 1801.15
1634 1814.76
1635 1811.35
1636 1180.61
1637 1474.56
1638 1471.49
1639 1468.42
1640 1471.49
1641 1465.36
1642 1483.79
1643 1804.55
1644 1801.15
1645 1787.6
1646 1780.84
1647 1777.47
1648 1774.09
1649 2119.68
1650 2138.14
1651 2141.84
1652 1794.37
1653 1804.55
1654 1807.95
1655 1801.15
1656 1804.55
1657 1465.36
1658 1465.36
1659 1462.3
1660 1790.98
1661 1801.15
1662 1797.76
1663 1468.42
1664 1169.64
1665 1169.64
1666 1462.3
1667 1468.42
1668 1465.36
1669 1175.12
1670 1166.91
1671 1161.45
1672 1161.45
1673 1158.72
1674 900
1675 676
1676 1147.85
1677 1142.44
1678 1401.75
1679 1404.75
1680 1727.23
1681 1410.75
1682 1126.27
1683 1126.27
1684 1413.76
1685 1410.75
1686 1404.75
1687 1713.96
1688 1407.75
1689 1404.75
1690 1717.27
1691 1717.27
1692 1720.59
1693 1720.59
1694 1723.91
1695 2079.36
1696 1137.04
1697 1142.44
1698 1743.9
1699 1743.9
1700 1743.9
1701 1434.89
1702 895.206
1703 1431.87
1704 1428.84
1705 1153.28
1706 907.214
1707 1450.09
1708 1462.3
1709 1172.38
1710 1166.91
1711 1790.98
1712 1450.09
1713 1767.36
1714 1764
1715 1440.96
1716 1431.87
1717 1145.15
1718 1142.44
1719 1737.22
1720 1740.56
1721 1419.78
1722 1131.65
1723 878.53
1724 1419.78
1725 1416.77
1726 1139.74
1727 1425.82
1728 1422.8
1729 1422.8
1730 1419.78
1731 1428.84
1732 1440.96
1733 1447.04
1734 1434.89
1735 1153.28
1736 1158.72
1737 1156
1738 1150.57
1739 1150.57
1740 1150.57
1741 1145.15
1742 1137.04
1743 1134.34
1744 1126.27
1745 1120.91
1746 1139.74
1747 1128.96
1748 1422.8
1749 1737.22
1750 1425.82
1751 1428.84
1752 1750.59
1753 1750.59
1754 1743.9
1755 1131.65
1756 1410.75
1757 1118.23
1758 1104.9
1759 1118.23
1760 1395.77
1761 1107.56
1762 1118.23
1763 1115.56
1764 1120.91
1765 1723.91
1766 1707.34
1767 1395.77
1768 1717.27
1769 1717.27
1770 1720.59
1771 1134.34
1772 1142.44
1773 1142.44
1774 1158.72
1775 1158.72
1776 1437.93
1777 1750.59
1778 1440.96
1779 1743.9
1780 1750.59
1781 1428.84
1782 890.426
1783 1147.85
1784 1447.04
1785 1450.09
1786 1161.45
1787 673.922
1788 897.602
1789 1158.72
1790 1462.3
1791 1459.24
1792 1462.3
1793 1465.36
1794 1465.36
1795 1161.45
1796 1158.72
1797 904.806
1798 1161.45
1799 1764
1800 1444
1801 1450.09
1802 1447.04
1803 897.602
1804 1150.57
1805 904.806
1806 1153.28
1807 1767.36
1808 1767.36
1809 1764
1810 1760.64
1811 1425.82
1812 1730.56
1813 1737.22
1814 1737.22
1815 1733.89
1816 1733.89
1817 1740.56
1818 1750.59
1819 1750.59
1820 1444
1821 1169.64
1822 1166.91
1823 1471.49
1824 1471.49
1825 1180.61
1826 1180.61
1827 1483.79
1828 1480.71
1829 1811.35
1830 1807.95
1831 1818.17
1832 1821.58
1833 1821.58
1834 1486.87
1835 1471.49
1836 1186.11
1837 1471.49
1838 1468.42
1839 1462.3
1840 1177.86
1841 1462.3
1842 1459.24
1843 902.402
1844 1150.57
1845 1450.09
1846 1453.13
1847 1465.36
1848 1468.42
1849 1474.56
1850 1468.42
1851 1480.71
1852 1477.63
1853 1474.56
1854 1480.71
1855 1483.79
1856 1191.63
1857 926.594
1858 1474.56
1859 1474.56
1860 1177.86
1861 1465.36
1862 1459.24
1863 1468.42
1864 1477.63
1865 1787.6
1866 1784.22
1867 1801.15
1868 1801.15
1869 1801.15
1870 1801.15
1871 1801.15
1872 1801.15
1873 1474.56
1874 1804.55
1875 1480.71
1876 1807.95
1877 1811.35
1878 1807.95
1879 1814.76
1880 1825
1881 1818.17
1882 1486.87
1883 1486.87
1884 1818.17
1885 1814.76
1886 1818.17
1887 1489.96
1888 1818.17
1889 1825
1890 1502.34
1891 1825
1892 1499.24
1893 1499.24
1894 1505.44
1895 1831.84
1896 1825
1897 1489.96
1898 1480.71
1899 1489.96
1900 1486.87
1901 1486.87
1902 1183.36
1903 1462.3
1904 1777.47
1905 1777.47
1906 1780.84
1907 1784.22
1908 1790.98
1909 1794.37
1910 1459.24
1911 1784.22
1912 1474.56
1913 1180.61
1914 1450.09
1915 1169.64
1916 1175.12
1917 1468.42
1918 1462.3
1919 1474.56
1920 1477.63
1921 1480.71
1922 1814.76
1923 1194.39
1924 931.47
1925 1180.61
1926 1477.63
1927 919.302
1928 1183.36
1929 1186.11
1930 1483.79
1931 1180.61
1932 1199.93
1933 1502.34
1934 1835.27
1935 2190.24
1936 2179.02
1937 2190.24
1938 2186.5
1939 2193.99
1940 2601
1941 2601
1942 1842.13
1943 2197.73
1944 2201.49
1945 1838.69
1946 1825
1947 1818.17
1948 1486.87
1949 1480.71
1950 1186.11
1951 919.302
1952 1468.42
1953 1175.12
1954 1175.12
1955 1465.36
1956 1471.49
1957 1471.49
1958 929.03
1959 1486.87
1960 1489.96
1961 924.16
1962 1493.05
1963 1499.24
1964 1496.14
1965 1821.58
1966 1828.42
1967 1831.84
1968 1828.42
1969 1825
1970 2186.5
1971 1821.58
1972 1814.76
1973 1818.17
1974 1821.58
1975 1811.35
1976 1801.15
1977 1486.87
1978 1486.87
1979 1499.24
1980 2179.02
1981 2182.76
1982 2186.5
1983 2179.02
1984 2186.5
1985 2186.5
1986 1828.42
1987 1489.96
1988 926.594
1989 924.16
1990 914.458
1991 1177.86
1992 926.594
1993 1197.16
1994 1493.05
1995 1502.34
1996 1838.69
1997 2201.49
1998 2201.49
1999 1838.69
2000 1831.84
2001 2197.73
2002 2186.5
2003 1835.27
2004 1828.42
2005 1825
2006 1821.58
2007 1825
2008 1831.84
2009 1831.84
2010 1194.39
2011 1493.05
2012 1499.24
2013 1205.48
2014 1188.87
2015 1175.12
2016 1471.49
2017 1471.49
2018 1169.64
2019 1471.49
2020 1465.36
2021 1468.42
2022 2156.67
2023 1477.63
2024 2171.56
2025 2175.29
2026 1811.35
2027 2171.56
2028 2164.11
2029 2164.11
2030 2167.83
2031 2164.11
2032 1794.37
2033 1474.56
2034 2145.54
2035 2149.25
2036 2149.25
2037 2134.44
2038 2134.44
2039 1468.42
2040 1787.6
2041 2134.44
2042 1183.36
2043 1180.61
2044 1801.15
2045 1465.36
2046 1177.86
2047 1183.36
2048 912.04
2049 1450.09
2050 1770.73
2051 2116
2052 2116
2053 2112.32
2054 2112.32
2055 1753.93
2056 1747.24
2057 1760.64
2058 1767.36
2059 1440.96
2060 1750.59
2061 1750.59
2062 1434.89
2063 1142.44
2064 888.04
2065 1425.82
2066 1428.84
2067 1437.93
2068 1437.93
2069 1757.29
2070 1760.64
2071 1142.44
2072 1767.36
2073 1437.93
2074 1440.96
2075 1444
2076 1444
2077 1450.09
2078 1444
2079 1166.91
2080 916.878
2081 900
2082 1145.15
2083 890.426
2084 1161.45
2085 1161.45
2086 1150.57
2087 1450.09
2088 1447.04
2089 1456.19
2090 1453.13
2091 1453.13
2092 1767.36
2093 1440.96
2094 1753.93
2095 1740.56
2096 1747.24
2097 1743.9
2098 1419.78
2099 1416.77
2100 1720.59
2101 2079.36
2102 1737.22
2103 1419.78
2104 1740.56
2105 2093.98
2106 1743.9
2107 2090.32
2108 2090.32
2109 2093.98
2110 1740.56
2111 2083.01
2112 2083.01
2113 1720.59
2114 2086.66
2115 1733.89
2116 1737.22
2117 1419.78
2118 1743.9
2119 2101.31
2120 2101.31
2121 2101.31
2122 2104.97
2123 2104.97
2124 2104.97
2125 2108.65
2126 1760.64
2127 2116
2128 2119.68
2129 2119.68
2130 1767.36
2131 2119.68
2132 2112.32
2133 2116
2134 2127.05
2135 1777.47
2136 2130.75
2137 1770.73
2138 1440.96
2139 1440.96
2140 1145.15
2141 1137.04
2142 1126.27
2143 1126.27
2144 878.53
2145 1128.96
2146 880.902
2147 1145.15
2148 1431.87
2149 1150.57
2150 1767.36
2151 1456.19
2152 1172.38
2153 1777.47
2154 1777.47
2155 1175.12
2156 2149.25
2157 1468.42
2158 1468.42
2159 1456.19
2160 1166.91
2161 1456.19
2162 1462.3
2163 1175.12
2164 1471.49
2165 1801.15
2166 1777.47
2167 2134.44
2168 2130.75
2169 1774.09
2170 2127.05
2171 2119.68
2172 1770.73
2173 1777.47
2174 1784.22
2175 1794.37
2176 1794.37
2177 1794.37
2178 1468.42
2179 1794.37
2180 1471.49
2181 1471.49
2182 1468.42
2183 1794.37
2184 1480.71
2185 1480.71
2186 1471.49
2187 1801.15
2188 1794.37
2189 1465.36
2190 1161.45
2191 1161.45
2192 1164.17
2193 1164.17
2194 1166.91
2195 1784.22
2196 1468.42
2197 1468.42
2198 1471.49
2199 2149.25
2200 2152.96
2201 2152.96
2202 1794.37
2203 2160.39
2204 2171.56
2205 2175.29
2206 2182.76
2207 2175.29
2208 2164.11
2209 2160.39
2210 2156.67
2211 1797.76
2212 1780.84
2213 1780.84
2214 1468.42
2215 1468.42
2216 1480.71
2217 1197.16
2218 1489.96
2219 1199.93
2220 1194.39
2221 1199.93
2222 1496.14
2223 1821.58
2224 1821.58
2225 1821.58
2226 2179.02
2227 2182.76
2228 2186.5
2229 1825
2230 1505.44
2231 1508.55
2232 1842.13
2233 1838.69
2234 1835.27
2235 1499.24
2236 1825
2237 1825
2238 1496.14
2239 1828.42
2240 1831.84
2241 1831.84
2242 1831.84
2243 1835.27
2244 1502.34
2245 1835.27
2246 1828.42
2247 1831.84
2248 1831.84
2249 2205.24
2250 2601
2251 2601
2252 2601
2253 2205.24
2254 2201.49
2255 1831.84
2256 2201.49
2257 2601
2258 2601
2259 2601
2260 2601
2261 2601
2262 2601
2263 2601
2264 2601
2265 2601
2266 2601
2267 2601
2268 1499.24
2269 1502.34
2270 1202.7
2271 1502.34
2272 1818.17
2273 1825
2274 1825
2275 1499.24
2276 1821.58
2277 1486.87
2278 1180.61
2279 1166.91
2280 1169.64
2281 1462.3
2282 1172.38
2283 1456.19
2284 1471.49
2285 1465.36
2286 1177.86
2287 1465.36
2288 1459.24
2289 1465.36
2290 1471.49
2291 1471.49
2292 1456.19
2293 1453.13
2294 1462.3
2295 1468.42
2296 1177.86
2297 1172.38
2298 1453.13
2299 1453.13
2300 1450.09
2301 1453.13
2302 1787.6
2303 1790.98
2304 1468.42
2305 1784.22
2306 1790.98
2307 1784.22
2308 1787.6
2309 1462.3
2310 907.214
2311 895.206
2312 895.206
2313 678.082
2314 907.214
2315 907.214
2316 904.806
2317 902.402
2318 1453.13
2319 1462.3
2320 1462.3
2321 1474.56
2322 1474.56
2323 1180.61
2324 1480.71
2325 1486.87
2326 1807.95
2327 1804.55
2328 1471.49
2329 2164.11
2330 2171.56
2331 2164.11
2332 2156.67
2333 1797.76
2334 2164.11
2335 2160.39
2336 1804.55
2337 1794.37
2338 1794.37
2339 1794.37
2340 1787.6
2341 1471.49
2342 1801.15
2343 1801.15
2344 2145.54
2345 2152.96
2346 2152.96
2347 2152.96
2348 2145.54
2349 2152.96
2350 1794.37
2351 1468.42
2352 1169.64
2353 1459.24
2354 1172.38
2355 1462.3
2356 1468.42
2357 1166.91
2358 1164.17
2359 1161.45
2360 1175.12
2361 1450.09
2362 1161.45
2363 1166.91
2364 909.626
2365 912.04
2366 919.302
2367 1471.49
2368 1183.36
2369 1483.79
2370 1480.71
2371 1496.14
2372 1483.79
2373 1483.79
2374 1468.42
2375 1161.45
2376 912.04
2377 1471.49
2378 1471.49
2379 1468.42
2380 1459.24
2381 1453.13
2382 1456.19
2383 680.166
2384 904.806
2385 902.402
2386 1150.57
2387 1147.85
2388 1425.82
2389 1434.89
2390 1767.36
2391 1770.73
2392 1770.73
2393 2141.84
2394 2145.54
2395 2149.25
2396 2141.84
2397 1784.22
2398 1777.47
2399 1453.13
2400 1767.36
2401 1437.93
2402 1437.93
2403 1757.29
2404 1145.15
2405 1139.74
2406 1137.04
2407 1422.8
2408 1733.89
2409 1410.75
2410 1723.91
2411 2064.79
2412 2061.16
2413 1723.91
2414 1398.76
2415 1112.89
2416 1120.91
2417 1398.76
2418 1118.23
2419 1120.91
2420 1401.75
2421 1710.65
2422 1720.59
2423 1720.59
2424 1401.75
2425 1713.96
2426 1407.75
2427 1413.76
2428 1413.76
2429 1126.27
2430 1118.23
2431 1110.22
2432 866.714
2433 1112.89
2434 1137.04
2435 1126.27
2436 1419.78
2437 1713.96
2438 1720.59
2439 1717.27
2440 1713.96
2441 1407.75
2442 1720.59
2443 1723.91
2444 1730.56
2445 1413.76
2446 1413.76
2447 1401.75
2448 1723.91
2449 1123.59
2450 1413.76
2451 1723.91
2452 1407.75
2453 1131.65
2454 1410.75
2455 1416.77
2456 1131.65
2457 1128.96
2458 1134.34
2459 1419.78
2460 888.04
2461 1737.22
2462 1425.82
2463 1740.56
2464 1428.84
2465 1137.04
2466 878.53
2467 1123.59
2468 873.794
2469 1126.27
2470 1134.34
2471 1137.04
2472 883.278
2473 657.41
2474 878.53
2475 1413.76
2476 1410.75
2477 1137.04
2478 1425.82
2479 1431.87
2480 1437.93
2481 1158.72
2482 1450.09
2483 1177.86
2484 1477.63
2485 2156.67
2486 2160.39
2487 2152.96
2488 1790.98
2489 1790.98
2490 2149.25
2491 2141.84
2492 1784.22
2493 1787.6
2494 1790.98
2495 1797.76
2496 1784.22
2497 1777.47
2498 1468.42
2499 1180.61
2500 1166.91
2501 1166.91
2502 919.302
2503 1186.11
2504 933.914
2505 1205.48
2506 1477.63
2507 1183.36
2508 1188.87
2509 1483.79
2510 1493.05
2511 2186.5
2512 2190.24
2513 1828.42
2514 2190.24
2515 2201.49
2516 2205.24
2517 2205.24
2518 2201.49
2519 2601
2520 2205.24
2521 2197.73
2522 2190.24
2523 2193.99
2524 1835.27
2525 1199.93
2526 1483.79
2527 1191.63
2528 1191.63
2529 1197.16
2530 1199.93
2531 1505.44
2532 1821.58
2533 1818.17
2534 1818.17
2535 1486.87
2536 1486.87
2537 1186.11
2538 1188.87
2539 1477.63
2540 1807.95
2541 1804.55
2542 1814.76
2543 1486.87
2544 1480.71
2545 1483.79
2546 1814.76
2547 1486.87
2548 1811.35
2549 1186.11
2550 1191.63
2551 1177.86
2552 1177.86
2553 1164.17
2554 1161.45
2555 1465.36
2556 912.04
2557 921.73
2558 1180.61
2559 1459.24
2560 1169.64
2561 1447.04
2562 1444
2563 1142.44
2564 1431.87
2565 1750.59
2566 1743.9
2567 1743.9
2568 1747.24
2569 1740.56
2570 1145.15
2571 1145.15
2572 1145.15
2573 1434.89
2574 907.214
2575 1456.19
2576 1462.3
2577 1804.55
2578 1477.63
2579 1811.35
2580 1493.05
2581 1496.14
2582 1814.76
2583 1814.76
2584 1811.35
2585 1496.14
2586 1194.39
2587 1489.96
2588 1486.87
2589 1496.14
2590 1496.14
2591 1486.87
2592 1483.79
2593 1194.39
2594 1496.14
2595 1489.96
2596 1477.63
2597 1483.79
2598 1486.87
2599 1493.05
2600 1483.79
2601 1486.87
2602 1186.11
2603 921.73
2604 1191.63
2605 1180.61
2606 1188.87
2607 1197.16
2608 1493.05
2609 1496.14
2610 1493.05
2611 1499.24
2612 1818.17
2613 1811.35
2614 1486.87
2615 1194.39
2616 1828.42
2617 1499.24
2618 2193.99
2619 2197.73
2620 2201.49
2621 2205.24
2622 2201.49
2623 2201.49
2624 2201.49
2625 2205.24
2626 2205.24
2627 2601
2628 2205.24
2629 2601
2630 2601
2631 2601
2632 2601
2633 2601
2634 2601
2635 2601
2636 2601
2637 1821.58
2638 1821.58
2639 1493.05
2640 1496.14
2641 1197.16
2642 1486.87
2643 1186.11
2644 1186.11
2645 1468.42
2646 1180.61
2647 1468.42
2648 1480.71
2649 1489.96
2650 1496.14
2651 1499.24
2652 1489.96
2653 1496.14
2654 1825
2655 1828.42
2656 1828.42
2657 1831.84
2658 2201.49
2659 2201.49
2660 2197.73
2661 1835.27
2662 2197.73
2663 1208.26
2664 1828.42
2665 2186.5
2666 2175.29
2667 2175.29
2668 1188.87
2669 1486.87
2670 1489.96
2671 1821.58
2672 1828.42
2673 1213.83
2674 2205.24
2675 1835.27
2676 2201.49
2677 2205.24
2678 1838.69
2679 1831.84
2680 1821.58
2681 1486.87
2682 1807.95
2683 1480.71
2684 1804.55
2685 1486.87
2686 1818.17
2687 2167.83
2688 2164.11
2689 2160.39
2690 2156.67
2691 2156.67
2692 1804.55
2693 1797.76
2694 1489.96
2695 1177.86
2696 1787.6
2697 1780.84
2698 1777.47
2699 1450.09
2700 2108.65
2701 2108.65
2702 1767.36
2703 1156
2704 1172.38
2705 914.458
2706 907.214
2707 1450.09
2708 1764
2709 1764
2710 904.806
2711 1774.09
2712 1777.47
2713 1780.84
2714 1784.22
2715 1780.84
2716 1459.24
2717 1777.47
2718 1777.47
2719 1774.09
2720 1770.73
2721 1459.24
2722 1453.13
2723 1166.91
2724 1169.64
2725 1172.38
2726 1794.37
2727 1797.76
2728 1465.36
2729 1777.47
2730 1456.19
2731 1161.45
2732 1456.19
2733 1784.22
2734 1790.98
2735 1787.6
2736 1780.84
2737 1450.09
2738 1453.13
2739 1777.47
2740 1780.84
2741 1459.24
2742 1794.37
2743 1794.37
2744 1468.42
2745 1471.49
2746 1807.95
2747 1814.76
2748 1493.05
2749 1496.14
2750 1828.42
2751 1499.24
2752 1197.16
2753 1493.05
2754 941.262
2755 705.434
2756 1208.26
2757 2201.49
2758 1842.13
2759 2601
2760 2601
2761 2601
2762 2601
2763 2205.24
2764 2601
2765 2601
2766 2601
2767 2601
2768 2601
2769 1831.84
2770 1505.44
2771 2193.99
2772 2190.24
2773 2190.24
2774 1825
2775 926.594
2776 1486.87
2777 1188.87
2778 1814.76
2779 1480.71
2780 1483.79
2781 1821.58
2782 1831.84
2783 1821.58
2784 1814.76
2785 1811.35
2786 926.594
2787 1186.11
2788 1180.61
2789 696.96
2790 694.85
2791 909.626
2792 1153.28
2793 1437.93
2794 1434.89
2795 1777.47
2796 1780.84
2797 1790.98
2798 1468.42
2799 1471.49
2800 1797.76
2801 1801.15
2802 2167.83
2803 2164.11
2804 2160.39
2805 1807.95
2806 1797.76
2807 2164.11
2808 2164.11
2809 2164.11
2810 1814.76
2811 2156.67
2812 2149.25
2813 2152.96
2814 1794.37
2815 2152.96
2816 1804.55
2817 1804.55
2818 1462.3
2819 1169.64
2820 1158.72
2821 1447.04
2822 1459.24
2823 1462.3
2824 1465.36
2825 1169.64
2826 1794.37
2827 2156.67
2828 2156.67
2829 2152.96
2830 1790.98
2831 2152.96
2832 1801.15
2833 1794.37
2834 1790.98
2835 1777.47
2836 1770.73
2837 1440.96
2838 1161.45
2839 1450.09
2840 1437.93
2841 2108.65
2842 2108.65
2843 2101.31
2844 2112.32
2845 2112.32
2846 1760.64
2847 1760.64
2848 1764
2849 1444
2850 1434.89
2851 1434.89
2852 1431.87
2853 1743.9
2854 1431.87
2855 1147.85
2856 1156
2857 904.806
2858 676
2859 669.774
2860 684.346
2861 1166.91
2862 1774.09
2863 1770.73
2864 1767.36
2865 1774.09
2866 1447.04
2867 2130.75
2868 1774.09
2869 1444
2870 1153.28
2871 1440.96
2872 1431.87
2873 1743.9
2874 1733.89
2875 1733.89
2876 883.278
2877 1142.44
2878 1422.8
2879 1410.75
2880 1416.77
2881 1137.04
2882 1444
2883 1434.89
2884 1440.96
2885 1440.96
2886 1764
2887 1444
2888 1774.09
2889 1784.22
2890 1477.63
2891 1471.49
2892 1471.49
2893 1471.49
2894 1794.37
2895 1797.76
2896 1477.63
2897 1480.71
2898 1180.61
2899 1177.86
2900 1172.38
2901 1166.91
2902 1456.19
2903 1453.13
2904 1459.24
2905 1450.09
2906 1456.19
2907 1434.89
2908 1434.89
2909 1153.28
2910 1150.57
2911 900
2912 904.806
2913 1175.12
2914 1468.42
2915 1456.19
2916 1437.93
2917 1440.96
2918 1434.89
2919 1425.82
2920 1413.76
2921 1419.78
2922 1413.76
2923 1410.75
2924 1422.8
2925 1431.87
2926 1142.44
2927 1145.15
2928 1437.93
2929 1437.93
2930 1431.87
2931 1158.72
2932 1453.13
2933 1767.36
2934 1437.93
2935 1437.93
2936 1428.84
2937 1137.04
2938 1416.77
2939 1419.78
2940 1740.56
2941 1737.22
2942 1717.27
2943 1710.65
2944 1710.65
2945 1717.27
2946 1723.91
2947 1717.27
2948 1710.65
2949 1723.91
2950 1730.56
2951 1730.56
2952 1737.22
2953 1737.22
2954 1727.23
2955 1410.75
2956 1730.56
2957 1720.59
2958 1413.76
2959 1413.76
2960 1723.91
2961 1733.89
2962 1422.8
2963 1730.56
2964 1733.89
2965 1733.89
2966 1733.89
2967 1737.22
2968 1730.56
2969 1407.75
2970 1416.77
2971 1419.78
2972 1740.56
2973 1733.89
2974 1733.89
2975 1723.91
2976 1142.44
2977 1434.89
2978 1743.9
2979 1750.59
2980 1747.24
2981 1750.59
2982 1434.89
2983 1764
2984 1764
2985 1447.04
2986 1780.84
2987 1164.17
2988 1462.3
2989 1784.22
2990 1787.6
2991 1794.37
2992 2167.83
2993 2171.56
2994 2171.56
2995 2167.83
2996 2152.96
2997 1794.37
2998 2156.67
2999 1811.35
3000 1804.55
3001 1480.71
3002 1186.11
3003 1807.95
3004 2167.83
3005 2179.02
3006 2175.29
3007 2179.02
3008 1818.17
3009 1486.87
3010 1186.11
3011 921.73
3012 919.302
3013 1462.3
3014 1456.19
3015 1784.22
3016 1474.56
3017 1468.42
3018 1784.22
3019 1780.84
3020 2130.75
3021 1774.09
3022 1770.73
3023 2141.84
3024 2145.54
3025 1790.98
3026 1797.76
3027 2145.54
3028 2145.54
3029 2138.14
3030 2138.14
3031 1784.22
3032 1784.22
3033 1462.3
3034 1172.38
3035 1474.56
3036 1794.37
3037 1797.76
3038 1465.36
3039 1465.36
3040 1172.38
3041 1456.19
3042 1462.3
3043 1175.12
3044 1462.3
3045 1468.42
3046 1801.15
3047 1172.38
3048 1183.36
3049 1797.76
3050 1474.56
3051 1471.49
3052 1474.56
3053 1188.87
3054 1483.79
3055 1474.56
3056 1480.71
3057 1474.56
3058 1480.71
3059 1483.79
3060 1477.63
3061 1480.71
3062 1480.71
3063 1477.63
3064 1811.35
3065 1807.95
3066 1486.87
3067 1480.71
3068 1177.86
3069 1180.61
3070 1177.86
3071 1801.15
3072 1794.37
3073 1797.76
3074 1477.63
3075 2164.11
3076 2167.83
3077 2167.83
3078 2164.11
3079 1801.15
3080 1807.95
3081 1807.95
3082 1807.95
3083 1804.55
3084 1804.55
3085 1807.95
3086 1483.79
3087 1480.71
3088 1483.79
3089 926.594
3090 1480.71
3091 1807.95
3092 2175.29
3093 1811.35
3094 1804.55
3095 1801.15
3096 1486.87
3097 1489.96
3098 1807.95
3099 1801.15
3100 1797.76
3101 1807.95
3102 1807.95
3103 1180.61
3104 1183.36
3105 1183.36
3106 1180.61
3107 902.402
3108 1456.19
3109 1456.19
3110 1465.36
3111 1175.12
3112 1462.3
3113 1164.17
3114 1164.17
3115 1161.45
3116 1456.19
3117 1169.64
3118 916.878
3119 902.402
3120 1453.13
3121 1440.96
3122 1156
3123 1156
3124 1175.12
3125 1172.38
3126 1456.19
3127 1471.49
3128 1180.61
3129 912.04
3130 1169.64
3131 1465.36
3132 1462.3
3133 1175.12
3134 1172.38
3135 1468.42
3136 1465.36
3137 1175.12
3138 916.878
3139 1177.86
3140 1175.12
3141 1166.91
3142 1164.17
3143 1172.38
3144 1465.36
3145 916.878
3146 1175.12
3147 900
3148 1137.04
3149 1137.04
3150 1416.77
3151 1126.27
3152 1407.75
3153 1131.65
3154 1147.85
3155 1145.15
3156 1137.04
3157 1410.75
3158 1717.27
3159 2061.16
3160 2072.07
3161 2083.01
3162 1727.23
3163 1733.89
3164 1733.89
3165 1413.76
3166 2064.79
3167 1730.56
3168 1727.23
3169 1730.56
3170 2072.07
3171 2068.43
3172 2061.16
3173 1410.75
3174 1713.96
3175 1717.27
3176 1126.27
3177 1398.76
3178 1404.75
3179 2050.28
3180 2046.66
3181 2050.28
3182 2053.9
3183 1704.04
3184 1707.34
3185 2053.9
3186 2050.28
3187 1710.65
3188 2053.9
3189 2053.9
3190 1707.34
3191 2053.9
3192 2046.66
3193 2039.43
3194 2039.43
3195 1700.74
3196 1694.15
3197 1697.44
3198 1383.84
3199 1694.15
3200 2401
3201 2401
3202 2401
3203 2401
3204 1690.85
3205 1690.85
3206 2035.81
3207 1697.44
3208 1700.74
3209 1392.78
3210 1395.77
3211 1395.77
3212 1395.77
3213 1700.74
3214 1392.78
3215 1395.77
3216 1697.44
3217 1690.85
3218 1687.57
3219 2401
3220 2401
3221 2401
3222 2401
3223 2401
3224 2028.6
3225 2401
3226 2028.6
3227 2032.21
3228 1687.57
3229 2028.6
3230 2401
3231 2401
3232 2401
3233 2401
3234 2401
3235 1377.89
3236 2039.43
3237 1700.74
3238 1704.04
3239 1704.04
3240 1707.34
3241 1707.34
3242 1700.74
3243 1697.44
3244 1707.34
3245 1700.74
3246 1710.65
3247 1707.34
3248 1401.75
3249 1395.77
3250 2050.28
3251 1704.04
3252 1710.65
3253 1704.04
3254 1404.75
3255 1404.75
3256 1404.75
3257 1392.78
3258 1383.84
3259 2035.81
3260 2035.81
3261 1697.44
3262 2032.21
3263 2401
3264 2401
3265 2401
3266 2401
3267 2401
3268 2035.81
3269 2043.04
3270 2039.43
3271 1697.44
3272 1392.78
3273 1704.04
3274 1713.96
3275 1713.96
3276 1401.75
3277 1404.75
3278 1410.75
3279 1413.76
3280 1720.59
3281 1713.96
3282 1727.23
3283 1410.75
3284 1730.56
3285 1717.27
3286 1713.96
3287 1723.91
3288 1717.27
3289 1407.75
3290 1737.22
3291 1747.24
3292 1147.85
3293 1153.28
3294 1437.93
3295 1444
3296 1453.13
3297 1459.24
3298 1453.13
3299 1172.38
3300 904.806
3301 1147.85
3302 1145.15
3303 1147.85
3304 1459.24
3305 1166.91
3306 1177.86
3307 1172.38
3308 1774.09
3309 1774.09
3310 1764
3311 1767.36
3312 1764
3313 1760.64
3314 1437.93
3315 890.426
3316 1425.82
3317 1128.96
3318 1123.59
3319 880.902
3320 883.278
3321 885.658
3322 1428.84
3323 1428.84
3324 1425.82
3325 895.206
3326 1419.78
3327 1740.56
3328 1733.89
3329 1413.76
3330 1419.78
3331 1416.77
3332 1723.91
3333 2064.79
3334 2072.07
3335 2068.43
3336 1723.91
3337 1410.75
3338 1131.65
3339 883.278
3340 1422.8
3341 1419.78
3342 1737.22
3343 1737.22
3344 1737.22
3345 1425.82
3346 1733.89
3347 1419.78
3348 1737.22
3349 1730.56
3350 2075.71
3351 1733.89
3352 1730.56
3353 2072.07
3354 2075.71
3355 1737.22
3356 2079.36
3357 2079.36
3358 1422.8
3359 1431.87
3360 1428.84
3361 1419.78
3362 1428.84
3363 1437.93
3364 1437.93
3365 1428.84
3366 1142.44
3367 2090.32
3368 1747.24
3369 2093.98
3370 2090.32
3371 1428.84
3372 1428.84
3373 1428.84
3374 1437.93
3375 1459.24
3376 1784.22
3377 1790.98
3378 1465.36
3379 1456.19
3380 1459.24
3381 1468.42
3382 1797.76
3383 1175.12
3384 1456.19
3385 1166.91
3386 1462.3
3387 1468.42
3388 1468.42
3389 1462.3
3390 1453.13
3391 1456.19
3392 1453.13
3393 1459.24
3394 1158.72
3395 1767.36
3396 1774.09
3397 1774.09
3398 1780.84
3399 1465.36
3400 1186.11
3401 1801.15
3402 1804.55
3403 1801.15
3404 1790.98
3405 1797.76
3406 1477.63
3407 1797.76
3408 1804.55
3409 1801.15
3410 1790.98
3411 1801.15
3412 1804.55
3413 1811.35
3414 1807.95
3415 1801.15
3416 1477.63
3417 1471.49
3418 1801.15
3419 1172.38
3420 1465.36
3421 1468.42
3422 1462.3
3423 1468.42
3424 1784.22
3425 1456.19
3426 1459.24
3427 1787.6
3428 1790.98
3429 1465.36
3430 1462.3
3431 1471.49
3432 1465.36
3433 1465.36
3434 1186.11
3435 1821.58
3436 1828.42
3437 1825
3438 1477.63
3439 1818.17
3440 1821.58
3441 1831.84
3442 2205.24
3443 2205.24
3444 2601
3445 2205.24
3446 1842.13
3447 2205.24
3448 1842.13
3449 2205.24
3450 2201.49
3451 2601
3452 2205.24
3453 1842.13
3454 1842.13
3455 2205.24
3456 2197.73
3457 2182.76
3458 2175.29
3459 2175.29
3460 2186.5
3461 2186.5
3462 2186.5
3463 2186.5
3464 2205.24
3465 2205.24
3466 2601
3467 2601
3468 2601
3469 2601
3470 2601
3471 2205.24
3472 2205.24
3473 2205.24
3474 2601
3475 2601
3476 2601
3477 1838.69
3478 1838.69
3479 2197.73
3480 1838.69
3481 1838.69
3482 2205.24
3483 2201.49
3484 2205.24
3485 2205.24
3486 2601
3487 2205.24
3488 2601
3489 2201.49
3490 2205.24
3491 2601
3492 2601
3493 2201.49
3494 2205.24
3495 2205.24
3496 2186.5
3497 2182.76
3498 2175.29
3499 2179.02
3500 2171.56
3501 1186.11
3502 1496.14
3503 1197.16
3504 1188.87
3505 1814.76
3506 1814.76
3507 1821.58
3508 1818.17
3509 1818.17
3510 1496.14
3511 1821.58
3512 1828.42
3513 1499.24
3514 1828.42
3515 1831.84
3516 1814.76
3517 1811.35
3518 1191.63
3519 1486.87
3520 1474.56
3521 1180.61
3522 1807.95
3523 1807.95
3524 1480.71
3525 1794.37
3526 1784.22
3527 1784.22
3528 907.214
3529 1158.72
3530 1456.19
3531 907.214
3532 1462.3
3533 1459.24
3534 1450.09
3535 1471.49
3536 1483.79
3537 1202.7
3538 2193.99
3539 2193.99
3540 2193.99
3541 1835.27
3542 2190.24
3543 1825
3544 1496.14
3545 1818.17
3546 2190.24
3547 2190.24
3548 1818.17
3549 2175.29
3550 2160.39
3551 2156.67
3552 2160.39
3553 2160.39
3554 1183.36
3555 1794.37
3556 1787.6
3557 1471.49
3558 1468.42
3559 1465.36
3560 1483.79
3561 1483.79
3562 1483.79
3563 1480.71
3564 1801.15
3565 1804.55
3566 1186.11
3567 1477.63
3568 1790.98
3569 1794.37
3570 1468.42
3571 1471.49
3572 1780.84
3573 1787.6
3574 1456.19
3575 1166.91
3576 1156
3577 1153.28
3578 1444
3579 1153.28
3580 1440.96
3581 1166.91
3582 1164.17
3583 892.814
3584 1158.72
3585 1156
3586 1137.04
3587 1131.65
3588 1740.56
3589 1750.59
3590 1747.24
3591 1753.93
3592 1753.93
3593 1747.24
3594 1431.87
3595 1750.59
3596 1737.22
3597 1410.75
3598 1730.56
3599 1730.56
3600 1134.34
3601 1407.75
3602 864.36
3603 1126.27
3604 1120.91
3605 1401.75
3606 1404.75
3607 1392.78
3608 1115.56
3609 1704.04
3610 1697.44
3611 1697.44
3612 1694.15
3613 2035.81
3614 2032.21
3615 2039.43
3616 2035.81
3617 1395.77
3618 1398.76
3619 1404.75
3620 1407.75
3621 1404.75
3622 878.53
3623 878.53
3624 1128.96
3625 1123.59
3626 1416.77
3627 1425.82
3628 2072.07
3629 1727.23
3630 2075.71
3631 1737.22
3632 1428.84
3633 1422.8
3634 1128.96
3635 1733.89
3636 1407.75
3637 1720.59
3638 1401.75
3639 1717.27
3640 1398.76
3641 1123.59
3642 1425.82
3643 1428.84
3644 1428.84
3645 902.402
3646 1161.45
3647 1153.28
3648 1425.82
3649 1428.84
3650 1740.56
3651 1743.9
3652 1425.82
3653 1425.82
3654 1737.22
3655 1740.56
3656 1753.93
3657 1764
3658 1767.36
3659 1777.47
3660 1444
3661 1437.93
3662 1425.82
3663 1425.82
3664 1416.77
3665 1128.96
3666 1137.04
3667 1145.15
3668 1123.59
3669 1128.96
3670 1134.34
3671 1128.96
3672 1422.8
3673 1126.27
3674 1413.76
3675 1419.78
3676 1422.8
3677 1422.8
3678 1419.78
3679 1410.75
3680 1126.27
3681 876.16
3682 885.658
3683 895.206
3684 487.526
3685 892.814
3686 1156
3687 1161.45
3688 1450.09
3689 1767.36
3690 1774.09
3691 1774.09
3692 1767.36
3693 1770.73
3694 1158.72
3695 900
3696 1440.96
3697 1161.45
3698 1158.72
3699 1156
3700 1453.13
3701 1450.09
3702 1453.13
3703 1450.09
3704 1434.89
3705 485.762
3706 907.214
3707 1166.91
3708 1172.38
3709 1164.17
3710 1158.72
3711 1156
3712 1450.09
3713 1161.45
3714 1764
3715 2123.37
3716 2123.37
3717 1770.73
3718 1777.47
3719 1784.22
3720 1462.3
3721 1794.37
3722 1790.98
3723 1787.6
3724 1471.49
3725 1477.63
3726 1797.76
3727 1801.15
3728 1474.56
3729 1177.86
3730 1468.42
3731 1468.42
3732 1177.86
3733 1169.64
3734 909.626
3735 1453.13
3736 1459.24
3737 1468.42
3738 1471.49
3739 1794.37
3740 1474.56
3741 1483.79
3742 1814.76
3743 1489.96
3744 1811.35
3745 1814.76
3746 1493.05
3747 1486.87
3748 1811.35
3749 1821.58
3750 1828.42
3751 1197.16
3752 1496.14
3753 1814.76
3754 2160.39
3755 2160.39
3756 1797.76
3757 2167.83
3758 2171.56
3759 1831.84
3760 1499.24
3761 1821.58
3762 1828.42
3763 1197.16
3764 1821.58
3765 1821.58
3766 1825
3767 1502.34
3768 1202.7
3769 1191.63
3770 1186.11
3771 1188.87
3772 1477.63
3773 1474.56
3774 1480.71
3775 1814.76
3776 1814.76
3777 1818.17
3778 1502.34
3779 2197.73
3780 2193.99
3781 2190.24
3782 1828.42
3783 2179.02
3784 1480.71
3785 1486.87
3786 1480.71
3787 1180.61
3788 1180.61
3789 1471.49
3790 1459.24
3791 1453.13
3792 1164.17
3793 1156
3794 900
3795 1166.91
3796 1468.42
3797 1477.63
3798 1477.63
3799 1474.56
3800 1480.71
3801 1807.95
3802 1811.35
3803 2186.5
3804 2193.99
3805 2197.73
3806 1835.27
3807 1835.27
3808 1505.44
3809 1821.58
3810 1483.79
3811 1183.36
3812 1493.05
3813 1821.58
3814 1821.58
3815 2164.11
3816 2164.11
3817 2160.39
3818 1804.55
3819 2149.25
3820 1797.76
3821 2152.96
3822 2152.96
3823 2145.54
3824 2130.75
3825 2127.05
3826 1774.09
3827 1784.22
3828 2130.75
3829 2123.37
3830 2123.37
3831 1774.09
3832 1770.73
3833 2138.14
3834 2138.14
3835 2138.14
3836 1456.19
3837 1456.19
3838 1172.38
3839 1172.38
3840 1186.11
3841 1811.35
3842 1483.79
3843 2152.96
3844 2156.67
3845 2167.83
3846 2164.11
3847 2156.67
3848 2152.96
3849 1790.98
3850 2149.25
3851 1794.37
3852 1471.49
3853 924.16
3854 1468.42
3855 1465.36
3856 1175.12
3857 900
3858 1166.91
3859 1158.72
3860 1164.17
3861 1459.24
3862 1453.13
3863 1459.24
3864 1453.13
3865 1462.3
3866 1462.3
3867 1468.42
3868 1787.6
3869 1784.22
3870 1787.6
3871 1183.36
3872 1477.63
3873 1496.14
3874 1202.7
3875 1825
3876 1496.14
3877 1499.24
3878 1842.13
3879 2205.24
3880 2601
3881 2601
3882 1842.13
3883 1502.34
3884 1489.96
3885 919.302
3886 1790.98
3887 1465.36
3888 1777.47
3889 1450.09
3890 1164.17
3891 1444
3892 1158.72
3893 1459.24
3894 1770.73
3895 1750.59
3896 1753.93
3897 895.206
3898 1145.15
3899 1139.74
3900 1419.78
3901 1407.75
3902 1410.75
3903 1126.27
3904 1115.56
3905 1707.34
3906 1115.56
3907 1110.22
3908 1710.65
3909 1710.65
3910 1707.34
3911 1713.96
3912 1717.27
3913 1720.59
3914 1733.89
3915 1727.23
3916 1737.22
3917 1139.74
3918 1413.76
3919 1723.91
3920 1733.89
3921 1404.75
3922 2072.07
3923 2068.43
3924 1723.91
3925 1410.75
3926 2068.43
3927 1723.91
3928 1727.23
3929 1730.56
3930 1723.91
3931 1717.27
3932 2075.71
3933 1431.87
3934 1737.22
3935 1740.56
3936 1753.93
3937 1753.93
3938 1753.93
3939 1750.59
3940 1747.24
3941 2086.66
3942 2086.66
3943 2079.36
3944 2075.71
3945 2075.71
3946 1720.59
3947 1717.27
3948 1723.91
3949 1723.91
3950 1401.75
3951 1401.75
3952 1710.65
3953 1720.59
3954 1410.75
3955 1727.23
3956 1723.91
3957 1413.76
3958 1110.22
3959 1120.91
3960 1110.22
3961 1120.91
3962 1120.91
3963 869.07
3964 1407.75
3965 1723.91
3966 1419.78
3967 1131.65
3968 1126.27
3969 1126.27
3970 1720.59
3971 1720.59
3972 2068.43
3973 2064.79
3974 2064.79
3975 2064.79
3976 1713.96
3977 2064.79
3978 1723.91
3979 1730.56
3980 1727.23
3981 1723.91
3982 1730.56
3983 1422.8
3984 1740.56
3985 1134.34
3986 1733.89
3987 1727.23
3988 1425.82
3989 1422.8
3990 1428.84
3991 1431.87
3992 1434.89
3993 1444
3994 914.458
3995 1169.64
3996 1456.19
3997 1453.13
3998 1440.96
3999 1447.04
4000 1440.96
4001 1447.04
4002 1440.96
4003 1444
4004 1767.36
4005 1764
4006 1447.04
4007 1447.04
4008 1471.49
4009 1474.56
4010 1794.37
4011 1477.63
4012 1477.63
4013 1471.49
4014 1477.63
4015 1486.87
4016 1489.96
4017 1477.63
4018 1477.63
4019 1801.15
4020 1811.35
4021 1821.58
4022 1818.17
4023 1825
4024 936.36
4025 1825
4026 1821.58
4027 933.914
4028 1818.17
4029 1818.17
4030 1814.76
4031 1188.87
4032 926.594
4033 1177.86
4034 1172.38
4035 919.302
4036 1175.12
4037 1462.3
4038 1471.49
4039 1471.49
4040 1474.56
4041 1199.93
4042 1825
4043 1831.84
4044 1838.69
4045 1499.24
4046 1197.16
4047 1502.34
4048 1502.34
4049 1825
4050 1842.13
4051 2205.24
4052 2201.49
4053 2197.73
4054 1838.69
4055 2205.24
4056 2205.24
4057 2205.24
4058 1838.69
4059 1831.84
4060 1831.84
4061 1499.24
4062 1489.96
4063 1480.71
4064 1483.79
4065 1483.79
4066 1496.14
4067 1811.35
4068 1814.76
4069 1483.79
4070 1818.17
4071 1804.55
4072 1807.95
4073 1807.95
4074 1797.76
4075 2160.39
4076 2152.96
4077 2156.67
4078 2160.39
4079 1807.95
4080 2171.56
4081 1811.35
4082 1801.15
4083 1790.98
4084 1801.15
4085 1194.39
4086 1493.05
4087 1194.39
4088 1496.14
4089 1486.87
4090 924.16
4091 909.626
4092 914.458
4093 912.04
4094 671.846
4095 892.814
4096 897.602
4097 1172.38
4098 1774.09
4099 1447.04
4100 1161.45
4101 1161.45
4102 1158.72
4103 1156
4104 1164.17
4105 1166.91
4106 909.626
4107 1164.17
4108 1784.22
4109 1456.19
4110 1459.24
4111 1164.17
4112 1770.73
4113 1456.19
4114 1175.12
4115 1456.19
4116 1453.13
4117 1453.13
4118 1468.42
4119 1465.36
4120 1459.24
4121 1465.36
4122 1468.42
4123 1777.47
4124 1158.72
4125 1437.93
4126 1142.44
4127 1134.34
4128 1416.77
4129 1419.78
4130 1428.84
4131 1156
4132 1440.96
4133 1453.13
4134 902.402
4135 673.922
4136 1156
4137 1437.93
4138 1145.15
4139 895.206
4140 1145.15
4141 1428.84
4142 1428.84
4143 1422.8
4144 1419.78
4145 1147.85
4146 1153.28
4147 1440.96
4148 1434.89
4149 1450.09
4150 1453.13
4151 1456.19
4152 1172.38
4153 902.402
4154 897.602
4155 902.402
4156 1161.45
4157 1161.45
4158 1453.13
4159 1164.17
4160 1166.91
4161 916.878
4162 1480.71
4163 1801.15
4164 1465.36
4165 1456.19
4166 1468.42
4167 1453.13
4168 1459.24
4169 1471.49
4170 1471.49
4171 1801.15
4172 1486.87
4173 1474.56
4174 1801.15
4175 1177.86
4176 1780.84
4177 1456.19
4178 904.806
4179 1780.84
4180 1780.84
4181 1453.13
4182 1780.84
4183 1777.47
4184 1770.73
4185 1175.12
4186 909.626
4187 1450.09
4188 1780.84
4189 1471.49
4190 1177.86
4191 1459.24
4192 1156
4193 1459.24
4194 1468.42
4195 1471.49
4196 2164.11
4197 2164.11
4198 2152.96
4199 2152.96
4200 2160.39
4201 2164.11
4202 2156.67
4203 1794.37
4204 1480.71
4205 1180.61
4206 1794.37
4207 1797.76
4208 2164.11
4209 2164.11
4210 1814.76
4211 2167.83
4212 2175.29
4213 1825
4214 2179.02
4215 2179.02
4216 2179.02
4217 2186.5
4218 1825
4219 1825
4220 1811.35
4221 1480.71
4222 1489.96
4223 929.03
4224 919.302
4225 921.73
4226 1177.86
4227 1468.42
4228 1468.42
4229 1790.98
4230 1784.22
4231 1780.84
4232 1459.24
4233 1456.19
4234 1453.13
4235 1774.09
4236 1774.09
4237 1780.84
4238 1456.19
4239 1453.13
4240 1161.45
4241 1453.13
4242 690.638
4243 1440.96
4244 1453.13
4245 1780.84
4246 2145.54
4247 1794.37
4248 1797.76
4249 1797.76
4250 2152.96
4251 1794.37
4252 1790.98
4253 1794.37
4254 1794.37
4255 1787.6
4256 1787.6
4257 2145.54
4258 2156.67
4259 2156.67
4260 1811.35
4261 2171.56
4262 2167.83
4263 2152.96
4264 2145.54
4265 1180.61
4266 1471.49
4267 1471.49
4268 1471.49
4269 1480.71
4270 1814.76
4271 1483.79
4272 1191.63
4273 1807.95
4274 1825
4275 2193.99
4276 2190.24
4277 2190.24
4278 1842.13
4279 1511.65
4280 2601
4281 2601
4282 2205.24
4283 2601
4284 2201.49
4285 2601
4286 2601
4287 2601
4288 2205.24
4289 2205.24
4290 1838.69
4291 1828.42
4292 1825
4293 2190.24
4294 2197.73
4295 2601
4296 2601
4297 1842.13
4298 1505.44
4299 1838.69
4300 1838.69
4301 2182.76
4302 2190.24
4303 2193.99
4304 2190.24
4305 1821.58
4306 2179.02
4307 2175.29
4308 2186.5
4309 2186.5
4310 2186.5
4311 1199.93
4312 2186.5
4313 1828.42
4314 1821.58
4315 2186.5
4316 2190.24
4317 1821.58
4318 1814.76
4319 1818.17
4320 2175.29
4321 2167.83
4322 2167.83
4323 1811.35
4324 1804.55
4325 2164.11
4326 2156.67
4327 2164.11
4328 2167.83
4329 2160.39
4330 2164.11
4331 2156.67
4332 2156.67
4333 2152.96
4334 2149.25
4335 1787.6
4336 1787.6
4337 1465.36
4338 1784.22
4339 1780.84
4340 1161.45
4341 1784.22
4342 1787.6
4343 2164.11
4344 2171.56
4345 2182.76
4346 1818.17
4347 2186.5
4348 2182.76
4349 1489.96
4350 1797.76
4351 1801.15
4352 1811.35
4353 1814.76
4354 1814.76
4355 1825
4356 1489.96
4357 2190.24
4358 1828.42
4359 2193.99
4360 1828.42
4361 1828.42
4362 1489.96
4363 1811.35
4364 1814.76
4365 1814.76
4366 1804.55
4367 1807.95
4368 1807.95
4369 1797.76
4370 1807.95
4371 1480.71
4372 1804.55
4373 1814.76
4374 1818.17
4375 1818.17
4376 1811.35
4377 1194.39
4378 1486.87
4379 1489.96
4380 1486.87
4381 1486.87
4382 1821.58
4383 1828.42
4384 1825
4385 2182.76
4386 1818.17
4387 1483.79
4388 1474.56
4389 1468.42
4390 912.04
4391 912.04
4392 680.166
4393 1175.12
4394 1169.64
4395 686.44
4396 1164.17
4397 1437.93
4398 1437.93
4399 1428.84
4400 1150.57
4401 1147.85
4402 1158.72
4403 1764
4404 1453.13
4405 1764
4406 1444
4407 1456.19
4408 1462.3
4409 909.626
4410 924.16
4411 1180.61
4412 1477.63
4413 1177.86
4414 1784.22
4415 1462.3
4416 1456.19
4417 2127.05
4418 2138.14
4419 1456.19
4420 1456.19
4421 1784.22
4422 1462.3
4423 1471.49
4424 1784.22
4425 1787.6
4426 1784.22
4427 1459.24
4428 1465.36
4429 1462.3
4430 1797.76
4431 1811.35
4432 2171.56
4433 2164.11
4434 1486.87
4435 1804.55
4436 1486.87
4437 1186.11
4438 1180.61
4439 924.16
4440 1183.36
4441 931.47
4442 1486.87
4443 1186.11
4444 1493.05
4445 1191.63
4446 1183.36
4447 1191.63
4448 1186.11
4449 912.04
4450 909.626
4451 1175.12
4452 1186.11
4453 1183.36
4454 1177.86
4455 1172.38
4456 1462.3
4457 1462.3
4458 1480.71
4459 1480.71
4460 1480.71
4461 1474.56
4462 1480.71
4463 1474.56
4464 1471.49
4465 1474.56
4466 1180.61
4467 921.73
4468 1787.6
4469 1801.15
4470 1459.24
4471 1459.24
4472 1764
4473 1774.09
4474 1453.13
4475 1456.19
4476 1453.13
4477 1453.13
4478 1437.93
4479 1156
4480 1153.28
4481 1450.09
4482 1437.93
4483 1760.64
4484 1764
4485 1770.73
4486 1777.47
4487 1780.84
4488 2145.54
4489 2152.96
4490 2152.96
4491 2152.96
4492 2149.25
4493 2141.84
4494 2138.14
4495 1774.09
4496 2138.14
4497 2134.44
4498 1777.47
4499 1770.73
4500 1767.36
4501 1462.3
4502 1804.55
4503 1811.35
4504 1814.76
4505 1814.76
4506 1493.05
4507 1191.63
4508 1821.58
4509 1499.24
4510 1496.14
4511 1828.42
4512 1821.58
4513 1828.42
4514 2193.99
4515 2193.99
4516 2193.99
4517 2182.76
4518 2190.24
4519 1821.58
4520 1814.76
4521 1499.24
4522 1205.48
4523 1493.05
4524 1197.16
4525 1480.71
4526 1477.63
4527 1483.79
4528 1183.36
4529 1477.63
4530 1194.39
4531 1186.11
4532 1180.61
4533 1468.42
4534 1790.98
4535 1797.76
4536 1172.38
4537 1172.38
4538 1177.86
4539 1169.64
4540 1169.64
4541 900
4542 1147.85
4543 667.706
4544 669.774
4545 1150.57
4546 1156
4547 1158.72
4548 1456.19
4549 1777.47
4550 1784.22
4551 1459.24
4552 1161.45
4553 1153.28
4554 1153.28
4555 1440.96
4556 1459.24
4557 1456.19
4558 1462.3
4559 1453.13
4560 1156
4561 1444
4562 1447.04
4563 1459.24
4564 1169.64
4565 1459.24
4566 1465.36
4567 1477.63
4568 1468.42
4569 1474.56
4570 1471.49
4571 1468.42
4572 921.73
4573 919.302
4574 1468.42
4575 1186.11
4576 1169.64
4577 1456.19
4578 1801.15
4579 2164.11
4580 1811.35
4581 1814.76
4582 1825
4583 1486.87
4584 1797.76
4585 1183.36
4586 1474.56
4587 1477.63
4588 1790.98
4589 1780.84
4590 1774.09
4591 1777.47
4592 912.04
4593 1447.04
4594 1453.13
4595 1770.73
4596 1770.73
4597 1770.73
4598 1770.73
4599 1764
4600 1434.89
4601 1447.04
4602 1150.57
4603 888.04
4604 878.53
4605 1118.23
4606 1115.56
4607 1710.65
4608 1717.27
4609 1727.23
4610 1740.56
4611 1740.56
4612 1425.82
4613 1733.89
4614 1730.56
4615 1733.89
4616 1737.22
4617 1737.22
4618 1740.56
4619 1740.56
4620 1740.56
4621 1737.22
4622 1740.56
4623 1419.78
4624 1431.87
4625 1425.82
4626 1431.87
4627 1437.93
4628 1450.09
4629 1459.24
4630 1450.09
4631 1456.19
4632 1459.24
4633 1465.36
4634 1177.86
4635 1804.55
4636 1477.63
4637 1483.79
4638 1804.55
4639 1797.76
4640 2156.67
4641 1811.35
4642 1807.95
4643 1825
4644 1486.87
4645 1191.63
4646 1194.39
4647 1197.16
4648 1194.39
4649 1480.71
4650 1483.79
4651 1811.35
4652 1814.76
4653 1821.58
4654 1483.79
4655 1471.49
4656 1474.56
4657 914.458
4658 1180.61
4659 1164.17
4660 1177.86
4661 1166.91
4662 1166.91
4663 1175.12
4664 1172.38
4665 914.458
4666 1468.42
4667 1474.56
4668 1468.42
4669 919.302
4670 909.626
4671 1153.28
4672 1453.13
4673 1450.09
4674 1462.3
4675 1459.24
4676 1794.37
4677 1794.37
4678 1780.84
4679 1777.47
4680 1774.09
4681 1777.47
4682 1794.37
4683 1790.98
4684 1787.6
4685 1787.6
4686 1780.84
4687 1780.84
4688 1784.22
4689 1787.6
4690 1787.6
4691 1465.36
4692 1175.12
4693 1462.3
4694 1459.24
4695 1453.13
4696 1166.91
4697 1774.09
4698 1764
4699 1169.64
4700 1169.64
4701 902.402
4702 1440.96
4703 1444
4704 1437.93
4705 1437.93
4706 1150.57
4707 1147.85
4708 1440.96
4709 1444
4710 1444
4711 1440.96
4712 1437.93
4713 1434.89
4714 1747.24
4715 1733.89
4716 1425.82
4717 1753.93
4718 1147.85
4719 1450.09
4720 1147.85
4721 883.278
4722 1416.77
4723 1743.9
4724 1743.9
4725 1750.59
4726 1750.59
4727 1760.64
4728 1450.09
4729 1770.73
4730 1767.36
4731 2127.05
4732 2130.75
4733 1780.84
4734 1774.09
4735 1453.13
4736 1447.04
4737 1444
4738 1767.36
4739 1760.64
4740 1750.59
4741 1437.93
4742 1760.64
4743 1760.64
4744 1770.73
4745 1450.09
4746 1450.09
4747 1166.91
4748 1153.28
4749 1150.57
4750 1437.93
4751 1422.8
4752 1747.24
4753 1753.93
4754 1767.36
4755 1780.84
4756 1777.47
4757 1774.09
4758 1764
4759 1169.64
4760 1175.12
4761 1471.49
4762 1471.49
4763 1794.37
4764 1787.6
4765 1774.09
4766 1774.09
4767 1456.19
4768 1462.3
4769 1453.13
4770 1777.47
4771 1784.22
4772 1780.84
4773 1465.36
4774 1471.49
4775 1183.36
4776 1172.38
4777 1169.64
4778 1169.64
4779 1453.13
4780 1450.09
4781 1453.13
4782 1456.19
4783 1787.6
4784 1777.47
4785 1780.84
4786 1774.09
4787 1774.09
4788 1767.36
4789 1764
4790 1757.29
4791 1760.64
4792 1764
4793 1764
4794 1764
4795 1770.73
4796 1777.47
4797 1777.47
4798 1777.47
4799 1780.84
4800 912.04
4801 1459.24
4802 1770.73
4803 1760.64
4804 1757.29
4805 1777.47
4806 1764
4807 2104.97
4808 2108.65
4809 1750.59
4810 1753.93
4811 1774.09
4812 1175.12
4813 914.458
4814 1177.86
4815 1459.24
4816 1456.19
4817 1456.19
4818 1450.09
4819 1453.13
4820 1444
4821 1440.96
4822 1447.04
4823 1447.04
4824 1434.89
4825 1425.82
4826 1416.77
4827 1419.78
4828 1422.8
4829 1139.74
4830 1161.45
4831 1450.09
4832 1447.04
4833 1166.91
4834 1777.47
4835 1764
4836 1750.59
4837 1753.93
4838 1434.89
4839 1444
4840 1428.84
4841 1431.87
4842 1425.82
4843 1419.78
4844 883.278
4845 1137.04
4846 1139.74
4847 1150.57
4848 1147.85
4849 1147.85
4850 1153.28
4851 1156
4852 904.806
4853 682.254
4854 914.458
4855 1172.38
4856 1465.36
4857 1474.56
4858 1480.71
4859 1825
4860 1831.84
4861 2193.99
4862 2205.24
4863 2601
4864 2201.49
4865 1511.65
4866 1838.69
4867 2201.49
4868 2201.49
4869 1838.69
4870 2190.24
4871 2186.5
4872 2182.76
4873 1825
4874 2171.56
4875 2167.83
4876 2175.29
4877 2167.83
4878 2164.11
4879 1807.95
4880 1814.76
4881 1814.76
4882 1483.79
4883 1186.11
4884 1172.38
4885 1169.64
4886 1175.12
4887 916.878
4888 1183.36
4889 1175.12
4890 1164.17
4891 904.806
4892 1150.57
4893 1150.57
4894 1139.74
4895 1425.82
4896 1422.8
4897 1730.56
4898 1410.75
4899 1407.75
4900 1740.56
4901 1733.89
4902 1737.22
4903 1733.89
4904 1419.78
4905 1425.82
4906 1437.93
4907 1437.93
4908 1447.04
4909 1440.96
4910 1440.96
4911 1431.87
4912 1431.87
4913 1145.15
4914 1431.87
4915 1437.93
4916 1134.34
4917 1401.75
4918 1118.23
4919 869.07
4920 866.714
4921 1398.76
4922 1398.76
4923 1128.96
4924 871.43
4925 1115.56
4926 1398.76
4927 1707.34
4928 1707.34
4929 1704.04
4930 1398.76
4931 1710.65
4932 1707.34
4933 2043.04
4934 2039.43
4935 1690.85
4936 1380.87
4937 2028.6
4938 2401
4939 2401
4940 2401
4941 2028.6
4942 2032.21
4943 2401
4944 2035.81
4945 1687.57
4946 1694.15
4947 1107.56
4948 1694.15
4949 1697.44
4950 1697.44
4951 1697.44
4952 2053.9
4953 2057.53
4954 1404.75
4955 1723.91
4956 2075.71
4957 2075.71
4958 2079.36
4959 2064.79
4960 2075.71
4961 1720.59
4962 1720.59
4963 1401.75
4964 1717.27
4965 1422.8
4966 1434.89
4967 1747.24
4968 1142.44
4969 1425.82
4970 1431.87
4971 1156
4972 1447.04
4973 1453.13
4974 1444
4975 1440.96
4976 1147.85
4977 1447.04
4978 1450.09
4979 1169.64
4980 1434.89
4981 1444
4982 1147.85
4983 885.658
4984 876.16
4985 1134.34
4986 1422.8
4987 1422.8
4988 1425.82
4989 1422.8
4990 1720.59
4991 1410.75
4992 1413.76
4993 1413.76
4994 1128.96
4995 661.518
4996 883.278
4997 1145.15
4998 895.206
4999 1453.13
5000 1440.96
