1 2
2 10
3 8
4 20
5 24
6 24
7 20
8 14
9 14
10 14
11 16
12 20
13 18
14 20
15 20
16 26
17 18
18 18
19 8
20 8
21 10
22 12
23 8
24 14
25 16
26 10
27 12
28 16
29 22
30 18
31 16
32 12
33 20
34 24
35 16
36 16
37 6
38 0
39 2
40 4
41 6
42 10
43 4
44 6
45 8
46 2
47 -2
48 -6
49 -6
50 -4
51 -4
52 -4
53 -4
54 -2
55 2
56 4
57 2
58 4
59 4
60 8
61 8
62 4
63 10
64 16
65 20
66 22
67 18
68 18
69 18
70 28
71 24
72 22
73 24
74 24
75 24
76 28
77 30
78 32
79 42
80 36
81 44
82 48
83 42
84 44
85 36
86 28
87 24
88 20
89 18
90 18
91 18
92 18
93 18
94 14
95 14
96 18
97 18
98 12
99 10
100 14
101 14
102 18
103 20
104 24
105 26
106 38
107 38
108 42
109 42
110 46
111 48
112 50
113 50
114 50
115 44
116 44
117 42
118 44
119 40
120 28
121 26
122 30
123 34
124 32
125 28
126 26
127 24
128 22
129 26
130 26
131 20
132 26
133 26
134 24
135 20
136 16
137 20
138 20
139 24
140 28
141 26
142 28
143 22
144 18
145 26
146 24
147 18
148 14
149 16
150 4
151 12
152 14
153 16
154 20
155 12
156 12
157 10
158 10
159 6
160 8
161 14
162 12
163 16
164 14
165 12
166 8
167 14
168 12
169 6
170 10
171 12
172 4
173 6
174 10
175 12
176 14
177 8
178 0
179 -2
180 -6
181 -8
182 -2
183 -2
184 4
185 -2
186 -6
187 -4
188 0
189 0
190 6
191 0
192 -6
193 -12
194 -12
195 -12
196 -12
197 -12
198 -8
199 -12
200 -18
201 -16
202 -20
203 -18
204 -16
205 -18
206 -12
207 -12
208 -14
209 -10
210 -10
211 -8
212 -10
213 -8
214 -4
215 -6
216 -10
217 -10
218 -14
219 -12
220 -18
221 -18
222 -16
223 -22
224 -22
225 -16
226 -12
227 -16
228 -14
229 -16
230 -12
231 -6
232 -10
233 -12
234 -6
235 -8
236 -6
237 -2
238 -4
239 0
240 6
241 2
242 -4
243 2
244 0
245 -10
246 -14
247 -14
248 -16
249 -8
250 -12
251 -12
252 -10
253 -8
254 -22
255 -22
256 -24
257 -18
258 -16
259 -18
260 -12
261 -4
262 -14
263 -18
264 -22
265 -22
266 -22
267 -20
268 -26
269 -16
270 -16
271 -24
272 -28
273 -34
274 -34
275 -34
276 -32
277 -26
278 -28
279 -20
280 -26
281 -20
282 -20
283 -24
284 -26
285 -28
286 -18
287 -12
288 -8
289 -10
290 -20
291 -10
292 -12
293 -14
294 -22
295 -26
296 -20
297 -16
298 -14
299 -6
300 -6
301 -10
302 -10
303 -6
304 -4
305 -6
306 -4
307 2
308 2
309 0
310 6
311 0
312 -4
313 4
314 2
315 8
316 12
317 12
318 12
319 14
320 24
321 22
322 18
323 22
324 18
325 22
326 22
327 26
328 24
329 22
330 22
331 28
332 30
333 36
334 30
335 32
336 36
337 34
338 34
339 36
340 24
341 22
342 16
343 16
344 14
345 14
346 8
347 10
348 6
349 4
350 6
351 8
352 2
353 4
354 8
355 10
356 6
357 12
358 18
359 14
360 14
361 18
362 20
363 16
364 22
365 26
366 26
367 22
368 26
369 20
370 18
371 16
372 16
373 14
374 6
375 10
376 8
377 0
378 0
379 0
380 2
381 6
382 4
383 -4
384 -4
385 -2
386 2
387 -6
388 -6
389 0
390 0
391 4
392 4
393 6
394 4
395 8
396 6
397 6
398 6
399 6
400 6
401 4
402 8
403 10
404 12
405 16
406 18
407 14
408 8
409 10
410 4
411 0
412 0
413 -2
414 -2
415 -2
416 2
417 -2
418 -6
419 -12
420 -6
421 -10
422 -2
423 -6
424 -10
425 -12
426 -20
427 -12
428 -14
429 -12
430 -10
431 -16
432 -12
433 -8
434 -2
435 -10
436 -6
437 -12
438 -14
439 -14
440 -14
441 -4
442 8
443 8
444 12
445 6
446 10
447 10
448 0
449 -2
450 -4
451 0
452 6
453 2
454 8
455 10
456 18
457 16
458 14
459 8
460 0
461 -8
462 2
463 4
464 8
465 10
466 12
467 14
468 16
469 12
470 8
471 4
472 -4
473 -2
474 -6
475 -14
476 -14
477 -8
478 -20
479 -22
480 -18
481 -18
482 -12
483 -10
484 -6
485 -6
486 -6
487 -10
488 -2
489 -2
490 2
491 -6
492 2
493 8
494 6
495 -10
496 -8
497 -16
498 -14
499 -12
500 -6
501 -2
502 -2
503 4
504 -4
505 -4
506 -4
507 -2
508 -4
509 -6
510 -4
511 -8
512 -12
513 -20
514 -32
515 -32
516 -32
517 -30
518 -30
519 -30
520 -26
521 -24
522 -26
523 -20
524 -16
525 -26
526 -26
527 -26
528 -28
529 -18
530 -20
531 -18
532 -22
533 -20
534 -20
535 -18
536 -14
537 -14
538 -8
539 4
540 6
541 6
542 4
543 2
544 -4
545 2
546 8
547 14
548 4
549 -4
550 -2
551 -6
552 -4
553 -10
554 -10
555 -2
556 4
557 2
558 4
559 2
560 -2
561 0
562 6
563 6
564 6
565 6
566 4
567 -2
568 -4
569 -12
570 -14
571 -14
572 -16
573 -20
574 -20
575 -22
576 -28
577 -26
578 -22
579 -14
580 -8
581 -4
582 -8
583 0
584 2
585 -4
586 -8
587 -6
588 -8
589 -12
590 -12
591 -14
592 -16
593 -20
594 -20
595 -20
596 -18
597 -16
598 -14
599 -16
600 -20
601 -20
602 -24
603 -22
604 -18
605 -10
606 -12
607 -10
608 -2
609 4
610 6
611 4
612 4
613 6
614 6
615 -4
616 2
617 0
618 -4
619 -2
620 2
621 4
622 -2
623 8
624 16
625 18
626 10
627 8
628 6
629 -12
630 -24
631 -24
632 -20
633 -22
634 -18
635 -16
636 -26
637 -20
638 -16
639 -20
640 -18
641 -10
642 -18
643 -14
644 -14
645 -8
646 -10
647 -14
648 -20
649 -14
650 -14
651 -8
652 4
653 0
654 2
655 8
656 16
657 18
658 18
659 20
660 22
661 28
662 30
663 28
664 24
665 24
666 28
667 28
668 20
669 30
670 32
671 22
672 20
673 10
674 2
675 8
676 12
677 18
678 22
679 20
680 22
681 28
682 30
683 42
684 44
685 38
686 36
687 36
688 34
689 30
690 30
691 26
692 30
693 36
694 34
695 34
696 30
697 34
698 30
699 30
700 36
701 32
702 20
703 20
704 16
705 20
706 18
707 20
708 22
709 28
710 30
711 28
712 26
713 18
714 14
715 12
716 6
717 12
718 14
719 0
720 4
721 2
722 10
723 10
724 20
725 8
726 16
727 20
728 26
729 20
730 16
731 10
732 4
733 4
734 0
735 8
736 14
737 20
738 18
739 16
740 22
741 16
742 14
743 6
744 8
745 12
746 8
747 8
748 12
749 16
750 22
751 26
752 24
753 30
754 28
755 26
756 34
757 38
758 32
759 38
760 30
761 26
762 30
763 30
764 32
765 32
766 26
767 20
768 16
769 14
770 14
771 26
772 32
773 34
774 36
775 32
776 30
777 30
778 26
779 26
780 30
781 30
782 26
783 28
784 32
785 34
786 36
787 36
788 28
789 26
790 30
791 36
792 32
793 32
794 24
795 26
796 26
797 30
798 32
799 32
800 30
801 22
802 32
803 34
804 36
805 26
806 26
807 30
808 30
809 24
810 18
811 14
812 8
813 8
814 6
815 8
816 0
817 0
818 0
819 2
820 -4
821 0
822 -8
823 -6
824 -16
825 -12
826 -18
827 -10
828 -12
829 -12
830 -14
831 -24
832 -26
833 -26
834 -28
835 -28
836 -28
837 -22
838 -28
839 -22
840 -22
841 -22
842 -26
843 -26
844 -20
845 -16
846 -10
847 -12
848 -6
849 4
850 6
851 8
852 4
853 6
854 4
855 6
856 4
857 0
858 -4
859 -6
860 4
861 14
862 18
863 26
864 24
865 22
866 20
867 14
868 14
869 10
870 20
871 24
872 28
873 32
874 28
875 30
876 28
877 28
878 28
879 20
880 18
881 4
882 10
883 18
884 18
885 20
886 16
887 18
888 12
889 28
890 26
891 30
892 28
893 30
894 34
895 34
896 28
897 22
898 16
899 14
900 10
901 14
902 12
903 24
904 18
905 10
906 10
907 0
908 6
909 6
910 6
911 6
912 0
913 -6
914 -10
915 -10
916 -20
917 -22
918 -22
919 -20
920 -24
921 -22
922 -24
923 -28
924 -26
925 -24
926 -16
927 -18
928 -20
929 -22
930 -24
931 -18
932 -18
933 -14
934 -8
935 -6
936 -2
937 -6
938 -4
939 -4
940 2
941 0
942 0
943 -4
944 -4
945 0
946 0
947 -4
948 0
949 -4
950 -2
951 -2
952 0
953 4
954 6
955 16
956 14
957 12
958 6
959 -2
960 -8
961 -6
962 -4
963 0
964 2
965 -4
966 0
967 4
968 0
969 0
970 6
971 0
972 -10
973 -14
974 -22
975 -16
976 -14
977 -14
978 -8
979 -8
980 -10
981 -6
982 -6
983 -18
984 -20
985 -22
986 -16
987 -18
988 -26
989 -26
990 -22
991 -24
992 -22
993 -30
994 -28
995 -24
996 -28
997 -24
998 -18
999 -14
1000 -10
1001 -10
1002 -12
1003 -10
1004 -2
1005 -8
1006 -16
1007 -18
1008 -12
1009 -12
1010 -8
1011 0
1012 14
1013 14
1014 12
1015 12
1016 10
1017 10
1018 8
1019 0
1020 8
1021 0
1022 0
1023 2
1024 2
1025 -4
1026 -6
1027 -6
1028 -2
1029 -4
1030 -10
1031 -10
1032 -2
1033 2
1034 8
1035 4
1036 2
1037 -2
1038 -6
1039 -2
1040 -8
1041 -8
1042 -6
1043 -14
1044 -18
1045 -22
1046 -22
1047 -20
1048 -12
1049 -14
1050 -16
1051 -16
1052 -16
1053 -20
1054 -12
1055 -16
1056 -14
1057 -10
1058 -10
1059 -6
1060 -6
1061 0
1062 -4
1063 -2
1064 -4
1065 -8
1066 -10
1067 -14
1068 -20
1069 -16
1070 -22
1071 -20
1072 -26
1073 -28
1074 -26
1075 -24
1076 -24
1077 -24
1078 -24
1079 -16
1080 -28
1081 -22
1082 -14
1083 -16
1084 -18
1085 -16
1086 -20
1087 -16
1088 -14
1089 -14
1090 -4
1091 -10
1092 -12
1093 -16
1094 -16
1095 -12
1096 -4
1097 -4
1098 -6
1099 4
1100 -4
1101 -10
1102 -12
1103 -6
1104 -10
1105 -6
1106 -2
1107 2
1108 10
1109 18
1110 12
1111 14
1112 4
1113 10
1114 10
1115 16
1116 16
1117 18
1118 14
1119 14
1120 26
1121 22
1122 18
1123 4
1124 4
1125 8
1126 8
1127 14
1128 4
1129 10
1130 12
1131 10
1132 14
1133 8
1134 6
1135 -2
1136 4
1137 6
1138 12
1139 12
1140 16
1141 20
1142 14
1143 12
1144 4
1145 -4
1146 -6
1147 -6
1148 -4
1149 -4
1150 -8
1151 -4
1152 -4
1153 -12
1154 -14
1155 -20
1156 -18
1157 -16
1158 -10
1159 -6
1160 -10
1161 -2
1162 -4
1163 -6
1164 -8
1165 0
1166 -4
1167 -6
1168 -6
1169 -8
1170 -6
1171 -2
1172 0
1173 0
1174 0
1175 -2
1176 -4
1177 -2
1178 -2
1179 -8
1180 0
1181 6
1182 2
1183 0
1184 -4
1185 -4
1186 4
1187 8
1188 8
1189 14
1190 8
1191 10
1192 10
1193 12
1194 16
1195 14
1196 8
1197 8
1198 12
1199 8
1200 12
1201 12
1202 8
1203 20
1204 22
1205 20
1206 12
1207 2
1208 4
1209 6
1210 6
1211 2
1212 4
1213 4
1214 -2
1215 -2
1216 -2
1217 2
1218 4
1219 2
1220 2
1221 -10
1222 -8
1223 -16
1224 -8
1225 -8
1226 -12
1227 -18
1228 -16
1229 -20
1230 -22
1231 -22
1232 -18
1233 -20
1234 -20
1235 -18
1236 -20
1237 -14
1238 -10
1239 -8
1240 -12
1241 -12
1242 -16
1243 -16
1244 -12
1245 -12
1246 -14
1247 -14
1248 -14
1249 -16
1250 -8
1251 -6
1252 -4
1253 0
1254 0
1255 6
1256 6
1257 4
1258 0
1259 6
1260 8
1261 4
1262 4
1263 6
1264 0
1265 -6
1266 -10
1267 -14
1268 -12
1269 -10
1270 -20
1271 -22
1272 -28
1273 -34
1274 -36
1275 -38
1276 -38
1277 -32
1278 -30
1279 -26
1280 -20
1281 -20
1282 -22
1283 -16
1284 -16
1285 -16
1286 -14
1287 -4
1288 -4
1289 -8
1290 -2
1291 0
1292 6
1293 16
1294 14
1295 14
1296 14
1297 8
1298 12
1299 16
1300 18
1301 22
1302 28
1303 18
1304 16
1305 20
1306 22
1307 18
1308 20
1309 14
1310 8
1311 0
1312 -8
1313 -6
1314 -10
1315 -6
1316 -2
1317 -2
1318 -4
1319 -8
1320 -8
1321 -12
1322 -16
1323 -20
1324 -16
1325 -16
1326 -4
1327 -10
1328 -12
1329 -14
1330 -14
1331 -2
1332 2
1333 6
1334 10
1335 14
1336 18
1337 16
1338 6
1339 -2
1340 -4
1341 -12
1342 -4
1343 -8
1344 -6
1345 -4
1346 -12
1347 -12
1348 -16
1349 -16
1350 -12
1351 -10
1352 -6
1353 -6
1354 6
1355 6
1356 8
1357 6
1358 2
1359 2
1360 0
1361 -6
1362 -10
1363 -12
1364 -20
1365 -6
1366 -2
1367 -12
1368 -8
1369 -2
1370 4
1371 2
1372 4
1373 10
1374 10
1375 12
1376 2
1377 2
1378 8
1379 0
1380 4
1381 4
1382 8
1383 8
1384 4
1385 8
1386 14
1387 18
1388 16
1389 6
1390 10
1391 10
1392 10
1393 18
1394 18
1395 16
1396 18
1397 20
1398 18
1399 24
1400 20
1401 12
1402 10
1403 10
1404 8
1405 14
1406 10
1407 10
1408 10
1409 10
1410 16
1411 18
1412 8
1413 16
1414 6
1415 8
1416 4
1417 -2
1418 -2
1419 -2
1420 4
1421 4
1422 6
1423 4
1424 -4
1425 -2
1426 -10
1427 -4
1428 -2
1429 -4
1430 -2
1431 -2
1432 -2
1433 -10
1434 -8
1435 -12
1436 -18
1437 -18
1438 -22
1439 -22
1440 -22
1441 -18
1442 -16
1443 -24
1444 -18
1445 -12
1446 -14
1447 -18
1448 -18
1449 -16
1450 -16
1451 -14
1452 -16
1453 -12
1454 -16
1455 -14
1456 -18
1457 -18
1458 -16
1459 -14
1460 -26
1461 -24
1462 -26
1463 -22
1464 -22
1465 -26
1466 -22
1467 -20
1468 -10
1469 -8
1470 -10
1471 -14
1472 -6
1473 -12
1474 -10
1475 -16
1476 -18
1477 -20
1478 -22
1479 -20
1480 -16
1481 -18
1482 -18
1483 -12
1484 -10
1485 -14
1486 -16
1487 -14
1488 -8
1489 -4
1490 6
1491 6
1492 2
1493 2
1494 2
1495 -4
1496 -6
1497 -12
1498 -18
1499 -20
1500 -22
1501 -24
1502 -24
1503 -30
1504 -28
1505 -28
1506 -34
1507 -38
1508 -32
1509 -28
1510 -28
1511 -26
1512 -18
1513 -24
1514 -30
1515 -18
1516 -14
1517 -20
1518 -4
1519 -2
1520 -6
1521 -8
1522 -4
1523 -10
1524 -6
1525 0
1526 -6
1527 -4
1528 -4
1529 -4
1530 -6
1531 -8
1532 -10
1533 -8
1534 -8
1535 -8
1536 -18
1537 -20
1538 -16
1539 -12
1540 -6
1541 -14
1542 -12
1543 -14
1544 -16
1545 -16
1546 -22
1547 -22
1548 -26
1549 -22
1550 -20
1551 -24
1552 -20
1553 -22
1554 -12
1555 -6
1556 -6
1557 -8
1558 -10
1559 -6
1560 -8
1561 -10
1562 -14
1563 -14
1564 -12
1565 -10
1566 -10
1567 -6
1568 -4
1569 0
1570 0
1571 2
1572 12
1573 10
1574 12
1575 22
1576 28
1577 22
1578 22
1579 20
1580 16
1581 18
1582 14
1583 22
1584 22
1585 20
1586 16
1587 18
1588 10
1589 12
1590 4
1591 6
1592 4
1593 8
1594 18
1595 18
1596 14
1597 20
1598 26
1599 24
1600 12
1601 18
1602 22
1603 24
1604 30
1605 28
1606 30
1607 24
1608 28
1609 36
1610 36
1611 34
1612 26
1613 22
1614 34
1615 36
1616 36
1617 38
1618 34
1619 34
1620 26
1621 22
1622 18
1623 16
1624 12
1625 10
1626 12
1627 16
1628 22
1629 26
1630 28
1631 34
1632 28
1633 22
1634 30
1635 28
1636 18
1637 20
1638 18
1639 16
1640 18
1641 14
1642 26
1643 24
1644 22
1645 14
1646 10
1647 8
1648 6
1649 2
1650 12
1651 14
1652 18
1653 24
1654 26
1655 22
1656 24
1657 14
1658 14
1659 12
1660 16
1661 22
1662 20
1663 16
1664 10
1665 10
1666 12
1667 16
1668 14
1669 14
1670 8
1671 4
1672 4
1673 2
1674 0
1675 0
1676 -6
1677 -10
1678 -28
1679 -26
1680 -22
1681 -22
1682 -22
1683 -22
1684 -20
1685 -22
1686 -26
1687 -30
1688 -24
1689 -26
1690 -28
1691 -28
1692 -26
1693 -26
1694 -24
1695 -20
1696 -14
1697 -10
1698 -12
1699 -12
1700 -12
1701 -6
1702 -4
1703 -8
1704 -10
1705 -2
1706 6
1707 4
1708 12
1709 12
1710 8
1711 16
1712 4
1713 2
1714 0
1715 -2
1716 -8
1717 -8
1718 -10
1719 -16
1720 -14
1721 -16
1722 -18
1723 -18
1724 -16
1725 -18
1726 -12
1727 -12
1728 -14
1729 -14
1730 -16
1731 -10
1732 -2
1733 2
1734 -6
1735 -2
1736 2
1737 0
1738 -4
1739 -4
1740 -4
1741 -8
1742 -14
1743 -16
1744 -22
1745 -26
1746 -12
1747 -20
1748 -14
1749 -16
1750 -12
1751 -10
1752 -8
1753 -8
1754 -12
1755 -18
1756 -22
1757 -28
1758 -38
1759 -28
1760 -32
1761 -36
1762 -28
1763 -30
1764 -26
1765 -24
1766 -34
1767 -32
1768 -28
1769 -28
1770 -26
1771 -16
1772 -10
1773 -10
1774 2
1775 2
1776 -4
1777 -8
1778 -2
1779 -12
1780 -8
1781 -10
1782 -8
1783 -6
1784 2
1785 4
1786 4
1787 -2
1788 -2
1789 2
1790 12
1791 10
1792 12
1793 14
1794 14
1795 4
1796 2
1797 4
1798 4
1799 0
1800 0
1801 4
1802 2
1803 -2
1804 -4
1805 4
1806 -2
1807 2
1808 2
1809 0
1810 -2
1811 -12
1812 -20
1813 -16
1814 -16
1815 -18
1816 -18
1817 -14
1818 -8
1819 -8
1820 0
1821 10
1822 8
1823 18
1824 18
1825 18
1826 18
1827 26
1828 24
1829 28
1830 26
1831 32
1832 34
1833 34
1834 28
1835 18
1836 22
1837 18
1838 16
1839 12
1840 16
1841 12
1842 10
1843 2
1844 -4
1845 4
1846 6
1847 14
1848 16
1849 20
1850 16
1851 24
1852 22
1853 20
1854 24
1855 26
1856 26
1857 22
1858 20
1859 20
1860 16
1861 14
1862 10
1863 16
1864 22
1865 14
1866 12
1867 22
1868 22
1869 22
1870 22
1871 22
1872 22
1873 20
1874 24
1875 24
1876 26
1877 28
1878 26
1879 30
1880 36
1881 32
1882 28
1883 28
1884 32
1885 30
1886 32
1887 30
1888 32
1889 36
1890 38
1891 36
1892 36
1893 36
1894 40
1895 40
1896 36
1897 30
1898 24
1899 30
1900 28
1901 28
1902 20
1903 12
1904 8
1905 8
1906 10
1907 12
1908 16
1909 18
1910 10
1911 12
1912 20
1913 18
1914 4
1915 10
1916 14
1917 16
1918 12
1919 20
1920 22
1921 24
1922 30
1923 28
1924 26
1925 18
1926 22
1927 16
1928 20
1929 22
1930 26
1931 18
1932 32
1933 38
1934 42
1935 40
1936 34
1937 40
1938 38
1939 42
1940 50
1941 50
1942 46
1943 44
1944 46
1945 44
1946 36
1947 32
1948 28
1949 24
1950 22
1951 16
1952 16
1953 14
1954 14
1955 14
1956 18
1957 18
1958 24
1959 28
1960 30
1961 20
1962 32
1963 36
1964 34
1965 34
1966 38
1967 40
1968 38
1969 36
1970 38
1971 34
1972 30
1973 32
1974 34
1975 28
1976 22
1977 28
1978 28
1979 36
1980 34
1981 36
1982 38
1983 34
1984 38
1985 38
1986 38
1987 30
1988 22
1989 20
1990 12
1991 16
1992 22
1993 30
1994 32
1995 38
1996 44
1997 46
1998 46
1999 44
2000 40
2001 44
2002 38
2003 42
2004 38
2005 36
2006 34
2007 36
2008 40
2009 40
2010 28
2011 32
2012 36
2013 36
2014 24
2015 14
2016 18
2017 18
2018 10
2019 18
2020 14
2021 16
2022 22
2023 22
2024 30
2025 32
2026 28
2027 30
2028 26
2029 26
2030 28
2031 26
2032 18
2033 20
2034 16
2035 18
2036 18
2037 10
2038 10
2039 16
2040 14
2041 10
2042 20
2043 18
2044 22
2045 14
2046 16
2047 20
2048 10
2049 4
2050 4
2051 0
2052 0
2053 -2
2054 -2
2055 -6
2056 -10
2057 -2
2058 2
2059 -2
2060 -8
2061 -8
2062 -6
2063 -10
2064 -10
2065 -12
2066 -10
2067 -4
2068 -4
2069 -4
2070 -2
2071 -10
2072 2
2073 -4
2074 -2
2075 0
2076 0
2077 4
2078 0
2079 8
2080 14
2081 0
2082 -8
2083 -8
2084 4
2085 4
2086 -4
2087 4
2088 2
2089 8
2090 6
2091 6
2092 2
2093 -2
2094 -6
2095 -14
2096 -10
2097 -12
2098 -16
2099 -18
2100 -26
2101 -20
2102 -16
2103 -16
2104 -14
2105 -12
2106 -12
2107 -14
2108 -14
2109 -12
2110 -14
2111 -18
2112 -18
2113 -26
2114 -16
2115 -18
2116 -16
2117 -16
2118 -12
2119 -8
2120 -8
2121 -8
2122 -6
2123 -6
2124 -6
2125 -4
2126 -2
2127 0
2128 2
2129 2
2130 2
2131 2
2132 -2
2133 0
2134 6
2135 8
2136 8
2137 4
2138 -2
2139 -2
2140 -8
2141 -14
2142 -22
2143 -22
2144 -18
2145 -20
2146 -16
2147 -8
2148 -8
2149 -4
2150 2
2151 8
2152 12
2153 8
2154 8
2155 14
2156 18
2157 16
2158 16
2159 8
2160 8
2161 8
2162 12
2163 14
2164 18
2165 22
2166 8
2167 10
2168 8
2169 6
2170 6
2171 2
2172 4
2173 8
2174 12
2175 18
2176 18
2177 18
2178 16
2179 18
2180 18
2181 18
2182 16
2183 18
2184 24
2185 24
2186 18
2187 22
2188 18
2189 14
2190 4
2191 4
2192 6
2193 6
2194 8
2195 12
2196 16
2197 16
2198 18
2199 18
2200 20
2201 20
2202 18
2203 24
2204 30
2205 32
2206 36
2207 32
2208 26
2209 24
2210 22
2211 20
2212 10
2213 10
2214 16
2215 16
2216 24
2217 30
2218 30
2219 32
2220 28
2221 32
2222 34
2223 34
2224 34
2225 34
2226 34
2227 36
2228 38
2229 36
2230 40
2231 42
2232 46
2233 44
2234 42
2235 36
2236 36
2237 36
2238 34
2239 38
2240 40
2241 40
2242 40
2243 42
2244 38
2245 42
2246 38
2247 40
2248 40
2249 48
2250 50
2251 50
2252 50
2253 48
2254 46
2255 40
2256 46
2257 50
2258 50
2259 50
2260 50
2261 50
2262 50
2263 50
2264 50
2265 50
2266 50
2267 50
2268 36
2269 38
2270 34
2271 38
2272 32
2273 36
2274 36
2275 36
2276 34
2277 28
2278 18
2279 8
2280 10
2281 12
2282 12
2283 8
2284 18
2285 14
2286 16
2287 14
2288 10
2289 14
2290 18
2291 18
2292 8
2293 6
2294 12
2295 16
2296 16
2297 12
2298 6
2299 6
2300 4
2301 6
2302 14
2303 16
2304 16
2305 12
2306 16
2307 12
2308 14
2309 12
2310 6
2311 -4
2312 -4
2313 2
2314 6
2315 6
2316 4
2317 2
2318 6
2319 12
2320 12
2321 20
2322 20
2323 18
2324 24
2325 28
2326 26
2327 24
2328 18
2329 26
2330 30
2331 26
2332 22
2333 20
2334 26
2335 24
2336 24
2337 18
2338 18
2339 18
2340 14
2341 18
2342 22
2343 22
2344 16
2345 20
2346 20
2347 20
2348 16
2349 20
2350 18
2351 16
2352 10
2353 10
2354 12
2355 12
2356 16
2357 8
2358 6
2359 4
2360 14
2361 4
2362 4
2363 8
2364 8
2365 10
2366 16
2367 18
2368 20
2369 26
2370 24
2371 34
2372 26
2373 26
2374 16
2375 4
2376 10
2377 18
2378 18
2379 16
2380 10
2381 6
2382 8
2383 4
2384 4
2385 2
2386 -4
2387 -6
2388 -12
2389 -6
2390 2
2391 4
2392 4
2393 14
2394 16
2395 18
2396 14
2397 12
2398 8
2399 6
2400 2
2401 -4
2402 -4
2403 -4
2404 -8
2405 -12
2406 -14
2407 -14
2408 -18
2409 -22
2410 -24
2411 -28
2412 -30
2413 -24
2414 -30
2415 -32
2416 -26
2417 -30
2418 -28
2419 -26
2420 -28
2421 -32
2422 -26
2423 -26
2424 -28
2425 -30
2426 -24
2427 -20
2428 -20
2429 -22
2430 -28
2431 -34
2432 -28
2433 -32
2434 -14
2435 -22
2436 -16
2437 -30
2438 -26
2439 -28
2440 -30
2441 -24
2442 -26
2443 -24
2444 -20
2445 -20
2446 -20
2447 -28
2448 -24
2449 -24
2450 -20
2451 -24
2452 -24
2453 -18
2454 -22
2455 -18
2456 -18
2457 -20
2458 -16
2459 -16
2460 -10
2461 -16
2462 -12
2463 -14
2464 -10
2465 -14
2466 -18
2467 -24
2468 -22
2469 -22
2470 -16
2471 -14
2472 -14
2473 -18
2474 -18
2475 -20
2476 -22
2477 -14
2478 -12
2479 -8
2480 -4
2481 2
2482 4
2483 16
2484 22
2485 22
2486 24
2487 20
2488 16
2489 16
2490 18
2491 14
2492 12
2493 14
2494 16
2495 20
2496 12
2497 8
2498 16
2499 18
2500 8
2501 8
2502 16
2503 22
2504 28
2505 36
2506 22
2507 20
2508 24
2509 26
2510 32
2511 38
2512 40
2513 38
2514 40
2515 46
2516 48
2517 48
2518 46
2519 50
2520 48
2521 44
2522 40
2523 42
2524 42
2525 32
2526 26
2527 26
2528 26
2529 30
2530 32
2531 40
2532 34
2533 32
2534 32
2535 28
2536 28
2537 22
2538 24
2539 22
2540 26
2541 24
2542 30
2543 28
2544 24
2545 26
2546 30
2547 28
2548 28
2549 22
2550 26
2551 16
2552 16
2553 6
2554 4
2555 14
2556 10
2557 18
2558 18
2559 10
2560 10
2561 2
2562 0
2563 -10
2564 -8
2565 -8
2566 -12
2567 -12
2568 -10
2569 -14
2570 -8
2571 -8
2572 -8
2573 -6
2574 6
2575 8
2576 12
2577 24
2578 22
2579 28
2580 32
2581 34
2582 30
2583 30
2584 28
2585 34
2586 28
2587 30
2588 28
2589 34
2590 34
2591 28
2592 26
2593 28
2594 34
2595 30
2596 22
2597 26
2598 28
2599 32
2600 26
2601 28
2602 22
2603 18
2604 26
2605 18
2606 24
2607 30
2608 32
2609 34
2610 32
2611 36
2612 32
2613 28
2614 28
2615 28
2616 38
2617 36
2618 42
2619 44
2620 46
2621 48
2622 46
2623 46
2624 46
2625 48
2626 48
2627 50
2628 48
2629 50
2630 50
2631 50
2632 50
2633 50
2634 50
2635 50
2636 50
2637 34
2638 34
2639 32
2640 34
2641 30
2642 28
2643 22
2644 22
2645 16
2646 18
2647 16
2648 24
2649 30
2650 34
2651 36
2652 30
2653 34
2654 36
2655 38
2656 38
2657 40
2658 46
2659 46
2660 44
2661 42
2662 44
2663 38
2664 38
2665 38
2666 32
2667 32
2668 24
2669 28
2670 30
2671 34
2672 38
2673 42
2674 48
2675 42
2676 46
2677 48
2678 44
2679 40
2680 34
2681 28
2682 26
2683 24
2684 24
2685 28
2686 32
2687 28
2688 26
2689 24
2690 22
2691 22
2692 24
2693 20
2694 30
2695 16
2696 14
2697 10
2698 8
2699 4
2700 -4
2701 -4
2702 2
2703 0
2704 12
2705 12
2706 6
2707 4
2708 0
2709 0
2710 4
2711 6
2712 8
2713 10
2714 12
2715 10
2716 10
2717 8
2718 8
2719 6
2720 4
2721 10
2722 6
2723 8
2724 10
2725 12
2726 18
2727 20
2728 14
2729 8
2730 8
2731 4
2732 8
2733 12
2734 16
2735 14
2736 10
2737 4
2738 6
2739 8
2740 10
2741 10
2742 18
2743 18
2744 16
2745 18
2746 26
2747 30
2748 32
2749 34
2750 38
2751 36
2752 30
2753 32
2754 34
2755 28
2756 38
2757 46
2758 46
2759 50
2760 50
2761 50
2762 50
2763 48
2764 50
2765 50
2766 50
2767 50
2768 50
2769 40
2770 40
2771 42
2772 40
2773 40
2774 36
2775 22
2776 28
2777 24
2778 30
2779 24
2780 26
2781 34
2782 40
2783 34
2784 30
2785 28
2786 22
2787 22
2788 18
2789 20
2790 18
2791 8
2792 -2
2793 -4
2794 -6
2795 8
2796 10
2797 16
2798 16
2799 18
2800 20
2801 22
2802 28
2803 26
2804 24
2805 26
2806 20
2807 26
2808 26
2809 26
2810 30
2811 22
2812 18
2813 20
2814 18
2815 20
2816 24
2817 24
2818 12
2819 10
2820 2
2821 2
2822 10
2823 12
2824 14
2825 10
2826 18
2827 22
2828 22
2829 20
2830 16
2831 20
2832 22
2833 18
2834 16
2835 8
2836 4
2837 -2
2838 4
2839 4
2840 -4
2841 -4
2842 -4
2843 -8
2844 -2
2845 -2
2846 -2
2847 -2
2848 0
2849 0
2850 -6
2851 -6
2852 -8
2853 -12
2854 -8
2855 -6
2856 0
2857 4
2858 0
2859 -6
2860 8
2861 8
2862 6
2863 4
2864 2
2865 6
2866 2
2867 8
2868 6
2869 0
2870 -2
2871 -2
2872 -8
2873 -12
2874 -18
2875 -18
2876 -14
2877 -10
2878 -14
2879 -22
2880 -18
2881 -14
2882 0
2883 -6
2884 -2
2885 -2
2886 0
2887 0
2888 6
2889 12
2890 22
2891 18
2892 18
2893 18
2894 18
2895 20
2896 22
2897 24
2898 18
2899 16
2900 12
2901 8
2902 8
2903 6
2904 10
2905 4
2906 8
2907 -6
2908 -6
2909 -2
2910 -4
2911 0
2912 4
2913 14
2914 16
2915 8
2916 -4
2917 -2
2918 -6
2919 -12
2920 -20
2921 -16
2922 -20
2923 -22
2924 -14
2925 -8
2926 -10
2927 -8
2928 -4
2929 -4
2930 -8
2931 2
2932 6
2933 2
2934 -4
2935 -4
2936 -10
2937 -14
2938 -18
2939 -16
2940 -14
2941 -16
2942 -28
2943 -32
2944 -32
2945 -28
2946 -24
2947 -28
2948 -32
2949 -24
2950 -20
2951 -20
2952 -16
2953 -16
2954 -22
2955 -22
2956 -20
2957 -26
2958 -20
2959 -20
2960 -24
2961 -18
2962 -14
2963 -20
2964 -18
2965 -18
2966 -18
2967 -16
2968 -20
2969 -24
2970 -18
2971 -16
2972 -14
2973 -18
2974 -18
2975 -24
2976 -10
2977 -6
2978 -12
2979 -8
2980 -10
2981 -8
2982 -6
2983 0
2984 0
2985 2
2986 10
2987 6
2988 12
2989 12
2990 14
2991 18
2992 28
2993 30
2994 30
2995 28
2996 20
2997 18
2998 22
2999 28
3000 24
3001 24
3002 22
3003 26
3004 28
3005 34
3006 32
3007 34
3008 32
3009 28
3010 22
3011 18
3012 16
3013 12
3014 8
3015 12
3016 20
3017 16
3018 12
3019 10
3020 8
3021 6
3022 4
3023 14
3024 16
3025 16
3026 20
3027 16
3028 16
3029 12
3030 12
3031 12
3032 12
3033 12
3034 12
3035 20
3036 18
3037 20
3038 14
3039 14
3040 12
3041 8
3042 12
3043 14
3044 12
3045 16
3046 22
3047 12
3048 20
3049 20
3050 20
3051 18
3052 20
3053 24
3054 26
3055 20
3056 24
3057 20
3058 24
3059 26
3060 22
3061 24
3062 24
3063 22
3064 28
3065 26
3066 28
3067 24
3068 16
3069 18
3070 16
3071 22
3072 18
3073 20
3074 22
3075 26
3076 28
3077 28
3078 26
3079 22
3080 26
3081 26
3082 26
3083 24
3084 24
3085 26
3086 26
3087 24
3088 26
3089 22
3090 24
3091 26
3092 32
3093 28
3094 24
3095 22
3096 28
3097 30
3098 26
3099 22
3100 20
3101 26
3102 26
3103 18
3104 20
3105 20
3106 18
3107 2
3108 8
3109 8
3110 14
3111 14
3112 12
3113 6
3114 6
3115 4
3116 8
3117 10
3118 14
3119 2
3120 6
3121 -2
3122 0
3123 0
3124 14
3125 12
3126 8
3127 18
3128 18
3129 10
3130 10
3131 14
3132 12
3133 14
3134 12
3135 16
3136 14
3137 14
3138 14
3139 16
3140 14
3141 8
3142 6
3143 12
3144 14
3145 14
3146 14
3147 0
3148 -14
3149 -14
3150 -18
3151 -22
3152 -24
3153 -18
3154 -6
3155 -8
3156 -14
3157 -22
3158 -28
3159 -30
3160 -24
3161 -18
3162 -22
3163 -18
3164 -18
3165 -20
3166 -28
3167 -20
3168 -22
3169 -20
3170 -24
3171 -26
3172 -30
3173 -22
3174 -30
3175 -28
3176 -22
3177 -30
3178 -26
3179 -36
3180 -38
3181 -36
3182 -34
3183 -36
3184 -34
3185 -34
3186 -36
3187 -32
3188 -34
3189 -34
3190 -34
3191 -34
3192 -38
3193 -42
3194 -42
3195 -38
3196 -42
3197 -40
3198 -40
3199 -42
3200 -50
3201 -50
3202 -50
3203 -50
3204 -44
3205 -44
3206 -44
3207 -40
3208 -38
3209 -34
3210 -32
3211 -32
3212 -32
3213 -38
3214 -34
3215 -32
3216 -40
3217 -44
3218 -46
3219 -50
3220 -50
3221 -50
3222 -50
3223 -50
3224 -48
3225 -50
3226 -48
3227 -46
3228 -46
3229 -48
3230 -50
3231 -50
3232 -50
3233 -50
3234 -50
3235 -44
3236 -42
3237 -38
3238 -36
3239 -36
3240 -34
3241 -34
3242 -38
3243 -40
3244 -34
3245 -38
3246 -32
3247 -34
3248 -28
3249 -32
3250 -36
3251 -36
3252 -32
3253 -36
3254 -26
3255 -26
3256 -26
3257 -34
3258 -40
3259 -44
3260 -44
3261 -40
3262 -46
3263 -50
3264 -50
3265 -50
3266 -50
3267 -50
3268 -44
3269 -40
3270 -42
3271 -40
3272 -34
3273 -36
3274 -30
3275 -30
3276 -28
3277 -26
3278 -22
3279 -20
3280 -26
3281 -30
3282 -22
3283 -22
3284 -20
3285 -28
3286 -30
3287 -24
3288 -28
3289 -24
3290 -16
3291 -10
3292 -6
3293 -2
3294 -4
3295 0
3296 6
3297 10
3298 6
3299 12
3300 4
3301 -6
3302 -8
3303 -6
3304 10
3305 8
3306 16
3307 12
3308 6
3309 6
3310 0
3311 2
3312 0
3313 -2
3314 -4
3315 -8
3316 -12
3317 -20
3318 -24
3319 -16
3320 -14
3321 -12
3322 -10
3323 -10
3324 -12
3325 -4
3326 -16
3327 -14
3328 -18
3329 -20
3330 -16
3331 -18
3332 -24
3333 -28
3334 -24
3335 -26
3336 -24
3337 -22
3338 -18
3339 -14
3340 -14
3341 -16
3342 -16
3343 -16
3344 -16
3345 -12
3346 -18
3347 -16
3348 -16
3349 -20
3350 -22
3351 -18
3352 -20
3353 -24
3354 -22
3355 -16
3356 -20
3357 -20
3358 -14
3359 -8
3360 -10
3361 -16
3362 -10
3363 -4
3364 -4
3365 -10
3366 -10
3367 -14
3368 -10
3369 -12
3370 -14
3371 -10
3372 -10
3373 -10
3374 -4
3375 10
3376 12
3377 16
3378 14
3379 8
3380 10
3381 16
3382 20
3383 14
3384 8
3385 8
3386 12
3387 16
3388 16
3389 12
3390 6
3391 8
3392 6
3393 10
3394 2
3395 2
3396 6
3397 6
3398 10
3399 14
3400 22
3401 22
3402 24
3403 22
3404 16
3405 20
3406 22
3407 20
3408 24
3409 22
3410 16
3411 22
3412 24
3413 28
3414 26
3415 22
3416 22
3417 18
3418 22
3419 12
3420 14
3421 16
3422 12
3423 16
3424 12
3425 8
3426 10
3427 14
3428 16
3429 14
3430 12
3431 18
3432 14
3433 14
3434 22
3435 34
3436 38
3437 36
3438 22
3439 32
3440 34
3441 40
3442 48
3443 48
3444 50
3445 48
3446 46
3447 48
3448 46
3449 48
3450 46
3451 50
3452 48
3453 46
3454 46
3455 48
3456 44
3457 36
3458 32
3459 32
3460 38
3461 38
3462 38
3463 38
3464 48
3465 48
3466 50
3467 50
3468 50
3469 50
3470 50
3471 48
3472 48
3473 48
3474 50
3475 50
3476 50
3477 44
3478 44
3479 44
3480 44
3481 44
3482 48
3483 46
3484 48
3485 48
3486 50
3487 48
3488 50
3489 46
3490 48
3491 50
3492 50
3493 46
3494 48
3495 48
3496 38
3497 36
3498 32
3499 34
3500 30
3501 22
3502 34
3503 30
3504 24
3505 30
3506 30
3507 34
3508 32
3509 32
3510 34
3511 34
3512 38
3513 36
3514 38
3515 40
3516 30
3517 28
3518 26
3519 28
3520 20
3521 18
3522 26
3523 26
3524 24
3525 18
3526 12
3527 12
3528 6
3529 2
3530 8
3531 6
3532 12
3533 10
3534 4
3535 18
3536 26
3537 34
3538 42
3539 42
3540 42
3541 42
3542 40
3543 36
3544 34
3545 32
3546 40
3547 40
3548 32
3549 32
3550 24
3551 22
3552 24
3553 24
3554 20
3555 18
3556 14
3557 18
3558 16
3559 14
3560 26
3561 26
3562 26
3563 24
3564 22
3565 24
3566 22
3567 22
3568 16
3569 18
3570 16
3571 18
3572 10
3573 14
3574 8
3575 8
3576 0
3577 -2
3578 0
3579 -2
3580 -2
3581 8
3582 6
3583 -6
3584 2
3585 0
3586 -14
3587 -18
3588 -14
3589 -8
3590 -10
3591 -6
3592 -6
3593 -10
3594 -8
3595 -8
3596 -16
3597 -22
3598 -20
3599 -20
3600 -16
3601 -24
3602 -30
3603 -22
3604 -26
3605 -28
3606 -26
3607 -34
3608 -30
3609 -36
3610 -40
3611 -40
3612 -42
3613 -44
3614 -46
3615 -42
3616 -44
3617 -32
3618 -30
3619 -26
3620 -24
3621 -26
3622 -18
3623 -18
3624 -20
3625 -24
3626 -18
3627 -12
3628 -24
3629 -22
3630 -22
3631 -16
3632 -10
3633 -14
3634 -20
3635 -18
3636 -24
3637 -26
3638 -28
3639 -28
3640 -30
3641 -24
3642 -12
3643 -10
3644 -10
3645 2
3646 4
3647 -2
3648 -12
3649 -10
3650 -14
3651 -12
3652 -12
3653 -12
3654 -16
3655 -14
3656 -6
3657 0
3658 2
3659 8
3660 0
3661 -4
3662 -12
3663 -12
3664 -18
3665 -20
3666 -14
3667 -8
3668 -24
3669 -20
3670 -16
3671 -20
3672 -14
3673 -22
3674 -20
3675 -16
3676 -14
3677 -14
3678 -16
3679 -22
3680 -22
3681 -20
3682 -12
3683 -4
3684 4
3685 -6
3686 0
3687 4
3688 4
3689 2
3690 6
3691 6
3692 2
3693 4
3694 2
3695 0
3696 -2
3697 4
3698 2
3699 0
3700 6
3701 4
3702 6
3703 4
3704 -6
3705 2
3706 6
3707 8
3708 12
3709 6
3710 2
3711 0
3712 4
3713 4
3714 0
3715 4
3716 4
3717 4
3718 8
3719 12
3720 12
3721 18
3722 16
3723 14
3724 18
3725 22
3726 20
3727 22
3728 20
3729 16
3730 16
3731 16
3732 16
3733 10
3734 8
3735 6
3736 10
3737 16
3738 18
3739 18
3740 20
3741 26
3742 30
3743 30
3744 28
3745 30
3746 32
3747 28
3748 28
3749 34
3750 38
3751 30
3752 34
3753 30
3754 24
3755 24
3756 20
3757 28
3758 30
3759 40
3760 36
3761 34
3762 38
3763 30
3764 34
3765 34
3766 36
3767 38
3768 34
3769 26
3770 22
3771 24
3772 22
3773 20
3774 24
3775 30
3776 30
3777 32
3778 38
3779 44
3780 42
3781 40
3782 38
3783 34
3784 24
3785 28
3786 24
3787 18
3788 18
3789 18
3790 10
3791 6
3792 6
3793 0
3794 0
3795 8
3796 16
3797 22
3798 22
3799 20
3800 24
3801 26
3802 28
3803 38
3804 42
3805 44
3806 42
3807 42
3808 40
3809 34
3810 26
3811 20
3812 32
3813 34
3814 34
3815 26
3816 26
3817 24
3818 24
3819 18
3820 20
3821 20
3822 20
3823 16
3824 8
3825 6
3826 6
3827 12
3828 8
3829 4
3830 4
3831 6
3832 4
3833 12
3834 12
3835 12
3836 8
3837 8
3838 12
3839 12
3840 22
3841 28
3842 26
3843 20
3844 22
3845 28
3846 26
3847 22
3848 20
3849 16
3850 18
3851 18
3852 18
3853 20
3854 16
3855 14
3856 14
3857 0
3858 8
3859 2
3860 6
3861 10
3862 6
3863 10
3864 6
3865 12
3866 12
3867 16
3868 14
3869 12
3870 14
3871 20
3872 22
3873 34
3874 34
3875 36
3876 34
3877 36
3878 46
3879 48
3880 50
3881 50
3882 46
3883 38
3884 30
3885 16
3886 16
3887 14
3888 8
3889 4
3890 6
3891 0
3892 2
3893 10
3894 4
3895 -8
3896 -6
3897 -4
3898 -8
3899 -12
3900 -16
3901 -24
3902 -22
3903 -22
3904 -30
3905 -34
3906 -30
3907 -34
3908 -32
3909 -32
3910 -34
3911 -30
3912 -28
3913 -26
3914 -18
3915 -22
3916 -16
3917 -12
3918 -20
3919 -24
3920 -18
3921 -26
3922 -24
3923 -26
3924 -24
3925 -22
3926 -26
3927 -24
3928 -22
3929 -20
3930 -24
3931 -28
3932 -22
3933 -8
3934 -16
3935 -14
3936 -6
3937 -6
3938 -6
3939 -8
3940 -10
3941 -16
3942 -16
3943 -20
3944 -22
3945 -22
3946 -26
3947 -28
3948 -24
3949 -24
3950 -28
3951 -28
3952 -32
3953 -26
3954 -22
3955 -22
3956 -24
3957 -20
3958 -34
3959 -26
3960 -34
3961 -26
3962 -26
3963 -26
3964 -24
3965 -24
3966 -16
3967 -18
3968 -22
3969 -22
3970 -26
3971 -26
3972 -26
3973 -28
3974 -28
3975 -28
3976 -30
3977 -28
3978 -24
3979 -20
3980 -22
3981 -24
3982 -20
3983 -14
3984 -14
3985 -16
3986 -18
3987 -22
3988 -12
3989 -14
3990 -10
3991 -8
3992 -6
3993 0
3994 12
3995 10
3996 8
3997 6
3998 -2
3999 2
4000 -2
4001 2
4002 -2
4003 0
4004 2
4005 0
4006 2
4007 2
4008 18
4009 20
4010 18
4011 22
4012 22
4013 18
4014 22
4015 28
4016 30
4017 22
4018 22
4019 22
4020 28
4021 34
4022 32
4023 36
4024 30
4025 36
4026 34
4027 28
4028 32
4029 32
4030 30
4031 24
4032 22
4033 16
4034 12
4035 16
4036 14
4037 12
4038 18
4039 18
4040 20
4041 32
4042 36
4043 40
4044 44
4045 36
4046 30
4047 38
4048 38
4049 36
4050 46
4051 48
4052 46
4053 44
4054 44
4055 48
4056 48
4057 48
4058 44
4059 40
4060 40
4061 36
4062 30
4063 24
4064 26
4065 26
4066 34
4067 28
4068 30
4069 26
4070 32
4071 24
4072 26
4073 26
4074 20
4075 24
4076 20
4077 22
4078 24
4079 26
4080 30
4081 28
4082 22
4083 16
4084 22
4085 28
4086 32
4087 28
4088 34
4089 28
4090 20
4091 8
4092 12
4093 10
4094 -4
4095 -6
4096 -2
4097 12
4098 6
4099 2
4100 4
4101 4
4102 2
4103 0
4104 6
4105 8
4106 8
4107 6
4108 12
4109 8
4110 10
4111 6
4112 4
4113 8
4114 14
4115 8
4116 6
4117 6
4118 16
4119 14
4120 10
4121 14
4122 16
4123 8
4124 2
4125 -4
4126 -10
4127 -16
4128 -18
4129 -16
4130 -10
4131 0
4132 -2
4133 6
4134 2
4135 -2
4136 0
4137 -4
4138 -8
4139 -4
4140 -8
4141 -10
4142 -10
4143 -14
4144 -16
4145 -6
4146 -2
4147 -2
4148 -6
4149 4
4150 6
4151 8
4152 12
4153 2
4154 -2
4155 2
4156 4
4157 4
4158 6
4159 6
4160 8
4161 14
4162 24
4163 22
4164 14
4165 8
4166 16
4167 6
4168 10
4169 18
4170 18
4171 22
4172 28
4173 20
4174 22
4175 16
4176 10
4177 8
4178 4
4179 10
4180 10
4181 6
4182 10
4183 8
4184 4
4185 14
4186 8
4187 4
4188 10
4189 18
4190 16
4191 10
4192 0
4193 10
4194 16
4195 18
4196 26
4197 26
4198 20
4199 20
4200 24
4201 26
4202 22
4203 18
4204 24
4205 18
4206 18
4207 20
4208 26
4209 26
4210 30
4211 28
4212 32
4213 36
4214 34
4215 34
4216 34
4217 38
4218 36
4219 36
4220 28
4221 24
4222 30
4223 24
4224 16
4225 18
4226 16
4227 16
4228 16
4229 16
4230 12
4231 10
4232 10
4233 8
4234 6
4235 6
4236 6
4237 10
4238 8
4239 6
4240 4
4241 6
4242 14
4243 -2
4244 6
4245 10
4246 16
4247 18
4248 20
4249 20
4250 20
4251 18
4252 16
4253 18
4254 18
4255 14
4256 14
4257 16
4258 22
4259 22
4260 28
4261 30
4262 28
4263 20
4264 16
4265 18
4266 18
4267 18
4268 18
4269 24
4270 30
4271 26
4272 26
4273 26
4274 36
4275 42
4276 40
4277 40
4278 46
4279 44
4280 50
4281 50
4282 48
4283 50
4284 46
4285 50
4286 50
4287 50
4288 48
4289 48
4290 44
4291 38
4292 36
4293 40
4294 44
4295 50
4296 50
4297 46
4298 40
4299 44
4300 44
4301 36
4302 40
4303 42
4304 40
4305 34
4306 34
4307 32
4308 38
4309 38
4310 38
4311 32
4312 38
4313 38
4314 34
4315 38
4316 40
4317 34
4318 30
4319 32
4320 32
4321 28
4322 28
4323 28
4324 24
4325 26
4326 22
4327 26
4328 28
4329 24
4330 26
4331 22
4332 22
4333 20
4334 18
4335 14
4336 14
4337 14
4338 12
4339 10
4340 4
4341 12
4342 14
4343 26
4344 30
4345 36
4346 32
4347 38
4348 36
4349 30
4350 20
4351 22
4352 28
4353 30
4354 30
4355 36
4356 30
4357 40
4358 38
4359 42
4360 38
4361 38
4362 30
4363 28
4364 30
4365 30
4366 24
4367 26
4368 26
4369 20
4370 26
4371 24
4372 24
4373 30
4374 32
4375 32
4376 28
4377 28
4378 28
4379 30
4380 28
4381 28
4382 34
4383 38
4384 36
4385 36
4386 32
4387 26
4388 20
4389 16
4390 10
4391 10
4392 4
4393 14
4394 10
4395 10
4396 6
4397 -4
4398 -4
4399 -10
4400 -4
4401 -6
4402 2
4403 0
4404 6
4405 0
4406 0
4407 8
4408 12
4409 8
4410 20
4411 18
4412 22
4413 16
4414 12
4415 12
4416 8
4417 6
4418 12
4419 8
4420 8
4421 12
4422 12
4423 18
4424 12
4425 14
4426 12
4427 10
4428 14
4429 12
4430 20
4431 28
4432 30
4433 26
4434 28
4435 24
4436 28
4437 22
4438 18
4439 20
4440 20
4441 26
4442 28
4443 22
4444 32
4445 26
4446 20
4447 26
4448 22
4449 10
4450 8
4451 14
4452 22
4453 20
4454 16
4455 12
4456 12
4457 12
4458 24
4459 24
4460 24
4461 20
4462 24
4463 20
4464 18
4465 20
4466 18
4467 18
4468 14
4469 22
4470 10
4471 10
4472 0
4473 6
4474 6
4475 8
4476 6
4477 6
4478 -4
4479 0
4480 -2
4481 4
4482 -4
4483 -2
4484 0
4485 4
4486 8
4487 10
4488 16
4489 20
4490 20
4491 20
4492 18
4493 14
4494 12
4495 6
4496 12
4497 10
4498 8
4499 4
4500 2
4501 12
4502 24
4503 28
4504 30
4505 30
4506 32
4507 26
4508 34
4509 36
4510 34
4511 38
4512 34
4513 38
4514 42
4515 42
4516 42
4517 36
4518 40
4519 34
4520 30
4521 36
4522 36
4523 32
4524 30
4525 24
4526 22
4527 26
4528 20
4529 22
4530 28
4531 22
4532 18
4533 16
4534 16
4535 20
4536 12
4537 12
4538 16
4539 10
4540 10
4541 0
4542 -6
4543 -8
4544 -6
4545 -4
4546 0
4547 2
4548 8
4549 8
4550 12
4551 10
4552 4
4553 -2
4554 -2
4555 -2
4556 10
4557 8
4558 12
4559 6
4560 0
4561 0
4562 2
4563 10
4564 10
4565 10
4566 14
4567 22
4568 16
4569 20
4570 18
4571 16
4572 18
4573 16
4574 16
4575 22
4576 10
4577 8
4578 22
4579 26
4580 28
4581 30
4582 36
4583 28
4584 20
4585 20
4586 20
4587 22
4588 16
4589 10
4590 6
4591 8
4592 10
4593 2
4594 6
4595 4
4596 4
4597 4
4598 4
4599 0
4600 -6
4601 2
4602 -4
4603 -10
4604 -18
4605 -28
4606 -30
4607 -32
4608 -28
4609 -22
4610 -14
4611 -14
4612 -12
4613 -18
4614 -20
4615 -18
4616 -16
4617 -16
4618 -14
4619 -14
4620 -14
4621 -16
4622 -14
4623 -16
4624 -8
4625 -12
4626 -8
4627 -4
4628 4
4629 10
4630 4
4631 8
4632 10
4633 14
4634 16
4635 24
4636 22
4637 26
4638 24
4639 20
4640 22
4641 28
4642 26
4643 36
4644 28
4645 26
4646 28
4647 30
4648 28
4649 24
4650 26
4651 28
4652 30
4653 34
4654 26
4655 18
4656 20
4657 12
4658 18
4659 6
4660 16
4661 8
4662 8
4663 14
4664 12
4665 12
4666 16
4667 20
4668 16
4669 16
4670 8
4671 -2
4672 6
4673 4
4674 12
4675 10
4676 18
4677 18
4678 10
4679 8
4680 6
4681 8
4682 18
4683 16
4684 14
4685 14
4686 10
4687 10
4688 12
4689 14
4690 14
4691 14
4692 14
4693 12
4694 10
4695 6
4696 8
4697 6
4698 0
4699 10
4700 10
4701 2
4702 -2
4703 0
4704 -4
4705 -4
4706 -4
4707 -6
4708 -2
4709 0
4710 0
4711 -2
4712 -4
4713 -6
4714 -10
4715 -18
4716 -12
4717 -6
4718 -6
4719 4
4720 -6
4721 -14
4722 -18
4723 -12
4724 -12
4725 -8
4726 -8
4727 -2
4728 4
4729 4
4730 2
4731 6
4732 8
4733 10
4734 6
4735 6
4736 2
4737 0
4738 2
4739 -2
4740 -8
4741 -4
4742 -2
4743 -2
4744 4
4745 4
4746 4
4747 8
4748 -2
4749 -4
4750 -4
4751 -14
4752 -10
4753 -6
4754 2
4755 10
4756 8
4757 6
4758 0
4759 10
4760 14
4761 18
4762 18
4763 18
4764 14
4765 6
4766 6
4767 8
4768 12
4769 6
4770 8
4771 12
4772 10
4773 14
4774 18
4775 20
4776 12
4777 10
4778 10
4779 6
4780 4
4781 6
4782 8
4783 14
4784 8
4785 10
4786 6
4787 6
4788 2
4789 0
4790 -4
4791 -2
4792 0
4793 0
4794 0
4795 4
4796 8
4797 8
4798 8
4799 10
4800 10
4801 10
4802 4
4803 -2
4804 -4
4805 8
4806 0
4807 -6
4808 -4
4809 -8
4810 -6
4811 6
4812 14
4813 12
4814 16
4815 10
4816 8
4817 8
4818 4
4819 6
4820 0
4821 -2
4822 2
4823 2
4824 -6
4825 -12
4826 -18
4827 -16
4828 -14
4829 -12
4830 4
4831 4
4832 2
4833 8
4834 8
4835 0
4836 -8
4837 -6
4838 -6
4839 0
4840 -10
4841 -8
4842 -12
4843 -16
4844 -14
4845 -14
4846 -12
4847 -4
4848 -6
4849 -6
4850 -2
4851 0
4852 4
4853 6
4854 12
4855 12
4856 14
4857 20
4858 24
4859 36
4860 40
4861 42
4862 48
4863 50
4864 46
4865 44
4866 44
4867 46
4868 46
4869 44
4870 40
4871 38
4872 36
4873 36
4874 30
4875 28
4876 32
4877 28
4878 26
4879 26
4880 30
4881 30
4882 26
4883 22
4884 12
4885 10
4886 14
4887 14
4888 20
4889 14
4890 6
4891 4
4892 -4
4893 -4
4894 -12
4895 -12
4896 -14
4897 -20
4898 -22
4899 -24
4900 -14
4901 -18
4902 -16
4903 -18
4904 -16
4905 -12
4906 -4
4907 -4
4908 2
4909 -2
4910 -2
4911 -8
4912 -8
4913 -8
4914 -8
4915 -4
4916 -16
4917 -28
4918 -28
4919 -26
4920 -28
4921 -30
4922 -30
4923 -20
4924 -24
4925 -30
4926 -30
4927 -34
4928 -34
4929 -36
4930 -30
4931 -32
4932 -34
4933 -40
4934 -42
4935 -44
4936 -42
4937 -48
4938 -50
4939 -50
4940 -50
4941 -48
4942 -46
4943 -50
4944 -44
4945 -46
4946 -42
4947 -36
4948 -42
4949 -40
4950 -40
4951 -40
4952 -34
4953 -32
4954 -26
4955 -24
4956 -22
4957 -22
4958 -20
4959 -28
4960 -22
4961 -26
4962 -26
4963 -28
4964 -28
4965 -14
4966 -6
4967 -10
4968 -10
4969 -12
4970 -8
4971 0
4972 2
4973 6
4974 0
4975 -2
4976 -6
4977 2
4978 4
4979 10
4980 -6
4981 0
4982 -6
4983 -12
4984 -20
4985 -16
4986 -14
4987 -14
4988 -12
4989 -14
4990 -26
4991 -22
4992 -20
4993 -20
4994 -20
4995 -14
4996 -14
4997 -8
4998 -4
4999 6
5000 -2
