0.793197
0.769832
0.730577
0.676746
0.610385
0.534706
0.454249
0.374706
0.302407
0.243354
0.202092
0.180747
0.178701
0.19294
0.218893
0.251419
0.28567
0.317651
0.344453
0.364348
0.376719
0.381907
0.381026
0.375821
0.368314
0.360655
0.354784
0.352225
0.353898
0.360035
0.37024
0.383597
0.398911
0.414903
0.430469
0.444765
0.457268
0.46776
0.476177
0.482499
0.486608
0.488337
0.487449
0.483741
0.477065
0.467441
0.455122
0.44066
0.424819
0.408537
0.392852
0.378841
0.367481
0.359477
0.355244
0.354812
0.357845
0.363755
0.371755
0.380951
0.390419
0.399326
0.407029
0.413112
0.417402
0.419882
0.420644
0.419917
0.418033
0.415398
0.412516
0.40996
0.408262
0.407784
0.408707
0.411073
0.414732
0.41941
0.424764
0.430358
0.435663
0.440144
0.443321
0.444888
0.444762
0.443063
0.440091
0.436234
0.43185
0.427278
0.422717
0.41819
0.413666
0.408953
0.403766
0.397862
0.391098
0.383484
0.375279
0.367004
