-6.65046
-6.64657
-6.63329
-6.61516
-6.60544
-6.59638
-6.59022
-6.58665
-6.58276
-6.57919
-6.57628
-6.57595
-6.57466
-6.57369
-6.5737
-6.57338
-6.57403
-6.57306
-6.57144
-6.57209
-6.57501
-6.57371
-6.575
-6.57468
-6.57565
-6.57629
-6.57629
-6.5792
-6.57888
-6.58082
-6.58341
-6.58341
-6.58406
-6.58374
-6.58504
-6.58536
-6.58601
-6.58763
-6.58634
-6.58504
-6.58569
-6.58601
-6.58601
-6.58407
-6.58278
-6.5844
-6.58375
-6.58278
-6.58278
-6.58375
-6.58439
-6.5831
-6.58212
-6.5805
-6.58018
-6.58051
-6.58148
-6.58115
-6.5818
-6.58245
-6.58245
-6.58116
-6.58051
-6.58148
-6.58245
-6.58148
-6.58181
-6.58375
-6.5831
-6.5844
-6.58472
-6.58375
-6.58407
-6.58698
-6.58698
-6.58731
-6.58634
-6.58763
-6.58731
-6.58569
-6.58504
-6.58537
-6.58634
-6.58699
-6.58699
-6.58666
-6.58731
-6.58796
-6.58699
-6.58537
-6.58601
-6.58666
-6.58342
-6.58342
-6.58504
-6.58245
-6.58278
-6.57986
-6.57954
-6.58051
