1.1898
1.15475
1.09587
1.01512
0.915578
0.802059
0.681374
0.562059
0.45361
0.365031
0.303138
0.271121
0.268051
0.28941
0.328339
0.377129
0.428505
0.476476
0.516679
0.546522
0.565079
0.572861
0.571539
0.563731
0.552472
0.540982
0.532176
0.528338
0.530847
0.540052
0.55536
0.575396
0.598366
0.622354
0.645704
0.667148
0.685903
0.70164
0.714265
0.723749
0.729913
0.732505
0.731173
0.725611
0.715597
0.701162
0.682683
0.660989
0.637229
0.612805
0.589279
0.568262
0.551221
0.539216
0.532867
0.532218
0.536767
0.545632
0.557633
0.571427
0.585629
0.598988
0.610544
0.619668
0.626103
0.629822
0.630966
0.629876
0.62705
0.623098
0.618774
0.61494
0.612394
0.611676
0.613061
0.616609
0.622098
0.629115
0.637146
0.645536
0.653494
0.660216
0.664981
0.667333
0.667143
0.664595
0.660136
0.654351
0.647776
0.640917
0.634075
0.627285
0.620499
0.613429
0.605649
0.596793
0.586648
0.575227
0.562919
0.550506
