1.7963
1.78276
1.75473
1.71259
1.6578
1.59367
1.52563
1.4603
1.40339
1.35777
1.32369
1.30001
1.28488
1.27596
1.27073
1.26694
1.26309
1.25896
1.25599
1.25759
1.26833
1.29161
1.32685
1.36878
1.40964
1.44248
1.4632
1.47106
1.46828
1.45891
1.44739
1.43723
1.43033
1.42688
1.42563
1.42451
1.42129
1.4143
1.40303
1.38825
1.37183
1.35599
1.34241
1.33142
1.3221
1.31329
1.30474
1.29719
1.29167
1.28876
1.28853
1.29101
1.29636
1.30477
1.31613
1.32975
1.34433
1.35804
1.36869
1.374
1.37199
1.36143
1.34241
1.31676
1.28783
1.25946
1.23488
1.21629
1.20536
1.2034
1.21094
1.22707
1.24907
1.27265
1.29281
1.30498
1.30624
1.29617
1.27691
1.2527
1.22893
1.21133
1.20465
1.21037
1.22479
1.24038
1.25006
1.25056
1.24341
1.23436
1.23118
1.23923
1.25726
1.27856
1.29584
1.30452
1.30313
1.29273
1.27673
1.26086
