0.0755664
0.149598
0.306543
0.544179
0.854344
1.21631
1.60173
1.97583
2.31141
2.59259
2.81482
2.98181
3.10331
3.18708
3.2432
3.28683
3.32141
3.35019
3.3641
3.34969
3.28549
3.15502
2.96675
2.74456
2.52732
2.34821
2.22871
2.17353
2.17369
2.21117
2.26501
2.3187
2.35916
2.38947
2.41288
2.43697
2.47209
2.52709
2.60148
2.69454
2.79484
2.89448
2.98444
3.0617
3.12739
3.19131
3.25099
3.30289
3.34415
3.37013
3.37823
3.37395
3.34987
3.31026
3.25549
3.18815
3.11716
3.05081
3.00259
2.98238
2.99773
3.05608
3.15469
3.28813
3.43627
3.58112
3.70711
3.80272
3.85786
3.86595
3.82525
3.74143
3.62653
3.50486
3.40041
3.33317
3.31782
3.36048
3.44802
3.56251
3.67426
3.75951
3.79581
3.77527
3.71305
3.64492
3.60482
3.60396
3.63598
3.67508
3.68551
3.64524
3.55963
3.46035
3.37797
3.33573
3.34037
3.38502
3.45939
3.52905
