-2.86497
-2.86558
-2.86648
-2.86693
-2.86618
-2.86572
-2.86556
-2.86631
-2.86676
-2.86676
-2.86692
-2.86722
-2.86647
-2.86632
-2.86768
-2.86753
-2.86799
-2.86753
-2.86753
-2.86677
-2.86616
-2.86722
-2.86738
-2.86799
-2.86815
-2.86845
-2.8686
-2.86875
-2.86875
-2.86844
-2.86798
-2.86708
-2.86783
-2.86723
-2.86632
-2.86602
-2.86602
-2.86542
-2.86587
-2.86542
-2.86572
-2.86511
-2.86421
-2.8636
-2.86481
-2.86451
-2.86466
-2.86511
-2.86451
-2.8639
-2.86451
-2.86285
-2.8633
-2.863
-2.86254
-2.86285
-2.8627
-2.86285
-2.8618
-2.86044
-2.86014
-2.85983
-2.86074
-2.86044
-2.86119
-2.86224
-2.863
-2.86315
-2.86345
-2.8639
-2.8642
-2.86405
-2.86466
-2.86421
-2.86316
-2.86301
-2.86361
-2.8627
-2.86225
-2.86088
-2.86103
-2.86057
-2.85966
-2.85891
-2.85922
-2.85938
-2.85817
-2.85787
-2.85802
-2.85846
-2.85966
-2.86042
-2.86088
-2.86028
-2.86044
-2.86029
-2.86014
-2.86119
-2.85983
-2.86088
