1.21432
1.19381
1.17787
1.16949
1.17016
1.17922
1.19367
1.20896
1.22059
1.2253
1.222
1.21199
1.19846
1.18563
1.17727
1.17562
1.18103
1.19252
1.20849
1.22723
1.24659
1.26369
1.27514
1.2781
1.27098
1.25399
1.22913
1.19975
1.16999
1.14436
1.12699
1.12097
1.12718
1.14377
1.16646
1.18979
1.20887
1.22041
1.22333
1.21856
1.20861
1.1967
1.18571
1.17728
1.17158
1.16772
1.16458
1.1612
1.15691
1.15116
1.1436
1.13432
1.12393
1.11339
1.10352
1.09493
1.08814
1.08425
1.08522
1.09367
1.1118
1.13985
1.17524
1.21313
1.24795
1.27518
1.29232
1.29865
1.2948
1.28215
1.2626
1.23881
1.21439
1.19372
1.18118
1.17986
1.19047
1.21093
1.23726
1.26488
1.28964
1.30853
1.3195
1.32131
1.31313
1.29459
1.26598
1.22874
1.1858
1.14132
1.10036
1.06802
1.04815
1.04258
1.05086
1.07081
1.09931
1.13301
1.16873
1.20346
