9.57804
9.67729
9.75159
9.79384
9.79286
9.75009
9.68713
9.61461
9.56251
9.53837
9.54465
9.57714
9.62474
9.67758
9.71159
9.71254
9.67706
9.62539
9.55362
9.46665
9.3766
9.30517
9.25537
9.24637
9.28936
9.37204
9.49455
9.63664
9.77835
9.90342
9.98595
10.018
9.99423
9.92769
9.83101
9.73113
9.6515
9.60488
9.59235
9.6186
9.66784
9.72302
9.77533
9.81824
9.84878
9.86653
9.87601
9.88127
9.89549
9.91872
9.94238
9.97365
10.0152
10.0563
10.0921
10.1217
10.1424
10.1481
10.1371
10.0852
9.9984
9.86402
9.69731
9.51841
9.36178
9.23419
9.15599
9.12607
9.14486
9.20612
9.29358
9.40303
9.52044
9.62084
9.68237
9.69609
9.65879
9.57079
9.45948
9.33924
9.22495
9.14607
9.10071
9.10109
9.14778
9.24025
9.38344
9.56546
9.76868
9.98234
10.1785
10.3295
10.4237
10.4502
10.4054
10.3044
10.1678
9.99921
9.81494
9.63247
