0.631507
0.650321
0.674895
0.703755
0.734633
0.764682
0.791061
0.811592
0.825203
0.832146
0.833689
0.831686
0.828093
0.824457
0.821505
0.818934
0.81564
0.810506
0.802719
0.792157
0.779514
0.766239
0.754152
0.745036
0.740144
0.739869
0.743744
0.750612
0.758901
0.766989
0.773468
0.777333
0.778253
0.776783
0.774217
0.77217
0.771831
0.7733
0.775546
0.776814
0.775263
0.769641
0.759653
0.745986
0.730121
0.714017
0.699771
0.689354
0.684142
0.684277
0.688541
0.695045
0.702325
0.709852
0.717726
0.72612
0.734755
0.742968
0.749917
0.754991
0.758042
0.759431
0.759812
0.759941
0.760332
0.761235
0.762688
0.764677
0.767311
0.770822
0.775553
0.781792
0.789524
0.79818
0.806446
0.812442
0.814218
0.81032
0.800191
0.784283
0.763919
0.740954
0.717442
0.695263
0.67621
0.661965
0.653941
0.652708
0.65766
0.667282
0.679797
0.693538
0.707211
0.719843
0.730748
0.739486
0.74579
0.749658
0.7516
0.75269
