0.947261
0.975481
1.01234
1.05563
1.10195
1.14702
1.18659
1.21739
1.2378
1.24822
1.25053
1.24753
1.24214
1.23668
1.23226
1.2284
1.22346
1.21576
1.20408
1.18823
1.16927
1.14936
1.13123
1.11755
1.11022
1.1098
1.11562
1.12592
1.13835
1.15048
1.1602
1.166
1.16738
1.16518
1.16133
1.15825
1.15775
1.15995
1.16332
1.16522
1.1629
1.15446
1.13948
1.11898
1.09518
1.07102
1.04966
1.03403
1.02621
1.02641
1.03281
1.04257
1.05349
1.06478
1.07659
1.08918
1.10213
1.11445
1.12488
1.13249
1.13706
1.13915
1.13972
1.13991
1.1405
1.14185
1.14403
1.14702
1.15097
1.15623
1.16333
1.17269
1.18429
1.19727
1.20967
1.21866
1.22133
1.21548
1.20029
1.17643
1.14588
1.11143
1.07616
1.0429
1.01431
0.992947
0.980912
0.979062
0.986491
1.00092
1.0197
1.04031
1.06082
1.07976
1.09612
1.10923
1.11868
1.12449
1.1274
1.12904
