-6.54333
-6.56961
-6.60647
-6.64976
-6.69738
-6.74148
-6.7817
-6.81477
-6.8368
-6.84754
-6.84661
-6.84587
-6.8408
-6.83503
-6.8306
-6.82836
-6.82277
-6.81669
-6.8021
-6.78658
-6.76891
-6.74867
-6.73054
-6.71622
-6.70791
-6.7062
-6.71363
-6.72361
-6.7354
-6.7498
-6.75693
-6.76434
-6.76734
-6.76384
-6.75999
-6.75498
-6.75512
-6.75603
-6.76101
-6.76486
-6.76221
-6.75281
-6.7362
-6.71635
-6.69223
-6.66548
-6.64411
-6.62783
-6.61969
-6.6199
-6.62694
-6.6367
-6.64924
-6.65924
-6.67234
-6.6859
-6.69853
-6.7102
-6.71966
-6.72889
-6.73411
-6.73619
-6.73709
-6.73631
-6.73625
-6.73955
-6.744
-6.74601
-6.74996
-6.75587
-6.76167
-6.77297
-6.78393
-6.79562
-6.80802
-6.81636
-6.82
-6.81415
-6.79702
-6.77251
-6.74131
-6.70524
-6.66932
-6.63573
-6.60747
-6.5861
-6.57439
-6.57092
-6.57835
-6.59376
-6.61124
-6.63185
-6.65269
-6.67196
-6.69026
-6.70466
-6.71541
-6.72122
-6.72542
-6.72608
