-5.45789
-5.45724
-5.45821
-5.45789
-5.45821
-5.45983
-5.45886
-5.45951
-5.45725
-5.45531
-5.45498
-5.45595
-5.45724
-5.4553
-5.45367
-5.45432
-5.45789
-5.45692
-5.45627
-5.45724
-5.45886
-5.45725
-5.4579
-5.4579
-5.4553
-5.4553
-5.45368
-5.45271
-5.45271
-5.45173
-5.45303
-5.454
-5.45529
-5.45465
-5.45498
-5.45498
-5.45401
-5.45304
-5.45401
-5.45303
-5.45238
-5.45335
-5.454
-5.45368
-5.45303
-5.45368
-5.45562
-5.45886
-5.45886
-5.45692
-5.45789
-5.45854
-5.4566
-5.4553
-5.4553
-5.45563
-5.45627
-5.45757
-5.45627
-5.45821
-5.45659
-5.45692
-5.45757
-5.45919
-5.45725
-5.4579
-5.45725
-5.45757
-5.45757
-5.45725
-5.45984
-5.46146
-5.46081
-5.46015
-5.46048
-5.45951
-5.45724
-5.45756
-5.45595
-5.4553
-5.45757
-5.45595
-5.45595
-5.45498
-5.45466
-5.45595
-5.45563
-5.45563
-5.45757
-5.45724
-5.45659
-5.45756
-5.45724
-5.45659
-5.45789
-5.45854
-5.45562
-5.45465
-5.4553
-5.45628
