-4.74412
-4.75833
-4.79001
-4.82781
-4.86245
-4.89026
-4.91096
-4.92779
-4.94261
-4.95707
-4.96903
-4.98113
-4.99607
-5.01398
-5.03603
-5.05747
-5.07844
-5.09131
-5.09441
-5.08991
-5.07441
-5.05474
-5.03198
-5.00904
-4.98994
-4.97666
-4.96967
-4.96858
-4.9731
-4.98168
-4.99156
-4.99772
-4.99786
-4.98779
-4.96769
-4.94426
-4.92218
-4.90935
-4.90765
-4.91085
-4.91522
-4.91742
-4.92146
-4.93084
-4.94759
-4.97227
-5.00161
-5.03185
-5.05979
-5.08215
-5.09917
-5.10773
-5.10914
-5.10328
-5.0888
-5.0697
-5.04674
-5.02324
-4.99984
-4.98014
-4.96619
-4.96024
-4.95897
-4.96349
-4.9691
-4.97614
-4.98017
-4.9808
-4.97926
-4.97631
-4.97713
-4.98317
-4.99366
-5.00789
-5.01938
-5.02696
-5.02968
-5.02857
-5.02595
-5.02653
-5.03178
-5.04032
-5.05152
-5.06259
-5.0733
-5.08217
-5.08592
-5.08361
-5.07567
-5.06265
-5.04725
-5.03026
-5.01171
-4.99303
-4.97456
-4.95618
-4.93921
-4.9251
-4.91428
-4.90514
