1.42081
1.43502
1.46639
1.50403
1.53867
1.56633
1.58733
1.60387
1.61793
1.63073
1.64299
1.6557
1.67049
1.68885
1.71075
1.73369
1.7536
1.76663
1.77048
1.76478
1.75063
1.73036
1.707
1.68391
1.66421
1.65017
1.64288
1.64225
1.64722
1.65594
1.66552
1.67198
1.6712
1.66053
1.64059
1.6161
1.59463
1.58255
1.58085
1.58496
1.58933
1.59213
1.59602
1.60541
1.62291
1.64789
1.67738
1.70777
1.73586
1.75913
1.77584
1.785
1.78627
1.7798
1.76622
1.74683
1.72357
1.69901
1.67591
1.65667
1.64303
1.63586
1.63504
1.63926
1.64622
1.65311
1.65745
1.65808
1.65578
1.65314
1.65335
1.65864
1.66898
1.682
1.69409
1.70212
1.70484
1.70343
1.70096
1.70079
1.70483
1.71291
1.72366
1.73534
1.7462
1.75446
1.75836
1.75666
1.74902
1.73631
1.7203
1.70286
1.68507
1.66715
1.64897
1.63089
1.61392
1.59937
1.58809
1.58001
