3.30491
3.25556
3.14996
3.02223
2.90139
2.80033
2.72022
2.65359
2.59475
2.53908
2.48852
2.43701
2.3778
2.30859
2.22788
2.14714
2.07238
2.02169
2.00135
2.00861
2.04708
2.10212
2.16701
2.23157
2.28433
2.31839
2.33114
2.32332
2.29713
2.25828
2.21602
2.18462
2.17406
2.19481
2.24552
2.30856
2.36565
2.39511
2.39235
2.37337
2.35166
2.33529
2.31451
2.278
2.21917
2.13827
2.04505
1.95113
1.8669
1.80175
1.75826
1.74297
1.75412
1.79125
1.85483
1.93579
2.02906
2.12464
2.21667
2.29515
2.35379
2.3875
2.40176
2.39687
2.38403
2.36716
2.3572
2.35666
2.36256
2.37014
2.36654
2.34621
2.31038
2.26354
2.22106
2.18917
2.171
2.16293
2.15657
2.13933
2.10607
2.05929
2.00253
1.94362
1.88668
1.838
1.80648
1.79649
1.8085
1.84089
1.88709
1.94317
2.00722
2.07618
2.14897
2.22453
2.29856
2.3662
2.42483
2.47655
