0.94721
0.956678
0.977594
1.00269
1.02578
1.04422
1.05822
1.06924
1.07862
1.08715
1.09533
1.1038
1.11366
1.1259
1.1405
1.1558
1.16907
1.17775
1.18032
1.17652
1.16709
1.15357
1.138
1.12261
1.10947
1.10011
1.09525
1.09483
1.09814
1.10396
1.11035
1.11465
1.11414
1.10702
1.09373
1.0774
1.06309
1.05504
1.0539
1.05664
1.05955
1.06142
1.06401
1.07027
1.08194
1.0986
1.11825
1.13852
1.15724
1.17275
1.18389
1.19
1.19085
1.18653
1.17748
1.16455
1.14905
1.13267
1.11727
1.10444
1.09535
1.09058
1.09003
1.09284
1.09748
1.10207
1.10497
1.10538
1.10386
1.10209
1.10223
1.10576
1.11265
1.12133
1.12939
1.13475
1.13656
1.13562
1.13397
1.13386
1.13655
1.14194
1.14911
1.15689
1.16413
1.16964
1.17224
1.1711
1.16602
1.15754
1.14687
1.13524
1.12338
1.11143
1.09932
1.08726
1.07595
1.06625
1.05872
1.05334
