1.16565
1.16596
1.16629
1.16663
1.16697
1.16727
1.16748
1.1675
1.16723
1.16655
1.1653
1.16331
1.1604
1.15638
1.15116
1.14485
1.1379
1.13124
1.12617
1.12388
1.12481
1.12836
1.13323
1.13808
1.14197
1.14447
1.14556
1.14546
1.14449
1.14305
1.14156
1.14045
1.14013
1.14089
1.1428
1.14572
1.14932
1.15315
1.15682
1.16
1.16252
1.16432
1.16541
1.16588
1.16583
1.16533
1.16445
1.16319
1.16151
1.15926
1.15628
1.15233
1.14724
1.14089
1.13333
1.12487
1.11615
1.10807
1.10175
1.0982
1.098
1.10104
1.1066
1.11359
1.12101
1.12809
1.13438
1.13968
1.14395
1.14723
1.14961
1.15121
1.15212
1.15246
1.15234
1.15184
1.15108
1.15013
1.1491
1.14805
1.14707
1.1462
1.14549
1.14494
1.14456
1.14435
1.14427
1.14432
1.14445
1.14465
1.14489
1.14516
1.14544
1.14571
1.14598
1.14623
1.14648
1.14669
1.14687
1.14697
