0.0392729
0.039517
0.0397975
0.0401155
0.0404772
0.0408939
0.0413855
0.0419751
0.0426952
0.043581
0.0446742
0.0460195
0.0476617
0.0496344
0.0519471
0.0545455
0.0572679
0.0598235
0.0618224
0.0629162
0.062973
0.0621647
0.0608671
0.0594795
0.0582881
0.0574334
0.0569369
0.0567463
0.0567705
0.0568933
0.0569871
0.0569215
0.0565778
0.0558763
0.0547971
0.0533885
0.0517612
0.0500538
0.0483996
0.0469047
0.0456359
0.044627
0.0438808
0.0433846
0.0431171
0.0430547
0.0431846
0.0435046
0.044029
0.0447921
0.0458406
0.0472266
0.0489917
0.0511476
0.0536529
0.0563889
0.0591443
0.0616237
0.0634846
0.0644195
0.0642531
0.0630144
0.0609218
0.0582989
0.0554655
0.052669
0.0500697
0.0477545
0.04576
0.0440927
0.0427377
0.0416743
0.0408779
0.0403169
0.0399631
0.0397852
0.0397501
0.0398281
0.0399879
0.0402018
0.0404433
0.0406924
0.040933
0.0411569
0.0413605
0.0415452
0.0417134
0.0418716
0.0420259
0.0421826
0.0423489
0.0425297
0.0427294
0.0429519
0.043199
0.0434709
0.0437694
0.0440981
0.0444592
0.0448652
