1.76816
1.76816
1.76816
1.76816
1.76816
1.76816
1.76816
1.76816
1.76816
1.76816
1.76816
1.76816
1.76816
1.76816
1.76816
1.76814
1.76813
1.7681
1.76808
1.76806
1.76804
1.76802
1.76798
1.76796
1.76792
1.7679
1.76789
1.76787
1.76785
1.76782
1.7678
1.76777
1.76775
1.76773
1.76771
1.76768
1.76766
1.76764
1.76762
1.76761
1.7676
1.7676
1.76757
1.76756
1.76755
1.76755
1.76753
1.76752
1.7675
1.76749
1.76749
1.76748
1.76748
1.76746
1.76746
1.76745
1.76744
1.76743
1.76743
1.76742
1.76742
1.76743
1.76742
1.76742
1.76741
1.76739
1.76739
1.76738
1.76738
1.76737
1.76737
1.76737
1.76737
1.76736
1.76736
1.76735
1.76735
1.76735
1.76734
1.76734
1.76734
1.76734
1.76734
1.76733
1.76733
1.76733
1.76733
1.76734
1.76734
1.76734
1.76734
1.76733
1.76732
1.76733
1.76732
1.76732
1.76732
1.76732
1.76733
1.76733
