1.8
1.80001
1.80003
1.80005
1.80008
1.80011
1.80015
1.8002
1.80026
1.80032
1.80039
1.80046
1.80055
1.80064
1.80073
1.80084
1.80095
1.80107
1.8012
1.80134
1.80149
1.80164
1.8018
1.80198
1.80216
1.80235
1.80255
1.80276
1.80299
1.80322
1.80346
1.80372
1.80398
1.80426
1.80455
1.80485
1.80517
1.8055
1.80584
1.8062
1.80657
1.80696
1.80737
1.80779
1.80823
1.80868
1.80916
1.80965
1.81017
1.8107
1.81126
1.81184
1.81244
1.81307
1.81373
1.81441
1.81512
1.81585
1.81662
1.81742
1.81825
1.81911
1.82002
1.82095
1.82193
1.82295
1.824
1.82511
1.82625
1.82745
1.82869
1.82998
1.83133
1.83273
1.83419
1.83571
1.83729
1.83894
1.84065
1.84243
1.84429
1.84622
1.84822
1.85031
1.85248
1.85474
1.85708
1.85951
1.86204
1.86466
1.86737
1.87019
1.8731
1.87611
1.87921
1.8824
1.88567
1.88902
1.89243
1.89589
