0.0568199
0.0568193
0.0568183
0.0568168
0.0568149
0.0568126
0.0568099
0.0568067
0.056803
0.0567989
0.0567944
0.0567894
0.0567839
0.0567777
0.0567708
0.0567627
0.0567536
0.056743
0.0567326
0.0567209
0.0567096
0.0566975
0.0566829
0.0566689
0.0566533
0.0566387
0.0566242
0.0566084
0.0565911
0.0565737
0.0565548
0.0565354
0.056516
0.0564953
0.0564743
0.0564513
0.0564284
0.0564051
0.0563806
0.0563559
0.0563308
0.0563049
0.0562755
0.056247
0.0562179
0.0561881
0.0561549
0.056121
0.0560861
0.0560503
0.0560138
0.0559755
0.0559356
0.0558938
0.0558515
0.0558067
0.0557595
0.0557116
0.055662
0.0556102
0.0555567
0.0555028
0.0554452
0.0553854
0.0553227
0.0552576
0.0551909
0.0551216
0.0550497
0.0549755
0.0548991
0.0548203
0.0547383
0.0546527
0.0545652
0.054474
0.054381
0.0542839
0.0541843
0.0540824
0.0539771
0.0538696
0.0537598
0.0536464
0.0535314
0.0534143
0.0532955
0.0531761
0.0530555
0.0529341
0.0528141
0.0526946
0.0525785
0.0524686
0.0523638
0.0522683
0.0521854
0.0521177
0.0520704
0.0520472
