1.37512
1.32075
1.24345
1.1497
1.04767
0.946592
0.856215
0.78614
0.744435
0.735005
0.755531
0.797814
0.850807
0.904117
0.949825
0.982808
1.00038
1.002
0.989176
0.965393
0.935518
0.904874
0.878166
0.858714
0.848255
0.847138
0.854698
0.869548
0.889712
0.913001
0.937319
0.960811
0.981915
0.99904
1.0103
1.01377
1.00836
0.994925
0.976623
0.958541
0.945863
0.941716
0.945646
0.953986
0.961784
0.964601
0.959716
0.946596
0.926911
0.904019
0.881929
0.863996
0.851866
0.845359
0.843148
0.843879
0.847159
0.853842
0.865619
0.884352
0.911203
0.945939
0.986581
1.02938
1.06979
1.10342
1.12687
1.13805
1.13641
1.12287
1.09983
1.07078
1.03967
1.00975
0.982973
0.96002
0.94096
0.926259
0.917127
0.914745
0.919048
0.928143
0.938822
0.947552
0.951355
0.94833
0.937772
0.92035
0.898366
0.875835
0.857723
0.848513
0.850553
0.863471
0.884806
0.911108
0.938726
0.964435
0.985788
1.00154
