-5.02594
-5.02464
-5.02334
-5.02366
-5.02171
-5.02008
-5.02072
-5.0191
-5.0191
-5.01813
-5.01748
-5.01814
-5.01912
-5.02107
-5.01751
-5.01751
-5.01719
-5.01719
-5.01719
-5.01718
-5.01782
-5.01944
-5.01782
-5.01749
-5.01879
-5.02008
-5.02235
-5.02203
-5.02138
-5.02074
-5.01944
-5.02042
-5.02301
-5.02139
-5.02204
-5.02172
-5.02107
-5.01945
-5.01815
-5.01814
-5.01846
-5.0204
-5.02105
-5.02041
-5.02139
-5.02042
-5.01977
-5.02107
-5.02139
-5.02171
-5.01911
-5.01846
-5.01717
-5.01749
-5.01555
-5.0162
-5.01587
-5.01781
-5.01975
-5.01781
-5.02007
-5.02137
-5.02137
-5.02235
-5.02235
-5.02268
-5.02204
-5.02171
-5.02171
-5.02268
-5.02268
-5.02268
-5.02105
-5.0217
-5.02105
-5.02202
-5.02396
-5.02202
-5.02104
-5.02137
-5.02331
-5.0217
-5.0217
-5.02365
-5.023
-5.02106
-5.0217
-5.01911
-5.01749
-5.01942
-5.02169
-5.02007
-5.02071
-5.02072
-5.01975
-5.02072
-5.02299
-5.02267
-5.0217
-5.02397
