2.06267
1.98113
1.86518
1.72456
1.5715
1.41989
1.28432
1.17921
1.11665
1.10251
1.1333
1.19672
1.27621
1.35618
1.42474
1.47421
1.50057
1.503
1.48376
1.44809
1.40328
1.35731
1.31725
1.28807
1.27238
1.27071
1.28205
1.30432
1.33457
1.3695
1.40598
1.44122
1.47287
1.49856
1.51545
1.52065
1.51254
1.49239
1.46493
1.43781
1.41879
1.41257
1.41847
1.43098
1.44268
1.4469
1.43957
1.41989
1.39037
1.35603
1.32289
1.29599
1.2778
1.26804
1.26472
1.26582
1.27074
1.28076
1.29843
1.32653
1.3668
1.41891
1.47987
1.54406
1.60468
1.65513
1.69031
1.70707
1.70461
1.6843
1.64974
1.60617
1.55951
1.51462
1.47446
1.44003
1.41144
1.38939
1.37569
1.37212
1.37857
1.39221
1.40823
1.42133
1.42703
1.4225
1.40666
1.38052
1.34755
1.31375
1.28658
1.27277
1.27583
1.29521
1.32721
1.36666
1.40809
1.44665
1.47868
1.50232
