-0.264869
-0.265191
-0.265513
-0.265834
-0.266154
-0.266475
-0.266798
-0.267119
-0.267434
-0.267747
-0.268059
-0.268366
-0.268674
-0.268982
-0.269286
-0.269588
-0.269886
-0.270181
-0.270475
-0.270769
-0.271061
-0.271351
-0.271639
-0.271923
-0.272211
-0.272494
-0.272777
-0.273057
-0.273339
-0.273615
-0.273893
-0.274172
-0.274448
-0.274724
-0.275001
-0.275274
-0.275548
-0.275823
-0.276098
-0.276373
-0.276648
-0.276922
-0.2772
-0.277475
-0.277755
-0.278034
-0.278314
-0.278594
-0.278876
-0.279157
-0.279441
-0.279724
-0.280006
-0.280294
-0.280581
-0.280872
-0.281166
-0.281457
-0.281754
-0.282048
-0.282345
-0.282643
-0.282942
-0.283242
-0.283542
-0.283844
-0.284146
-0.284449
-0.284752
-0.285055
-0.285359
-0.285662
-0.285968
-0.28627
-0.286575
-0.286874
-0.287174
-0.287471
-0.287772
-0.288068
-0.288363
-0.288653
-0.288943
-0.289231
-0.289517
-0.289797
-0.290076
-0.290352
-0.290627
-0.290896
-0.291158
-0.291419
-0.291672
-0.291923
-0.29217
-0.292413
-0.292649
-0.292879
-0.293101
-0.293319
-0.293534
-0.293739
-0.293936
-0.294127
-0.294312
-0.29449
-0.29466
-0.294825
-0.294979
-0.295125
-0.295261
-0.295389
-0.29551
-0.295623
-0.295726
-0.295821
-0.295906
-0.295982
-0.296049
-0.296106
-0.296153
-0.296191
-0.296221
-0.296241
-0.296251
-0.296243
-0.296232
-0.296208
-0.296174
-0.29613
-0.296074
-0.296008
-0.295931
-0.295843
-0.295745
-0.295633
-0.29551
-0.295377
-0.295234
-0.295081
-0.294917
-0.294742
-0.294555
-0.294358
-0.294153
-0.293934
-0.293704
-0.293466
-0.293217
-0.292955
-0.292683
-0.2924
-0.292107
-0.2918
-0.291486
-0.291162
-0.290828
-0.290484
-0.290131
-0.289768
-0.289395
-0.289011
-0.28862
-0.28822
-0.287811
-0.287394
-0.286969
-0.286535
-0.286094
-0.285645
-0.285186
-0.284722
-0.284252
-0.283775
-0.283291
-0.282802
-0.282307
-0.281809
-0.281303
-0.280792
-0.280277
-0.279758
-0.279235
-0.278706
-0.278174
-0.277639
-0.277101
-0.276567
-0.276028
-0.275488
-0.274946
-0.274402
-0.27386
-0.273318
-0.272779
-0.272236
-0.271696
-0.271161
-0.270627
-0.270096
-0.269565
-0.269035
-0.268512
-0.267989
-0.26747
-0.266961
-0.266453
-0.265952
-0.265454
-0.264961
-0.264479
-0.263998
-0.263525
-0.263058
-0.262596
-0.262138
-0.261689
-0.261242
-0.260806
-0.260378
-0.259957
-0.259543
-0.259136
-0.258738
-0.258343
-0.257957
-0.257578
-0.25721
-0.256846
-0.256487
-0.256133
-0.255786
-0.255446
-0.255109
-0.25478
-0.254448
-0.254128
-0.253809
-0.253493
-0.253183
-0.252876
-0.252568
-0.252261
-0.251956
-0.251649
-0.251344
-0.251038
-0.250731
-0.25042
-0.250109
-0.249797
-0.249481
-0.249159
-0.248832
-0.248497
-0.248158
-0.247813
-0.24746
-0.247102
-0.246731
-0.246351
-0.245965
-0.245568
-0.245157
-0.244741
-0.244316
-0.243877
-0.243425
-0.242964
-0.242494
-0.242011
-0.241513
-0.241007
-0.24049
-0.239962
-0.239424
-0.238875
-0.238315
-0.237752
-0.237177
-0.236596
-0.236009
-0.235416
-0.23482
-0.234218
-0.233617
-0.233017
-0.232415
-0.23182
-0.231229
-0.230645
-0.230069
-0.229502
-0.228947
-0.228406
-0.227885
-0.22738
-0.226902
-0.226444
-0.226009
-0.225601
-0.225229
-0.224886
-0.224579
-0.224306
-0.224071
-0.223881
-0.22372
-0.22361
-0.223545
-0.223526
-0.223557
-0.223634
-0.22376
-0.223934
-0.224161
-0.224439
-0.224771
-0.225149
-0.225583
-0.226065
-0.226597
-0.227178
-0.227808
-0.228484
-0.229208
-0.229974
-0.230784
-0.231636
-0.232523
-0.233448
-0.234405
-0.235396
-0.236418
-0.237467
-0.238541
-0.239636
-0.240754
-0.24189
-0.243041
-0.244206
-0.245378
-0.246562
-0.247751
-0.248942
-0.250138
-0.251332
-0.252526
-0.253713
-0.254891
-0.256063
-0.257228
-0.258379
-0.259518
-0.260645
-0.261754
-0.262844
-0.263917
-0.264974
-0.266009
-0.267027
-0.268027
-0.269003
-0.269958
-0.270889
-0.2718
-0.27269
-0.273556
-0.274401
-0.275221
-0.276021
-0.2768
-0.277556
-0.278294
-0.279013
-0.279706
-0.280379
-0.281034
-0.281668
-0.282282
-0.282878
-0.283457
-0.284018
-0.284562
-0.28509
-0.285605
-0.2861
-0.286583
-0.287053
-0.28751
-0.287954
-0.288386
-0.288809
-0.28922
-0.28962
-0.290011
-0.29039
-0.290764
-0.291127
-0.291486
-0.291838
-0.292181
-0.29252
-0.292857
-0.293187
-0.293515
-0.293836
-0.294154
-0.294468
-0.29478
-0.295089
-0.295396
-0.295701
-0.296005
-0.296307
-0.296608
-0.296909
-0.297206
-0.297506
-0.297803
-0.298102
-0.298399
-0.298704
-0.299004
-0.299307
-0.299607
-0.299909
-0.300207
-0.300511
-0.300814
-0.30112
-0.301427
-0.301738
-0.302047
-0.302358
-0.30267
-0.302982
-0.303296
-0.303611
-0.303927
-0.304244
-0.304562
-0.304879
-0.305194
-0.305515
-0.305836
-0.306158
-0.306481
-0.306804
-0.307125
-0.307452
-0.307779
-0.308103
-0.308431
-0.308755
-0.30908
-0.309404
-0.309729
-0.310055
-0.310378
-0.310701
-0.311025
-0.311346
-0.311666
-0.311985
-0.312302
-0.312619
-0.312934
-0.313247
-0.313558
-0.313868
-0.314178
-0.314483
-0.314782
-0.31508
-0.315379
-0.315672
-0.315969
-0.316259
-0.316544
-0.316829
-0.317114
-0.317391
-0.317664
-0.317933
-0.318198
-0.318457
-0.318717
-0.31897
-0.319218
-0.319462
-0.319698
-0.31993
-0.320162
-0.320384
-0.320607
-0.320821
-0.321029
-0.321232
-0.321429
-0.321618
-0.321803
-0.321982
-0.322153
-0.32232
-0.322481
-0.322633
-0.322781
-0.322922
-0.32306
-0.323188
-0.323309
-0.323423
-0.323533
-0.323632
-0.323723
-0.323809
-0.323889
-0.323961
-0.324028
-0.324088
-0.324137
-0.32418
-0.324213
-0.324242
-0.324263
-0.324277
-0.324286
-0.324285
-0.324279
-0.324264
-0.324238
-0.324208
-0.324171
-0.324126
-0.324072
-0.324013
-0.323949
-0.323875
-0.323792
-0.323705
-0.32361
-0.323509
-0.323403
-0.323288
-0.323164
-0.323035
-0.3229
-0.322756
-0.322608
-0.322454
-0.322294
-0.322127
-0.321954
-0.321776
-0.321592
-0.321404
-0.321208
-0.321009
-0.320803
-0.320591
-0.320374
-0.320152
-0.319923
-0.319691
-0.31945
-0.319209
-0.318962
-0.31871
-0.318457
-0.3182
-0.317939
-0.317672
-0.317403
-0.31713
-0.316857
-0.31658
-0.316299
-0.316016
-0.315731
-0.315443
-0.315152
-0.31486
-0.314566
-0.314271
-0.313971
-0.313673
-0.313373
-0.31307
-0.312769
-0.31247
-0.312165
-0.311863
-0.311562
-0.31126
-0.310958
-0.310654
-0.310354
-0.310054
-0.309757
-0.309457
-0.309161
-0.308867
-0.308577
-0.308284
-0.307993
-0.307705
-0.307424
-0.307139
-0.306864
-0.30659
-0.306319
-0.306051
-0.305788
-0.305525
-0.30527
-0.305018
-0.304769
-0.304524
-0.304286
-0.304053
-0.303823
-0.303601
-0.303384
-0.30317
-0.302967
-0.30277
-0.302574
-0.302386
-0.302205
-0.302033
-0.301864
-0.301703
-0.301548
-0.3014
-0.30126
-0.301124
-0.300998
-0.300876
-0.300762
-0.300656
-0.300559
-0.300468
-0.300385
-0.300314
-0.300251
-0.300191
-0.300139
-0.300097
-0.300063
-0.30004
-0.30002
-0.300012
-0.30001
-0.300017
-0.300028
-0.300053
-0.300083
-0.300123
-0.300166
-0.300217
-0.300278
-0.300345
-0.300421
-0.300505
-0.300596
-0.300695
-0.300801
-0.300914
-0.301034
-0.301164
-0.301297
-0.301438
-0.301585
-0.301739
-0.301899
-0.302063
-0.302235
-0.302408
-0.302592
-0.302782
-0.302977
-0.303177
-0.303383
-0.303593
-0.303808
-0.304031
-0.304258
-0.304489
-0.304722
-0.304962
-0.305203
-0.305448
-0.305694
-0.305945
-0.306203
-0.306461
-0.306722
-0.306988
-0.307254
-0.307523
-0.307792
-0.308065
-0.308349
-0.308626
-0.308905
-0.309185
-0.309469
-0.309752
-0.310036
-0.310321
-0.310607
-0.310891
-0.311181
-0.311464
-0.311752
-0.312041
-0.312327
-0.312615
-0.312904
-0.313192
-0.313481
-0.313766
-0.314053
-0.314338
-0.314624
-0.31491
-0.315197
-0.315481
-0.315761
-0.316043
-0.316324
-0.316606
-0.316887
-0.317164
-0.317443
-0.317715
-0.317988
-0.31826
-0.318533
-0.318802
-0.319071
-0.319334
-0.319598
-0.31986
-0.320121
-0.320377
-0.320632
-0.320887
-0.32114
-0.321391
-0.321639
-0.321888
-0.322134
-0.322378
-0.32262
-0.322859
-0.323099
-0.323333
-0.323569
-0.323798
-0.324028
-0.32425
-0.324476
-0.324699
-0.324918
-0.325137
-0.325356
-0.325571
-0.325784
-0.325994
-0.326203
-0.326409
-0.326615
-0.326817
-0.327019
-0.327216
-0.327411
-0.327601
-0.327789
-0.32798
-0.328168
-0.328351
-0.328533
-0.328711
-0.328888
-0.329062
-0.329236
-0.329407
-0.329574
-0.329741
-0.329905
-0.330066
-0.330223
-0.330376
-0.330528
-0.330679
-0.330822
-0.330965
-0.331106
-0.331243
-0.331378
-0.33151
-0.331639
-0.331764
-0.331887
-0.332007
-0.332126
-0.332237
-0.332352
-0.332462
-0.332563
-0.332663
-0.33276
-0.332853
-0.332943
-0.333029
-0.333112
-0.333191
-0.333266
-0.333337
-0.333404
-0.333469
-0.333528
-0.333586
-0.333639
-0.333683
-0.333725
-0.333762
-0.333798
-0.333828
-0.333852
-0.333871
-0.333885
-0.333894
-0.333899
-0.333895
-0.333889
-0.333878
-0.333861
-0.333839
-0.333812
-0.333779
-0.333737
-0.333695
-0.333645
-0.333589
-0.333526
-0.333458
-0.333383
-0.333305
-0.333218
-0.333125
-0.333025
-0.332918
-0.332805
-0.332686
-0.332559
-0.332431
-0.332291
-0.332141
-0.331987
-0.331817
-0.331649
-0.331474
-0.331294
-0.331104
-0.330905
-0.330701
-0.33049
-0.330271
-0.330045
-0.329817
-0.329574
-0.329326
-0.329071
-0.328808
-0.328538
-0.328264
-0.327977
-0.327683
-0.327384
-0.327078
-0.326765
-0.326445
-0.326116
-0.325782
-0.325437
-0.325087
-0.324733
-0.324368
-0.324001
-0.323628
-0.323248
-0.322858
-0.322467
-0.32207
-0.321668
-0.321259
-0.320846
-0.320428
-0.320007
-0.319579
-0.319146
-0.318709
-0.31827
-0.317824
-0.317375
-0.316922
-0.316464
-0.316007
-0.315544
-0.315079
-0.314608
-0.314138
-0.313663
-0.313186
-0.312712
-0.312236
-0.311754
-0.311271
-0.310789
-0.310304
-0.309821
-0.309335
-0.30885
-0.308365
-0.307881
-0.307393
-0.306909
-0.306422
-0.305938
-0.305454
-0.304973
-0.30449
-0.304006
-0.303519
-0.303039
-0.302558
-0.302077
-0.301598
-0.301119
-0.300642
-0.30016
-0.299684
-0.299208
-0.298732
-0.298254
-0.297777
-0.297301
-0.296826
-0.296349
-0.295873
-0.295397
-0.294921
-0.294444
-0.293966
-0.293487
-0.293008
-0.292527
-0.292047
-0.291564
-0.291079
-0.29059
-0.290104
-0.289614
-0.289123
-0.288627
-0.288132
-0.287635
-0.287136
-0.286635
-0.286132
-0.285628
-0.285122
-0.284615
-0.284099
-0.28359
-0.283079
-0.282568
-0.282054
-0.281545
-0.281033
-0.280518
-0.280008
-0.279497
-0.27899
-0.278485
-0.277986
-0.277482
-0.276987
-0.276499
-0.276011
-0.275534
-0.275058
-0.274588
-0.274129
-0.273675
-0.273233
-0.2728
