1.7573
1.75762
1.75794
1.75826
1.75858
1.7589
1.75922
1.75954
1.75985
1.76016
1.76048
1.76078
1.76109
1.7614
1.7617
1.762
1.7623
1.7626
1.7629
1.76319
1.76348
1.76377
1.76406
1.76435
1.76463
1.76492
1.7652
1.76548
1.76576
1.76604
1.76632
1.76659
1.76687
1.76714
1.76742
1.76769
1.76797
1.76824
1.76852
1.76879
1.76907
1.76935
1.76962
1.7699
1.77018
1.77046
1.77073
1.77102
1.7713
1.77158
1.77186
1.77215
1.77244
1.77273
1.77301
1.77331
1.7736
1.77389
1.77418
1.77448
1.77478
1.77508
1.77537
1.77567
1.77598
1.77628
1.77658
1.77688
1.77719
1.77749
1.77779
1.7781
1.7784
1.7787
1.779
1.7793
1.77961
1.7799
1.7802
1.7805
1.78079
1.78109
1.78138
1.78166
1.78195
1.78223
1.78251
1.78279
1.78306
1.78333
1.78359
1.78385
1.78411
1.78436
1.78461
1.78485
1.78508
1.78531
1.78554
1.78576
1.78597
1.78617
1.78637
1.78656
1.78675
1.78693
1.7871
1.78726
1.78741
1.78756
1.7877
1.78783
1.78795
1.78806
1.78817
1.78826
1.78835
1.78842
1.78849
1.78855
1.78859
1.78863
1.78866
1.78868
1.78868
1.78868
1.78867
1.78864
1.78861
1.78856
1.78851
1.78844
1.78837
1.78828
1.78818
1.78807
1.78795
1.78782
1.78768
1.78752
1.78736
1.78718
1.787
1.7868
1.78659
1.78637
1.78614
1.7859
1.78565
1.78539
1.78512
1.78483
1.78454
1.78424
1.78392
1.7836
1.78327
1.78292
1.78257
1.7822
1.78183
1.78145
1.78106
1.78066
1.78025
1.77983
1.77941
1.77897
1.77853
1.77808
1.77763
1.77716
1.77669
1.77622
1.77573
1.77524
1.77475
1.77425
1.77374
1.77323
1.77272
1.7722
1.77167
1.77115
1.77062
1.77009
1.76955
1.76901
1.76847
1.76793
1.76739
1.76685
1.76631
1.76577
1.76523
1.76469
1.76415
1.76361
1.76307
1.76254
1.76201
1.76148
1.76095
1.76043
1.75992
1.7594
1.7589
1.75839
1.75789
1.7574
1.75691
1.75643
1.75596
1.75549
1.75503
1.75457
1.75412
1.75368
1.75324
1.75282
1.75239
1.75198
1.75157
1.75117
1.75078
1.75039
1.75002
1.74964
1.74928
1.74892
1.74856
1.74822
1.74787
1.74754
1.74721
1.74688
1.74656
1.74624
1.74592
1.74561
1.7453
1.74499
1.74468
1.74438
1.74407
1.74377
1.74346
1.74316
1.74285
1.74254
1.74222
1.7419
1.74158
1.74125
1.74092
1.74058
1.74024
1.73988
1.73952
1.73916
1.73878
1.73839
1.738
1.73759
1.73717
1.73674
1.73631
1.73586
1.7354
1.73492
1.73444
1.73394
1.73344
1.73292
1.73239
1.73185
1.73131
1.73075
1.73018
1.72961
1.72903
1.72844
1.72785
1.72725
1.72665
1.72605
1.72545
1.72485
1.72426
1.72367
1.72308
1.72251
1.72194
1.72139
1.72085
1.72033
1.71983
1.71935
1.71889
1.71846
1.71805
1.71768
1.71733
1.71702
1.71675
1.71652
1.71632
1.71617
1.71606
1.71599
1.71597
1.716
1.71608
1.71621
1.71638
1.71661
1.71689
1.71722
1.7176
1.71803
1.71851
1.71904
1.71962
1.72025
1.72093
1.72165
1.72242
1.72323
1.72407
1.72496
1.72589
1.72685
1.72784
1.72886
1.72991
1.73098
1.73208
1.7332
1.73433
1.73548
1.73665
1.73782
1.73901
1.74019
1.74139
1.74258
1.74378
1.74497
1.74615
1.74733
1.74851
1.74967
1.75082
1.75196
1.75308
1.75419
1.75528
1.75636
1.75742
1.75845
1.75947
1.76047
1.76145
1.7624
1.76333
1.76425
1.76513
1.766
1.76685
1.76767
1.76847
1.76925
1.77
1.77074
1.77145
1.77215
1.77282
1.77347
1.77411
1.77472
1.77532
1.77589
1.77646
1.777
1.77753
1.77804
1.77854
1.77902
1.77949
1.77995
1.78039
1.78082
1.78125
1.78166
1.78206
1.78245
1.78283
1.7832
1.78357
1.78393
1.78428
1.78462
1.78496
1.7853
1.78563
1.78595
1.78628
1.78659
1.78691
1.78722
1.78753
1.78784
1.78814
1.78844
1.78875
1.78905
1.78935
1.78965
1.78995
1.79025
1.79055
1.79085
1.79115
1.79145
1.79175
1.79205
1.79235
1.79265
1.79296
1.79326
1.79357
1.79388
1.79419
1.79449
1.79481
1.79512
1.79543
1.79574
1.79606
1.79637
1.79669
1.79701
1.79733
1.79765
1.79797
1.79829
1.79861
1.79893
1.79926
1.79958
1.79991
1.80023
1.80056
1.80088
1.8012
1.80153
1.80185
1.80218
1.8025
1.80283
1.80315
1.80347
1.80379
1.80411
1.80443
1.80475
1.80506
1.80538
1.80569
1.806
1.80631
1.80662
1.80693
1.80723
1.80753
1.80783
1.80812
1.80842
1.80871
1.80899
1.80928
1.80956
1.80983
1.81011
1.81038
1.81064
1.8109
1.81116
1.81141
1.81166
1.8119
1.81214
1.81238
1.81261
1.81283
1.81305
1.81326
1.81347
1.81367
1.81387
1.81406
1.81425
1.81443
1.8146
1.81477
1.81493
1.81508
1.81523
1.81537
1.81551
1.81563
1.81576
1.81587
1.81598
1.81608
1.81617
1.81626
1.81634
1.81641
1.81647
1.81653
1.81658
1.81663
1.81666
1.81669
1.81671
1.81673
1.81673
1.81673
1.81672
1.81671
1.81669
1.81666
1.81662
1.81657
1.81652
1.81646
1.8164
1.81632
1.81624
1.81615
1.81606
1.81596
1.81585
1.81573
1.81561
1.81548
1.81535
1.81521
1.81506
1.81491
1.81475
1.81458
1.81441
1.81423
1.81404
1.81385
1.81366
1.81346
1.81325
1.81304
1.81282
1.8126
1.81237
1.81214
1.8119
1.81166
1.81142
1.81117
1.81092
1.81066
1.8104
1.81013
1.80986
1.80959
1.80932
1.80904
1.80876
1.80848
1.80819
1.8079
1.80761
1.80732
1.80703
1.80673
1.80644
1.80614
1.80584
1.80554
1.80524
1.80493
1.80463
1.80433
1.80403
1.80372
1.80342
1.80312
1.80282
1.80252
1.80222
1.80192
1.80163
1.80133
1.80104
1.80075
1.80046
1.80018
1.79989
1.79961
1.79934
1.79906
1.79879
1.79852
1.79826
1.798
1.79774
1.79749
1.79724
1.797
1.79676
1.79653
1.7963
1.79608
1.79586
1.79565
1.79545
1.79525
1.79505
1.79487
1.79469
1.79451
1.79434
1.79418
1.79403
1.79388
1.79374
1.7936
1.79348
1.79336
1.79325
1.79314
1.79305
1.79296
1.79288
1.7928
1.79274
1.79268
1.79263
1.79259
1.79256
1.79253
1.79251
1.7925
1.7925
1.79251
1.79252
1.79254
1.79257
1.79261
1.79266
1.79271
1.79277
1.79284
1.79292
1.793
1.79309
1.79319
1.7933
1.79341
1.79353
1.79366
1.79379
1.79393
1.79408
1.79423
1.79439
1.79456
1.79473
1.79491
1.79509
1.79528
1.79548
1.79568
1.79588
1.79609
1.79631
1.79653
1.79675
1.79698
1.79721
1.79745
1.79769
1.79794
1.79819
1.79844
1.79869
1.79895
1.79921
1.79948
1.79974
1.80001
1.80028
1.80055
1.80083
1.80111
1.80139
1.80167
1.80195
1.80223
1.80251
1.8028
1.80309
1.80337
1.80366
1.80395
1.80424
1.80452
1.80481
1.8051
1.80539
1.80568
1.80597
1.80625
1.80654
1.80683
1.80711
1.8074
1.80768
1.80797
1.80825
1.80853
1.80881
1.80909
1.80937
1.80965
1.80993
1.8102
1.81047
1.81075
1.81102
1.81128
1.81155
1.81182
1.81208
1.81234
1.8126
1.81286
1.81312
1.81337
1.81363
1.81388
1.81413
1.81438
1.81462
1.81487
1.81511
1.81535
1.81558
1.81582
1.81605
1.81629
1.81652
1.81674
1.81697
1.81719
1.81741
1.81763
1.81785
1.81806
1.81828
1.81849
1.81869
1.8189
1.8191
1.81931
1.81951
1.8197
1.8199
1.82009
1.82028
1.82047
1.82066
1.82084
1.82102
1.8212
1.82138
1.82155
1.82172
1.82189
1.82206
1.82222
1.82238
1.82254
1.8227
1.82285
1.823
1.82315
1.8233
1.82344
1.82358
1.82372
1.82385
1.82399
1.82411
1.82424
1.82436
1.82448
1.8246
1.82471
1.82482
1.82493
1.82503
1.82513
1.82523
1.82532
1.82541
1.8255
1.82558
1.82566
1.82574
1.82581
1.82587
1.82594
1.826
1.82605
1.8261
1.82615
1.82619
1.82623
1.82626
1.82629
1.82631
1.82633
1.82635
1.82636
1.82636
1.82636
1.82635
1.82634
1.82633
1.8263
1.82628
1.82624
1.8262
1.82616
1.82611
1.82605
1.82599
1.82592
1.82585
1.82577
1.82568
1.82559
1.82549
1.82538
1.82527
1.82515
1.82502
1.82489
1.82475
1.8246
1.82445
1.82429
1.82412
1.82394
1.82376
1.82357
1.82337
1.82317
1.82296
1.82274
1.82251
1.82228
1.82204
1.82179
1.82154
1.82127
1.821
1.82073
1.82044
1.82015
1.81985
1.81955
1.81923
1.81891
1.81859
1.81825
1.81791
1.81756
1.81721
1.81685
1.81648
1.81611
1.81573
1.81535
1.81495
1.81456
1.81415
1.81375
1.81333
1.81291
1.81249
1.81206
1.81163
1.81119
1.81075
1.81031
1.80986
1.8094
1.80895
1.80849
1.80803
1.80756
1.80709
1.80662
1.80615
1.80568
1.8052
1.80472
1.80424
1.80376
1.80328
1.8028
1.80231
1.80183
1.80134
1.80086
1.80038
1.79989
1.79941
1.79892
1.79844
1.79795
1.79747
1.79699
1.7965
1.79602
1.79554
1.79506
1.79458
1.7941
1.79363
1.79315
1.79267
1.79219
1.79172
1.79124
1.79077
1.79029
1.78982
1.78934
1.78887
1.78839
1.78792
1.78744
1.78696
1.78648
1.78601
1.78553
1.78504
1.78456
1.78408
1.78359
1.78311
1.78262
1.78213
1.78164
1.78114
1.78065
1.78015
1.77965
1.77915
1.77865
1.77815
1.77764
1.77713
1.77662
1.77611
1.7756
1.77509
1.77458
1.77407
1.77356
1.77305
1.77254
1.77203
1.77152
1.77102
1.77052
1.77002
1.76952
1.76903
1.76855
1.76807
1.76759
1.76713
1.76667
1.76621
1.76577
1.76534
