1.17153
1.17175
1.17196
1.17217
1.17239
1.1726
1.17281
1.17302
1.17323
1.17344
1.17365
1.17386
1.17406
1.17427
1.17447
1.17467
1.17487
1.17507
1.17527
1.17546
1.17566
1.17585
1.17604
1.17623
1.17642
1.17661
1.1768
1.17699
1.17717
1.17736
1.17754
1.17773
1.17791
1.1781
1.17828
1.17846
1.17865
1.17883
1.17901
1.1792
1.17938
1.17956
1.17975
1.17993
1.18012
1.1803
1.18049
1.18068
1.18087
1.18105
1.18124
1.18143
1.18162
1.18182
1.18201
1.1822
1.1824
1.18259
1.18279
1.18299
1.18319
1.18338
1.18358
1.18378
1.18398
1.18418
1.18439
1.18459
1.18479
1.18499
1.18519
1.1854
1.1856
1.1858
1.186
1.1862
1.1864
1.1866
1.1868
1.187
1.1872
1.18739
1.18758
1.18778
1.18797
1.18815
1.18834
1.18852
1.18871
1.18889
1.18906
1.18924
1.18941
1.18957
1.18974
1.1899
1.19006
1.19021
1.19036
1.1905
1.19065
1.19078
1.19092
1.19104
1.19117
1.19128
1.1914
1.19151
1.19161
1.19171
1.1918
1.19189
1.19197
1.19204
1.19211
1.19217
1.19223
1.19228
1.19233
1.19236
1.1924
1.19242
1.19244
1.19245
1.19246
1.19245
1.19244
1.19243
1.19241
1.19238
1.19234
1.1923
1.19224
1.19219
1.19212
1.19205
1.19197
1.19188
1.19178
1.19168
1.19157
1.19146
1.19133
1.1912
1.19106
1.19092
1.19076
1.1906
1.19043
1.19026
1.19008
1.18989
1.18969
1.18949
1.18928
1.18907
1.18884
1.18861
1.18838
1.18814
1.18789
1.18763
1.18737
1.18711
1.18683
1.18656
1.18627
1.18598
1.18569
1.18539
1.18509
1.18478
1.18446
1.18414
1.18382
1.1835
1.18317
1.18283
1.1825
1.18215
1.18181
1.18147
1.18112
1.18077
1.18041
1.18006
1.1797
1.17934
1.17898
1.17862
1.17826
1.1779
1.17754
1.17718
1.17682
1.17646
1.1761
1.17574
1.17538
1.17503
1.17467
1.17432
1.17397
1.17362
1.17328
1.17294
1.1726
1.17226
1.17193
1.1716
1.17128
1.17096
1.17064
1.17033
1.17002
1.16971
1.16941
1.16912
1.16883
1.16854
1.16826
1.16799
1.16772
1.16745
1.16719
1.16693
1.16668
1.16643
1.16618
1.16594
1.16571
1.16548
1.16525
1.16502
1.1648
1.16459
1.16437
1.16416
1.16395
1.16374
1.16353
1.16333
1.16312
1.16292
1.16272
1.16251
1.16231
1.1621
1.1619
1.16169
1.16148
1.16127
1.16105
1.16084
1.16061
1.16039
1.16016
1.15992
1.15968
1.15944
1.15919
1.15893
1.15866
1.15839
1.15811
1.15783
1.15754
1.15724
1.15693
1.15662
1.15629
1.15596
1.15563
1.15528
1.15493
1.15457
1.1542
1.15383
1.15346
1.15307
1.15268
1.15229
1.1519
1.1515
1.1511
1.1507
1.1503
1.1499
1.1495
1.14911
1.14872
1.14834
1.14796
1.14759
1.14723
1.14689
1.14655
1.14623
1.14593
1.14564
1.14537
1.14512
1.14489
1.14468
1.1445
1.14434
1.14421
1.14411
1.14404
1.144
1.14398
1.144
1.14405
1.14414
1.14426
1.14441
1.14459
1.14481
1.14507
1.14535
1.14567
1.14603
1.14642
1.14684
1.14729
1.14777
1.14828
1.14882
1.14938
1.14997
1.15059
1.15123
1.15189
1.15257
1.15327
1.15399
1.15472
1.15546
1.15622
1.15699
1.15776
1.15855
1.15934
1.16013
1.16092
1.16172
1.16252
1.16331
1.1641
1.16489
1.16567
1.16645
1.16721
1.16797
1.16872
1.16946
1.17019
1.17091
1.17161
1.1723
1.17298
1.17365
1.1743
1.17493
1.17556
1.17616
1.17676
1.17733
1.1779
1.17845
1.17898
1.1795
1.18
1.18049
1.18097
1.18143
1.18188
1.18231
1.18274
1.18315
1.18354
1.18393
1.1843
1.18467
1.18502
1.18536
1.18569
1.18601
1.18633
1.18663
1.18693
1.18722
1.1875
1.18777
1.18804
1.1883
1.18855
1.1888
1.18905
1.18928
1.18952
1.18975
1.18998
1.1902
1.19042
1.19064
1.19085
1.19106
1.19127
1.19148
1.19169
1.19189
1.19209
1.1923
1.1925
1.1927
1.1929
1.1931
1.1933
1.1935
1.1937
1.1939
1.1941
1.1943
1.1945
1.1947
1.1949
1.1951
1.19531
1.19551
1.19571
1.19592
1.19612
1.19633
1.19654
1.19674
1.19695
1.19716
1.19737
1.19758
1.19779
1.19801
1.19822
1.19843
1.19865
1.19886
1.19907
1.19929
1.19951
1.19972
1.19994
1.20015
1.20037
1.20059
1.2008
1.20102
1.20124
1.20145
1.20167
1.20188
1.2021
1.20231
1.20253
1.20274
1.20295
1.20316
1.20338
1.20359
1.20379
1.204
1.20421
1.20441
1.20462
1.20482
1.20502
1.20522
1.20542
1.20561
1.2058
1.206
1.20618
1.20637
1.20656
1.20674
1.20692
1.20709
1.20727
1.20744
1.20761
1.20777
1.20794
1.2081
1.20825
1.2084
1.20855
1.2087
1.20884
1.20898
1.20912
1.20925
1.20937
1.2095
1.20962
1.20973
1.20984
1.20995
1.21005
1.21015
1.21025
1.21034
1.21042
1.2105
1.21058
1.21065
1.21072
1.21078
1.21084
1.21089
1.21094
1.21098
1.21102
1.21106
1.21108
1.21111
1.21113
1.21114
1.21115
1.21116
1.21115
1.21115
1.21114
1.21112
1.2111
1.21108
1.21105
1.21101
1.21097
1.21093
1.21088
1.21083
1.21077
1.21071
1.21064
1.21057
1.21049
1.21041
1.21032
1.21023
1.21014
1.21004
1.20994
1.20983
1.20972
1.2096
1.20949
1.20936
1.20924
1.2091
1.20897
1.20883
1.20869
1.20855
1.2084
1.20825
1.20809
1.20794
1.20778
1.20761
1.20745
1.20728
1.20711
1.20693
1.20676
1.20658
1.2064
1.20621
1.20603
1.20584
1.20565
1.20546
1.20527
1.20508
1.20488
1.20469
1.20449
1.20429
1.20409
1.20389
1.20369
1.20349
1.20329
1.20309
1.20289
1.20268
1.20248
1.20228
1.20208
1.20188
1.20168
1.20148
1.20128
1.20109
1.20089
1.20069
1.2005
1.20031
1.20012
1.19993
1.19974
1.19956
1.19937
1.19919
1.19902
1.19884
1.19867
1.1985
1.19833
1.19816
1.198
1.19784
1.19769
1.19754
1.19739
1.19724
1.1971
1.19697
1.19683
1.1967
1.19658
1.19646
1.19634
1.19623
1.19612
1.19602
1.19592
1.19583
1.19574
1.19565
1.19557
1.1955
1.19543
1.19537
1.19531
1.19525
1.1952
1.19516
1.19512
1.19509
1.19506
1.19504
1.19502
1.19501
1.195
1.195
1.195
1.19501
1.19503
1.19505
1.19507
1.1951
1.19514
1.19518
1.19523
1.19528
1.19533
1.19539
1.19546
1.19553
1.19561
1.19569
1.19577
1.19586
1.19595
1.19605
1.19615
1.19626
1.19637
1.19649
1.19661
1.19673
1.19685
1.19698
1.19712
1.19725
1.1974
1.19754
1.19769
1.19784
1.19799
1.19814
1.1983
1.19846
1.19863
1.19879
1.19896
1.19913
1.1993
1.19947
1.19965
1.19983
1.20001
1.20019
1.20037
1.20055
1.20074
1.20092
1.20111
1.2013
1.20149
1.20168
1.20187
1.20206
1.20225
1.20244
1.20263
1.20282
1.20302
1.20321
1.2034
1.20359
1.20379
1.20398
1.20417
1.20436
1.20455
1.20474
1.20493
1.20512
1.20531
1.2055
1.20569
1.20588
1.20606
1.20625
1.20643
1.20662
1.2068
1.20698
1.20716
1.20734
1.20752
1.2077
1.20788
1.20805
1.20823
1.2084
1.20857
1.20875
1.20892
1.20909
1.20925
1.20942
1.20958
1.20975
1.20991
1.21007
1.21023
1.21039
1.21055
1.2107
1.21086
1.21101
1.21116
1.21131
1.21146
1.21161
1.21175
1.2119
1.21204
1.21218
1.21232
1.21246
1.2126
1.21274
1.21287
1.213
1.21314
1.21327
1.21339
1.21352
1.21365
1.21377
1.21389
1.21401
1.21413
1.21425
1.21437
1.21448
1.21459
1.2147
1.21481
1.21492
1.21503
1.21513
1.21523
1.21534
1.21543
1.21553
1.21563
1.21572
1.21581
1.2159
1.21599
1.21608
1.21616
1.21624
1.21632
1.2164
1.21648
1.21655
1.21662
1.21669
1.21676
1.21682
1.21688
1.21694
1.217
1.21706
1.21711
1.21716
1.2172
1.21725
1.21729
1.21733
1.21737
1.2174
1.21743
1.21746
1.21749
1.21751
1.21753
1.21754
1.21755
1.21756
1.21757
1.21757
1.21757
1.21757
1.21756
1.21755
1.21754
1.21752
1.21749
1.21747
1.21744
1.21741
1.21737
1.21733
1.21728
1.21723
1.21718
1.21712
1.21706
1.21699
1.21692
1.21684
1.21676
1.21668
1.21659
1.2165
1.2164
1.2163
1.21619
1.21608
1.21596
1.21584
1.21571
1.21558
1.21545
1.21531
1.21516
1.21501
1.21485
1.21469
1.21453
1.21436
1.21418
1.214
1.21382
1.21363
1.21343
1.21323
1.21303
1.21282
1.21261
1.21239
1.21217
1.21194
1.21171
1.21147
1.21123
1.21099
1.21074
1.21049
1.21023
1.20997
1.2097
1.20944
1.20916
1.20889
1.20861
1.20833
1.20804
1.20775
1.20746
1.20717
1.20687
1.20657
1.20627
1.20597
1.20566
1.20535
1.20504
1.20473
1.20442
1.2041
1.20378
1.20347
1.20315
1.20283
1.20251
1.20219
1.20186
1.20154
1.20122
1.2009
1.20057
1.20025
1.19993
1.1996
1.19928
1.19896
1.19864
1.19831
1.19799
1.19767
1.19735
1.19703
1.19671
1.19639
1.19607
1.19575
1.19543
1.19511
1.1948
1.19448
1.19416
1.19384
1.19353
1.19321
1.19289
1.19258
1.19226
1.19194
1.19163
1.19131
1.19099
1.19067
1.19035
1.19003
1.18971
1.18939
1.18906
1.18874
1.18841
1.18809
1.18776
1.18743
1.1871
1.18677
1.18644
1.1861
1.18577
1.18543
1.18509
1.18476
1.18442
1.18408
1.18374
1.1834
1.18305
1.18271
1.18237
1.18203
1.18169
1.18135
1.18101
1.18068
1.18034
1.18001
1.17968
1.17935
1.17903
1.17871
1.17839
1.17808
1.17778
1.17748
1.17718
1.17689
