0.0480887
0.048055
0.0480216
0.0479885
0.0479558
0.0479232
0.0478909
0.047859
0.0478282
0.0477978
0.0477681
0.0477391
0.0477105
0.0476823
0.047655
0.0476283
0.0476025
0.0475774
0.0475529
0.0475288
0.0475054
0.0474827
0.0474606
0.0474393
0.0474182
0.0473979
0.0473783
0.0473592
0.0473404
0.0473226
0.0473052
0.047288
0.0472715
0.0472555
0.0472397
0.0472248
0.0472101
0.0471957
0.0471818
0.0471681
0.0471548
0.0471421
0.0471292
0.047117
0.0471046
0.0470928
0.0470811
0.0470698
0.0470586
0.0470479
0.0470372
0.0470269
0.0470171
0.047007
0.0469973
0.0469877
0.0469781
0.0469691
0.04696
0.0469515
0.0469431
0.0469351
0.0469273
0.0469198
0.0469127
0.046906
0.0468997
0.0468939
0.0468885
0.0468836
0.0468792
0.0468754
0.046872
0.0468694
0.0468673
0.0468664
0.046866
0.0468666
0.0468677
0.0468698
0.0468729
0.0468772
0.0468823
0.0468884
0.0468957
0.0469044
0.046914
0.046925
0.046937
0.0469506
0.0469658
0.0469823
0.0470005
0.0470201
0.0470412
0.0470637
0.0470882
0.0471145
0.0471427
0.0471725
0.047204
0.0472377
0.0472735
0.0473111
0.0473508
0.0473925
0.0474364
0.0474822
0.0475304
0.0475809
0.0476339
0.0476892
0.0477466
0.0478063
0.0478685
0.0479331
0.0480002
0.0480697
0.0481418
0.0482164
0.0482935
0.0483733
0.0484554
0.0485401
0.0486275
0.0487182
0.0488109
0.0489065
0.0490048
0.0491058
0.0492095
0.049316
0.0494252
0.0495371
0.0496517
0.0497693
0.0498897
0.0500128
0.0501384
0.0502667
0.0503978
0.0505316
0.050668
0.0508072
0.0509488
0.0510933
0.0512405
0.0513901
0.0515422
0.0516972
0.0518548
0.0520149
0.0521775
0.0523429
0.0525104
0.0526804
0.0528528
0.0530275
0.0532045
0.0533838
0.0535654
0.0537493
0.0539352
0.0541232
0.0543132
0.0545052
0.0546991
0.0548949
0.0550925
0.055292
0.0554933
0.0556961
0.0559004
0.0561062
0.0563135
0.0565222
0.0567322
0.0569431
0.0571555
0.0573689
0.0575833
0.0577987
0.0580149
0.0582321
0.05845
0.0586685
0.0588875
0.0591065
0.059326
0.0595458
0.0597658
0.0599861
0.0602062
0.0604262
0.0606458
0.0608656
0.0610848
0.0613034
0.0615214
0.0617389
0.0619559
0.0621724
0.0623876
0.0626024
0.0628161
0.0630281
0.0632395
0.0634494
0.0636583
0.0638658
0.0640715
0.0642762
0.0644792
0.0646806
0.0648807
0.0650794
0.0652761
0.0654716
0.0656649
0.0658564
0.0660462
0.0662341
0.0664202
0.0666043
0.0667869
0.0669676
0.0671464
0.0673229
0.0674979
0.0676714
0.0678432
0.0680132
0.0681814
0.0683482
0.0685132
0.0686774
0.0688395
0.0690004
0.06916
0.0693181
0.0694751
0.0696312
0.0697863
0.0699406
0.0700942
0.0702469
0.0703989
0.0705504
0.0707018
0.0708525
0.0710028
0.071153
0.0713033
0.0714538
0.0716046
0.0717555
0.0719067
0.0720584
0.0722103
0.0723634
0.0725171
0.0726713
0.0728264
0.0729828
0.0731397
0.0732973
0.0734561
0.0736161
0.0737769
0.0739385
0.0741013
0.0742653
0.07443
0.0745955
0.0747618
0.0749287
0.0750962
0.0752644
0.0754324
0.0756008
0.0757691
0.0759372
0.0761048
0.0762717
0.0764378
0.0766025
0.0767657
0.0769273
0.0770864
0.0772431
0.0773969
0.0775475
0.0776948
0.077838
0.0779768
0.0781105
0.0782393
0.0783619
0.0784787
0.0785892
0.0786928
0.0787886
0.0788769
0.0789568
0.0790284
0.0790911
0.079144
0.0791886
0.0792225
0.0792463
0.0792596
0.079262
0.0792537
0.0792344
0.0792042
0.0791625
0.0791094
0.0790448
0.0789693
0.078882
0.0787837
0.0786743
0.0785541
0.0784231
0.0782816
0.0781296
0.077968
0.0777965
0.0776157
0.0774263
0.0772283
0.0770226
0.0768089
0.0765881
0.0763605
0.0761267
0.0758873
0.0756424
0.0753926
0.0751386
0.0748807
0.0746197
0.0743555
0.074089
0.0738206
0.0735503
0.0732791
0.0730069
0.0727347
0.0724628
0.0721911
0.0719199
0.0716501
0.0713816
0.0711146
0.0708498
0.0705874
0.0703274
0.0700697
0.0698151
0.0695633
0.0693143
0.0690687
0.0688266
0.0685881
0.0683528
0.0681212
0.0678932
0.0676688
0.0674484
0.0672314
0.0670181
0.0668085
0.0666022
0.0663993
0.0662005
0.0660051
0.065813
0.0656245
0.0654392
0.0652572
0.0650783
0.0649025
0.0647296
0.0645596
0.0643921
0.0642277
0.0640657
0.0639061
0.0637488
0.0635939
0.063441
0.06329
0.0631411
0.0629941
0.0628488
0.0627054
0.0625633
0.0624229
0.0622836
0.0621455
0.0620089
0.0618731
0.0617381
0.0616043
0.0614711
0.0613389
0.0612074
0.0610766
0.0609463
0.0608166
0.0606873
0.0605584
0.0604299
0.0603017
0.0601738
0.0600461
0.0599188
0.0597914
0.0596644
0.0595372
0.0594103
0.0592828
0.0591557
0.0590284
0.0589016
0.0587745
0.0586478
0.0585206
0.0583936
0.0582662
0.0581388
0.0580111
0.0578836
0.057756
0.0576284
0.0575006
0.0573729
0.0572451
0.0571173
0.0569894
0.0568616
0.056734
0.0566066
0.0564789
0.0563512
0.0562235
0.056096
0.0559686
0.0558416
0.0557142
0.0555871
0.0554603
0.0553336
0.0552074
0.0550814
0.0549558
0.0548305
0.0547053
0.0545808
0.0544566
0.0543327
0.0542095
0.0540868
0.0539646
0.053843
0.053722
0.0536016
0.0534819
0.0533629
0.0532446
0.0531268
0.05301
0.0528945
0.0527796
0.0526654
0.0525523
0.0524395
0.0523281
0.0522179
0.0521083
0.0519996
0.0518924
0.0517864
0.0516816
0.051578
0.0514758
0.0513744
0.0512746
0.0511761
0.0510789
0.0509834
0.0508893
0.0507962
0.050705
0.0506146
0.0505263
0.0504394
0.0503542
0.0502706
0.0501889
0.0501085
0.0500299
0.0499532
0.049878
0.0498046
0.0497331
0.0496633
0.0495952
0.0495287
0.0494643
0.0494018
0.0493411
0.0492821
0.0492255
0.0491708
0.0491178
0.0490667
0.0490176
0.0489702
0.0489248
0.0488818
0.0488405
0.0488015
0.0487642
0.0487289
0.0486956
0.048664
0.0486347
0.0486071
0.0485818
0.0485586
0.0485372
0.0485178
0.0485003
0.048485
0.0484714
0.0484596
0.0484498
0.0484423
0.0484364
0.0484324
0.0484302
0.0484297
0.0484313
0.0484349
0.0484401
0.0484471
0.0484561
0.0484665
0.0484788
0.0484927
0.0485083
0.0485255
0.0485444
0.0485649
0.0485867
0.0486103
0.0486352
0.0486618
0.0486899
0.0487195
0.0487504
0.0487829
0.0488166
0.048852
0.0488882
0.0489259
0.0489649
0.0490047
0.0490457
0.0490878
0.0491311
0.0491753
0.0492207
0.0492665
0.0493136
0.0493614
0.0494101
0.0494596
0.0495099
0.0495609
0.0496125
0.0496647
0.0497176
0.0497712
0.0498251
0.0498794
0.0499344
0.0499895
0.0500447
0.0501006
0.0501566
0.0502125
0.0502688
0.0503251
0.0503818
0.0504383
0.0504947
0.0505508
0.0506073
0.0506633
0.0507192
0.0507745
0.05083
0.0508852
0.0509399
0.0509938
0.0510479
0.0511007
0.0511532
0.0512051
0.0512564
0.0513069
0.051357
0.051406
0.0514542
0.0515017
0.0515484
0.0515938
0.0516383
0.051682
0.0517244
0.0517657
0.0518061
0.0518448
0.0518823
0.0519191
0.0519544
0.0519883
0.0520207
0.0520519
0.0520817
0.0521102
0.0521371
0.0521626
0.0521868
0.0522093
0.0522304
0.05225
0.052268
0.0522842
0.052299
0.0523121
0.0523231
0.0523324
0.0523406
0.0523471
0.0523516
0.0523545
0.0523554
0.052355
0.0523525
0.0523486
0.0523429
0.0523357
0.0523264
0.0523157
0.052303
0.0522891
0.0522735
0.052256
0.0522372
0.0522164
0.0521941
0.0521702
0.0521446
0.0521176
0.0520889
0.0520588
0.052027
0.0519939
0.0519593
0.0519234
0.051886
0.0518473
0.0518075
0.0517662
0.0517241
0.0516802
0.0516352
0.0515889
0.0515416
0.0514931
0.0514435
0.051393
0.0513411
0.0512883
0.0512346
0.0511802
0.0511247
0.0510687
0.0510118
0.0509544
0.0508961
0.0508369
0.0507773
0.050717
0.050656
0.0505947
0.0505329
0.0504708
0.0504081
0.0503441
0.0502807
0.0502169
0.0501529
0.0500883
0.0500238
0.0499591
0.0498943
0.0498293
0.0497645
0.0496991
0.0496344
0.0495693
0.0495041
0.0494393
0.0493743
0.0493094
0.0492447
0.0491801
0.0491159
0.0490517
0.048988
0.0489243
0.0488609
0.0487975
0.0487347
0.0486725
0.0486104
0.0485487
0.0484872
0.0484261
0.0483656
0.0483054
0.0482461
0.0481871
0.0481285
0.0480703
0.0480128
0.0479556
0.0478995
0.0478437
0.0477885
0.0477338
0.0476801
0.0476269
0.0475742
0.0475221
0.0474706
0.04742
0.0473697
0.0473202
0.0472715
0.0472234
0.0471761
0.0471292
0.0470836
0.0470382
0.046994
0.0469503
0.0469079
0.0468657
0.0468244
0.046784
0.0467442
0.0467049
0.0466667
0.0466293
0.0465927
0.0465569
0.046522
0.0464876
0.0464543
0.0464217
0.0463901
0.0463594
0.0463297
0.046301
0.0462727
0.0462452
0.0462189
0.0461935
0.046169
0.0461454
0.0461228
0.0461008
0.0460798
0.0460599
0.0460408
0.0460227
0.0460055
0.0459896
0.0459746
0.0459607
0.0459475
0.0459358
0.0459249
0.0459151
0.0459063
0.0458986
0.0458919
0.0458863
0.0458819
0.0458785
0.0458762
0.0458749
0.0458751
0.0458758
0.0458779
0.0458817
0.0458864
0.0458923
0.0458994
0.0459077
0.0459173
0.0459282
0.0459403
0.0459537
0.0459684
0.0459845
0.0460016
0.0460203
0.0460401
0.0460613
0.0460844
0.0461086
0.0461343
0.0461611
0.0461894
0.0462194
0.0462509
0.0462839
0.0463184
0.0463544
0.0463922
0.0464313
0.046472
0.0465143
0.0465582
0.0466037
0.0466509
0.0466999
0.0467502
0.0468023
0.0468562
0.0469117
0.046969
0.047028
0.0470885
0.0471511
0.0472154
0.0472814
0.0473493
0.047419
0.0474905
0.0475638
0.0476385
0.0477155
0.0477945
0.0478752
0.0479588
0.0480432
0.0481295
0.0482174
0.0483075
0.0483996
0.0484935
0.0485891
0.0486867
0.0487862
0.048887
0.0489904
0.0490955
0.0492024
0.0493111
0.0494217
0.0495339
0.0496483
0.0497646
0.0498824
0.0500019
0.0501232
0.0502463
0.0503712
0.0504977
0.0506262
0.0507562
0.0508875
0.0510209
0.0511554
0.0512914
0.0514289
0.0515683
0.0517086
0.0518504
0.0519934
0.0521378
0.0522835
0.0524303
0.0525781
0.0527273
0.0528776
0.053029
0.053181
0.0533343
0.0534885
0.0536436
0.0537997
0.053956
0.0541134
0.0542714
0.0544302
0.0545894
0.0547493
0.0549097
0.05507
0.0552307
0.0553922
0.055554
0.0557157
0.0558779
0.05604
0.0562025
0.0563647
0.056527
0.0566892
0.0568517
0.0570138
0.057176
0.0573379
0.0574996
0.0576608
0.0578221
0.0579833
0.0581446
0.058305
0.0584652
0.0586253
0.0587848
0.058944
0.0591029
0.0592619
0.0594201
0.059578
0.0597355
0.059893
0.0600501
0.0602066
0.0603628
0.060519
0.0606746
0.06083
0.060985
0.0611399
0.0612944
0.0614487
0.0616028
0.0617567
0.0619101
0.0620636
0.0622168
0.0623701
0.0625227
0.0626754
0.0628279
0.0629804
0.0631325
0.0632843
0.063436
0.0635873
0.0637384
0.0638891
0.0640395
0.0641896
0.0643399
0.064489
0.0646376
0.0647856
0.0649332
0.0650796
0.0652255
0.0653709
0.065515
0.0656582
0.0658
0.0659406
0.0660796
0.0662179
0.0663541
0.0664884
0.0666214
0.0667519
0.0668808
0.0670076
0.0671317
0.0672536
0.0673727
0.067489
