-0.331273
-0.331732
-0.332215
-0.332722
-0.333225
-0.333676
-0.333973
-0.334008
-0.333605
-0.332585
-0.330714
-0.32773
-0.323349
-0.317329
-0.309505
-0.30003
-0.289611
-0.279626
-0.272024
-0.268581
-0.269979
-0.275306
-0.282619
-0.289888
-0.295715
-0.299462
-0.301098
-0.300948
-0.29949
-0.297322
-0.29508
-0.29342
-0.292949
-0.294083
-0.296947
-0.301341
-0.306739
-0.31249
-0.317986
-0.322758
-0.326546
-0.329237
-0.330882
-0.331589
-0.331497
-0.330756
-0.329435
-0.327551
-0.325027
-0.321663
-0.317188
-0.311276
-0.303639
-0.294114
-0.28278
-0.2701
-0.257014
-0.244902
-0.235424
-0.230092
-0.229786
-0.234348
-0.242686
-0.25319
-0.264315
-0.274931
-0.284367
-0.29232
-0.298721
-0.303631
-0.30721
-0.30961
-0.310978
-0.311501
-0.311316
-0.310573
-0.309436
-0.308023
-0.306478
-0.30491
-0.303435
-0.302129
-0.301057
-0.300238
-0.299673
-0.299341
-0.299227
-0.299284
-0.29948
-0.299782
-0.300145
-0.300547
-0.300967
-0.301382
-0.30178
-0.302166
-0.302526
-0.302838
-0.303106
-0.30325
