1.4172
1.41721
1.41722
1.41723
1.41723
1.41723
1.41724
1.41724
1.41724
1.41724
1.41724
1.41724
1.41724
1.41724
1.41724
1.41725
1.41723
1.41723
1.41723
1.41724
1.41723
1.41723
1.41723
1.41723
1.41723
1.41724
1.41725
1.41725
1.41725
1.41725
1.41725
1.41726
1.41725
1.41725
1.41725
1.41725
1.41724
1.41724
1.41724
1.41724
1.41723
1.41724
1.41724
1.41724
1.41724
1.41723
1.41723
1.41724
1.41723
1.41723
1.41723
1.41723
1.41722
1.41722
1.41721
1.41721
1.41721
1.41721
1.41721
1.41721
1.41721
1.41722
1.41721
1.4172
1.4172
1.4172
1.4172
1.4172
1.4172
1.41721
1.41721
1.4172
1.41721
1.41719
1.41719
1.41719
1.41718
1.41717
1.41717
1.41717
1.41717
1.41717
1.41717
1.41717
1.41717
1.41718
1.41718
1.41719
1.41719
1.41719
1.41719
1.41719
1.41719
1.41718
1.41719
1.41718
1.41719
1.4172
1.4172
1.4172
