0.795608
0.797783
0.799934
0.802061
0.804161
0.806233
0.808277
0.810289
0.81227
0.814218
0.816132
0.818011
0.819854
0.821661
0.823431
0.825162
0.826855
0.828509
0.830124
0.8317
0.833235
0.834731
0.836186
0.8376
0.838972
0.840304
0.841594
0.842842
0.844049
0.845215
0.84634
0.847426
0.848472
0.849478
0.850445
0.851374
0.852266
0.853122
0.853942
0.854728
0.85548
0.856199
0.856888
0.857546
0.858174
0.858773
0.859344
0.859888
0.860407
0.860902
0.861373
0.861823
0.862251
0.86266
0.863047
0.863416
0.863767
0.8641
0.864418
0.864719
0.865005
0.865277
0.865534
0.865779
0.866009
0.866224
0.866425
0.866613
0.866785
0.866941
0.867083
0.867207
0.867313
0.867401
0.867469
0.867516
0.867542
0.867545
0.867523
0.867474
0.867397
0.867291
0.867152
0.86698
0.866771
0.866524
0.866235
0.865904
0.865528
0.865107
0.864637
0.864117
0.863545
0.862918
0.862233
0.861488
0.860681
0.859811
0.858876
0.857875
0.856805
0.855668
0.854462
0.853185
0.851836
0.850414
0.848921
0.847355
0.845716
0.844003
0.842216
0.840357
0.838426
0.836423
0.834352
0.832212
0.830007
0.827737
0.825405
0.823014
0.820566
0.818063
0.81551
0.812911
0.810269
0.807587
0.80487
0.802122
0.799349
0.796553
0.793739
0.790912
0.788077
0.78524
0.782405
0.779578
0.776764
0.773968
0.771196
0.768454
0.765746
0.763079
0.760458
0.757891
0.755379
0.752928
0.750543
0.748228
0.745988
0.743827
0.741749
0.73976
0.737863
0.736061
0.734359
0.732759
0.731266
0.729882
0.728609
0.727448
0.726402
0.725474
0.724664
0.723973
0.723402
0.722951
0.72262
0.722411
0.722321
0.72235
0.722498
0.722764
0.723146
0.723642
0.72425
0.724967
0.725793
0.726724
0.727758
0.728892
0.730122
0.731445
0.732856
0.734354
0.735934
0.737592
0.739325
0.741128
0.742998
0.74493
0.74692
0.748964
0.751057
0.753195
0.755373
0.757587
0.759832
0.762104
0.764398
0.766709
0.769034
0.771368
0.773708
0.776048
0.778385
0.780715
0.783034
0.78534
0.787628
0.789893
0.792132
0.794341
0.796518
0.798659
0.800762
0.802823
0.804839
0.806807
0.808726
0.810592
0.812404
0.814159
0.815856
0.817493
0.819069
0.820581
0.822028
0.823408
0.82472
0.825963
0.827135
0.828235
0.829264
0.83022
0.831103
0.831912
0.832649
0.833312
0.833902
0.834418
0.834862
0.835235
0.835537
0.835769
0.835931
0.836024
0.83605
0.836008
0.835901
0.835729
0.835496
0.835201
0.834848
0.834437
0.83397
0.833449
0.832876
0.832253
0.831582
0.830866
0.830109
0.829312
0.828476
0.827605
0.8267
0.825764
0.824801
0.823811
0.822798
0.821765
0.820712
0.819642
0.818557
0.817462
0.816356
0.815243
0.814124
0.813
0.811875
0.810749
0.809624
0.808501
0.807381
0.806266
0.805156
0.804054
0.802959
0.801873
0.800795
0.799725
0.798664
0.797612
0.796568
0.795533
0.794507
0.793489
0.792477
0.791473
0.790475
0.789484
0.788498
0.787518
0.786541
0.785569
0.7846
0.783634
0.782671
0.781709
0.780749
0.77979
0.778832
0.777873
0.776914
0.775954
0.774994
0.774032
0.773071
0.772109
0.771147
0.770185
0.769225
0.768265
0.767307
0.76635
0.765397
0.764447
0.763501
0.762559
0.761622
0.76069
0.759765
0.758847
0.757937
0.757036
0.756145
0.755266
0.754399
0.753544
0.752701
0.751872
0.751057
0.750256
0.74947
0.748699
0.747944
0.747205
0.746482
0.745777
0.74509
0.744421
0.743768
0.743134
0.742518
0.741919
0.741338
0.740776
0.740231
0.739704
0.739193
0.7387
0.738224
0.737766
0.737327
0.736904
0.736499
0.736112
0.735741
0.735388
0.735052
0.734733
0.734433
0.734151
0.733887
0.733642
0.733416
0.73321
0.733024
0.732859
0.732715
0.732593
0.732494
0.732418
0.732366
0.732338
0.732335
0.732358
0.732409
0.732488
0.732596
0.732734
0.732904
0.733106
0.73334
0.733608
0.73391
0.734247
0.73462
0.73503
0.735477
0.735961
0.736484
0.737046
0.737648
0.738289
0.738971
0.739694
0.740457
0.741259
0.7421
0.74298
0.743899
0.744855
0.745849
0.746879
0.747945
0.749047
0.750184
0.751354
0.752556
0.753789
0.755051
0.756342
0.757658
0.758998
0.760361
0.761744
0.763146
0.764564
0.765997
0.767443
0.768899
0.770365
0.771836
0.773313
0.774792
0.776271
0.777747
0.779219
0.780684
0.782141
0.783587
0.785019
0.786435
0.787831
0.789208
0.790563
0.791894
0.793198
0.794475
0.795721
0.796934
0.798112
0.799254
0.800358
0.801421
0.802442
0.80342
0.804353
0.80524
0.80608
0.80687
0.807609
0.808297
0.808933
0.809515
0.810043
0.810517
0.810935
0.811298
0.811604
0.811853
0.812046
0.812182
0.812262
0.812286
0.812256
0.812172
0.812032
0.811838
0.811591
0.811292
0.810941
0.810541
0.810092
0.809597
0.809056
0.808471
0.807845
0.80718
0.806477
0.805738
0.804965
0.80416
0.803326
0.802466
0.801581
0.800674
0.799746
0.798801
0.79784
0.796866
0.795881
0.794889
0.793891
0.79289
0.791888
0.790889
0.789893
0.788903
0.787923
0.786954
0.785999
0.785059
0.784136
0.783232
0.782351
0.781492
0.780657
0.779849
0.779069
0.778318
0.777598
0.776911
0.776258
0.77564
0.775058
0.774513
0.774007
0.773539
0.773112
0.772726
0.772382
0.772081
0.771823
0.771608
0.771437
0.771311
0.771229
0.771192
0.771199
0.77125
0.771346
0.771486
0.771671
0.771901
0.772175
0.772492
0.772852
0.773253
0.773695
0.774177
0.7747
0.775261
0.77586
0.776495
0.777165
0.777869
0.778605
0.779371
0.780167
0.780991
0.781842
0.782719
0.78362
0.784543
0.785488
0.78645
0.787431
0.788428
0.789439
0.790464
0.7915
0.792547
0.793602
0.794664
0.795732
0.796803
0.797877
0.798953
0.800028
0.801102
0.802175
0.803244
0.804308
0.805367
0.806418
0.807462
0.808498
0.809524
0.810541
0.811546
0.81254
0.813521
0.81449
0.815448
0.816391
0.817321
0.818237
0.81914
0.820029
0.820905
0.821766
0.822612
0.823445
0.824263
0.825068
0.825859
0.826638
0.827406
0.828164
0.828912
0.82965
0.830378
0.831097
0.831808
0.83251
0.833206
0.833893
0.834574
0.835248
0.835916
0.83658
0.83724
0.837896
0.838547
0.839195
0.839839
0.840479
0.841117
0.841753
0.842386
0.843017
0.843647
0.844275
0.844901
0.845524
0.846145
0.846764
0.84738
0.847992
0.8486
0.849204
0.849802
0.850395
0.850982
0.851562
0.852133
0.852695
0.853246
0.853785
0.854312
0.854825
0.855322
0.855804
0.856269
0.856718
0.85715
0.857561
0.857951
0.85832
0.858665
0.858986
0.859281
0.859549
0.85979
0.860004
0.860189
0.860344
0.860468
0.860561
0.860621
0.860649
0.860645
0.860608
0.860537
0.860433
0.860295
0.860124
0.859918
0.859678
0.859404
0.859094
0.858751
0.858374
0.857963
0.857519
0.857043
0.856534
0.855995
0.855425
0.854825
0.854195
0.853536
0.852849
0.852134
0.851393
0.850628
0.849839
0.849028
0.848197
0.847345
0.846475
0.845588
0.844683
0.843763
0.842829
0.841884
0.840928
0.839964
0.838991
0.838012
0.837029
0.836044
0.835057
0.83407
0.833084
0.832102
0.831125
0.830154
0.829192
0.828239
0.827297
0.826368
0.825453
0.824553
0.823671
0.822808
0.821964
0.821142
0.820342
0.819565
0.818814
0.818088
0.81739
0.816719
0.816077
0.815465
0.814881
0.814329
0.813809
0.81332
0.812863
0.812438
0.812046
0.811687
0.81136
0.811064
0.810799
0.810564
0.810359
0.810184
0.810038
0.809919
0.809826
0.809759
0.809715
0.809695
0.809696
0.809717
0.809757
0.809814
0.809886
0.809971
0.810068
0.810176
0.810292
0.810413
0.810538
0.810663
0.810788
0.810909
0.811024
0.811132
0.811231
0.811317
0.811391
0.811449
0.811491
0.811514
0.811515
0.811493
0.811446
0.811371
0.811268
0.811135
0.810971
0.810774
0.810543
0.810275
0.809972
0.80963
0.809251
0.808832
0.808375
0.807877
0.80734
0.806762
0.806143
0.805483
0.804783
0.804043
0.803262
0.802441
0.801582
0.800685
0.799751
0.79878
0.797774
0.796735
0.795663
0.794559
0.793426
0.792265
0.791077
0.789865
0.788631
0.787377
0.786104
0.784815
0.783511
0.782194
0.780866
0.779529
0.778185
0.776837
0.775487
0.774136
0.772786
0.77144
0.770099
0.768766
0.767441
0.766128
0.764828
0.763543
0.762274
0.761023
0.759791
0.758579
0.757389
0.756223
0.755081
0.753967
0.75288
0.751823
0.750794
0.749796
0.748831
0.747899
0.747001
0.746138
0.74531
0.744517
0.743763
0.743046
0.742366
0.741725
0.741123
0.74056
0.740037
0.739552
0.739107
0.738702
0.738337
0.738011
0.737726
0.737482
0.737277
0.737112
0.736988
0.736903
0.736857
0.73685
0.736882
0.736953
0.737061
0.737207
0.73739
0.737609
0.737864
0.738155
0.73848
0.738838
0.739229
0.739651
0.740105
0.740589
0.741104
0.741648
0.74222
0.742819
0.743446
0.744098
0.744776
0.745476
0.7462
0.746945
0.747711
0.748497
0.749303
0.750127
0.750967
0.751823
0.752695
0.753582
0.754482
0.755395
0.756319
0.757253
0.758197
0.75915
0.760112
0.76108
0.762055
0.763035
0.76402
0.765009
0.766
0.766994
0.767989
0.768983
0.769976
0.770968
0.771958
0.772945
0.773929
0.774909
0.775883
0.776852
0.777815
0.77877
0.779718
0.780658
0.781589
0.78251
0.783421
0.784322
0.785213
0.786093
0.78696
0.787815
0.788658
0.789487
0.790304
0.791106
0.791893
0.792667
0.793424
0.794166
0.794893
0.795604
0.796298
0.796976
0.797637
0.79828
0.798905
0.799512
0.800099
0.800668
0.801219
0.80175
0.802261
0.802751
0.803221
0.803669
0.804096
0.804502
0.804886
0.805247
0.805584
0.805898
0.806188
0.806455
0.806697
0.806915
0.807108
0.807275
0.807418
0.807535
0.807627
0.807694
0.807738
0.807755
0.807747
0.807713
0.807654
0.807568
0.807458
0.807323
0.807163
0.80698
0.806772
0.806542
0.806289
0.806013
0.805716
0.805399
0.805062
0.804704
0.804328
