1.19341
1.19667
1.1999
1.20309
1.20624
1.20935
1.21241
1.21543
1.21841
1.22133
1.2242
1.22702
1.22978
1.23249
1.23515
1.23774
1.24028
1.24276
1.24519
1.24755
1.24985
1.2521
1.25428
1.2564
1.25846
1.26046
1.26239
1.26426
1.26607
1.26782
1.26951
1.27114
1.27271
1.27422
1.27567
1.27706
1.2784
1.27968
1.28091
1.28209
1.28322
1.2843
1.28533
1.28632
1.28726
1.28816
1.28902
1.28983
1.29061
1.29135
1.29206
1.29273
1.29338
1.29399
1.29457
1.29512
1.29565
1.29615
1.29663
1.29708
1.29751
1.29792
1.2983
1.29867
1.29901
1.29934
1.29964
1.29992
1.30018
1.30041
1.30062
1.30081
1.30097
1.3011
1.3012
1.30127
1.30131
1.30132
1.30128
1.30121
1.3011
1.30094
1.30073
1.30047
1.30016
1.29979
1.29935
1.29886
1.29829
1.29766
1.29696
1.29618
1.29532
1.29438
1.29335
1.29223
1.29102
1.28972
1.28831
1.28681
1.28521
1.2835
1.28169
1.27978
1.27775
1.27562
1.27338
1.27103
1.26857
1.266
1.26332
1.26054
1.25764
1.25464
1.25153
1.24832
1.24501
1.24161
1.23811
1.23452
1.23085
1.22709
1.22327
1.21937
1.2154
1.21138
1.2073
1.20318
1.19902
1.19483
1.19061
1.18637
1.18212
1.17786
1.17361
1.16937
1.16515
1.16095
1.15679
1.15268
1.14862
1.14462
1.14069
1.13684
1.13307
1.12939
1.12581
1.12234
1.11898
1.11574
1.11262
1.10964
1.10679
1.10409
1.10154
1.09914
1.0969
1.09482
1.09291
1.09117
1.0896
1.08821
1.087
1.08596
1.0851
1.08443
1.08393
1.08362
1.08348
1.08353
1.08375
1.08415
1.08472
1.08546
1.08637
1.08745
1.08869
1.09009
1.09164
1.09334
1.09518
1.09717
1.09928
1.10153
1.1039
1.10639
1.10899
1.11169
1.1145
1.11739
1.12038
1.12345
1.12659
1.12979
1.13306
1.13638
1.13975
1.14316
1.1466
1.15006
1.15355
1.15705
1.16056
1.16407
1.16758
1.17107
1.17455
1.17801
1.18144
1.18484
1.1882
1.19151
1.19478
1.19799
1.20114
1.20423
1.20726
1.21021
1.21309
1.21589
1.21861
1.22124
1.22378
1.22624
1.2286
1.23087
1.23304
1.23511
1.23708
1.23894
1.2407
1.24235
1.2439
1.24533
1.24665
1.24787
1.24897
1.24997
1.25085
1.25163
1.25229
1.25285
1.25331
1.25365
1.2539
1.25404
1.25407
1.25401
1.25385
1.25359
1.25324
1.2528
1.25227
1.25166
1.25096
1.25017
1.24931
1.24838
1.24737
1.2463
1.24516
1.24397
1.24271
1.24141
1.24005
1.23865
1.2372
1.23572
1.2342
1.23265
1.23107
1.22946
1.22784
1.22619
1.22453
1.22286
1.22119
1.2195
1.21781
1.21612
1.21444
1.21275
1.21107
1.2094
1.20773
1.20608
1.20444
1.20281
1.20119
1.19959
1.198
1.19642
1.19485
1.1933
1.19176
1.19023
1.18872
1.18721
1.18571
1.18423
1.18275
1.18128
1.17981
1.17835
1.1769
1.17545
1.17401
1.17256
1.17112
1.16968
1.16825
1.16681
1.16537
1.16393
1.16249
1.16105
1.15961
1.15816
1.15672
1.15528
1.15384
1.1524
1.15096
1.14953
1.1481
1.14667
1.14525
1.14384
1.14243
1.14104
1.13965
1.13827
1.13691
1.13555
1.13422
1.1329
1.1316
1.13032
1.12905
1.12781
1.12659
1.12538
1.12421
1.12305
1.12192
1.12081
1.11972
1.11867
1.11763
1.11663
1.11565
1.1147
1.11378
1.11288
1.11201
1.11116
1.11035
1.10956
1.10879
1.10805
1.10734
1.10665
1.10599
1.10536
1.10475
1.10417
1.10361
1.10308
1.10258
1.1021
1.10165
1.10123
1.10083
1.10046
1.10012
1.09982
1.09954
1.09929
1.09907
1.09889
1.09874
1.09863
1.09855
1.09851
1.0985
1.09854
1.09861
1.09873
1.09889
1.0991
1.09936
1.09966
1.10001
1.10041
1.10086
1.10137
1.10193
1.10255
1.10322
1.10394
1.10473
1.10557
1.10647
1.10743
1.10846
1.10954
1.11069
1.11189
1.11315
1.11447
1.11585
1.11728
1.11877
1.12032
1.12192
1.12357
1.12528
1.12703
1.12883
1.13068
1.13258
1.13451
1.13649
1.1385
1.14054
1.14262
1.14472
1.14685
1.149
1.15116
1.15335
1.15555
1.15775
1.15997
1.16219
1.16441
1.16662
1.16883
1.17103
1.17321
1.17538
1.17753
1.17965
1.18175
1.18381
1.18584
1.18784
1.1898
1.19171
1.19358
1.1954
1.19717
1.19888
1.20054
1.20213
1.20366
1.20513
1.20653
1.20786
1.20912
1.2103
1.21141
1.21245
1.2134
1.21427
1.21506
1.21578
1.2164
1.21695
1.21741
1.21778
1.21807
1.21827
1.21839
1.21843
1.21838
1.21826
1.21805
1.21776
1.21739
1.21694
1.21641
1.21581
1.21514
1.2144
1.21358
1.21271
1.21177
1.21077
1.20972
1.20861
1.20745
1.20624
1.20499
1.2037
1.20237
1.20101
1.19962
1.1982
1.19676
1.1953
1.19382
1.19233
1.19084
1.18934
1.18783
1.18633
1.18484
1.18336
1.18188
1.18043
1.179
1.17759
1.1762
1.17485
1.17353
1.17224
1.17099
1.16977
1.1686
1.16748
1.1664
1.16537
1.16439
1.16346
1.16259
1.16177
1.16101
1.16031
1.15967
1.15909
1.15857
1.15812
1.15773
1.15741
1.15716
1.15697
1.15684
1.15679
1.1568
1.15688
1.15702
1.15723
1.15751
1.15785
1.15826
1.15874
1.15928
1.15988
1.16054
1.16127
1.16205
1.16289
1.16379
1.16474
1.16575
1.1668
1.16791
1.16906
1.17025
1.17149
1.17276
1.17408
1.17543
1.17682
1.17823
1.17968
1.18115
1.18264
1.18416
1.1857
1.18725
1.18882
1.1904
1.192
1.1936
1.1952
1.19682
1.19843
1.20004
1.20165
1.20326
1.20487
1.20646
1.20805
1.20963
1.21119
1.21275
1.21429
1.21581
1.21732
1.21881
1.22028
1.22174
1.22317
1.22459
1.22598
1.22736
1.22871
1.23004
1.23136
1.23265
1.23392
1.23517
1.23639
1.2376
1.23879
1.23996
1.24111
1.24225
1.24337
1.24447
1.24557
1.24665
1.24771
1.24877
1.24981
1.25084
1.25186
1.25287
1.25387
1.25487
1.25586
1.25684
1.25782
1.25879
1.25976
1.26072
1.26168
1.26263
1.26358
1.26453
1.26547
1.26641
1.26735
1.26829
1.26922
1.27015
1.27107
1.27199
1.2729
1.27381
1.2747
1.27559
1.27647
1.27734
1.2782
1.27904
1.27987
1.28068
1.28147
1.28224
1.28298
1.28371
1.2844
1.28508
1.28572
1.28634
1.28693
1.28748
1.288
1.28848
1.28892
1.28932
1.28969
1.29001
1.29028
1.29052
1.2907
1.29084
1.29093
1.29097
1.29097
1.29091
1.29081
1.29065
1.29044
1.29019
1.28988
1.28952
1.28911
1.28864
1.28813
1.28756
1.28694
1.28628
1.28556
1.2848
1.28399
1.28314
1.28224
1.28129
1.2803
1.27927
1.2782
1.27709
1.27594
1.27476
1.27354
1.2723
1.27102
1.26971
1.26838
1.26702
1.26564
1.26424
1.26283
1.26139
1.25995
1.25849
1.25702
1.25554
1.25407
1.25259
1.2511
1.24963
1.24815
1.24669
1.24523
1.24379
1.24236
1.24095
1.23955
1.23818
1.23683
1.23551
1.23421
1.23295
1.23171
1.23051
1.22935
1.22822
1.22713
1.22608
1.22508
1.22412
1.2232
1.22232
1.22149
1.22071
1.21998
1.21929
1.21866
1.21807
1.21753
1.21704
1.2166
1.2162
1.21585
1.21554
1.21528
1.21506
1.21488
1.21474
1.21464
1.21457
1.21454
1.21454
1.21458
1.21464
1.21472
1.21483
1.21496
1.2151
1.21526
1.21544
1.21562
1.21581
1.21599
1.21618
1.21636
1.21654
1.2167
1.21685
1.21698
1.21709
1.21717
1.21724
1.21727
1.21727
1.21724
1.21717
1.21706
1.2169
1.2167
1.21646
1.21616
1.21581
1.21541
1.21496
1.21445
1.21388
1.21325
1.21256
1.21182
1.21101
1.21014
1.20921
1.20822
1.20717
1.20606
1.20489
1.20366
1.20237
1.20103
1.19963
1.19817
1.19666
1.1951
1.19349
1.19184
1.19014
1.1884
1.18662
1.1848
1.18295
1.18107
1.17916
1.17722
1.17527
1.17329
1.1713
1.16929
1.16728
1.16526
1.16323
1.1612
1.15918
1.15716
1.15515
1.15315
1.15116
1.14919
1.14724
1.14531
1.14341
1.14153
1.13969
1.13787
1.13608
1.13433
1.13262
1.13095
1.12932
1.12773
1.12619
1.12469
1.12325
1.12185
1.1205
1.11921
1.11796
1.11678
1.11564
1.11457
1.11355
1.11259
1.11169
1.11084
1.11006
1.10933
1.10866
1.10805
1.10751
1.10702
1.10659
1.10622
1.10591
1.10567
1.10548
1.10535
1.10529
1.10528
1.10532
1.10543
1.10559
1.10581
1.10608
1.10641
1.1068
1.10723
1.10772
1.10826
1.10884
1.10948
1.11016
1.11088
1.11166
1.11247
1.11333
1.11423
1.11517
1.11615
1.11716
1.11821
1.1193
1.12042
1.12157
1.12275
1.12395
1.12519
1.12645
1.12774
1.12904
1.13037
1.13172
1.13309
1.13448
1.13588
1.1373
1.13873
1.14017
1.14162
1.14308
1.14455
1.14603
1.14751
1.149
1.15049
1.15198
1.15347
1.15496
1.15645
1.15794
1.15942
1.16089
1.16236
1.16383
1.16528
1.16672
1.16816
1.16958
1.17099
1.17238
1.17377
1.17513
1.17648
1.17782
1.17914
1.18044
1.18172
1.18299
1.18423
1.18546
1.18666
1.18784
1.189
1.19014
1.19125
1.19234
1.19341
1.19445
1.19546
1.19646
1.19742
1.19836
1.19927
1.20015
1.201
1.20183
1.20262
1.20339
1.20413
1.20483
1.2055
1.20614
1.20675
1.20733
1.20787
1.20838
1.20885
1.20928
1.20968
1.21005
1.21037
1.21066
1.21091
1.21113
1.2113
1.21144
1.21154
1.21161
1.21163
1.21162
1.21157
1.21148
1.21135
1.21119
1.21098
1.21075
1.21047
1.21016
1.20981
1.20943
1.20902
1.20857
1.2081
1.20759
1.20706
1.20649
