9.60386
9.58603
9.57118
9.55296
9.53633
9.5199
9.50366
9.48692
9.47181
9.45622
9.44086
9.42575
9.41159
9.39769
9.38405
9.36927
9.35548
9.34125
9.32872
9.31507
9.29959
9.28723
9.27376
9.26271
9.24985
9.23729
9.22645
9.21593
9.20712
9.19792
9.18761
9.17902
9.17073
9.16134
9.15225
9.14487
9.13707
9.12886
9.12163
9.11469
9.10873
9.10163
9.0948
9.08822
9.08331
9.07795
9.07354
9.06724
9.06259
9.05958
9.05396
9.05138
9.0483
9.04401
9.04134
9.03886
9.03516
9.03305
9.03042
9.03008
9.02639
9.02358
9.02235
9.0213
9.02041
9.01898
9.01914
9.01877
9.01857
9.01855
9.01801
9.01906
9.01961
9.01893
9.01917
9.01822
9.01677
9.01766
9.0188
9.02018
9.0197
9.02161
9.0238
9.02557
9.02836
9.03146
9.03489
9.03866
9.04278
9.04868
9.05425
9.0595
9.06303
9.0691
9.0763
9.08323
9.08991
9.09845
9.10746
9.11694
9.1255
9.13595
9.14618
9.15692
9.16886
9.17989
9.19495
9.20769
9.21953
9.23327
9.24821
9.26365
9.27956
9.29595
9.3135
9.32797
9.3443
9.36104
9.37819
9.39642
9.41503
9.43398
9.45536
9.47563
9.49617
9.51555
9.53514
9.5528
9.57484
9.5949
9.61504
9.63596
9.65619
9.67853
9.69871
9.72092
9.74161
9.76214
9.78319
9.8033
9.82386
9.84341
9.86192
9.88217
9.9006
9.91859
9.93611
9.95242
9.9689
9.98481
9.99871
10.0134
10.0274
10.0408
10.0542
10.0661
10.0787
10.0885
10.0996
10.1084
10.1172
10.123
10.128
10.1343
10.1391
10.1416
10.1439
10.1468
10.1482
10.148
10.1484
10.1494
10.1482
10.144
10.1398
10.1348
10.1297
10.1238
10.1173
10.1079
10.0999
10.092
10.0834
10.0742
10.063
10.0506
10.039
10.0255
10.0122
9.99981
9.98562
9.97103
9.95748
9.94359
9.92939
9.91562
9.90019
9.88524
9.87082
9.85553
9.8387
9.82247
9.80689
9.78985
9.77279
9.75364
9.73594
9.71901
9.70288
9.68687
9.67101
9.65532
9.63982
9.62384
9.6095
9.59472
9.58021
9.5653
9.55142
9.53716
9.52255
9.50901
9.49444
9.4831
9.47216
9.45952
9.44874
9.43769
9.42921
9.41979
9.41154
9.40095
9.39296
9.38617
9.37916
9.37195
9.36594
9.36043
9.35543
9.35233
9.34833
9.34764
9.34462
9.34209
9.33934
9.33777
9.33668
9.33606
9.3366
9.33759
9.33691
9.34018
9.34106
9.34234
9.34473
9.3468
9.34994
9.35345
9.35872
9.3629
9.36669
9.3722
9.37658
9.38193
9.38754
9.39409
9.40228
9.40855
9.41502
9.42095
9.42776
9.4347
9.44178
9.44897
9.45697
9.46434
9.4718
9.47931
9.48687
9.49377
9.50139
9.50833
9.5167
9.52506
9.53412
9.54035
9.54726
9.55697
9.56665
9.57347
9.58097
9.58914
9.59798
9.60608
9.61343
9.62145
9.62943
9.63739
9.6446
9.65108
9.65611
9.66394
9.67175
9.67742
9.68589
9.69364
9.69925
9.70767
9.71537
9.72165
9.72721
9.73418
9.74114
9.74879
9.75573
9.76266
9.76958
9.77649
9.78196
9.78884
9.79498
9.80039
9.80578
9.81042
9.81715
9.82454
9.83188
9.83847
9.84571
9.85218
9.85788
9.86492
9.87189
9.87806
9.88485
9.89296
9.90027
9.90606
9.91245
9.91801
9.92276
9.9288
9.9326
9.93698
9.94335
9.94817
9.95285
9.95528
9.95898
9.96183
9.96595
9.96993
9.97376
9.97744
9.9824
9.98508
9.98833
9.99072
9.99367
9.99648
9.99844
10.0038
10.0054
10.0084
10.0112
10.0138
10.0156
10.0172
10.0194
10.0215
10.0227
10.023
10.0246
10.0261
10.0259
10.0257
10.0259
10.026
10.0253
10.0257
10.0246
10.0226
10.0218
10.0209
10.0197
10.0198
10.0189
10.0158
10.0145
10.0137
10.0106
10.0073
10.0051
10.0027
9.9987
9.99724
9.99341
9.98862
9.98429
9.9804
9.97556
9.97186
9.96719
9.96155
9.95424
9.94878
9.94094
9.93354
9.9259
9.91799
9.91054
9.90285
9.89492
9.88604
9.87764
9.86831
9.86018
9.85113
9.8426
9.83387
9.82355
9.81377
9.80383
9.79305
9.78354
9.7725
9.76277
9.75224
9.74092
9.72954
9.72023
9.70946
9.69727
9.68719
9.67499
9.66423
9.65352
9.64356
9.63438
9.62247
9.61136
9.60108
9.59093
9.58022
9.57039
9.55932
9.55126
9.542
9.53367
9.52557
9.51773
9.50944
9.50142
9.49369
9.48485
9.47632
9.46882
9.46166
9.45695
9.45047
9.44435
9.4379
9.43394
9.43036
9.42576
9.42296
9.41844
9.41503
9.41343
9.41154
9.41005
9.40897
9.4083
9.40733
9.40606
9.40801
9.40895
9.40957
9.40988
9.41198
9.41516
9.4173
9.42051
9.42336
9.42866
9.43288
9.43813
9.44297
9.44951
9.45351
9.45919
9.46511
9.47197
9.47694
9.48211
9.48887
9.49581
9.50502
9.51225
9.5196
9.52635
9.53389
9.5415
9.54917
9.55758
9.56389
9.57231
9.58073
9.58841
9.59463
9.60149
9.60828
9.61426
9.62226
9.63014
9.63788
9.64407
9.6515
9.65735
9.66372
9.6706
9.67657
9.68303
9.68785
9.69455
9.69888
9.70296
9.70819
9.71316
9.71714
9.72225
9.72495
9.72736
9.73018
9.7327
9.7342
9.73681
9.73911
9.73898
9.73994
9.73989
9.74165
9.74167
9.74068
9.73938
9.74058
9.73937
9.73715
9.73463
9.73252
9.73083
9.72956
9.72659
9.72336
9.71915
9.7161
9.71139
9.70786
9.70338
9.69938
9.69517
9.69076
9.68615
9.68135
9.67425
9.6684
9.6624
9.65625
9.65067
9.64355
9.63844
9.6318
9.62578
9.61968
9.6135
9.60725
9.60095
9.5932
9.5854
9.57758
9.57045
9.5626
9.55475
9.54691
9.53978
9.53197
9.52631
9.51855
9.51226
9.50318
9.49697
9.49012
9.48403
9.48082
9.47415
9.46613
9.4589
9.45244
9.44747
9.43905
9.43211
9.42595
9.41988
9.41388
9.40796
9.40212
9.39494
9.38924
9.3829
9.37804
9.37324
9.36639
9.361
9.35498
9.34829
9.34378
9.34073
9.3356
9.33052
9.32548
9.31977
9.3141
9.30987
9.30496
9.30008
9.29453
9.28971
9.28491
9.27872
9.27468
9.26924
9.26595
9.26197
9.25801
9.25408
9.24805
9.24206
9.23821
9.23439
9.23061
9.22757
9.22105
9.21669
9.21097
9.20602
9.20113
9.19772
9.19438
9.19042
9.18655
9.18348
9.1798
9.17552
9.17207
9.16803
9.16411
9.16245
9.15881
9.15673
9.15551
9.15374
9.15144
9.15143
9.14949
9.14914
9.14828
9.14691
9.14503
9.14407
9.14332
9.14279
9.14106
9.14167
9.14109
9.14144
9.14202
9.14212
9.14457
9.14513
9.14592
9.14693
9.14959
9.15036
9.15206
9.15328
9.15542
9.15849
9.16318
9.16596
9.16895
9.17284
9.17693
9.18121
9.18567
9.18961
9.19371
9.19799
9.2017
9.2091
9.21381
9.21936
9.22645
9.23224
9.23813
9.24413
9.25021
9.25637
9.25978
9.26536
9.27169
9.27807
9.28377
9.2909
9.29732
9.30304
9.31016
9.31726
9.32291
9.32993
9.33689
9.34308
9.3499
9.35523
9.36046
9.3663
9.37202
9.37621
9.38097
9.3863
9.39077
9.3965
9.40348
9.40818
9.41269
9.41703
9.42118
9.42584
9.42961
9.43106
9.43583
9.43828
9.44124
9.44328
9.44722
9.44955
9.45238
9.4536
9.45461
9.45543
9.45746
9.45931
9.46027
9.46034
9.46095
9.4607
9.46099
9.45973
9.45974
9.45892
9.4601
9.45905
9.45791
9.45952
9.45893
9.45969
9.459
9.45757
9.45753
9.45608
9.45534
9.45463
9.45466
9.45475
9.45419
9.45442
9.45404
9.45305
9.45289
9.45286
9.45367
9.45394
9.45509
9.45571
9.45722
9.45965
9.46016
9.46089
9.46115
9.46234
9.46308
9.46547
9.46883
9.47174
9.47491
9.47905
9.48135
9.48603
9.49098
9.49408
9.49745
9.5018
9.50783
9.51341
9.52066
9.52604
9.53308
9.54036
9.54859
9.55491
9.56146
9.56891
9.57727
9.58512
9.59384
9.60272
9.61105
9.62094
9.63095
9.63895
9.64777
9.65596
9.66636
9.6754
9.68519
9.69291
9.70205
9.71192
9.71965
9.72949
9.73859
9.74765
9.75735
9.76558
9.77584
9.78389
9.79325
9.80179
9.81021
9.81778
9.82521
9.8339
9.84171
9.85006
9.85893
9.8662
9.87327
9.88014
9.88821
9.89465
9.89945
9.90614
9.9133
9.91952
9.92549
9.9305
9.93597
9.93977
9.9426
9.94799
9.95242
9.95588
9.95836
9.96128
9.96464
9.96702
9.96914
9.97098
9.97326
9.97668
9.97771
9.97848
9.97969
9.98064
9.98063
9.98035
9.97841
9.97833
9.9773
9.97744
9.97663
9.97559
9.97361
9.97069
9.96826
9.96562
9.96276
9.96111
9.95856
9.9551
9.95074
9.9455
9.94008
9.93801
9.93366
9.92916
9.92379
9.91758
9.91193
9.90685
9.90235
9.89703
9.8916
9.88535
9.88041
9.87327
9.86815
9.86154
9.85486
9.84811
9.8406
9.83374
9.82541
9.81775
9.81147
9.80516
9.80024
9.79459
9.78752
9.78186
9.7762
9.76914
9.7635
9.75647
9.75228
9.7453
9.73765
9.73003
9.72387
9.71987
9.71522
9.70922
9.70187
9.69669
9.69018
9.68374
9.67807
9.6739
9.66699
9.66016
9.65413
9.6496
9.64305
9.638
9.63165
9.6268
9.62206
9.61672
9.6122
9.60849
9.60348
9.59859
9.59382
9.58987
9.58604
9.58304
9.57946
9.57671
9.57339
9.5695
9.56644
9.56352
9.56143
9.55879
9.55558
9.55392
9.551
9.54752
9.5456
9.54383
9.54151
9.53935
9.53734
9.53619
9.5345
9.53438
9.53442
9.53321
9.53287
9.5327
9.5341
9.53495
9.53455
9.53432
9.53707
9.53716
9.53812
9.54065
9.54051
9.54194
9.54493
9.54596
9.54783
9.54844
9.55059
9.555
9.55742
9.55997
9.56334
9.56613
9.56832
