-6.66371
-6.66729
-6.66955
-6.67338
-6.67654
-6.67964
-6.68271
-6.68605
-6.6887
-6.69162
-6.69449
-6.69731
-6.69975
-6.70214
-6.70447
-6.70739
-6.70993
-6.71274
-6.71483
-6.71752
-6.72112
-6.72336
-6.72619
-6.72799
-6.7307
-6.73334
-6.73528
-6.73715
-6.73831
-6.73974
-6.74175
-6.74305
-6.7443
-6.74613
-6.74791
-6.74897
-6.75031
-6.75192
-6.75315
-6.75433
-6.75513
-6.75654
-6.75789
-6.7592
-6.75982
-6.76072
-6.76125
-6.76272
-6.7635
-6.76359
-6.76494
-6.76497
-6.76529
-6.76623
-6.76648
-6.76671
-6.76756
-6.76774
-6.76822
-6.7677
-6.76877
-6.76951
-6.76957
-6.76961
-6.76963
-6.76995
-6.76961
-6.76957
-6.7695
-6.76941
-6.76962
-6.76916
-6.769
-6.76945
-6.76955
-6.77027
-6.77128
-6.77129
-6.77125
-6.77118
-6.77204
-6.77188
-6.77167
-6.77174
-6.77143
-6.77105
-6.77062
-6.77012
-6.76956
-6.76828
-6.76725
-6.76648
-6.76659
-6.76565
-6.7643
-6.76318
-6.76229
-6.76067
-6.75894
-6.75711
-6.75583
-6.7538
-6.75199
-6.75008
-6.74773
-6.74592
-6.74239
-6.74004
-6.73823
-6.73566
-6.73266
-6.72954
-6.72632
-6.72299
-6.71924
-6.717
-6.71402
-6.71094
-6.70776
-6.70417
-6.7005
-6.69675
-6.69195
-6.68772
-6.68344
-6.67974
-6.67599
-6.67316
-6.66835
-6.66448
-6.66058
-6.65634
-6.65241
-6.64751
-6.64358
-6.63869
-6.63447
-6.63027
-6.62579
-6.62168
-6.61729
-6.61329
-6.60968
-6.60519
-6.60142
-6.59774
-6.59416
-6.59101
-6.58765
-6.58441
-6.58194
-6.57896
-6.57611
-6.57341
-6.57053
-6.56813
-6.56524
-6.56349
-6.56093
-6.55919
-6.5573
-6.55655
-6.55599
-6.55463
-6.55377
-6.55374
-6.55357
-6.55293
-6.5528
-6.55316
-6.55306
-6.55249
-6.55274
-6.55413
-6.55537
-6.55677
-6.55801
-6.5594
-6.56096
-6.56363
-6.56547
-6.56713
-6.56893
-6.57085
-6.57354
-6.57668
-6.57928
-6.58263
-6.58576
-6.58833
-6.59164
-6.59503
-6.59785
-6.60073
-6.60368
-6.60635
-6.60972
-6.6128
-6.6156
-6.61874
-6.62255
-6.62605
-6.62924
-6.63307
-6.6369
-6.64169
-6.64582
-6.6496
-6.65304
-6.65643
-6.65979
-6.66311
-6.66637
-6.66991
-6.67274
-6.67583
-6.67885
-6.68213
-6.68501
-6.68813
-6.6915
-6.69445
-6.69797
-6.7001
-6.70214
-6.70506
-6.70723
-6.70963
-6.71095
-6.71281
-6.71424
-6.71687
-6.71841
-6.71952
-6.72084
-6.72238
-6.72348
-6.72448
-6.72536
-6.72549
-6.72616
-6.72542
-6.72587
-6.72622
-6.72679
-6.72693
-6.72697
-6.7269
-6.72642
-6.72584
-6.72613
-6.72472
-6.72451
-6.72422
-6.72352
-6.72306
-6.7222
-6.72127
-6.71961
-6.71854
-6.71773
-6.71621
-6.71528
-6.71397
-6.71261
-6.71089
-6.70847
-6.70699
-6.70547
-6.70424
-6.70266
-6.70105
-6.69943
-6.69778
-6.6958
-6.69413
-6.69245
-6.69077
-6.68908
-6.68771
-6.68603
-6.68467
-6.68266
-6.68066
-6.67835
-6.67735
-6.67603
-6.67343
-6.67084
-6.66956
-6.66797
-6.66606
-6.66385
-6.66198
-6.66044
-6.65859
-6.65674
-6.65491
-6.65342
-6.65225
-6.65175
-6.64995
-6.64816
-6.64735
-6.64525
-6.64348
-6.64268
-6.64059
-6.63883
-6.63771
-6.63692
-6.63549
-6.63405
-6.63228
-6.63084
-6.6294
-6.62796
-6.62652
-6.62572
-6.62428
-6.62316
-6.62237
-6.62158
-6.62112
-6.61969
-6.61794
-6.6162
-6.61478
-6.61305
-6.61166
-6.61059
-6.60889
-6.6072
-6.60585
-6.60419
-6.6019
-6.59995
-6.59867
-6.59708
-6.59584
-6.59494
-6.59341
-6.59288
-6.59205
-6.59027
-6.58916
-6.58808
-6.58799
-6.58728
-6.58693
-6.58595
-6.585
-6.58407
-6.58317
-6.58165
-6.58113
-6.58032
-6.57985
-6.57908
-6.57834
-6.57795
-6.57597
-6.57564
-6.57468
-6.57375
-6.57284
-6.57229
-6.57176
-6.57093
-6.57013
-6.56968
-6.56958
-6.56886
-6.56817
-6.56815
-6.56817
-6.56789
-6.56764
-6.56775
-6.56724
-6.56741
-6.56795
-6.56787
-6.56783
-6.56782
-6.56721
-6.56696
-6.56773
-6.56757
-6.56713
-6.56771
-6.56833
-6.56836
-6.56844
-6.56921
-6.56875
-6.56931
-6.57025
-6.57092
-6.57132
-6.5721
-6.5723
-6.57288
-6.57384
-6.57551
-6.57627
-6.57806
-6.57959
-6.58117
-6.58282
-6.5842
-6.58563
-6.58712
-6.58899
-6.59059
-6.59257
-6.59395
-6.5957
-6.59718
-6.59871
-6.60093
-6.60286
-6.60484
-6.60717
-6.60889
-6.61129
-6.61307
-6.6152
-6.61767
-6.62016
-6.6217
-6.6239
-6.62675
-6.62864
-6.63151
-6.63373
-6.63594
-6.63783
-6.63938
-6.64221
-6.64471
-6.64685
-6.64898
-6.6514
-6.65346
-6.65614
-6.65749
-6.65945
-6.66104
-6.66258
-6.66408
-6.66585
-6.66756
-6.66921
-6.67146
-6.67364
-6.67543
-6.67715
-6.67783
-6.67942
-6.68093
-6.68268
-6.68339
-6.68402
-6.68522
-6.68569
-6.68704
-6.688
-6.68822
-6.68868
-6.68905
-6.68934
-6.68954
-6.68999
-6.69067
-6.68998
-6.68985
-6.68996
-6.69032
-6.68995
-6.68918
-6.68898
-6.68838
-6.68803
-6.68664
-6.68582
-6.68462
-6.68368
-6.68204
-6.68163
-6.68052
-6.67936
-6.67783
-6.67723
-6.67658
-6.67526
-6.6739
-6.67153
-6.67011
-6.66867
-6.66753
-6.66606
-6.66457
-6.66307
-6.66125
-6.66039
-6.65857
-6.65675
-6.65527
-6.65444
-6.65331
-6.6522
-6.65144
-6.64973
-6.64805
-6.64641
-6.64544
-6.64387
-6.64298
-6.64181
-6.64036
-6.63928
-6.63792
-6.63727
-6.63569
-6.63514
-6.63465
-6.63357
-6.63254
-6.6319
-6.63067
-6.63048
-6.63035
-6.62997
-6.62964
-6.62971
-6.6292
-6.62875
-6.62934
-6.62935
-6.62975
-6.62925
-6.62946
-6.63006
-6.63073
-6.63017
-6.63065
-6.63151
-6.63243
-6.6331
-6.6335
-6.63363
-6.63448
-6.63538
-6.63665
-6.63733
-6.63871
-6.63949
-6.64064
-6.64151
-6.64243
-6.64338
-6.64437
-6.6454
-6.64743
-6.64885
-6.65029
-6.65176
-6.65293
-6.65477
-6.65566
-6.65722
-6.65846
-6.65972
-6.66099
-6.66227
-6.66355
-6.66549
-6.66743
-6.66936
-6.67098
-6.67291
-6.67484
-6.67676
-6.67834
-6.68025
-6.68116
-6.68304
-6.68426
-6.68675
-6.68794
-6.68943
-6.69058
-6.69041
-6.69185
-6.69391
-6.69563
-6.697
-6.69771
-6.70001
-6.70165
-6.70294
-6.70421
-6.70546
-6.70669
-6.7079
-6.70973
-6.7109
-6.71237
-6.71319
-6.71399
-6.71574
-6.71683
-6.71824
-6.71995
-6.72068
-6.72075
-6.72178
-6.7228
-6.72381
-6.72514
-6.72646
-6.72713
-6.72811
-6.72909
-6.73038
-6.73135
-6.73231
-6.73391
-6.73454
-6.73582
-6.73612
-6.73674
-6.73735
-6.73797
-6.73955
-6.74113
-6.74174
-6.74234
-6.74293
-6.7432
-6.74507
-6.74597
-6.74751
-6.74871
-6.74991
-6.75044
-6.75096
-6.75179
-6.75259
-6.75306
-6.75383
-6.7549
-6.75562
-6.75664
-6.75764
-6.75764
-6.75858
-6.75884
-6.75875
-6.75894
-6.75942
-6.7589
-6.7593
-6.75901
-6.75901
-6.75929
-6.75984
-6.76003
-6.76017
-6.76026
-6.76095
-6.76062
-6.76089
-6.76078
-6.76062
-6.76074
-6.75984
-6.75985
-6.75981
-6.75973
-6.75894
-6.75907
-6.75883
-6.75886
-6.75852
-6.7578
-6.75639
-6.75591
-6.75538
-6.75448
-6.75353
-6.75254
-6.75151
-6.75076
-6.74998
-6.74915
-6.74862
-6.74643
-6.74551
-6.74423
-6.74228
-6.74094
-6.73959
-6.73821
-6.73681
-6.73539
-6.73525
-6.73413
-6.73267
-6.7312
-6.73005
-6.72825
-6.72677
-6.72561
-6.72381
-6.72201
-6.72087
-6.71909
-6.71732
-6.71589
-6.71416
-6.71308
-6.71204
-6.71069
-6.70936
-6.70871
-6.70777
-6.70654
-6.70566
-6.70417
-6.70207
-6.70099
-6.69994
-6.69893
-6.69797
-6.69673
-6.69585
-6.69599
-6.69457
-6.69416
-6.69347
-6.69316
-6.69192
-6.69138
-6.69057
-6.69045
-6.69037
-6.69035
-6.68972
-6.68913
-6.68891
-6.68906
-6.68892
-6.68914
-6.68907
-6.68969
-6.68969
-6.69005
-6.68946
-6.68987
-6.6903
-6.68946
-6.6896
-6.68912
-6.68929
-6.6898
-6.68966
-6.69017
-6.69036
-6.69054
-6.69039
-6.69023
-6.69038
-6.69018
-6.69029
-6.69071
-6.69077
-6.6908
-6.69048
-6.69045
-6.69005
-6.68994
-6.68946
-6.68862
-6.68869
-6.68872
-6.68902
-6.68895
-6.68914
-6.68863
-6.68773
-6.68711
-6.68642
-6.68535
-6.68519
-6.684
-6.68275
-6.68241
-6.68201
-6.68122
-6.67972
-6.67849
-6.67656
-6.67553
-6.67381
-6.67203
-6.66987
-6.66864
-6.66735
-6.6657
-6.66367
-6.66193
-6.65983
-6.65769
-6.65584
-6.65331
-6.65075
-6.64914
-6.64718
-6.64553
-6.64289
-6.64089
-6.63855
-6.63717
-6.63515
-6.63279
-6.63142
-6.62907
-6.62706
-6.62506
-6.62275
-6.62111
-6.61851
-6.6169
-6.61468
-6.6128
-6.61095
-6.60946
-6.60799
-6.60592
-6.60421
-6.60221
-6.59994
-6.59835
-6.59681
-6.59531
-6.59321
-6.59182
-6.59112
-6.5895
-6.58761
-6.5861
-6.58464
-6.58357
-6.58222
-6.58158
-6.58133
-6.57984
-6.57873
-6.578
-6.57766
-6.57705
-6.57618
-6.57569
-6.57526
-6.5749
-6.57426
-6.57305
-6.57286
-6.57273
-6.57234
-6.57201
-6.57206
-6.57216
-6.57297
-6.57287
-6.57314
-6.57282
-6.57288
-6.57299
-6.57348
-6.57434
-6.57493
-6.57556
-6.57624
-6.57632
-6.57677
-6.57758
-6.57877
-6.58031
-6.5819
-6.58191
-6.58292
-6.58398
-6.58538
-6.58715
-6.58862
-6.5898
-6.59069
-6.59192
-6.59318
-6.59479
-6.59578
-6.59775
-6.59878
-6.60047
-6.60218
-6.60391
-6.60597
-6.60773
-6.61014
-6.61224
-6.6137
-6.61517
-6.616
-6.61716
-6.61897
-6.62014
-6.62131
-6.62312
-6.62429
-6.6261
-6.62661
-6.62842
-6.63054
-6.63266
-6.63412
-6.63461
-6.6354
-6.63683
-6.6389
-6.63999
-6.64171
-6.64341
-6.64478
-6.64549
-6.64747
-6.64944
-6.65106
-6.65202
-6.65393
-6.65517
-6.65705
-6.65825
-6.65943
-6.66091
-6.66205
-6.66284
-6.66425
-6.66564
-6.66701
-6.66803
-6.66902
-6.66966
-6.6706
-6.67118
-6.67206
-6.67324
-6.67407
-6.67486
-6.67531
-6.67604
-6.67707
-6.67742
-6.67838
-6.67964
-6.68022
-6.68076
-6.68159
-6.68238
-6.68314
-6.68354
-6.68423
-6.68423
-6.6842
-6.68477
-6.68499
-6.68516
-6.68465
-6.68443
-6.68482
-6.68517
-6.68419
-6.68446
-6.68437
-6.6836
-6.68408
-6.68387
-6.68299
-6.68304
-6.68273
-6.68303
-6.68265
-6.68126
-6.68082
-6.68034
-6.67951
-6.67898
-6.67873
