-5.47029
-5.47062
-5.46965
-5.47029
-5.47029
-5.47029
-5.47029
-5.47062
-5.47029
-5.47029
-5.47029
-5.47029
-5.46997
-5.46965
-5.46932
-5.46965
-5.46965
-5.46997
-5.46965
-5.46997
-5.47127
-5.47127
-5.47191
-5.47159
-5.47224
-5.47289
-5.47289
-5.47289
-5.47224
-5.47191
-5.47224
-5.47191
-5.47159
-5.47191
-5.47224
-5.47191
-5.47191
-5.47224
-5.47224
-5.47224
-5.47191
-5.47224
-5.47256
-5.47289
-5.47256
-5.47256
-5.47224
-5.47288
-5.47288
-5.47224
-5.47289
-5.47224
-5.47191
-5.47224
-5.47191
-5.47159
-5.47191
-5.47159
-5.47159
-5.47062
-5.47127
-5.47159
-5.47127
-5.47094
-5.47062
-5.47062
-5.46997
-5.46965
-5.46932
-5.469
-5.469
-5.46835
-5.46803
-5.46835
-5.46835
-5.469
-5.46997
-5.46997
-5.46997
-5.46997
-5.47094
-5.47094
-5.47094
-5.47127
-5.47127
-5.47127
-5.47127
-5.47127
-5.47127
-5.47062
-5.4703
-5.4703
-5.47127
-5.47127
-5.47095
-5.47095
-5.47127
-5.47095
-5.47063
-5.4703
-5.47063
-5.4703
-5.4703
-5.4703
-5.46998
-5.4703
-5.46901
-5.46901
-5.46965
-5.46965
-5.46933
-5.46901
-5.46868
-5.46836
-5.46771
-5.46868
-5.46901
-5.46933
-5.46965
-5.46965
-5.46965
-5.46965
-5.46868
-5.46836
-5.46803
-5.46836
-5.46868
-5.46998
-5.46933
-5.46965
-5.46997
-5.46997
-5.4703
-5.46965
-5.46997
-5.46932
-5.46932
-5.46932
-5.469
-5.469
-5.46867
-5.46867
-5.469
-5.46835
-5.46835
-5.46835
-5.46835
-5.46867
-5.46867
-5.46867
-5.46932
-5.46932
-5.46932
-5.46932
-5.46899
-5.46899
-5.46835
-5.46867
-5.46802
-5.46802
-5.4677
-5.46834
-5.46899
-5.46867
-5.46867
-5.46932
-5.46964
-5.46932
-5.46932
-5.46964
-5.46932
-5.46834
-5.46802
-5.46867
-5.46899
-5.46932
-5.46932
-5.46932
-5.46932
-5.47029
-5.47029
-5.46997
-5.46964
-5.46932
-5.46964
-5.47029
-5.47029
-5.47094
-5.47126
-5.47094
-5.47126
-5.47159
-5.47126
-5.47094
-5.47062
-5.46997
-5.46997
-5.46965
-5.469
-5.46868
-5.469
-5.469
-5.46868
-5.469
-5.46933
-5.47062
-5.47127
-5.47159
-5.47159
-5.47159
-5.47159
-5.47159
-5.47159
-5.47192
-5.47159
-5.4716
-5.4716
-5.47192
-5.47192
-5.47224
-5.47289
-5.47322
-5.47419
-5.47386
-5.47354
-5.47419
-5.47419
-5.47451
-5.47387
-5.47387
-5.47354
-5.47451
-5.47451
-5.47419
-5.47419
-5.47451
-5.47451
-5.47451
-5.47451
-5.47386
-5.47386
-5.47257
-5.47257
-5.47257
-5.47289
-5.47289
-5.47289
-5.47289
-5.47257
-5.47224
-5.47289
-5.47192
-5.47224
-5.47257
-5.47256
-5.47289
-5.47289
-5.47289
-5.47224
-5.47224
-5.47256
-5.47224
-5.47256
-5.47256
-5.47256
-5.47224
-5.47127
-5.47127
-5.47127
-5.47159
-5.47159
-5.47159
-5.47159
-5.47159
-5.47127
-5.47127
-5.47127
-5.47127
-5.47127
-5.47159
-5.47159
-5.47191
-5.47159
-5.47127
-5.47062
-5.47127
-5.47159
-5.47062
-5.46965
-5.46997
-5.46997
-5.46965
-5.469
-5.46868
-5.46868
-5.46835
-5.46803
-5.4677
-5.4677
-5.46803
-5.469
-5.46868
-5.46835
-5.469
-5.46835
-5.46803
-5.46868
-5.46803
-5.4677
-5.46803
-5.46868
-5.46868
-5.46868
-5.46835
-5.46835
-5.46835
-5.46835
-5.46835
-5.469
-5.469
-5.46932
-5.46997
-5.47062
-5.47159
-5.47159
-5.47127
-5.47094
-5.47094
-5.47062
-5.47062
-5.47094
-5.47062
-5.4703
-5.4703
-5.46997
-5.469
-5.46835
-5.46835
-5.46803
-5.46803
-5.46835
-5.46803
-5.46868
-5.469
-5.46835
-5.46835
-5.46835
-5.46932
-5.46965
-5.4703
-5.4703
-5.4703
-5.4703
-5.4703
-5.46965
-5.46997
-5.46997
-5.47029
-5.47029
-5.47029
-5.47062
-5.46932
-5.46965
-5.46932
-5.469
-5.46868
-5.46868
-5.46868
-5.46835
-5.46803
-5.46803
-5.46835
-5.46803
-5.4677
-5.46803
-5.46835
-5.46835
-5.46835
-5.46867
-5.46835
-5.46867
-5.46932
-5.46932
-5.46932
-5.46932
-5.46867
-5.46835
-5.469
-5.46867
-5.46803
-5.46835
-5.46867
-5.46835
-5.46803
-5.46835
-5.46738
-5.46738
-5.4677
-5.4677
-5.46738
-5.46738
-5.46673
-5.46641
-5.46641
-5.46705
-5.46673
-5.46738
-5.4677
-5.46802
-5.46835
-5.46835
-5.46835
-5.46835
-5.46867
-5.46867
-5.469
-5.46867
-5.46867
-5.46835
-5.46802
-5.46835
-5.46835
-5.46835
-5.46867
-5.46835
-5.46867
-5.46835
-5.46835
-5.46867
-5.469
-5.46835
-5.46835
-5.469
-5.46867
-5.46932
-5.46932
-5.46932
-5.469
-5.46835
-5.469
-5.46932
-5.46932
-5.46932
-5.46965
-5.46965
-5.4703
-5.46965
-5.46965
-5.46933
-5.469
-5.46868
-5.46868
-5.46868
-5.46868
-5.46933
-5.46997
-5.4703
-5.47062
-5.46997
-5.4703
-5.47062
-5.47127
-5.47094
-5.47062
-5.47094
-5.47062
-5.47127
-5.47159
-5.47127
-5.47127
-5.47127
-5.47127
-5.47127
-5.47159
-5.47224
-5.47159
-5.47159
-5.47192
-5.47256
-5.47256
-5.47224
-5.47256
-5.47256
-5.47289
-5.47224
-5.47224
-5.47192
-5.47192
-5.47127
-5.47192
-5.47192
-5.47191
-5.47159
-5.47224
-5.47289
-5.47289
-5.47288
-5.47191
-5.47191
-5.47191
-5.47224
-5.47224
-5.47224
-5.47223
-5.47191
-5.47256
-5.47223
-5.47191
-5.47191
-5.47256
-5.47288
-5.4732
-5.47385
-5.47353
-5.47321
-5.47288
-5.4732
-5.47288
-5.4732
-5.4732
-5.47288
-5.47288
-5.47256
-5.47288
-5.47223
-5.47256
-5.47288
-5.47256
-5.47223
-5.47223
-5.47158
-5.47191
-5.47223
-5.47223
-5.47223
-5.47255
-5.47223
-5.47191
-5.47255
-5.47255
-5.47288
-5.47223
-5.47223
-5.47255
-5.47288
-5.47191
-5.47191
-5.47223
-5.47256
-5.47256
-5.47223
-5.47158
-5.47158
-5.47159
-5.47191
-5.47159
-5.47191
-5.47159
-5.47159
-5.47126
-5.47094
-5.47061
-5.47029
-5.46997
-5.47062
-5.47062
-5.47062
-5.47062
-5.47029
-5.47062
-5.46997
-5.46997
-5.46964
-5.46932
-5.469
-5.46867
-5.46835
-5.46867
-5.469
-5.46932
-5.46932
-5.46965
-5.46997
-5.47029
-5.47029
-5.47062
-5.46997
-5.47029
-5.46997
-5.47094
-5.47062
-5.47062
-5.47029
-5.46868
-5.46868
-5.46932
-5.46965
-5.46965
-5.469
-5.46997
-5.47029
-5.47029
-5.47029
-5.47029
-5.47029
-5.47029
-5.47094
-5.47094
-5.47127
-5.47094
-5.47062
-5.47127
-5.47127
-5.47159
-5.47224
-5.47191
-5.47094
-5.47094
-5.47094
-5.47094
-5.47127
-5.47159
-5.47127
-5.47127
-5.47127
-5.47159
-5.47159
-5.47159
-5.47224
-5.47191
-5.47224
-5.47159
-5.47127
-5.47094
-5.47062
-5.47127
-5.47191
-5.47159
-5.47127
-5.47094
-5.4703
-5.47127
-5.47127
-5.47192
-5.47224
-5.47256
-5.47224
-5.47192
-5.47192
-5.47192
-5.47159
-5.47159
-5.47192
-5.47192
-5.47224
-5.47256
-5.47192
-5.47224
-5.47192
-5.47127
-5.47095
-5.47095
-5.46998
-5.46998
-5.46933
-5.469
-5.469
-5.46933
-5.46933
-5.46933
-5.46933
-5.46997
-5.46965
-5.46997
-5.46997
-5.46997
-5.4703
-5.46965
-5.46997
-5.4703
-5.47062
-5.4703
-5.47094
-5.47127
-5.47192
-5.47224
-5.47224
-5.47159
-5.47192
-5.47224
-5.47224
-5.47224
-5.47224
-5.47224
-5.47256
-5.47289
-5.47321
-5.47386
-5.47289
-5.47321
-5.47321
-5.47256
-5.47256
-5.47256
-5.47256
-5.47256
-5.47256
-5.47386
-5.47418
-5.47418
-5.47418
-5.47451
-5.47418
-5.47418
-5.47451
-5.47418
-5.47386
-5.47418
-5.47386
-5.47353
-5.47353
-5.47321
-5.47353
-5.47386
-5.47386
-5.47386
-5.4745
-5.47483
-5.47483
-5.47515
-5.47483
-5.47385
-5.47385
-5.47385
-5.47385
-5.47385
-5.47353
-5.47353
-5.4745
-5.47385
-5.47418
-5.47418
-5.4745
-5.47385
-5.47385
-5.47353
-5.47385
-5.47418
-5.4745
-5.47418
-5.47385
-5.47385
-5.47418
-5.47418
-5.4745
-5.4745
-5.47515
-5.47515
-5.47547
-5.47483
-5.47515
-5.47547
-5.4745
-5.4745
-5.47385
-5.47385
-5.47418
-5.47385
-5.47418
-5.47418
-5.47418
-5.47385
-5.47353
-5.47353
-5.47321
-5.47321
-5.47353
-5.47353
-5.47353
-5.47321
-5.47321
-5.47288
-5.47289
-5.47256
-5.47191
-5.47224
-5.47256
-5.47321
-5.47353
-5.47418
-5.47418
-5.47386
-5.47386
-5.47386
-5.47353
-5.47418
-5.47386
-5.47353
-5.47418
-5.47483
-5.47515
-5.47483
-5.47483
-5.47418
-5.47451
-5.47418
-5.47386
-5.47321
-5.47354
-5.47386
-5.47386
-5.47354
-5.47354
-5.47321
-5.47289
-5.47289
-5.47224
-5.47159
-5.47192
-5.47192
-5.47224
-5.47159
-5.47159
-5.47127
-5.47192
-5.47192
-5.47159
-5.47224
-5.47191
-5.47191
-5.47191
-5.47159
-5.47191
-5.47127
-5.47159
-5.47126
-5.47126
-5.47126
-5.47159
-5.47191
-5.47159
-5.47159
-5.47126
-5.47062
-5.47062
-5.47062
-5.47062
-5.46997
-5.46997
-5.47062
-5.47029
-5.46964
-5.46932
-5.469
-5.469
-5.46867
-5.469
-5.46964
-5.469
-5.46867
-5.46867
-5.469
-5.469
-5.46867
-5.46867
-5.46867
-5.46867
-5.46835
-5.46738
-5.46738
-5.46738
-5.46706
-5.46673
-5.46673
-5.46673
-5.46738
-5.46706
-5.46706
-5.46641
-5.46608
-5.46576
-5.46576
-5.46608
-5.46608
-5.46608
-5.46608
-5.46544
-5.46511
-5.46511
-5.46544
-5.46608
-5.46673
-5.46576
-5.46576
-5.46576
-5.46609
-5.46673
-5.46706
-5.46706
-5.46673
-5.46673
-5.46673
-5.46706
-5.46673
-5.46738
-5.46706
-5.46738
-5.46771
-5.46803
-5.46868
-5.469
-5.46997
-5.47062
-5.47062
-5.47062
-5.46997
-5.46965
-5.46997
-5.46965
-5.46933
-5.46965
-5.46933
-5.46965
-5.46868
-5.469
-5.46965
-5.4703
-5.4703
-5.46933
-5.46868
-5.46868
-5.46933
-5.469
-5.46933
-5.46965
-5.46965
-5.469
-5.46965
-5.4703
-5.47062
-5.4703
-5.47094
-5.47094
-5.47159
-5.47159
-5.47159
-5.47191
-5.47191
-5.47159
-5.47191
-5.47224
-5.47256
-5.47256
-5.47256
-5.47224
-5.47224
-5.47192
-5.47192
-5.47224
-5.47224
-5.47224
-5.47192
-5.47192
-5.47224
-5.47192
-5.47224
-5.47289
-5.47289
-5.47289
-5.47321
-5.47354
-5.47386
-5.47386
-5.47418
-5.47386
-5.47354
-5.47386
-5.47386
-5.47386
-5.47321
-5.47289
-5.47321
-5.47354
-5.47257
-5.47289
-5.47289
-5.47224
-5.47289
-5.47289
-5.47224
-5.47257
-5.47257
-5.47321
-5.47321
-5.47224
-5.47224
-5.47224
-5.47192
-5.47192
-5.47224
