-6.67967
-6.66924
-6.66099
-6.65197
-6.6456
-6.64145
-6.64259
-6.64541
-6.65432
-6.66887
-6.68367
-6.70075
-6.71374
-6.72025
-6.72457
-6.72389
-6.72179
-6.71836
-6.71583
-6.71738
-6.71898
-6.71964
-6.71908
-6.7195
-6.71476
-6.70597
-6.69101
-6.66878
-6.64357
-6.61749
-6.59431
-6.57711
-6.56626
-6.5702
-6.58339
-6.60382
-6.63083
-6.66539
-6.69908
-6.73068
-6.75713
-6.7764
-6.78713
-6.78928
-6.78217
-6.76991
-6.75399
-6.73522
-6.7167
-6.69926
-6.68562
-6.67312
-6.66119
-6.65243
-6.64456
-6.64181
-6.63971
-6.64195
-6.6454
-6.64665
-6.64958
-6.65208
-6.65449
-6.65429
-6.65806
-6.66
-6.66539
-6.67373
-6.68557
-6.69677
-6.709
-6.71664
-6.72273
-6.72588
-6.72289
-6.7248
-6.72614
-6.7251
-6.72003
-6.7144
-6.7026
-6.68976
-6.67977
-6.67184
-6.67094
-6.67772
-6.68757
-6.6985
-6.71448
-6.73016
-6.74421
-6.75604
-6.76268
-6.76476
-6.76402
-6.75706
-6.75041
-6.73538
-6.715
-6.69486
