9.4959
9.54647
9.58931
9.63019
9.66073
9.67979
9.67772
9.65996
9.61666
9.55145
9.48092
9.40624
9.3463
9.30957
9.28776
9.2855
9.29182
9.30268
9.3103
9.30639
9.29983
9.29398
9.29173
9.29142
9.31015
9.34896
9.41453
9.50898
9.61993
9.73717
9.845
9.92857
9.9798
9.97513
9.92445
9.83338
9.70767
9.5522
9.39409
9.24527
9.1208
9.03122
8.98246
8.97451
9.00619
9.06425
9.14035
9.22757
9.31469
9.39684
9.46663
9.52931
9.58573
9.62922
9.66359
9.67889
9.68537
9.67684
9.66273
9.65283
9.64026
9.62999
9.62071
9.61649
9.60083
9.58377
9.55182
9.5059
9.44731
9.3894
9.33314
9.29386
9.2656
9.25
9.25187
9.24555
9.24301
9.24997
9.2726
9.30492
9.35836
9.41793
9.46907
9.50707
9.51631
9.49343
9.44963
9.39287
9.31939
9.24585
9.17961
9.12523
9.0916
9.07902
9.08465
9.1163
9.15954
9.23225
9.32547
9.42303
