1 -8
2 -14
3 -8
4 -16
5 -12
6 -12
7 -8
8 0
9 -6
10 2
11 6
12 10
13 12
14 14
15 18
16 22
17 18
18 22
19 26
20 26
21 28
22 34
23 36
24 38
25 36
26 36
27 32
28 26
29 26
30 30
31 32
32 30
33 36
34 28
35 18
36 16
37 12
38 16
39 12
40 8
41 10
42 14
43 18
44 22
45 20
46 28
47 26
48 28
49 34
50 30
51 38
52 36
53 44
54 46
55 44
56 42
57 44
58 46
59 46
60 46
61 48
62 48
63 48
64 42
65 44
66 42
67 48
68 50
69 50
70 50
71 50
72 50
73 50
74 50
75 50
76 50
77 50
78 50
79 50
80 50
81 50
82 50
83 50
84 50
85 50
86 50
87 50
88 50
89 50
90 50
91 50
92 50
93 50
94 50
95 50
96 50
97 50
98 50
99 50
100 50
101 50
102 50
103 50
104 50
105 50
106 50
107 50
108 50
109 50
110 50
111 50
112 50
113 50
114 50
115 50
116 50
117 50
118 50
119 50
120 50
121 50
122 50
123 50
124 50
125 50
126 50
127 50
128 50
129 50
130 50
131 50
132 50
133 50
134 50
135 50
136 50
137 50
138 50
139 50
140 50
141 50
142 50
143 50
144 50
145 50
146 50
147 50
148 50
149 50
150 50
151 50
152 50
153 50
154 50
155 50
156 50
157 50
158 50
159 50
160 50
161 50
162 50
163 50
164 50
165 50
166 50
167 50
168 50
169 50
170 50
171 50
172 50
173 50
174 50
175 50
176 50
177 50
178 50
179 50
180 50
181 50
182 50
183 50
184 50
185 50
186 50
187 50
188 50
189 50
190 50
191 50
192 50
193 50
194 50
195 50
196 50
197 50
198 50
199 50
200 50
201 50
202 50
203 50
204 50
205 50
206 50
207 50
208 50
209 50
210 50
211 50
212 50
213 50
214 50
215 50
216 50
217 50
218 50
219 50
220 50
221 50
222 50
223 50
224 50
225 50
226 50
227 50
228 50
229 50
230 50
231 50
232 50
233 50
234 50
235 50
236 50
237 50
238 50
239 50
240 50
241 50
242 50
243 50
244 50
245 50
246 50
247 50
248 50
249 50
250 50
251 50
252 50
253 50
254 50
255 50
256 50
257 50
258 50
259 50
260 50
261 50
262 50
263 50
264 50
265 50
266 50
267 50
268 50
269 50
270 50
271 50
272 50
273 50
274 50
275 50
276 50
277 50
278 50
279 50
280 50
281 50
282 50
283 50
284 50
285 50
286 50
287 50
288 50
289 50
290 50
291 50
292 50
293 50
294 50
295 50
296 50
297 50
298 50
299 50
300 50
301 50
302 50
303 50
304 50
305 50
306 50
307 50
308 50
309 50
310 50
311 50
312 50
313 50
314 50
315 50
316 50
317 50
318 50
319 50
320 50
321 50
322 50
323 50
324 50
325 50
326 50
327 50
328 50
329 50
330 50
331 50
332 50
333 50
334 50
335 50
336 50
337 50
338 50
339 50
340 50
341 50
342 50
343 50
344 50
345 50
346 50
347 50
348 50
349 50
350 50
351 50
352 50
353 50
354 50
355 50
356 50
357 50
358 50
359 50
360 50
361 50
362 50
363 50
364 50
365 50
366 50
367 50
368 50
369 50
370 50
371 50
372 50
373 50
374 50
375 50
376 50
377 50
378 50
379 50
380 50
381 50
382 50
383 50
384 50
385 50
386 50
387 50
388 50
389 50
390 50
391 50
392 50
393 50
394 50
395 50
396 50
397 50
398 50
399 50
400 50
401 50
402 48
403 42
404 38
405 40
406 42
407 40
408 44
409 48
410 46
411 44
412 42
413 38
414 42
415 42
416 46
417 50
418 50
419 50
420 50
421 50
422 50
423 50
424 50
425 50
426 50
427 50
428 50
429 50
430 50
431 50
432 50
433 50
434 50
435 50
436 50
437 50
438 50
439 50
440 50
441 50
442 50
443 50
444 50
445 50
446 50
447 50
448 50
449 50
450 50
451 50
452 50
453 50
454 50
455 50
456 50
457 50
458 50
459 50
460 50
461 50
462 50
463 50
464 50
465 50
466 50
467 50
468 50
469 50
470 50
471 50
472 50
473 50
474 50
475 50
476 50
477 50
478 50
479 50
480 50
481 50
482 50
483 50
484 50
485 50
486 50
487 50
488 50
489 50
490 50
491 50
492 50
493 50
494 50
495 50
496 50
497 50
498 50
499 50
500 50
501 50
502 50
503 50
504 50
505 50
506 50
507 50
508 50
509 50
510 50
511 50
512 50
513 50
514 50
515 50
516 50
517 50
518 50
519 50
520 50
521 50
522 50
523 50
524 50
525 50
526 50
527 50
528 50
529 50
530 50
531 50
532 50
533 50
534 50
535 50
536 50
537 50
538 50
539 50
540 50
541 50
542 50
543 50
544 50
545 50
546 50
547 50
548 50
549 50
550 50
551 50
552 48
553 48
554 46
555 44
556 42
557 46
558 46
559 38
560 36
561 40
562 30
563 30
564 34
565 34
566 38
567 38
568 38
569 28
570 36
571 32
572 30
573 30
574 34
575 36
576 38
577 46
578 50
579 50
580 50
581 50
582 50
583 50
584 50
585 50
586 50
587 50
588 50
589 50
590 50
591 50
592 50
593 50
594 50
595 50
596 50
597 50
598 50
599 50
600 50
601 50
602 50
603 50
604 50
605 50
606 50
607 50
608 50
609 50
610 50
611 50
612 50
613 50
614 50
615 50
616 50
617 50
618 50
619 50
620 50
621 50
622 50
623 50
624 50
625 50
626 50
627 50
628 50
629 50
630 50
631 50
632 50
633 50
634 50
635 50
636 50
637 50
638 50
639 50
640 50
641 50
642 50
643 50
644 50
645 50
646 50
647 50
648 50
649 50
650 50
651 50
652 50
653 50
654 50
655 50
656 50
657 50
658 50
659 50
660 50
661 50
662 50
663 50
664 50
665 50
666 50
667 50
668 50
669 50
670 50
671 50
672 50
673 50
674 50
675 50
676 50
677 50
678 50
679 50
680 50
681 50
682 50
683 50
684 50
685 50
686 50
687 50
688 50
689 50
690 50
691 50
692 50
693 50
694 50
695 50
696 50
697 50
698 50
699 50
700 50
701 50
702 50
703 50
704 50
705 50
706 50
707 50
708 50
709 46
710 42
711 44
712 42
713 36
714 24
715 18
716 20
717 24
718 22
719 24
720 22
721 20
722 24
723 22
724 18
725 16
726 16
727 14
728 12
729 18
730 28
731 30
732 26
733 24
734 20
735 22
736 26
737 26
738 26
739 24
740 22
741 26
742 24
743 30
744 30
745 32
746 38
747 42
748 46
749 44
750 36
751 42
752 36
753 32
754 32
755 32
756 34
757 30
758 32
759 38
760 36
761 36
762 30
763 30
764 26
765 32
766 28
767 28
768 28
769 36
770 32
771 30
772 32
773 26
774 24
775 20
776 22
777 10
778 8
779 2
780 8
781 2
782 2
783 6
784 14
785 14
786 18
787 20
788 16
789 18
790 14
791 14
792 20
793 18
794 22
795 16
796 20
797 10
798 18
799 16
800 18
801 14
802 14
803 16
804 12
805 6
806 2
807 2
808 4
809 2
810 6
811 12
812 12
813 14
814 12
815 14
816 6
817 4
818 0
819 -6
820 -4
821 -4
822 -8
823 -6
824 -4
825 -2
826 -2
827 -4
828 -8
829 -8
830 -4
831 0
832 0
833 -6
834 -10
835 -14
836 -12
837 -22
838 -22
839 -28
840 -20
841 -24
842 -22
843 -20
844 -24
845 -24
846 -24
847 -22
848 -18
849 -16
850 -20
851 -18
852 -18
853 -24
854 -22
855 -22
856 -18
857 -18
858 -18
859 -14
860 -14
861 -16
862 -10
863 -14
864 -14
865 -18
866 -14
867 -8
868 -10
869 -8
870 0
871 2
872 4
873 0
874 -2
875 -6
876 -4
877 -2
878 -4
879 0
880 6
881 4
882 4
883 4
884 0
885 -2
886 -4
887 4
888 -2
889 0
890 -4
891 -6
892 -8
893 -8
894 -4
895 -6
896 -4
897 -6
898 -10
899 -4
900 -4
901 -6
902 -2
903 -4
904 0
905 0
906 0
907 4
908 0
909 0
910 -2
911 0
912 4
913 6
914 6
915 6
916 10
917 14
918 12
919 8
920 12
921 22
922 22
923 24
924 22
925 20
926 28
927 24
928 24
929 18
930 16
931 16
932 26
933 30
934 24
935 36
936 24
937 30
938 32
939 32
940 30
941 34
942 28
943 28
944 24
945 20
946 20
947 20
948 22
949 18
950 22
951 16
952 14
953 20
954 14
955 20
956 26
957 28
958 34
959 30
960 28
961 30
962 34
963 34
964 38
965 38
966 34
967 36
968 38
969 40
970 40
971 38
972 38
973 40
974 40
975 42
976 40
977 38
978 26
979 28
980 24
981 18
982 16
983 16
984 14
985 12
986 8
987 2
988 0
989 0
990 2
991 4
992 10
993 10
994 16
995 18
996 24
997 18
998 18
999 14
1000 20
1001 18
1002 18
1003 22
1004 20
1005 22
1006 24
1007 26
1008 28
1009 32
1010 28
1011 26
1012 30
1013 32
1014 38
1015 42
1016 42
1017 46
1018 50
1019 50
1020 50
1021 50
1022 50
1023 50
1024 50
1025 50
1026 50
1027 50
1028 50
1029 50
1030 50
1031 50
1032 50
1033 50
1034 50
1035 50
1036 50
1037 50
1038 50
1039 50
1040 50
1041 50
1042 50
1043 50
1044 50
1045 50
1046 50
1047 50
1048 50
1049 50
1050 50
1051 50
1052 50
1053 50
1054 50
1055 50
1056 50
1057 50
1058 50
1059 50
1060 50
1061 50
1062 50
1063 50
1064 50
1065 50
1066 50
1067 50
1068 50
1069 50
1070 50
1071 50
1072 50
1073 50
1074 50
1075 50
1076 50
1077 50
1078 50
1079 50
1080 50
1081 50
1082 50
1083 50
1084 50
1085 50
1086 50
1087 50
1088 50
1089 50
1090 50
1091 50
1092 50
1093 50
1094 50
1095 50
1096 50
1097 50
1098 50
1099 50
1100 50
1101 50
1102 50
1103 50
1104 50
1105 50
1106 50
1107 50
1108 50
1109 50
1110 50
1111 50
1112 50
1113 50
1114 50
1115 50
1116 50
1117 50
1118 50
1119 50
1120 50
1121 50
1122 50
1123 50
1124 50
1125 50
1126 50
1127 50
1128 50
1129 50
1130 50
1131 50
1132 50
1133 50
1134 50
1135 50
1136 50
1137 50
1138 44
1139 48
1140 50
1141 50
1142 50
1143 50
1144 50
1145 50
1146 50
1147 50
1148 50
1149 50
1150 50
1151 50
1152 50
1153 50
1154 50
1155 50
1156 50
1157 46
1158 46
1159 48
1160 46
1161 48
1162 50
1163 50
1164 50
1165 50
1166 50
1167 50
1168 50
1169 50
1170 50
1171 50
1172 50
1173 50
1174 50
1175 50
1176 50
1177 50
1178 50
1179 50
1180 50
1181 50
1182 50
1183 50
1184 50
1185 50
1186 50
1187 50
1188 50
1189 50
1190 50
1191 50
1192 50
1193 50
1194 50
1195 50
1196 50
1197 50
1198 50
1199 50
1200 50
1201 50
1202 50
1203 50
1204 50
1205 50
1206 50
1207 50
1208 50
1209 50
1210 50
1211 50
1212 50
1213 50
1214 50
1215 50
1216 50
1217 50
1218 50
1219 50
1220 50
1221 50
1222 50
1223 50
1224 50
1225 50
1226 50
1227 50
1228 50
1229 50
1230 50
1231 50
1232 50
1233 50
1234 50
1235 50
1236 50
1237 50
1238 50
1239 50
1240 50
1241 50
1242 50
1243 50
1244 50
1245 50
1246 50
1247 50
1248 50
1249 50
1250 50
1251 50
1252 50
1253 50
1254 50
1255 50
1256 50
1257 50
1258 50
1259 50
1260 50
1261 50
1262 50
1263 50
1264 50
1265 50
1266 50
1267 50
1268 50
1269 50
1270 50
1271 50
1272 50
1273 50
1274 50
1275 50
1276 50
1277 50
1278 50
1279 50
1280 50
1281 50
1282 50
1283 50
1284 50
1285 50
1286 50
1287 50
1288 50
1289 50
1290 50
1291 50
1292 50
1293 50
1294 50
1295 50
1296 50
1297 50
1298 50
1299 50
1300 50
1301 50
1302 50
1303 50
1304 50
1305 50
1306 50
1307 50
1308 50
1309 50
1310 50
1311 50
1312 50
1313 50
1314 50
1315 50
1316 50
1317 50
1318 50
1319 50
1320 50
1321 50
1322 50
1323 50
1324 50
1325 50
1326 50
1327 50
1328 50
1329 50
1330 50
1331 50
1332 50
1333 50
1334 50
1335 50
1336 50
1337 50
1338 50
1339 50
1340 50
1341 50
1342 50
1343 50
1344 50
1345 50
1346 50
1347 50
1348 50
1349 50
1350 50
1351 50
1352 50
1353 50
1354 50
1355 50
1356 50
1357 50
1358 50
1359 50
1360 50
1361 50
1362 50
1363 50
1364 50
1365 50
1366 50
1367 50
1368 50
1369 50
1370 50
1371 50
1372 50
1373 50
1374 50
1375 50
1376 50
1377 50
1378 50
1379 50
1380 50
1381 50
1382 50
1383 50
1384 50
1385 50
1386 50
1387 50
1388 50
1389 50
1390 50
1391 50
1392 50
1393 50
1394 50
1395 50
1396 50
1397 50
1398 50
1399 50
1400 50
1401 50
1402 50
1403 50
1404 50
1405 50
1406 50
1407 50
1408 50
1409 50
1410 50
1411 50
1412 50
1413 50
1414 50
1415 50
1416 50
1417 50
1418 50
1419 50
1420 50
1421 50
1422 50
1423 50
1424 50
1425 50
1426 50
1427 50
1428 50
1429 50
1430 50
1431 50
1432 50
1433 50
1434 50
1435 50
1436 50
1437 50
1438 50
1439 50
1440 50
1441 48
1442 50
1443 50
1444 50
1445 50
1446 50
1447 50
1448 50
1449 50
1450 50
1451 50
1452 50
1453 50
1454 50
1455 50
1456 50
1457 50
1458 50
1459 50
1460 50
1461 50
1462 50
1463 50
1464 50
1465 50
1466 50
1467 48
1468 46
1469 44
1470 48
1471 48
1472 50
1473 50
1474 50
1475 50
1476 50
1477 50
1478 50
1479 50
1480 50
1481 50
1482 50
1483 50
1484 50
1485 50
1486 50
1487 50
1488 50
1489 50
1490 50
1491 50
1492 50
1493 50
1494 50
1495 50
1496 50
1497 50
1498 50
1499 50
1500 50
1501 50
1502 50
1503 50
1504 50
1505 50
1506 50
1507 50
1508 50
1509 50
1510 50
1511 50
1512 50
1513 50
1514 50
1515 50
1516 50
1517 50
1518 50
1519 50
1520 50
1521 50
1522 50
1523 50
1524 50
1525 50
1526 50
1527 50
1528 50
1529 50
1530 50
1531 50
1532 50
1533 50
1534 50
1535 50
1536 50
1537 50
1538 50
1539 50
1540 50
1541 50
1542 50
1543 50
1544 50
1545 50
1546 44
1547 40
1548 36
1549 28
1550 22
1551 26
1552 22
1553 24
1554 32
1555 32
1556 28
1557 34
1558 28
1559 24
1560 18
1561 20
1562 22
1563 26
1564 20
1565 20
1566 22
1567 22
1568 24
1569 28
1570 26
1571 30
1572 30
1573 24
1574 20
1575 26
1576 18
1577 14
1578 16
1579 12
1580 16
1581 8
1582 8
1583 12
1584 16
1585 12
1586 12
1587 18
1588 16
1589 16
1590 12
1591 14
1592 18
1593 14
1594 20
1595 20
1596 22
1597 28
1598 30
1599 30
1600 30
1601 20
1602 16
1603 16
1604 16
1605 18
1606 14
1607 12
1608 12
1609 14
1610 22
1611 18
1612 18
1613 20
1614 26
1615 32
1616 30
1617 28
1618 34
1619 38
1620 40
1621 38
1622 38
1623 38
1624 36
1625 38
1626 44
1627 42
1628 38
1629 44
1630 46
1631 46
1632 46
1633 50
1634 50
1635 50
1636 50
1637 50
1638 50
1639 50
1640 50
1641 50
1642 50
1643 50
1644 50
1645 50
1646 50
1647 50
1648 50
1649 50
1650 50
1651 50
1652 50
1653 50
1654 50
1655 50
1656 50
1657 50
1658 50
1659 50
1660 50
1661 50
1662 46
1663 36
1664 40
1665 38
1666 34
1667 38
1668 38
1669 38
1670 40
1671 36
1672 38
1673 44
1674 46
1675 44
1676 48
1677 44
1678 44
1679 46
1680 50
1681 50
1682 50
1683 50
1684 50
1685 50
1686 50
1687 50
1688 50
1689 50
1690 50
1691 50
1692 50
1693 50
1694 50
1695 50
1696 50
1697 50
1698 50
1699 50
1700 50
1701 50
1702 50
1703 50
1704 50
1705 50
1706 50
1707 50
1708 50
1709 50
1710 50
1711 50
1712 50
1713 50
1714 50
1715 50
1716 50
1717 50
1718 50
1719 50
1720 50
1721 50
1722 50
1723 50
1724 50
1725 50
1726 50
1727 50
1728 50
1729 50
1730 50
1731 50
1732 50
1733 50
1734 50
1735 50
1736 50
1737 50
1738 50
1739 50
1740 50
1741 50
1742 50
1743 50
1744 50
1745 50
1746 50
1747 50
1748 50
1749 50
1750 50
1751 50
1752 50
1753 50
1754 50
1755 50
1756 50
1757 50
1758 50
1759 50
1760 50
1761 50
1762 50
1763 48
1764 46
1765 50
1766 50
1767 50
1768 50
1769 50
1770 50
1771 50
1772 50
1773 50
1774 50
1775 50
1776 50
1777 50
1778 50
1779 50
1780 50
1781 50
1782 50
1783 50
1784 50
1785 50
1786 50
1787 50
1788 50
1789 50
1790 50
1791 50
1792 50
1793 50
1794 50
1795 50
1796 50
1797 50
1798 50
1799 50
1800 40
1801 40
1802 46
1803 42
1804 38
1805 36
1806 34
1807 30
1808 22
1809 28
1810 28
1811 24
1812 22
1813 18
1814 16
1815 8
1816 6
1817 0
1818 -2
1819 2
1820 2
1821 0
1822 6
1823 4
1824 18
1825 18
1826 14
1827 20
1828 20
1829 24
1830 24
1831 20
1832 18
1833 18
1834 20
1835 16
1836 16
1837 14
1838 10
1839 16
1840 16
1841 18
1842 16
1843 20
1844 18
1845 20
1846 18
1847 16
1848 14
1849 12
1850 10
1851 4
1852 4
1853 4
1854 4
1855 10
1856 6
1857 8
1858 8
1859 8
1860 4
1861 4
1862 0
1863 0
1864 -2
1865 0
1866 -4
1867 -8
1868 -20
1869 -22
1870 -18
1871 -20
1872 -24
1873 -26
1874 -24
1875 -26
1876 -28
1877 -28
1878 -30
1879 -28
1880 -26
1881 -22
1882 -24
1883 -24
1884 -20
1885 -22
1886 -18
1887 -12
1888 -8
1889 -6
1890 0
1891 2
1892 4
1893 6
1894 4
1895 4
1896 10
1897 16
1898 14
1899 4
1900 -6
1901 -10
1902 -18
1903 -16
1904 -20
1905 -22
1906 -20
1907 -20
1908 -26
1909 -20
1910 -18
1911 -30
1912 -34
1913 -36
1914 -40
1915 -40
1916 -46
1917 -50
1918 -50
1919 -50
1920 -50
1921 -50
1922 -50
1923 -50
1924 -50
1925 -50
1926 -50
1927 -50
1928 -50
1929 -50
1930 -50
1931 -50
1932 -50
1933 -50
1934 -50
1935 -50
1936 -50
1937 -50
1938 -50
1939 -50
1940 -50
1941 -50
1942 -50
1943 -50
1944 -50
1945 -50
1946 -50
1947 -50
1948 -50
1949 -50
1950 -50
1951 -50
1952 -50
1953 -50
1954 -50
1955 -50
1956 -50
1957 -50
1958 -50
1959 -50
1960 -50
1961 -50
1962 -50
1963 -50
1964 -50
1965 -50
1966 -50
1967 -48
1968 -50
1969 -50
1970 -50
1971 -50
1972 -50
1973 -50
1974 -50
1975 -50
1976 -50
1977 -50
1978 -50
1979 -50
1980 -50
1981 -50
1982 -50
1983 -50
1984 -50
1985 -50
1986 -50
1987 -50
1988 -50
1989 -50
1990 -50
1991 -50
1992 -50
1993 -50
1994 -50
1995 -50
1996 -50
1997 -50
1998 -50
1999 -50
2000 -50
2001 -50
2002 -50
2003 -50
2004 -50
2005 -50
2006 -50
2007 -50
2008 -50
2009 -50
2010 -50
2011 -50
2012 -50
2013 -50
2014 -50
2015 -50
2016 -50
2017 -50
2018 -50
2019 -50
2020 -50
2021 -50
2022 -48
2023 -46
2024 -50
2025 -50
2026 -50
2027 -50
2028 -50
2029 -50
2030 -50
2031 -50
2032 -50
2033 -50
2034 -50
2035 -50
2036 -50
2037 -50
2038 -50
2039 -50
2040 -50
2041 -50
2042 -50
2043 -50
2044 -50
2045 -50
2046 -50
2047 -50
2048 -50
2049 -50
2050 -50
2051 -50
2052 -50
2053 -50
2054 -50
2055 -50
2056 -50
2057 -50
2058 -50
2059 -50
2060 -50
2061 -50
2062 -50
2063 -50
2064 -50
2065 -50
2066 -50
2067 -50
2068 -50
2069 -50
2070 -50
2071 -50
2072 -50
2073 -50
2074 -50
2075 -50
2076 -50
2077 -50
2078 -50
2079 -50
2080 -50
2081 -50
2082 -50
2083 -50
2084 -50
2085 -50
2086 -50
2087 -50
2088 -50
2089 -50
2090 -50
2091 -50
2092 -50
2093 -50
2094 -50
2095 -50
2096 -50
2097 -50
2098 -50
2099 -50
2100 -50
2101 -50
2102 -50
2103 -50
2104 -50
2105 -50
2106 -50
2107 -50
2108 -50
2109 -50
2110 -50
2111 -50
2112 -50
2113 -50
2114 -50
2115 -50
2116 -50
2117 -50
2118 -50
2119 -50
2120 -50
2121 -50
2122 -50
2123 -50
2124 -50
2125 -50
2126 -50
2127 -50
2128 -50
2129 -50
2130 -50
2131 -50
2132 -50
2133 -50
2134 -44
2135 -46
2136 -48
2137 -48
2138 -46
2139 -48
2140 -46
2141 -40
2142 -42
2143 -36
2144 -28
2145 -22
2146 -22
2147 -30
2148 -32
2149 -30
2150 -26
2151 -22
2152 -22
2153 -22
2154 -24
2155 -18
2156 -22
2157 -18
2158 -12
2159 -8
2160 -8
2161 -10
2162 -12
2163 -10
2164 -8
2165 -10
2166 -14
2167 -24
2168 -18
2169 -14
2170 -14
2171 -12
2172 -8
2173 -10
2174 -6
2175 -10
2176 -14
2177 -8
2178 -10
2179 -10
2180 -12
2181 -6
2182 -4
2183 -8
2184 -10
2185 -10
2186 -12
2187 -8
2188 -6
2189 -8
2190 -4
2191 -4
2192 -6
2193 -4
2194 -2
2195 -2
2196 -4
2197 -6
2198 -12
2199 -14
2200 -14
2201 -12
2202 -8
2203 -8
2204 -6
2205 -4
2206 -2
2207 -4
2208 0
2209 -2
2210 -2
2211 -6
2212 -8
2213 -8
2214 -8
2215 -8
2216 -12
2217 -8
2218 -12
2219 -8
2220 -4
2221 -8
2222 -16
2223 -20
2224 -18
2225 -16
2226 -18
2227 -18
2228 -22
2229 -28
2230 -26
2231 -24
2232 -22
2233 -20
2234 -22
2235 -18
2236 -16
2237 -26
2238 -22
2239 -26
2240 -22
2241 -26
2242 -32
2243 -34
2244 -36
2245 -32
2246 -28
2247 -32
2248 -30
2249 -26
2250 -30
2251 -32
2252 -30
2253 -28
2254 -22
2255 -30
2256 -30
2257 -26
2258 -26
2259 -24
2260 -30
2261 -32
2262 -28
2263 -26
2264 -18
2265 -16
2266 -16
2267 -16
2268 -14
2269 -14
2270 -14
2271 -10
2272 -12
2273 2
2274 2
2275 -2
2276 -4
2277 -2
2278 -6
2279 -2
2280 0
2281 4
2282 8
2283 14
2284 20
2285 20
2286 22
2287 28
2288 26
2289 18
2290 18
2291 24
2292 28
2293 26
2294 28
2295 36
2296 36
2297 38
2298 42
2299 42
2300 38
2301 40
2302 34
2303 38
2304 42
2305 32
2306 32
2307 32
2308 32
2309 34
2310 30
2311 30
2312 30
2313 32
2314 36
2315 38
2316 40
2317 50
2318 50
2319 50
2320 50
2321 50
2322 50
2323 50
2324 50
2325 50
2326 50
2327 50
2328 50
2329 50
2330 50
2331 50
2332 50
2333 50
2334 50
2335 50
2336 50
2337 50
2338 50
2339 50
2340 50
2341 50
2342 50
2343 50
2344 50
2345 50
2346 50
2347 50
2348 50
2349 50
2350 50
2351 50
2352 50
2353 50
2354 50
2355 50
2356 50
2357 50
2358 50
2359 50
2360 50
2361 50
2362 50
2363 50
2364 50
2365 50
2366 50
2367 50
2368 50
2369 50
2370 50
2371 50
2372 50
2373 50
2374 50
2375 50
2376 50
2377 50
2378 50
2379 50
2380 50
2381 50
2382 50
2383 50
2384 50
2385 50
2386 50
2387 50
2388 50
2389 50
2390 50
2391 50
2392 50
2393 50
2394 50
2395 50
2396 50
2397 50
2398 50
2399 50
2400 50
2401 50
2402 50
2403 50
2404 50
2405 50
2406 50
2407 50
2408 50
2409 50
2410 50
2411 50
2412 50
2413 50
2414 50
2415 50
2416 50
2417 50
2418 50
2419 50
2420 50
2421 50
2422 50
2423 50
2424 50
2425 50
2426 50
2427 50
2428 50
2429 50
2430 50
2431 50
2432 50
2433 50
2434 50
2435 50
2436 50
2437 50
2438 50
2439 50
2440 50
2441 50
2442 50
2443 50
2444 50
2445 50
2446 50
2447 50
2448 50
2449 50
2450 50
2451 50
2452 50
2453 50
2454 50
2455 50
2456 50
2457 50
2458 50
2459 50
2460 50
2461 50
2462 50
2463 50
2464 50
2465 50
2466 50
2467 50
2468 50
2469 50
2470 50
2471 50
2472 50
2473 50
2474 50
2475 50
2476 50
2477 50
2478 50
2479 50
2480 50
2481 50
2482 50
2483 50
2484 50
2485 50
2486 50
2487 50
2488 50
2489 50
2490 50
2491 50
2492 50
2493 50
2494 50
2495 50
2496 50
2497 50
2498 50
2499 50
2500 50
2501 50
2502 50
2503 50
2504 50
2505 50
2506 50
2507 50
2508 50
2509 50
2510 50
2511 50
2512 50
2513 50
2514 50
2515 50
2516 50
2517 50
2518 50
2519 50
2520 50
2521 50
2522 50
2523 50
2524 50
2525 50
2526 50
2527 50
2528 50
2529 50
2530 50
2531 50
2532 50
2533 50
2534 50
2535 50
2536 50
2537 50
2538 50
2539 50
2540 50
2541 50
2542 50
2543 50
2544 50
2545 50
2546 50
2547 50
2548 50
2549 50
2550 50
2551 50
2552 50
2553 50
2554 50
2555 50
2556 50
2557 50
2558 50
2559 50
2560 50
2561 50
2562 50
2563 50
2564 50
2565 50
2566 50
2567 50
2568 50
2569 50
2570 48
2571 46
2572 48
2573 42
2574 40
2575 44
2576 42
2577 40
2578 46
2579 44
2580 36
2581 32
2582 38
2583 32
2584 34
2585 34
2586 42
2587 44
2588 46
2589 50
2590 50
2591 50
2592 50
2593 50
2594 50
2595 50
2596 50
2597 50
2598 50
2599 50
2600 50
2601 50
2602 50
2603 50
2604 50
2605 50
2606 50
2607 50
2608 50
2609 50
2610 50
2611 50
2612 50
2613 50
2614 50
2615 50
2616 50
2617 50
2618 50
2619 50
2620 50
2621 50
2622 50
2623 50
2624 50
2625 50
2626 50
2627 50
2628 50
2629 50
2630 50
2631 50
2632 50
2633 50
2634 50
2635 50
2636 50
2637 50
2638 50
2639 50
2640 50
2641 50
2642 50
2643 50
2644 50
2645 50
2646 50
2647 50
2648 50
2649 50
2650 50
2651 50
2652 50
2653 50
2654 50
2655 50
2656 50
2657 50
2658 50
2659 50
2660 50
2661 50
2662 50
2663 50
2664 50
2665 50
2666 50
2667 50
2668 50
2669 50
2670 50
2671 50
2672 50
2673 48
2674 48
2675 46
2676 42
2677 48
2678 46
2679 46
2680 50
2681 50
2682 50
2683 50
2684 50
2685 50
2686 50
2687 50
2688 50
2689 50
2690 50
2691 50
2692 50
2693 50
2694 48
2695 50
2696 50
2697 50
2698 50
2699 50
2700 50
2701 50
2702 50
2703 50
2704 50
2705 50
2706 50
2707 50
2708 50
2709 50
2710 50
2711 50
2712 50
2713 50
2714 50
2715 50
2716 50
2717 50
2718 50
2719 50
2720 50
2721 50
2722 50
2723 50
2724 50
2725 50
2726 50
2727 50
2728 50
2729 50
2730 50
2731 50
2732 50
2733 50
2734 50
2735 50
2736 50
2737 50
2738 50
2739 50
2740 50
2741 50
2742 50
2743 50
2744 50
2745 50
2746 50
2747 50
2748 50
2749 50
2750 50
2751 50
2752 50
2753 50
2754 50
2755 50
2756 50
2757 50
2758 50
2759 50
2760 50
2761 50
2762 50
2763 50
2764 50
2765 50
2766 50
2767 50
2768 50
2769 50
2770 50
2771 50
2772 50
2773 50
2774 50
2775 50
2776 50
2777 50
2778 50
2779 50
2780 50
2781 50
2782 50
2783 50
2784 50
2785 50
2786 50
2787 50
2788 50
2789 50
2790 50
2791 50
2792 50
2793 50
2794 50
2795 50
2796 50
2797 50
2798 50
2799 50
2800 50
2801 50
2802 50
2803 50
2804 50
2805 50
2806 50
2807 50
2808 50
2809 50
2810 50
2811 50
2812 50
2813 50
2814 50
2815 50
2816 50
2817 50
2818 50
2819 50
2820 50
2821 50
2822 50
2823 50
2824 50
2825 50
2826 50
2827 50
2828 50
2829 50
2830 50
2831 50
2832 50
2833 50
2834 50
2835 50
2836 50
2837 50
2838 50
2839 50
2840 50
2841 50
2842 50
2843 50
2844 50
2845 50
2846 50
2847 50
2848 50
2849 50
2850 50
2851 50
2852 50
2853 50
2854 50
2855 50
2856 50
2857 50
2858 50
2859 50
2860 50
2861 50
2862 50
2863 50
2864 50
2865 50
2866 50
2867 50
2868 50
2869 50
2870 50
2871 50
2872 50
2873 50
2874 50
2875 50
2876 50
2877 50
2878 50
2879 50
2880 50
2881 50
2882 50
2883 50
2884 50
2885 50
2886 50
2887 50
2888 50
2889 50
2890 50
2891 50
2892 50
2893 50
2894 50
2895 50
2896 50
2897 50
2898 50
2899 50
2900 50
2901 50
2902 50
2903 50
2904 50
2905 50
2906 50
2907 50
2908 50
2909 50
2910 50
2911 50
2912 50
2913 50
2914 50
2915 50
2916 50
2917 50
2918 50
2919 50
2920 50
2921 50
2922 50
2923 50
2924 50
2925 50
2926 50
2927 50
2928 50
2929 50
2930 50
2931 50
2932 50
2933 50
2934 50
2935 50
2936 50
2937 50
2938 50
2939 50
2940 50
2941 50
2942 50
2943 50
2944 50
2945 50
2946 50
2947 50
2948 50
2949 50
2950 50
2951 50
2952 50
2953 50
2954 50
2955 50
2956 50
2957 50
2958 50
2959 50
2960 50
2961 50
2962 50
2963 50
2964 50
2965 50
2966 50
2967 50
2968 50
2969 50
2970 50
2971 50
2972 50
2973 50
2974 50
2975 50
2976 50
2977 50
2978 50
2979 50
2980 50
2981 50
2982 50
2983 50
2984 50
2985 50
2986 50
2987 50
2988 50
2989 50
2990 50
2991 48
2992 50
2993 50
2994 50
2995 46
2996 40
2997 42
2998 34
2999 36
3000 38
3001 36
3002 40
3003 38
3004 38
3005 36
3006 30
3007 30
3008 34
3009 46
3010 48
3011 50
3012 50
3013 50
3014 50
3015 50
3016 50
3017 50
3018 50
3019 50
3020 50
3021 50
3022 50
3023 50
3024 50
3025 50
3026 50
3027 50
3028 50
3029 50
3030 50
3031 50
3032 50
3033 50
3034 50
3035 50
3036 50
3037 50
3038 50
3039 50
3040 50
3041 50
3042 50
3043 50
3044 50
3045 50
3046 50
3047 50
3048 50
3049 50
3050 50
3051 50
3052 50
3053 50
3054 50
3055 50
3056 50
3057 50
3058 50
3059 50
3060 50
3061 50
3062 50
3063 50
3064 50
3065 50
3066 48
3067 50
3068 50
3069 50
3070 50
3071 50
3072 50
3073 50
3074 50
3075 50
3076 50
3077 50
3078 50
3079 50
3080 50
3081 50
3082 50
3083 50
3084 50
3085 50
3086 50
3087 50
3088 50
3089 50
3090 50
3091 50
3092 50
3093 50
3094 50
3095 50
3096 50
3097 50
3098 50
3099 50
3100 50
3101 50
3102 50
3103 50
3104 50
3105 50
3106 50
3107 50
3108 50
3109 50
3110 50
3111 50
3112 50
3113 50
3114 50
3115 50
3116 50
3117 50
3118 50
3119 50
3120 50
3121 50
3122 50
3123 50
3124 50
3125 50
3126 50
3127 50
3128 50
3129 50
3130 50
3131 50
3132 50
3133 50
3134 48
3135 46
3136 42
3137 48
3138 50
3139 50
3140 50
3141 50
3142 50
3143 50
3144 50
3145 50
3146 50
3147 50
3148 50
3149 50
3150 50
3151 50
3152 50
3153 50
3154 50
3155 50
3156 50
3157 50
3158 50
3159 50
3160 50
3161 50
3162 50
3163 50
3164 50
3165 50
3166 50
3167 50
3168 50
3169 50
3170 50
3171 50
3172 50
3173 50
3174 50
3175 50
3176 50
3177 50
3178 50
3179 50
3180 50
3181 50
3182 50
3183 50
3184 50
3185 50
3186 50
3187 50
3188 50
3189 50
3190 50
3191 50
3192 50
3193 50
3194 50
3195 50
3196 50
3197 50
3198 50
3199 50
3200 50
3201 50
3202 50
3203 50
3204 50
3205 50
3206 50
3207 50
3208 50
3209 50
3210 50
3211 50
3212 50
3213 50
3214 50
3215 50
3216 50
3217 50
3218 50
3219 50
3220 50
3221 50
3222 50
3223 50
3224 50
3225 50
3226 50
3227 50
3228 50
3229 50
3230 50
3231 50
3232 50
3233 50
3234 50
3235 50
3236 50
3237 50
3238 50
3239 50
3240 50
3241 50
3242 50
3243 50
3244 50
3245 50
3246 50
3247 50
3248 48
3249 42
3250 42
3251 48
3252 50
3253 50
3254 50
3255 50
3256 50
3257 50
3258 50
3259 50
3260 50
3261 50
3262 50
3263 50
3264 50
3265 50
3266 50
3267 50
3268 50
3269 48
3270 50
3271 50
3272 50
3273 50
3274 50
3275 50
3276 50
3277 50
3278 50
3279 50
3280 50
3281 50
3282 50
3283 50
3284 50
3285 50
3286 50
3287 50
3288 50
3289 50
3290 50
3291 50
3292 50
3293 50
3294 50
3295 50
3296 50
3297 50
3298 50
3299 50
3300 50
3301 50
3302 50
3303 50
3304 50
3305 50
3306 50
3307 50
3308 50
3309 50
3310 50
3311 50
3312 50
3313 50
3314 50
3315 50
3316 50
3317 50
3318 50
3319 50
3320 50
3321 50
3322 50
3323 50
3324 50
3325 50
3326 50
3327 50
3328 50
3329 50
3330 50
3331 50
3332 50
3333 50
3334 50
3335 50
3336 50
3337 50
3338 50
3339 50
3340 50
3341 50
3342 50
3343 50
3344 50
3345 50
3346 50
3347 50
3348 50
3349 50
3350 50
3351 50
3352 50
3353 50
3354 50
3355 50
3356 50
3357 50
3358 50
3359 50
3360 50
3361 50
3362 50
3363 50
3364 50
3365 50
3366 50
3367 50
3368 50
3369 50
3370 50
3371 50
3372 48
3373 48
3374 50
3375 50
3376 50
3377 50
3378 50
3379 50
3380 50
3381 50
3382 50
3383 50
3384 50
3385 50
3386 44
3387 38
3388 32
3389 32
3390 32
3391 28
3392 26
3393 22
3394 24
3395 24
3396 24
3397 22
3398 26
3399 32
3400 32
3401 24
3402 26
3403 24
3404 22
3405 18
3406 18
3407 20
3408 22
3409 28
3410 32
3411 30
3412 30
3413 32
3414 36
3415 40
3416 34
3417 32
3418 38
3419 42
3420 42
3421 42
3422 42
3423 36
3424 42
3425 40
3426 38
3427 40
3428 40
3429 44
3430 44
3431 46
3432 48
3433 50
3434 50
3435 50
3436 50
3437 50
3438 50
3439 50
3440 50
3441 50
3442 50
3443 50
3444 48
3445 46
3446 48
3447 48
3448 50
3449 50
3450 50
3451 50
3452 50
3453 50
3454 50
3455 50
3456 50
3457 50
3458 50
3459 50
3460 50
3461 50
3462 50
3463 50
3464 50
3465 50
3466 50
3467 50
3468 50
3469 50
3470 50
3471 50
3472 50
3473 50
3474 50
3475 50
3476 50
3477 50
3478 50
3479 50
3480 50
3481 50
3482 50
3483 50
3484 50
3485 50
3486 50
3487 50
3488 50
3489 50
3490 50
3491 50
3492 50
3493 50
3494 50
3495 50
3496 50
3497 50
3498 50
3499 50
3500 50
3501 50
3502 50
3503 50
3504 50
3505 50
3506 50
3507 50
3508 50
3509 50
3510 50
3511 50
3512 50
3513 50
3514 50
3515 50
3516 50
3517 50
3518 50
3519 50
3520 50
3521 50
3522 50
3523 50
3524 50
3525 50
3526 50
3527 50
3528 50
3529 50
3530 50
3531 50
3532 50
3533 50
3534 50
3535 50
3536 50
3537 50
3538 50
3539 50
3540 50
3541 50
3542 50
3543 50
3544 50
3545 50
3546 50
3547 50
3548 50
3549 50
3550 50
3551 50
3552 50
3553 50
3554 50
3555 50
3556 50
3557 50
3558 50
3559 50
3560 50
3561 50
3562 50
3563 50
3564 50
3565 50
3566 50
3567 50
3568 50
3569 50
3570 50
3571 50
3572 50
3573 50
3574 50
3575 50
3576 50
3577 50
3578 50
3579 50
3580 50
3581 50
3582 50
3583 50
3584 50
3585 50
3586 50
3587 50
3588 50
3589 50
3590 50
3591 50
3592 50
3593 50
3594 50
3595 50
3596 50
3597 50
3598 50
3599 50
3600 50
3601 50
3602 50
3603 50
3604 50
3605 50
3606 50
3607 50
3608 46
3609 50
3610 50
3611 50
3612 50
3613 50
3614 50
3615 50
3616 50
3617 50
3618 50
3619 50
3620 50
3621 50
3622 50
3623 50
3624 50
3625 50
3626 50
3627 50
3628 50
3629 50
3630 50
3631 50
3632 50
3633 50
3634 50
3635 50
3636 50
3637 50
3638 50
3639 50
3640 50
3641 50
3642 50
3643 50
3644 50
3645 50
3646 50
3647 50
3648 50
3649 50
3650 50
3651 50
3652 48
3653 48
3654 50
3655 50
3656 50
3657 50
3658 50
3659 50
3660 50
3661 50
3662 50
3663 50
3664 50
3665 50
3666 50
3667 50
3668 50
3669 50
3670 50
3671 50
3672 50
3673 50
3674 50
3675 50
3676 50
3677 50
3678 50
3679 50
3680 50
3681 50
3682 50
3683 50
3684 50
3685 50
3686 50
3687 50
3688 50
3689 50
3690 50
3691 50
3692 50
3693 50
3694 50
3695 50
3696 50
3697 50
3698 50
3699 50
3700 50
3701 50
3702 50
3703 50
3704 50
3705 48
3706 50
3707 50
3708 50
3709 50
3710 50
3711 50
3712 50
3713 50
3714 50
3715 50
3716 50
3717 50
3718 50
3719 50
3720 50
3721 50
3722 50
3723 50
3724 50
3725 50
3726 50
3727 50
3728 50
3729 50
3730 50
3731 50
3732 50
3733 50
3734 50
3735 50
3736 50
3737 50
3738 50
3739 50
3740 50
3741 50
3742 50
3743 50
3744 50
3745 50
3746 50
3747 50
3748 50
3749 50
3750 50
3751 50
3752 50
3753 50
3754 50
3755 50
3756 50
3757 50
3758 50
3759 50
3760 50
3761 50
3762 50
3763 50
3764 50
3765 50
3766 50
3767 50
3768 50
3769 50
3770 50
3771 50
3772 50
3773 50
3774 50
3775 50
3776 50
3777 50
3778 50
3779 50
3780 50
3781 50
3782 50
3783 50
3784 50
3785 50
3786 50
3787 50
3788 50
3789 50
3790 50
3791 50
3792 50
3793 50
3794 50
3795 50
3796 50
3797 50
3798 50
3799 50
3800 50
3801 50
3802 50
3803 50
3804 50
3805 50
3806 50
3807 50
3808 50
3809 50
3810 50
3811 50
3812 50
3813 50
3814 50
3815 50
3816 50
3817 50
3818 50
3819 50
3820 50
3821 50
3822 50
3823 50
3824 50
3825 50
3826 50
3827 50
3828 50
3829 48
3830 46
3831 40
3832 40
3833 46
3834 40
3835 34
3836 36
3837 40
3838 38
3839 42
3840 40
3841 34
3842 32
3843 34
3844 42
3845 50
3846 50
3847 50
3848 50
3849 50
3850 50
3851 50
3852 50
3853 50
3854 50
3855 50
3856 50
3857 50
3858 50
3859 50
3860 50
3861 50
3862 50
3863 50
3864 50
3865 50
3866 50
3867 50
3868 50
3869 50
3870 50
3871 50
3872 50
3873 50
3874 50
3875 50
3876 50
3877 50
3878 50
3879 50
3880 50
3881 50
3882 50
3883 50
3884 50
3885 50
3886 50
3887 50
3888 50
3889 50
3890 50
3891 50
3892 50
3893 50
3894 50
3895 50
3896 50
3897 50
3898 50
3899 50
3900 50
3901 50
3902 50
3903 50
3904 50
3905 50
3906 50
3907 50
3908 50
3909 50
3910 50
3911 50
3912 50
3913 50
3914 50
3915 50
3916 50
3917 50
3918 50
3919 50
3920 50
3921 50
3922 50
3923 50
3924 50
3925 50
3926 50
3927 50
3928 50
3929 50
3930 50
3931 50
3932 50
3933 50
3934 50
3935 50
3936 50
3937 50
3938 50
3939 50
3940 50
3941 50
3942 50
3943 50
3944 50
3945 50
3946 50
3947 50
3948 50
3949 50
3950 50
3951 50
3952 50
3953 50
3954 50
3955 50
3956 50
3957 50
3958 50
3959 50
3960 50
3961 50
3962 50
3963 50
3964 50
3965 50
3966 50
3967 50
3968 50
3969 50
3970 50
3971 50
3972 50
3973 50
3974 50
3975 50
3976 50
3977 50
3978 50
3979 50
3980 50
3981 50
3982 50
3983 50
3984 50
3985 50
3986 50
3987 50
3988 50
3989 50
3990 50
3991 50
3992 50
3993 50
3994 50
3995 50
3996 50
3997 50
3998 50
3999 50
4000 50
4001 50
4002 50
4003 50
4004 50
4005 50
4006 50
4007 50
4008 50
4009 50
4010 50
4011 50
4012 50
4013 50
4014 50
4015 50
4016 50
4017 50
4018 50
4019 50
4020 50
4021 50
4022 50
4023 50
4024 50
4025 50
4026 50
4027 50
4028 50
4029 50
4030 50
4031 50
4032 50
4033 50
4034 50
4035 50
4036 50
4037 50
4038 50
4039 50
4040 50
4041 50
4042 50
4043 50
4044 50
4045 50
4046 50
4047 50
4048 50
4049 50
4050 50
4051 50
4052 50
4053 50
4054 50
4055 50
4056 50
4057 50
4058 50
4059 50
4060 50
4061 50
4062 50
4063 50
4064 50
4065 50
4066 50
4067 50
4068 50
4069 50
4070 50
4071 50
4072 50
4073 50
4074 50
4075 50
4076 50
4077 50
4078 50
4079 50
4080 50
4081 50
4082 50
4083 50
4084 50
4085 50
4086 50
4087 50
4088 50
4089 50
4090 50
4091 50
4092 50
4093 50
4094 50
4095 50
4096 50
4097 50
4098 50
4099 50
4100 50
4101 50
4102 50
4103 50
4104 50
4105 50
4106 50
4107 50
4108 50
4109 50
4110 50
4111 50
4112 50
4113 50
4114 50
4115 50
4116 50
4117 50
4118 50
4119 50
4120 50
4121 50
4122 50
4123 50
4124 50
4125 50
4126 50
4127 50
4128 50
4129 50
4130 50
4131 50
4132 50
4133 50
4134 50
4135 50
4136 50
4137 50
4138 50
4139 50
4140 50
4141 50
4142 50
4143 50
4144 50
4145 50
4146 50
4147 50
4148 50
4149 50
4150 50
4151 50
4152 50
4153 50
4154 50
4155 50
4156 50
4157 50
4158 50
4159 50
4160 50
4161 50
4162 50
4163 50
4164 50
4165 50
4166 50
4167 50
4168 50
4169 50
4170 50
4171 50
4172 50
4173 50
4174 50
4175 50
4176 50
4177 50
4178 50
4179 50
4180 50
4181 50
4182 50
4183 50
4184 50
4185 50
4186 50
4187 50
4188 50
4189 50
4190 50
4191 50
4192 50
4193 50
4194 50
4195 50
4196 50
4197 50
4198 50
4199 50
4200 50
4201 50
4202 50
4203 50
4204 50
4205 50
4206 50
4207 50
4208 50
4209 50
4210 48
4211 46
4212 50
4213 50
4214 50
4215 50
4216 50
4217 50
4218 50
4219 50
4220 50
4221 50
4222 46
4223 46
4224 48
4225 44
4226 44
4227 44
4228 44
4229 50
4230 50
4231 50
4232 50
4233 50
4234 50
4235 50
4236 50
4237 50
4238 50
4239 50
4240 50
4241 50
4242 50
4243 50
4244 50
4245 50
4246 50
4247 50
4248 50
4249 50
4250 50
4251 50
4252 50
4253 50
4254 50
4255 50
4256 50
4257 50
4258 50
4259 50
4260 50
4261 50
4262 50
4263 50
4264 50
4265 50
4266 50
4267 50
4268 50
4269 50
4270 50
4271 50
4272 50
4273 50
4274 50
4275 50
4276 50
4277 50
4278 50
4279 50
4280 48
4281 50
4282 50
4283 50
4284 50
4285 50
4286 50
4287 50
4288 50
4289 50
4290 50
4291 50
4292 50
4293 50
4294 50
4295 50
4296 50
4297 50
4298 50
4299 50
4300 50
4301 50
4302 50
4303 50
4304 50
4305 50
4306 50
4307 50
4308 50
4309 50
4310 50
4311 50
4312 50
4313 50
4314 50
4315 50
4316 50
4317 50
4318 50
4319 50
4320 50
4321 50
4322 50
4323 50
4324 50
4325 50
4326 50
4327 50
4328 50
4329 50
4330 50
4331 50
4332 50
4333 50
4334 50
4335 50
4336 50
4337 50
4338 50
4339 50
4340 50
4341 50
4342 50
4343 50
4344 50
4345 50
4346 50
4347 50
4348 50
4349 50
4350 50
4351 50
4352 50
4353 50
4354 50
4355 50
4356 48
4357 50
4358 50
4359 50
4360 50
4361 50
4362 50
4363 50
4364 50
4365 50
4366 50
4367 50
4368 50
4369 50
4370 50
4371 50
4372 50
4373 50
4374 50
4375 50
4376 50
4377 50
4378 50
4379 50
4380 50
4381 50
4382 50
4383 50
4384 50
4385 50
4386 50
4387 50
4388 50
4389 50
4390 50
4391 50
4392 50
4393 50
4394 50
4395 50
4396 50
4397 50
4398 50
4399 50
4400 50
4401 50
4402 50
4403 50
4404 50
4405 50
4406 50
4407 50
4408 50
4409 50
4410 50
4411 50
4412 50
4413 50
4414 50
4415 50
4416 50
4417 50
4418 50
4419 50
4420 50
4421 50
4422 50
4423 50
4424 50
4425 50
4426 50
4427 50
4428 50
4429 50
4430 50
4431 50
4432 50
4433 50
4434 50
4435 50
4436 50
4437 50
4438 50
4439 50
4440 50
4441 50
4442 50
4443 50
4444 50
4445 50
4446 50
4447 50
4448 50
4449 50
4450 50
4451 50
4452 50
4453 50
4454 50
4455 50
4456 50
4457 50
4458 50
4459 50
4460 50
4461 50
4462 50
4463 50
4464 50
4465 50
4466 50
4467 50
4468 50
4469 50
4470 50
4471 50
4472 50
4473 50
4474 50
4475 50
4476 50
4477 50
4478 50
4479 50
4480 50
4481 50
4482 50
4483 50
4484 50
4485 50
4486 50
4487 50
4488 50
4489 50
4490 50
4491 50
4492 50
4493 50
4494 50
4495 50
4496 50
4497 50
4498 50
4499 50
4500 50
4501 50
4502 50
4503 50
4504 50
4505 50
4506 50
4507 50
4508 50
4509 50
4510 50
4511 50
4512 50
4513 50
4514 50
4515 50
4516 50
4517 50
4518 50
4519 50
4520 50
4521 50
4522 50
4523 50
4524 50
4525 50
4526 50
4527 50
4528 50
4529 50
4530 50
4531 50
4532 50
4533 50
4534 50
4535 50
4536 50
4537 50
4538 50
4539 50
4540 50
4541 50
4542 50
4543 50
4544 50
4545 50
4546 50
4547 50
4548 50
4549 50
4550 50
4551 50
4552 50
4553 50
4554 50
4555 50
4556 50
4557 50
4558 50
4559 50
4560 50
4561 50
4562 50
4563 50
4564 50
4565 50
4566 50
4567 50
4568 50
4569 50
4570 50
4571 50
4572 50
4573 50
4574 50
4575 50
4576 50
4577 50
4578 50
4579 50
4580 50
4581 50
4582 50
4583 50
4584 50
4585 50
4586 50
4587 50
4588 50
4589 50
4590 50
4591 50
4592 50
4593 50
4594 50
4595 50
4596 50
4597 50
4598 50
4599 50
4600 50
4601 50
4602 50
4603 50
4604 50
4605 50
4606 50
4607 50
4608 50
4609 50
4610 50
4611 50
4612 50
4613 50
4614 50
4615 50
4616 50
4617 50
4618 50
4619 50
4620 50
4621 50
4622 50
4623 50
4624 50
4625 50
4626 50
4627 50
4628 50
4629 50
4630 50
4631 50
4632 50
4633 50
4634 50
4635 50
4636 50
4637 50
4638 50
4639 50
4640 50
4641 50
4642 50
4643 50
4644 50
4645 50
4646 50
4647 50
4648 50
4649 50
4650 50
4651 50
4652 50
4653 50
4654 50
4655 50
4656 50
4657 50
4658 50
4659 50
4660 50
4661 50
4662 50
4663 50
4664 50
4665 50
4666 50
4667 50
4668 50
4669 50
4670 50
4671 50
4672 50
4673 50
4674 50
4675 50
4676 50
4677 50
4678 50
4679 50
4680 50
4681 50
4682 50
4683 50
4684 50
4685 50
4686 50
4687 50
4688 50
4689 50
4690 50
4691 50
4692 50
4693 50
4694 50
4695 50
4696 50
4697 50
4698 50
4699 50
4700 50
4701 50
4702 50
4703 50
4704 50
4705 50
4706 50
4707 50
4708 50
4709 50
4710 50
4711 50
4712 50
4713 44
4714 48
4715 50
4716 50
4717 50
4718 50
4719 50
4720 50
4721 50
4722 50
4723 50
4724 50
4725 50
4726 50
4727 50
4728 50
4729 50
4730 50
4731 50
4732 50
4733 50
4734 50
4735 50
4736 50
4737 50
4738 50
4739 50
4740 50
4741 50
4742 50
4743 50
4744 50
4745 50
4746 50
4747 50
4748 50
4749 50
4750 50
4751 50
4752 50
4753 50
4754 50
4755 50
4756 50
4757 50
4758 50
4759 50
4760 50
4761 50
4762 50
4763 50
4764 50
4765 50
4766 50
4767 50
4768 50
4769 50
4770 50
4771 50
4772 50
4773 50
4774 50
4775 50
4776 50
4777 50
4778 50
4779 50
4780 50
4781 50
4782 50
4783 50
4784 50
4785 50
4786 50
4787 50
4788 50
4789 50
4790 50
4791 50
4792 50
4793 50
4794 50
4795 50
4796 50
4797 50
4798 50
4799 50
4800 50
4801 50
4802 50
4803 50
4804 50
4805 50
4806 50
4807 50
4808 50
4809 50
4810 50
4811 50
4812 50
4813 50
4814 50
4815 50
4816 50
4817 50
4818 50
4819 50
4820 50
4821 50
4822 50
4823 50
4824 50
4825 50
4826 50
4827 50
4828 50
4829 50
4830 50
4831 50
4832 50
4833 50
4834 50
4835 50
4836 50
4837 50
4838 50
4839 50
4840 50
4841 50
4842 50
4843 50
4844 48
4845 46
4846 44
4847 44
4848 40
4849 42
4850 40
4851 34
4852 30
4853 34
4854 38
4855 28
4856 32
4857 46
4858 44
4859 40
4860 34
4861 36
4862 36
4863 36
4864 42
4865 38
4866 30
4867 30
4868 24
4869 28
4870 32
4871 30
4872 26
4873 32
4874 32
4875 32
4876 28
4877 30
4878 28
4879 30
4880 34
4881 36
4882 40
4883 40
4884 42
4885 42
4886 46
4887 44
4888 48
4889 46
4890 48
4891 50
4892 50
4893 50
4894 50
4895 50
4896 50
4897 50
4898 50
4899 50
4900 50
4901 50
4902 50
4903 50
4904 50
4905 50
4906 50
4907 50
4908 50
4909 50
4910 50
4911 50
4912 50
4913 50
4914 50
4915 50
4916 50
4917 50
4918 50
4919 50
4920 50
4921 50
4922 50
4923 50
4924 50
4925 50
4926 50
4927 50
4928 50
4929 50
4930 50
4931 50
4932 50
4933 50
4934 50
4935 50
4936 50
4937 50
4938 50
4939 50
4940 50
4941 50
4942 50
4943 50
4944 50
4945 50
4946 50
4947 50
4948 50
4949 50
4950 50
4951 50
4952 50
4953 50
4954 50
4955 50
4956 50
4957 50
4958 50
4959 50
4960 50
4961 50
4962 50
4963 50
4964 50
4965 50
4966 50
4967 50
4968 50
4969 50
4970 50
4971 50
4972 50
4973 50
4974 50
4975 50
4976 50
4977 50
4978 50
4979 50
4980 50
4981 50
4982 50
4983 50
4984 50
4985 50
4986 50
4987 50
4988 50
4989 50
4990 50
4991 50
4992 50
4993 50
4994 50
4995 50
4996 50
4997 50
4998 50
4999 50
5000 50
