1 64
2 196
3 64
4 256
5 144
6 144
7 64
8 0
9 36
10 4
11 36
12 100
13 144
14 196
15 324
16 484
17 324
18 484
19 676
20 676
21 784
22 1156
23 1296
24 1444
25 1296
26 1296
27 1024
28 676
29 676
30 900
31 1024
32 900
33 1296
34 784
35 324
36 256
37 144
38 256
39 144
40 64
41 100
42 196
43 324
44 484
45 400
46 784
47 676
48 784
49 1156
50 900
51 1444
52 1296
53 1936
54 2116
55 1936
56 1764
57 1936
58 2116
59 2116
60 2116
61 2304
62 2304
63 2304
64 1764
65 1936
66 1764
67 2304
68 2500
69 2500
70 2500
71 2500
72 2500
73 2500
74 2500
75 2500
76 2500
77 2500
78 2500
79 2500
80 2500
81 2500
82 2500
83 2500
84 2500
85 2500
86 2500
87 2500
88 2500
89 2500
90 2500
91 2500
92 2500
93 2500
94 2500
95 2500
96 2500
97 2500
98 2500
99 2500
100 2500
101 2500
102 2500
103 2500
104 2500
105 2500
106 2500
107 2500
108 2500
109 2500
110 2500
111 2500
112 2500
113 2500
114 2500
115 2500
116 2500
117 2500
118 2500
119 2500
120 2500
121 2500
122 2500
123 2500
124 2500
125 2500
126 2500
127 2500
128 2500
129 2500
130 2500
131 2500
132 2500
133 2500
134 2500
135 2500
136 2500
137 2500
138 2500
139 2500
140 2500
141 2500
142 2500
143 2500
144 2500
145 2500
146 2500
147 2500
148 2500
149 2500
150 2500
151 2500
152 2500
153 2500
154 2500
155 2500
156 2500
157 2500
158 2500
159 2500
160 2500
161 2500
162 2500
163 2500
164 2500
165 2500
166 2500
167 2500
168 2500
169 2500
170 2500
171 2500
172 2500
173 2500
174 2500
175 2500
176 2500
177 2500
178 2500
179 2500
180 2500
181 2500
182 2500
183 2500
184 2500
185 2500
186 2500
187 2500
188 2500
189 2500
190 2500
191 2500
192 2500
193 2500
194 2500
195 2500
196 2500
197 2500
198 2500
199 2500
200 2500
201 2500
202 2500
203 2500
204 2500
205 2500
206 2500
207 2500
208 2500
209 2500
210 2500
211 2500
212 2500
213 2500
214 2500
215 2500
216 2500
217 2500
218 2500
219 2500
220 2500
221 2500
222 2500
223 2500
224 2500
225 2500
226 2500
227 2500
228 2500
229 2500
230 2500
231 2500
232 2500
233 2500
234 2500
235 2500
236 2500
237 2500
238 2500
239 2500
240 2500
241 2500
242 2500
243 2500
244 2500
245 2500
246 2500
247 2500
248 2500
249 2500
250 2500
251 2500
252 2500
253 2500
254 2500
255 2500
256 2500
257 2500
258 2500
259 2500
260 2500
261 2500
262 2500
263 2500
264 2500
265 2500
266 2500
267 2500
268 2500
269 2500
270 2500
271 2500
272 2500
273 2500
274 2500
275 2500
276 2500
277 2500
278 2500
279 2500
280 2500
281 2500
282 2500
283 2500
284 2500
285 2500
286 2500
287 2500
288 2500
289 2500
290 2500
291 2500
292 2500
293 2500
294 2500
295 2500
296 2500
297 2500
298 2500
299 2500
300 2500
301 2500
302 2500
303 2500
304 2500
305 2500
306 2500
307 2500
308 2500
309 2500
310 2500
311 2500
312 2500
313 2500
314 2500
315 2500
316 2500
317 2500
318 2500
319 2500
320 2500
321 2500
322 2500
323 2500
324 2500
325 2500
326 2500
327 2500
328 2500
329 2500
330 2500
331 2500
332 2500
333 2500
334 2500
335 2500
336 2500
337 2500
338 2500
339 2500
340 2500
341 2500
342 2500
343 2500
344 2500
345 2500
346 2500
347 2500
348 2500
349 2500
350 2500
351 2500
352 2500
353 2500
354 2500
355 2500
356 2500
357 2500
358 2500
359 2500
360 2500
361 2500
362 2500
363 2500
364 2500
365 2500
366 2500
367 2500
368 2500
369 2500
370 2500
371 2500
372 2500
373 2500
374 2500
375 2500
376 2500
377 2500
378 2500
379 2500
380 2500
381 2500
382 2500
383 2500
384 2500
385 2500
386 2500
387 2500
388 2500
389 2500
390 2500
391 2500
392 2500
393 2500
394 2500
395 2500
396 2500
397 2500
398 2500
399 2500
400 2500
401 2500
402 2304
403 1764
404 1444
405 1600
406 1764
407 1600
408 1936
409 2304
410 2116
411 1936
412 1764
413 1444
414 1764
415 1764
416 2116
417 2500
418 2500
419 2500
420 2500
421 2500
422 2500
423 2500
424 2500
425 2500
426 2500
427 2500
428 2500
429 2500
430 2500
431 2500
432 2500
433 2500
434 2500
435 2500
436 2500
437 2500
438 2500
439 2500
440 2500
441 2500
442 2500
443 2500
444 2500
445 2500
446 2500
447 2500
448 2500
449 2500
450 2500
451 2500
452 2500
453 2500
454 2500
455 2500
456 2500
457 2500
458 2500
459 2500
460 2500
461 2500
462 2500
463 2500
464 2500
465 2500
466 2500
467 2500
468 2500
469 2500
470 2500
471 2500
472 2500
473 2500
474 2500
475 2500
476 2500
477 2500
478 2500
479 2500
480 2500
481 2500
482 2500
483 2500
484 2500
485 2500
486 2500
487 2500
488 2500
489 2500
490 2500
491 2500
492 2500
493 2500
494 2500
495 2500
496 2500
497 2500
498 2500
499 2500
500 2500
501 2500
502 2500
503 2500
504 2500
505 2500
506 2500
507 2500
508 2500
509 2500
510 2500
511 2500
512 2500
513 2500
514 2500
515 2500
516 2500
517 2500
518 2500
519 2500
520 2500
521 2500
522 2500
523 2500
524 2500
525 2500
526 2500
527 2500
528 2500
529 2500
530 2500
531 2500
532 2500
533 2500
534 2500
535 2500
536 2500
537 2500
538 2500
539 2500
540 2500
541 2500
542 2500
543 2500
544 2500
545 2500
546 2500
547 2500
548 2500
549 2500
550 2500
551 2500
552 2304
553 2304
554 2116
555 1936
556 1764
557 2116
558 2116
559 1444
560 1296
561 1600
562 900
563 900
564 1156
565 1156
566 1444
567 1444
568 1444
569 784
570 1296
571 1024
572 900
573 900
574 1156
575 1296
576 1444
577 2116
578 2500
579 2500
580 2500
581 2500
582 2500
583 2500
584 2500
585 2500
586 2500
587 2500
588 2500
589 2500
590 2500
591 2500
592 2500
593 2500
594 2500
595 2500
596 2500
597 2500
598 2500
599 2500
600 2500
601 2500
602 2500
603 2500
604 2500
605 2500
606 2500
607 2500
608 2500
609 2500
610 2500
611 2500
612 2500
613 2500
614 2500
615 2500
616 2500
617 2500
618 2500
619 2500
620 2500
621 2500
622 2500
623 2500
624 2500
625 2500
626 2500
627 2500
628 2500
629 2500
630 2500
631 2500
632 2500
633 2500
634 2500
635 2500
636 2500
637 2500
638 2500
639 2500
640 2500
641 2500
642 2500
643 2500
644 2500
645 2500
646 2500
647 2500
648 2500
649 2500
650 2500
651 2500
652 2500
653 2500
654 2500
655 2500
656 2500
657 2500
658 2500
659 2500
660 2500
661 2500
662 2500
663 2500
664 2500
665 2500
666 2500
667 2500
668 2500
669 2500
670 2500
671 2500
672 2500
673 2500
674 2500
675 2500
676 2500
677 2500
678 2500
679 2500
680 2500
681 2500
682 2500
683 2500
684 2500
685 2500
686 2500
687 2500
688 2500
689 2500
690 2500
691 2500
692 2500
693 2500
694 2500
695 2500
696 2500
697 2500
698 2500
699 2500
700 2500
701 2500
702 2500
703 2500
704 2500
705 2500
706 2500
707 2500
708 2500
709 2116
710 1764
711 1936
712 1764
713 1296
714 576
715 324
716 400
717 576
718 484
719 576
720 484
721 400
722 576
723 484
724 324
725 256
726 256
727 196
728 144
729 324
730 784
731 900
732 676
733 576
734 400
735 484
736 676
737 676
738 676
739 576
740 484
741 676
742 576
743 900
744 900
745 1024
746 1444
747 1764
748 2116
749 1936
750 1296
751 1764
752 1296
753 1024
754 1024
755 1024
756 1156
757 900
758 1024
759 1444
760 1296
761 1296
762 900
763 900
764 676
765 1024
766 784
767 784
768 784
769 1296
770 1024
771 900
772 1024
773 676
774 576
775 400
776 484
777 100
778 64
779 4
780 64
781 4
782 4
783 36
784 196
785 196
786 324
787 400
788 256
789 324
790 196
791 196
792 400
793 324
794 484
795 256
796 400
797 100
798 324
799 256
800 324
801 196
802 196
803 256
804 144
805 36
806 4
807 4
808 16
809 4
810 36
811 144
812 144
813 196
814 144
815 196
816 36
817 16
818 0
819 36
820 16
821 16
822 64
823 36
824 16
825 4
826 4
827 16
828 64
829 64
830 16
831 0
832 0
833 36
834 100
835 196
836 144
837 484
838 484
839 784
840 400
841 576
842 484
843 400
844 576
845 576
846 576
847 484
848 324
849 256
850 400
851 324
852 324
853 576
854 484
855 484
856 324
857 324
858 324
859 196
860 196
861 256
862 100
863 196
864 196
865 324
866 196
867 64
868 100
869 64
870 0
871 4
872 16
873 0
874 4
875 36
876 16
877 4
878 16
879 0
880 36
881 16
882 16
883 16
884 0
885 4
886 16
887 16
888 4
889 0
890 16
891 36
892 64
893 64
894 16
895 36
896 16
897 36
898 100
899 16
900 16
901 36
902 4
903 16
904 0
905 0
906 0
907 16
908 0
909 0
910 4
911 0
912 16
913 36
914 36
915 36
916 100
917 196
918 144
919 64
920 144
921 484
922 484
923 576
924 484
925 400
926 784
927 576
928 576
929 324
930 256
931 256
932 676
933 900
934 576
935 1296
936 576
937 900
938 1024
939 1024
940 900
941 1156
942 784
943 784
944 576
945 400
946 400
947 400
948 484
949 324
950 484
951 256
952 196
953 400
954 196
955 400
956 676
957 784
958 1156
959 900
960 784
961 900
962 1156
963 1156
964 1444
965 1444
966 1156
967 1296
968 1444
969 1600
970 1600
971 1444
972 1444
973 1600
974 1600
975 1764
976 1600
977 1444
978 676
979 784
980 576
981 324
982 256
983 256
984 196
985 144
986 64
987 4
988 0
989 0
990 4
991 16
992 100
993 100
994 256
995 324
996 576
997 324
998 324
999 196
1000 400
1001 324
1002 324
1003 484
1004 400
1005 484
1006 576
1007 676
1008 784
1009 1024
1010 784
1011 676
1012 900
1013 1024
1014 1444
1015 1764
1016 1764
1017 2116
1018 2500
1019 2500
1020 2500
1021 2500
1022 2500
1023 2500
1024 2500
1025 2500
1026 2500
1027 2500
1028 2500
1029 2500
1030 2500
1031 2500
1032 2500
1033 2500
1034 2500
1035 2500
1036 2500
1037 2500
1038 2500
1039 2500
1040 2500
1041 2500
1042 2500
1043 2500
1044 2500
1045 2500
1046 2500
1047 2500
1048 2500
1049 2500
1050 2500
1051 2500
1052 2500
1053 2500
1054 2500
1055 2500
1056 2500
1057 2500
1058 2500
1059 2500
1060 2500
1061 2500
1062 2500
1063 2500
1064 2500
1065 2500
1066 2500
1067 2500
1068 2500
1069 2500
1070 2500
1071 2500
1072 2500
1073 2500
1074 2500
1075 2500
1076 2500
1077 2500
1078 2500
1079 2500
1080 2500
1081 2500
1082 2500
1083 2500
1084 2500
1085 2500
1086 2500
1087 2500
1088 2500
1089 2500
1090 2500
1091 2500
1092 2500
1093 2500
1094 2500
1095 2500
1096 2500
1097 2500
1098 2500
1099 2500
1100 2500
1101 2500
1102 2500
1103 2500
1104 2500
1105 2500
1106 2500
1107 2500
1108 2500
1109 2500
1110 2500
1111 2500
1112 2500
1113 2500
1114 2500
1115 2500
1116 2500
1117 2500
1118 2500
1119 2500
1120 2500
1121 2500
1122 2500
1123 2500
1124 2500
1125 2500
1126 2500
1127 2500
1128 2500
1129 2500
1130 2500
1131 2500
1132 2500
1133 2500
1134 2500
1135 2500
1136 2500
1137 2500
1138 1936
1139 2304
1140 2500
1141 2500
1142 2500
1143 2500
1144 2500
1145 2500
1146 2500
1147 2500
1148 2500
1149 2500
1150 2500
1151 2500
1152 2500
1153 2500
1154 2500
1155 2500
1156 2500
1157 2116
1158 2116
1159 2304
1160 2116
1161 2304
1162 2500
1163 2500
1164 2500
1165 2500
1166 2500
1167 2500
1168 2500
1169 2500
1170 2500
1171 2500
1172 2500
1173 2500
1174 2500
1175 2500
1176 2500
1177 2500
1178 2500
1179 2500
1180 2500
1181 2500
1182 2500
1183 2500
1184 2500
1185 2500
1186 2500
1187 2500
1188 2500
1189 2500
1190 2500
1191 2500
1192 2500
1193 2500
1194 2500
1195 2500
1196 2500
1197 2500
1198 2500
1199 2500
1200 2500
1201 2500
1202 2500
1203 2500
1204 2500
1205 2500
1206 2500
1207 2500
1208 2500
1209 2500
1210 2500
1211 2500
1212 2500
1213 2500
1214 2500
1215 2500
1216 2500
1217 2500
1218 2500
1219 2500
1220 2500
1221 2500
1222 2500
1223 2500
1224 2500
1225 2500
1226 2500
1227 2500
1228 2500
1229 2500
1230 2500
1231 2500
1232 2500
1233 2500
1234 2500
1235 2500
1236 2500
1237 2500
1238 2500
1239 2500
1240 2500
1241 2500
1242 2500
1243 2500
1244 2500
1245 2500
1246 2500
1247 2500
1248 2500
1249 2500
1250 2500
1251 2500
1252 2500
1253 2500
1254 2500
1255 2500
1256 2500
1257 2500
1258 2500
1259 2500
1260 2500
1261 2500
1262 2500
1263 2500
1264 2500
1265 2500
1266 2500
1267 2500
1268 2500
1269 2500
1270 2500
1271 2500
1272 2500
1273 2500
1274 2500
1275 2500
1276 2500
1277 2500
1278 2500
1279 2500
1280 2500
1281 2500
1282 2500
1283 2500
1284 2500
1285 2500
1286 2500
1287 2500
1288 2500
1289 2500
1290 2500
1291 2500
1292 2500
1293 2500
1294 2500
1295 2500
1296 2500
1297 2500
1298 2500
1299 2500
1300 2500
1301 2500
1302 2500
1303 2500
1304 2500
1305 2500
1306 2500
1307 2500
1308 2500
1309 2500
1310 2500
1311 2500
1312 2500
1313 2500
1314 2500
1315 2500
1316 2500
1317 2500
1318 2500
1319 2500
1320 2500
1321 2500
1322 2500
1323 2500
1324 2500
1325 2500
1326 2500
1327 2500
1328 2500
1329 2500
1330 2500
1331 2500
1332 2500
1333 2500
1334 2500
1335 2500
1336 2500
1337 2500
1338 2500
1339 2500
1340 2500
1341 2500
1342 2500
1343 2500
1344 2500
1345 2500
1346 2500
1347 2500
1348 2500
1349 2500
1350 2500
1351 2500
1352 2500
1353 2500
1354 2500
1355 2500
1356 2500
1357 2500
1358 2500
1359 2500
1360 2500
1361 2500
1362 2500
1363 2500
1364 2500
1365 2500
1366 2500
1367 2500
1368 2500
1369 2500
1370 2500
1371 2500
1372 2500
1373 2500
1374 2500
1375 2500
1376 2500
1377 2500
1378 2500
1379 2500
1380 2500
1381 2500
1382 2500
1383 2500
1384 2500
1385 2500
1386 2500
1387 2500
1388 2500
1389 2500
1390 2500
1391 2500
1392 2500
1393 2500
1394 2500
1395 2500
1396 2500
1397 2500
1398 2500
1399 2500
1400 2500
1401 2500
1402 2500
1403 2500
1404 2500
1405 2500
1406 2500
1407 2500
1408 2500
1409 2500
1410 2500
1411 2500
1412 2500
1413 2500
1414 2500
1415 2500
1416 2500
1417 2500
1418 2500
1419 2500
1420 2500
1421 2500
1422 2500
1423 2500
1424 2500
1425 2500
1426 2500
1427 2500
1428 2500
1429 2500
1430 2500
1431 2500
1432 2500
1433 2500
1434 2500
1435 2500
1436 2500
1437 2500
1438 2500
1439 2500
1440 2500
1441 2304
1442 2500
1443 2500
1444 2500
1445 2500
1446 2500
1447 2500
1448 2500
1449 2500
1450 2500
1451 2500
1452 2500
1453 2500
1454 2500
1455 2500
1456 2500
1457 2500
1458 2500
1459 2500
1460 2500
1461 2500
1462 2500
1463 2500
1464 2500
1465 2500
1466 2500
1467 2304
1468 2116
1469 1936
1470 2304
1471 2304
1472 2500
1473 2500
1474 2500
1475 2500
1476 2500
1477 2500
1478 2500
1479 2500
1480 2500
1481 2500
1482 2500
1483 2500
1484 2500
1485 2500
1486 2500
1487 2500
1488 2500
1489 2500
1490 2500
1491 2500
1492 2500
1493 2500
1494 2500
1495 2500
1496 2500
1497 2500
1498 2500
1499 2500
1500 2500
1501 2500
1502 2500
1503 2500
1504 2500
1505 2500
1506 2500
1507 2500
1508 2500
1509 2500
1510 2500
1511 2500
1512 2500
1513 2500
1514 2500
1515 2500
1516 2500
1517 2500
1518 2500
1519 2500
1520 2500
1521 2500
1522 2500
1523 2500
1524 2500
1525 2500
1526 2500
1527 2500
1528 2500
1529 2500
1530 2500
1531 2500
1532 2500
1533 2500
1534 2500
1535 2500
1536 2500
1537 2500
1538 2500
1539 2500
1540 2500
1541 2500
1542 2500
1543 2500
1544 2500
1545 2500
1546 1936
1547 1600
1548 1296
1549 784
1550 484
1551 676
1552 484
1553 576
1554 1024
1555 1024
1556 784
1557 1156
1558 784
1559 576
1560 324
1561 400
1562 484
1563 676
1564 400
1565 400
1566 484
1567 484
1568 576
1569 784
1570 676
1571 900
1572 900
1573 576
1574 400
1575 676
1576 324
1577 196
1578 256
1579 144
1580 256
1581 64
1582 64
1583 144
1584 256
1585 144
1586 144
1587 324
1588 256
1589 256
1590 144
1591 196
1592 324
1593 196
1594 400
1595 400
1596 484
1597 784
1598 900
1599 900
1600 900
1601 400
1602 256
1603 256
1604 256
1605 324
1606 196
1607 144
1608 144
1609 196
1610 484
1611 324
1612 324
1613 400
1614 676
1615 1024
1616 900
1617 784
1618 1156
1619 1444
1620 1600
1621 1444
1622 1444
1623 1444
1624 1296
1625 1444
1626 1936
1627 1764
1628 1444
1629 1936
1630 2116
1631 2116
1632 2116
1633 2500
1634 2500
1635 2500
1636 2500
1637 2500
1638 2500
1639 2500
1640 2500
1641 2500
1642 2500
1643 2500
1644 2500
1645 2500
1646 2500
1647 2500
1648 2500
1649 2500
1650 2500
1651 2500
1652 2500
1653 2500
1654 2500
1655 2500
1656 2500
1657 2500
1658 2500
1659 2500
1660 2500
1661 2500
1662 2116
1663 1296
1664 1600
1665 1444
1666 1156
1667 1444
1668 1444
1669 1444
1670 1600
1671 1296
1672 1444
1673 1936
1674 2116
1675 1936
1676 2304
1677 1936
1678 1936
1679 2116
1680 2500
1681 2500
1682 2500
1683 2500
1684 2500
1685 2500
1686 2500
1687 2500
1688 2500
1689 2500
1690 2500
1691 2500
1692 2500
1693 2500
1694 2500
1695 2500
1696 2500
1697 2500
1698 2500
1699 2500
1700 2500
1701 2500
1702 2500
1703 2500
1704 2500
1705 2500
1706 2500
1707 2500
1708 2500
1709 2500
1710 2500
1711 2500
1712 2500
1713 2500
1714 2500
1715 2500
1716 2500
1717 2500
1718 2500
1719 2500
1720 2500
1721 2500
1722 2500
1723 2500
1724 2500
1725 2500
1726 2500
1727 2500
1728 2500
1729 2500
1730 2500
1731 2500
1732 2500
1733 2500
1734 2500
1735 2500
1736 2500
1737 2500
1738 2500
1739 2500
1740 2500
1741 2500
1742 2500
1743 2500
1744 2500
1745 2500
1746 2500
1747 2500
1748 2500
1749 2500
1750 2500
1751 2500
1752 2500
1753 2500
1754 2500
1755 2500
1756 2500
1757 2500
1758 2500
1759 2500
1760 2500
1761 2500
1762 2500
1763 2304
1764 2116
1765 2500
1766 2500
1767 2500
1768 2500
1769 2500
1770 2500
1771 2500
1772 2500
1773 2500
1774 2500
1775 2500
1776 2500
1777 2500
1778 2500
1779 2500
1780 2500
1781 2500
1782 2500
1783 2500
1784 2500
1785 2500
1786 2500
1787 2500
1788 2500
1789 2500
1790 2500
1791 2500
1792 2500
1793 2500
1794 2500
1795 2500
1796 2500
1797 2500
1798 2500
1799 2500
1800 1600
1801 1600
1802 2116
1803 1764
1804 1444
1805 1296
1806 1156
1807 900
1808 484
1809 784
1810 784
1811 576
1812 484
1813 324
1814 256
1815 64
1816 36
1817 0
1818 4
1819 4
1820 4
1821 0
1822 36
1823 16
1824 324
1825 324
1826 196
1827 400
1828 400
1829 576
1830 576
1831 400
1832 324
1833 324
1834 400
1835 256
1836 256
1837 196
1838 100
1839 256
1840 256
1841 324
1842 256
1843 400
1844 324
1845 400
1846 324
1847 256
1848 196
1849 144
1850 100
1851 16
1852 16
1853 16
1854 16
1855 100
1856 36
1857 64
1858 64
1859 64
1860 16
1861 16
1862 0
1863 0
1864 4
1865 0
1866 16
1867 64
1868 400
1869 484
1870 324
1871 400
1872 576
1873 676
1874 576
1875 676
1876 784
1877 784
1878 900
1879 784
1880 676
1881 484
1882 576
1883 576
1884 400
1885 484
1886 324
1887 144
1888 64
1889 36
1890 0
1891 4
1892 16
1893 36
1894 16
1895 16
1896 100
1897 256
1898 196
1899 16
1900 36
1901 100
1902 324
1903 256
1904 400
1905 484
1906 400
1907 400
1908 676
1909 400
1910 324
1911 900
1912 1156
1913 1296
1914 1600
1915 1600
1916 2116
1917 2500
1918 2500
1919 2500
1920 2500
1921 2500
1922 2500
1923 2500
1924 2500
1925 2500
1926 2500
1927 2500
1928 2500
1929 2500
1930 2500
1931 2500
1932 2500
1933 2500
1934 2500
1935 2500
1936 2500
1937 2500
1938 2500
1939 2500
1940 2500
1941 2500
1942 2500
1943 2500
1944 2500
1945 2500
1946 2500
1947 2500
1948 2500
1949 2500
1950 2500
1951 2500
1952 2500
1953 2500
1954 2500
1955 2500
1956 2500
1957 2500
1958 2500
1959 2500
1960 2500
1961 2500
1962 2500
1963 2500
1964 2500
1965 2500
1966 2500
1967 2304
1968 2500
1969 2500
1970 2500
1971 2500
1972 2500
1973 2500
1974 2500
1975 2500
1976 2500
1977 2500
1978 2500
1979 2500
1980 2500
1981 2500
1982 2500
1983 2500
1984 2500
1985 2500
1986 2500
1987 2500
1988 2500
1989 2500
1990 2500
1991 2500
1992 2500
1993 2500
1994 2500
1995 2500
1996 2500
1997 2500
1998 2500
1999 2500
2000 2500
2001 2500
2002 2500
2003 2500
2004 2500
2005 2500
2006 2500
2007 2500
2008 2500
2009 2500
2010 2500
2011 2500
2012 2500
2013 2500
2014 2500
2015 2500
2016 2500
2017 2500
2018 2500
2019 2500
2020 2500
2021 2500
2022 2304
2023 2116
2024 2500
2025 2500
2026 2500
2027 2500
2028 2500
2029 2500
2030 2500
2031 2500
2032 2500
2033 2500
2034 2500
2035 2500
2036 2500
2037 2500
2038 2500
2039 2500
2040 2500
2041 2500
2042 2500
2043 2500
2044 2500
2045 2500
2046 2500
2047 2500
2048 2500
2049 2500
2050 2500
2051 2500
2052 2500
2053 2500
2054 2500
2055 2500
2056 2500
2057 2500
2058 2500
2059 2500
2060 2500
2061 2500
2062 2500
2063 2500
2064 2500
2065 2500
2066 2500
2067 2500
2068 2500
2069 2500
2070 2500
2071 2500
2072 2500
2073 2500
2074 2500
2075 2500
2076 2500
2077 2500
2078 2500
2079 2500
2080 2500
2081 2500
2082 2500
2083 2500
2084 2500
2085 2500
2086 2500
2087 2500
2088 2500
2089 2500
2090 2500
2091 2500
2092 2500
2093 2500
2094 2500
2095 2500
2096 2500
2097 2500
2098 2500
2099 2500
2100 2500
2101 2500
2102 2500
2103 2500
2104 2500
2105 2500
2106 2500
2107 2500
2108 2500
2109 2500
2110 2500
2111 2500
2112 2500
2113 2500
2114 2500
2115 2500
2116 2500
2117 2500
2118 2500
2119 2500
2120 2500
2121 2500
2122 2500
2123 2500
2124 2500
2125 2500
2126 2500
2127 2500
2128 2500
2129 2500
2130 2500
2131 2500
2132 2500
2133 2500
2134 1936
2135 2116
2136 2304
2137 2304
2138 2116
2139 2304
2140 2116
2141 1600
2142 1764
2143 1296
2144 784
2145 484
2146 484
2147 900
2148 1024
2149 900
2150 676
2151 484
2152 484
2153 484
2154 576
2155 324
2156 484
2157 324
2158 144
2159 64
2160 64
2161 100
2162 144
2163 100
2164 64
2165 100
2166 196
2167 576
2168 324
2169 196
2170 196
2171 144
2172 64
2173 100
2174 36
2175 100
2176 196
2177 64
2178 100
2179 100
2180 144
2181 36
2182 16
2183 64
2184 100
2185 100
2186 144
2187 64
2188 36
2189 64
2190 16
2191 16
2192 36
2193 16
2194 4
2195 4
2196 16
2197 36
2198 144
2199 196
2200 196
2201 144
2202 64
2203 64
2204 36
2205 16
2206 4
2207 16
2208 0
2209 4
2210 4
2211 36
2212 64
2213 64
2214 64
2215 64
2216 144
2217 64
2218 144
2219 64
2220 16
2221 64
2222 256
2223 400
2224 324
2225 256
2226 324
2227 324
2228 484
2229 784
2230 676
2231 576
2232 484
2233 400
2234 484
2235 324
2236 256
2237 676
2238 484
2239 676
2240 484
2241 676
2242 1024
2243 1156
2244 1296
2245 1024
2246 784
2247 1024
2248 900
2249 676
2250 900
2251 1024
2252 900
2253 784
2254 484
2255 900
2256 900
2257 676
2258 676
2259 576
2260 900
2261 1024
2262 784
2263 676
2264 324
2265 256
2266 256
2267 256
2268 196
2269 196
2270 196
2271 100
2272 144
2273 4
2274 4
2275 4
2276 16
2277 4
2278 36
2279 4
2280 0
2281 16
2282 64
2283 196
2284 400
2285 400
2286 484
2287 784
2288 676
2289 324
2290 324
2291 576
2292 784
2293 676
2294 784
2295 1296
2296 1296
2297 1444
2298 1764
2299 1764
2300 1444
2301 1600
2302 1156
2303 1444
2304 1764
2305 1024
2306 1024
2307 1024
2308 1024
2309 1156
2310 900
2311 900
2312 900
2313 1024
2314 1296
2315 1444
2316 1600
2317 2500
2318 2500
2319 2500
2320 2500
2321 2500
2322 2500
2323 2500
2324 2500
2325 2500
2326 2500
2327 2500
2328 2500
2329 2500
2330 2500
2331 2500
2332 2500
2333 2500
2334 2500
2335 2500
2336 2500
2337 2500
2338 2500
2339 2500
2340 2500
2341 2500
2342 2500
2343 2500
2344 2500
2345 2500
2346 2500
2347 2500
2348 2500
2349 2500
2350 2500
2351 2500
2352 2500
2353 2500
2354 2500
2355 2500
2356 2500
2357 2500
2358 2500
2359 2500
2360 2500
2361 2500
2362 2500
2363 2500
2364 2500
2365 2500
2366 2500
2367 2500
2368 2500
2369 2500
2370 2500
2371 2500
2372 2500
2373 2500
2374 2500
2375 2500
2376 2500
2377 2500
2378 2500
2379 2500
2380 2500
2381 2500
2382 2500
2383 2500
2384 2500
2385 2500
2386 2500
2387 2500
2388 2500
2389 2500
2390 2500
2391 2500
2392 2500
2393 2500
2394 2500
2395 2500
2396 2500
2397 2500
2398 2500
2399 2500
2400 2500
2401 2500
2402 2500
2403 2500
2404 2500
2405 2500
2406 2500
2407 2500
2408 2500
2409 2500
2410 2500
2411 2500
2412 2500
2413 2500
2414 2500
2415 2500
2416 2500
2417 2500
2418 2500
2419 2500
2420 2500
2421 2500
2422 2500
2423 2500
2424 2500
2425 2500
2426 2500
2427 2500
2428 2500
2429 2500
2430 2500
2431 2500
2432 2500
2433 2500
2434 2500
2435 2500
2436 2500
2437 2500
2438 2500
2439 2500
2440 2500
2441 2500
2442 2500
2443 2500
2444 2500
2445 2500
2446 2500
2447 2500
2448 2500
2449 2500
2450 2500
2451 2500
2452 2500
2453 2500
2454 2500
2455 2500
2456 2500
2457 2500
2458 2500
2459 2500
2460 2500
2461 2500
2462 2500
2463 2500
2464 2500
2465 2500
2466 2500
2467 2500
2468 2500
2469 2500
2470 2500
2471 2500
2472 2500
2473 2500
2474 2500
2475 2500
2476 2500
2477 2500
2478 2500
2479 2500
2480 2500
2481 2500
2482 2500
2483 2500
2484 2500
2485 2500
2486 2500
2487 2500
2488 2500
2489 2500
2490 2500
2491 2500
2492 2500
2493 2500
2494 2500
2495 2500
2496 2500
2497 2500
2498 2500
2499 2500
2500 2500
2501 2500
2502 2500
2503 2500
2504 2500
2505 2500
2506 2500
2507 2500
2508 2500
2509 2500
2510 2500
2511 2500
2512 2500
2513 2500
2514 2500
2515 2500
2516 2500
2517 2500
2518 2500
2519 2500
2520 2500
2521 2500
2522 2500
2523 2500
2524 2500
2525 2500
2526 2500
2527 2500
2528 2500
2529 2500
2530 2500
2531 2500
2532 2500
2533 2500
2534 2500
2535 2500
2536 2500
2537 2500
2538 2500
2539 2500
2540 2500
2541 2500
2542 2500
2543 2500
2544 2500
2545 2500
2546 2500
2547 2500
2548 2500
2549 2500
2550 2500
2551 2500
2552 2500
2553 2500
2554 2500
2555 2500
2556 2500
2557 2500
2558 2500
2559 2500
2560 2500
2561 2500
2562 2500
2563 2500
2564 2500
2565 2500
2566 2500
2567 2500
2568 2500
2569 2500
2570 2304
2571 2116
2572 2304
2573 1764
2574 1600
2575 1936
2576 1764
2577 1600
2578 2116
2579 1936
2580 1296
2581 1024
2582 1444
2583 1024
2584 1156
2585 1156
2586 1764
2587 1936
2588 2116
2589 2500
2590 2500
2591 2500
2592 2500
2593 2500
2594 2500
2595 2500
2596 2500
2597 2500
2598 2500
2599 2500
2600 2500
2601 2500
2602 2500
2603 2500
2604 2500
2605 2500
2606 2500
2607 2500
2608 2500
2609 2500
2610 2500
2611 2500
2612 2500
2613 2500
2614 2500
2615 2500
2616 2500
2617 2500
2618 2500
2619 2500
2620 2500
2621 2500
2622 2500
2623 2500
2624 2500
2625 2500
2626 2500
2627 2500
2628 2500
2629 2500
2630 2500
2631 2500
2632 2500
2633 2500
2634 2500
2635 2500
2636 2500
2637 2500
2638 2500
2639 2500
2640 2500
2641 2500
2642 2500
2643 2500
2644 2500
2645 2500
2646 2500
2647 2500
2648 2500
2649 2500
2650 2500
2651 2500
2652 2500
2653 2500
2654 2500
2655 2500
2656 2500
2657 2500
2658 2500
2659 2500
2660 2500
2661 2500
2662 2500
2663 2500
2664 2500
2665 2500
2666 2500
2667 2500
2668 2500
2669 2500
2670 2500
2671 2500
2672 2500
2673 2304
2674 2304
2675 2116
2676 1764
2677 2304
2678 2116
2679 2116
2680 2500
2681 2500
2682 2500
2683 2500
2684 2500
2685 2500
2686 2500
2687 2500
2688 2500
2689 2500
2690 2500
2691 2500
2692 2500
2693 2500
2694 2304
2695 2500
2696 2500
2697 2500
2698 2500
2699 2500
2700 2500
2701 2500
2702 2500
2703 2500
2704 2500
2705 2500
2706 2500
2707 2500
2708 2500
2709 2500
2710 2500
2711 2500
2712 2500
2713 2500
2714 2500
2715 2500
2716 2500
2717 2500
2718 2500
2719 2500
2720 2500
2721 2500
2722 2500
2723 2500
2724 2500
2725 2500
2726 2500
2727 2500
2728 2500
2729 2500
2730 2500
2731 2500
2732 2500
2733 2500
2734 2500
2735 2500
2736 2500
2737 2500
2738 2500
2739 2500
2740 2500
2741 2500
2742 2500
2743 2500
2744 2500
2745 2500
2746 2500
2747 2500
2748 2500
2749 2500
2750 2500
2751 2500
2752 2500
2753 2500
2754 2500
2755 2500
2756 2500
2757 2500
2758 2500
2759 2500
2760 2500
2761 2500
2762 2500
2763 2500
2764 2500
2765 2500
2766 2500
2767 2500
2768 2500
2769 2500
2770 2500
2771 2500
2772 2500
2773 2500
2774 2500
2775 2500
2776 2500
2777 2500
2778 2500
2779 2500
2780 2500
2781 2500
2782 2500
2783 2500
2784 2500
2785 2500
2786 2500
2787 2500
2788 2500
2789 2500
2790 2500
2791 2500
2792 2500
2793 2500
2794 2500
2795 2500
2796 2500
2797 2500
2798 2500
2799 2500
2800 2500
2801 2500
2802 2500
2803 2500
2804 2500
2805 2500
2806 2500
2807 2500
2808 2500
2809 2500
2810 2500
2811 2500
2812 2500
2813 2500
2814 2500
2815 2500
2816 2500
2817 2500
2818 2500
2819 2500
2820 2500
2821 2500
2822 2500
2823 2500
2824 2500
2825 2500
2826 2500
2827 2500
2828 2500
2829 2500
2830 2500
2831 2500
2832 2500
2833 2500
2834 2500
2835 2500
2836 2500
2837 2500
2838 2500
2839 2500
2840 2500
2841 2500
2842 2500
2843 2500
2844 2500
2845 2500
2846 2500
2847 2500
2848 2500
2849 2500
2850 2500
2851 2500
2852 2500
2853 2500
2854 2500
2855 2500
2856 2500
2857 2500
2858 2500
2859 2500
2860 2500
2861 2500
2862 2500
2863 2500
2864 2500
2865 2500
2866 2500
2867 2500
2868 2500
2869 2500
2870 2500
2871 2500
2872 2500
2873 2500
2874 2500
2875 2500
2876 2500
2877 2500
2878 2500
2879 2500
2880 2500
2881 2500
2882 2500
2883 2500
2884 2500
2885 2500
2886 2500
2887 2500
2888 2500
2889 2500
2890 2500
2891 2500
2892 2500
2893 2500
2894 2500
2895 2500
2896 2500
2897 2500
2898 2500
2899 2500
2900 2500
2901 2500
2902 2500
2903 2500
2904 2500
2905 2500
2906 2500
2907 2500
2908 2500
2909 2500
2910 2500
2911 2500
2912 2500
2913 2500
2914 2500
2915 2500
2916 2500
2917 2500
2918 2500
2919 2500
2920 2500
2921 2500
2922 2500
2923 2500
2924 2500
2925 2500
2926 2500
2927 2500
2928 2500
2929 2500
2930 2500
2931 2500
2932 2500
2933 2500
2934 2500
2935 2500
2936 2500
2937 2500
2938 2500
2939 2500
2940 2500
2941 2500
2942 2500
2943 2500
2944 2500
2945 2500
2946 2500
2947 2500
2948 2500
2949 2500
2950 2500
2951 2500
2952 2500
2953 2500
2954 2500
2955 2500
2956 2500
2957 2500
2958 2500
2959 2500
2960 2500
2961 2500
2962 2500
2963 2500
2964 2500
2965 2500
2966 2500
2967 2500
2968 2500
2969 2500
2970 2500
2971 2500
2972 2500
2973 2500
2974 2500
2975 2500
2976 2500
2977 2500
2978 2500
2979 2500
2980 2500
2981 2500
2982 2500
2983 2500
2984 2500
2985 2500
2986 2500
2987 2500
2988 2500
2989 2500
2990 2500
2991 2304
2992 2500
2993 2500
2994 2500
2995 2116
2996 1600
2997 1764
2998 1156
2999 1296
3000 1444
3001 1296
3002 1600
3003 1444
3004 1444
3005 1296
3006 900
3007 900
3008 1156
3009 2116
3010 2304
3011 2500
3012 2500
3013 2500
3014 2500
3015 2500
3016 2500
3017 2500
3018 2500
3019 2500
3020 2500
3021 2500
3022 2500
3023 2500
3024 2500
3025 2500
3026 2500
3027 2500
3028 2500
3029 2500
3030 2500
3031 2500
3032 2500
3033 2500
3034 2500
3035 2500
3036 2500
3037 2500
3038 2500
3039 2500
3040 2500
3041 2500
3042 2500
3043 2500
3044 2500
3045 2500
3046 2500
3047 2500
3048 2500
3049 2500
3050 2500
3051 2500
3052 2500
3053 2500
3054 2500
3055 2500
3056 2500
3057 2500
3058 2500
3059 2500
3060 2500
3061 2500
3062 2500
3063 2500
3064 2500
3065 2500
3066 2304
3067 2500
3068 2500
3069 2500
3070 2500
3071 2500
3072 2500
3073 2500
3074 2500
3075 2500
3076 2500
3077 2500
3078 2500
3079 2500
3080 2500
3081 2500
3082 2500
3083 2500
3084 2500
3085 2500
3086 2500
3087 2500
3088 2500
3089 2500
3090 2500
3091 2500
3092 2500
3093 2500
3094 2500
3095 2500
3096 2500
3097 2500
3098 2500
3099 2500
3100 2500
3101 2500
3102 2500
3103 2500
3104 2500
3105 2500
3106 2500
3107 2500
3108 2500
3109 2500
3110 2500
3111 2500
3112 2500
3113 2500
3114 2500
3115 2500
3116 2500
3117 2500
3118 2500
3119 2500
3120 2500
3121 2500
3122 2500
3123 2500
3124 2500
3125 2500
3126 2500
3127 2500
3128 2500
3129 2500
3130 2500
3131 2500
3132 2500
3133 2500
3134 2304
3135 2116
3136 1764
3137 2304
3138 2500
3139 2500
3140 2500
3141 2500
3142 2500
3143 2500
3144 2500
3145 2500
3146 2500
3147 2500
3148 2500
3149 2500
3150 2500
3151 2500
3152 2500
3153 2500
3154 2500
3155 2500
3156 2500
3157 2500
3158 2500
3159 2500
3160 2500
3161 2500
3162 2500
3163 2500
3164 2500
3165 2500
3166 2500
3167 2500
3168 2500
3169 2500
3170 2500
3171 2500
3172 2500
3173 2500
3174 2500
3175 2500
3176 2500
3177 2500
3178 2500
3179 2500
3180 2500
3181 2500
3182 2500
3183 2500
3184 2500
3185 2500
3186 2500
3187 2500
3188 2500
3189 2500
3190 2500
3191 2500
3192 2500
3193 2500
3194 2500
3195 2500
3196 2500
3197 2500
3198 2500
3199 2500
3200 2500
3201 2500
3202 2500
3203 2500
3204 2500
3205 2500
3206 2500
3207 2500
3208 2500
3209 2500
3210 2500
3211 2500
3212 2500
3213 2500
3214 2500
3215 2500
3216 2500
3217 2500
3218 2500
3219 2500
3220 2500
3221 2500
3222 2500
3223 2500
3224 2500
3225 2500
3226 2500
3227 2500
3228 2500
3229 2500
3230 2500
3231 2500
3232 2500
3233 2500
3234 2500
3235 2500
3236 2500
3237 2500
3238 2500
3239 2500
3240 2500
3241 2500
3242 2500
3243 2500
3244 2500
3245 2500
3246 2500
3247 2500
3248 2304
3249 1764
3250 1764
3251 2304
3252 2500
3253 2500
3254 2500
3255 2500
3256 2500
3257 2500
3258 2500
3259 2500
3260 2500
3261 2500
3262 2500
3263 2500
3264 2500
3265 2500
3266 2500
3267 2500
3268 2500
3269 2304
3270 2500
3271 2500
3272 2500
3273 2500
3274 2500
3275 2500
3276 2500
3277 2500
3278 2500
3279 2500
3280 2500
3281 2500
3282 2500
3283 2500
3284 2500
3285 2500
3286 2500
3287 2500
3288 2500
3289 2500
3290 2500
3291 2500
3292 2500
3293 2500
3294 2500
3295 2500
3296 2500
3297 2500
3298 2500
3299 2500
3300 2500
3301 2500
3302 2500
3303 2500
3304 2500
3305 2500
3306 2500
3307 2500
3308 2500
3309 2500
3310 2500
3311 2500
3312 2500
3313 2500
3314 2500
3315 2500
3316 2500
3317 2500
3318 2500
3319 2500
3320 2500
3321 2500
3322 2500
3323 2500
3324 2500
3325 2500
3326 2500
3327 2500
3328 2500
3329 2500
3330 2500
3331 2500
3332 2500
3333 2500
3334 2500
3335 2500
3336 2500
3337 2500
3338 2500
3339 2500
3340 2500
3341 2500
3342 2500
3343 2500
3344 2500
3345 2500
3346 2500
3347 2500
3348 2500
3349 2500
3350 2500
3351 2500
3352 2500
3353 2500
3354 2500
3355 2500
3356 2500
3357 2500
3358 2500
3359 2500
3360 2500
3361 2500
3362 2500
3363 2500
3364 2500
3365 2500
3366 2500
3367 2500
3368 2500
3369 2500
3370 2500
3371 2500
3372 2304
3373 2304
3374 2500
3375 2500
3376 2500
3377 2500
3378 2500
3379 2500
3380 2500
3381 2500
3382 2500
3383 2500
3384 2500
3385 2500
3386 1936
3387 1444
3388 1024
3389 1024
3390 1024
3391 784
3392 676
3393 484
3394 576
3395 576
3396 576
3397 484
3398 676
3399 1024
3400 1024
3401 576
3402 676
3403 576
3404 484
3405 324
3406 324
3407 400
3408 484
3409 784
3410 1024
3411 900
3412 900
3413 1024
3414 1296
3415 1600
3416 1156
3417 1024
3418 1444
3419 1764
3420 1764
3421 1764
3422 1764
3423 1296
3424 1764
3425 1600
3426 1444
3427 1600
3428 1600
3429 1936
3430 1936
3431 2116
3432 2304
3433 2500
3434 2500
3435 2500
3436 2500
3437 2500
3438 2500
3439 2500
3440 2500
3441 2500
3442 2500
3443 2500
3444 2304
3445 2116
3446 2304
3447 2304
3448 2500
3449 2500
3450 2500
3451 2500
3452 2500
3453 2500
3454 2500
3455 2500
3456 2500
3457 2500
3458 2500
3459 2500
3460 2500
3461 2500
3462 2500
3463 2500
3464 2500
3465 2500
3466 2500
3467 2500
3468 2500
3469 2500
3470 2500
3471 2500
3472 2500
3473 2500
3474 2500
3475 2500
3476 2500
3477 2500
3478 2500
3479 2500
3480 2500
3481 2500
3482 2500
3483 2500
3484 2500
3485 2500
3486 2500
3487 2500
3488 2500
3489 2500
3490 2500
3491 2500
3492 2500
3493 2500
3494 2500
3495 2500
3496 2500
3497 2500
3498 2500
3499 2500
3500 2500
3501 2500
3502 2500
3503 2500
3504 2500
3505 2500
3506 2500
3507 2500
3508 2500
3509 2500
3510 2500
3511 2500
3512 2500
3513 2500
3514 2500
3515 2500
3516 2500
3517 2500
3518 2500
3519 2500
3520 2500
3521 2500
3522 2500
3523 2500
3524 2500
3525 2500
3526 2500
3527 2500
3528 2500
3529 2500
3530 2500
3531 2500
3532 2500
3533 2500
3534 2500
3535 2500
3536 2500
3537 2500
3538 2500
3539 2500
3540 2500
3541 2500
3542 2500
3543 2500
3544 2500
3545 2500
3546 2500
3547 2500
3548 2500
3549 2500
3550 2500
3551 2500
3552 2500
3553 2500
3554 2500
3555 2500
3556 2500
3557 2500
3558 2500
3559 2500
3560 2500
3561 2500
3562 2500
3563 2500
3564 2500
3565 2500
3566 2500
3567 2500
3568 2500
3569 2500
3570 2500
3571 2500
3572 2500
3573 2500
3574 2500
3575 2500
3576 2500
3577 2500
3578 2500
3579 2500
3580 2500
3581 2500
3582 2500
3583 2500
3584 2500
3585 2500
3586 2500
3587 2500
3588 2500
3589 2500
3590 2500
3591 2500
3592 2500
3593 2500
3594 2500
3595 2500
3596 2500
3597 2500
3598 2500
3599 2500
3600 2500
3601 2500
3602 2500
3603 2500
3604 2500
3605 2500
3606 2500
3607 2500
3608 2116
3609 2500
3610 2500
3611 2500
3612 2500
3613 2500
3614 2500
3615 2500
3616 2500
3617 2500
3618 2500
3619 2500
3620 2500
3621 2500
3622 2500
3623 2500
3624 2500
3625 2500
3626 2500
3627 2500
3628 2500
3629 2500
3630 2500
3631 2500
3632 2500
3633 2500
3634 2500
3635 2500
3636 2500
3637 2500
3638 2500
3639 2500
3640 2500
3641 2500
3642 2500
3643 2500
3644 2500
3645 2500
3646 2500
3647 2500
3648 2500
3649 2500
3650 2500
3651 2500
3652 2304
3653 2304
3654 2500
3655 2500
3656 2500
3657 2500
3658 2500
3659 2500
3660 2500
3661 2500
3662 2500
3663 2500
3664 2500
3665 2500
3666 2500
3667 2500
3668 2500
3669 2500
3670 2500
3671 2500
3672 2500
3673 2500
3674 2500
3675 2500
3676 2500
3677 2500
3678 2500
3679 2500
3680 2500
3681 2500
3682 2500
3683 2500
3684 2500
3685 2500
3686 2500
3687 2500
3688 2500
3689 2500
3690 2500
3691 2500
3692 2500
3693 2500
3694 2500
3695 2500
3696 2500
3697 2500
3698 2500
3699 2500
3700 2500
3701 2500
3702 2500
3703 2500
3704 2500
3705 2304
3706 2500
3707 2500
3708 2500
3709 2500
3710 2500
3711 2500
3712 2500
3713 2500
3714 2500
3715 2500
3716 2500
3717 2500
3718 2500
3719 2500
3720 2500
3721 2500
3722 2500
3723 2500
3724 2500
3725 2500
3726 2500
3727 2500
3728 2500
3729 2500
3730 2500
3731 2500
3732 2500
3733 2500
3734 2500
3735 2500
3736 2500
3737 2500
3738 2500
3739 2500
3740 2500
3741 2500
3742 2500
3743 2500
3744 2500
3745 2500
3746 2500
3747 2500
3748 2500
3749 2500
3750 2500
3751 2500
3752 2500
3753 2500
3754 2500
3755 2500
3756 2500
3757 2500
3758 2500
3759 2500
3760 2500
3761 2500
3762 2500
3763 2500
3764 2500
3765 2500
3766 2500
3767 2500
3768 2500
3769 2500
3770 2500
3771 2500
3772 2500
3773 2500
3774 2500
3775 2500
3776 2500
3777 2500
3778 2500
3779 2500
3780 2500
3781 2500
3782 2500
3783 2500
3784 2500
3785 2500
3786 2500
3787 2500
3788 2500
3789 2500
3790 2500
3791 2500
3792 2500
3793 2500
3794 2500
3795 2500
3796 2500
3797 2500
3798 2500
3799 2500
3800 2500
3801 2500
3802 2500
3803 2500
3804 2500
3805 2500
3806 2500
3807 2500
3808 2500
3809 2500
3810 2500
3811 2500
3812 2500
3813 2500
3814 2500
3815 2500
3816 2500
3817 2500
3818 2500
3819 2500
3820 2500
3821 2500
3822 2500
3823 2500
3824 2500
3825 2500
3826 2500
3827 2500
3828 2500
3829 2304
3830 2116
3831 1600
3832 1600
3833 2116
3834 1600
3835 1156
3836 1296
3837 1600
3838 1444
3839 1764
3840 1600
3841 1156
3842 1024
3843 1156
3844 1764
3845 2500
3846 2500
3847 2500
3848 2500
3849 2500
3850 2500
3851 2500
3852 2500
3853 2500
3854 2500
3855 2500
3856 2500
3857 2500
3858 2500
3859 2500
3860 2500
3861 2500
3862 2500
3863 2500
3864 2500
3865 2500
3866 2500
3867 2500
3868 2500
3869 2500
3870 2500
3871 2500
3872 2500
3873 2500
3874 2500
3875 2500
3876 2500
3877 2500
3878 2500
3879 2500
3880 2500
3881 2500
3882 2500
3883 2500
3884 2500
3885 2500
3886 2500
3887 2500
3888 2500
3889 2500
3890 2500
3891 2500
3892 2500
3893 2500
3894 2500
3895 2500
3896 2500
3897 2500
3898 2500
3899 2500
3900 2500
3901 2500
3902 2500
3903 2500
3904 2500
3905 2500
3906 2500
3907 2500
3908 2500
3909 2500
3910 2500
3911 2500
3912 2500
3913 2500
3914 2500
3915 2500
3916 2500
3917 2500
3918 2500
3919 2500
3920 2500
3921 2500
3922 2500
3923 2500
3924 2500
3925 2500
3926 2500
3927 2500
3928 2500
3929 2500
3930 2500
3931 2500
3932 2500
3933 2500
3934 2500
3935 2500
3936 2500
3937 2500
3938 2500
3939 2500
3940 2500
3941 2500
3942 2500
3943 2500
3944 2500
3945 2500
3946 2500
3947 2500
3948 2500
3949 2500
3950 2500
3951 2500
3952 2500
3953 2500
3954 2500
3955 2500
3956 2500
3957 2500
3958 2500
3959 2500
3960 2500
3961 2500
3962 2500
3963 2500
3964 2500
3965 2500
3966 2500
3967 2500
3968 2500
3969 2500
3970 2500
3971 2500
3972 2500
3973 2500
3974 2500
3975 2500
3976 2500
3977 2500
3978 2500
3979 2500
3980 2500
3981 2500
3982 2500
3983 2500
3984 2500
3985 2500
3986 2500
3987 2500
3988 2500
3989 2500
3990 2500
3991 2500
3992 2500
3993 2500
3994 2500
3995 2500
3996 2500
3997 2500
3998 2500
3999 2500
4000 2500
4001 2500
4002 2500
4003 2500
4004 2500
4005 2500
4006 2500
4007 2500
4008 2500
4009 2500
4010 2500
4011 2500
4012 2500
4013 2500
4014 2500
4015 2500
4016 2500
4017 2500
4018 2500
4019 2500
4020 2500
4021 2500
4022 2500
4023 2500
4024 2500
4025 2500
4026 2500
4027 2500
4028 2500
4029 2500
4030 2500
4031 2500
4032 2500
4033 2500
4034 2500
4035 2500
4036 2500
4037 2500
4038 2500
4039 2500
4040 2500
4041 2500
4042 2500
4043 2500
4044 2500
4045 2500
4046 2500
4047 2500
4048 2500
4049 2500
4050 2500
4051 2500
4052 2500
4053 2500
4054 2500
4055 2500
4056 2500
4057 2500
4058 2500
4059 2500
4060 2500
4061 2500
4062 2500
4063 2500
4064 2500
4065 2500
4066 2500
4067 2500
4068 2500
4069 2500
4070 2500
4071 2500
4072 2500
4073 2500
4074 2500
4075 2500
4076 2500
4077 2500
4078 2500
4079 2500
4080 2500
4081 2500
4082 2500
4083 2500
4084 2500
4085 2500
4086 2500
4087 2500
4088 2500
4089 2500
4090 2500
4091 2500
4092 2500
4093 2500
4094 2500
4095 2500
4096 2500
4097 2500
4098 2500
4099 2500
4100 2500
4101 2500
4102 2500
4103 2500
4104 2500
4105 2500
4106 2500
4107 2500
4108 2500
4109 2500
4110 2500
4111 2500
4112 2500
4113 2500
4114 2500
4115 2500
4116 2500
4117 2500
4118 2500
4119 2500
4120 2500
4121 2500
4122 2500
4123 2500
4124 2500
4125 2500
4126 2500
4127 2500
4128 2500
4129 2500
4130 2500
4131 2500
4132 2500
4133 2500
4134 2500
4135 2500
4136 2500
4137 2500
4138 2500
4139 2500
4140 2500
4141 2500
4142 2500
4143 2500
4144 2500
4145 2500
4146 2500
4147 2500
4148 2500
4149 2500
4150 2500
4151 2500
4152 2500
4153 2500
4154 2500
4155 2500
4156 2500
4157 2500
4158 2500
4159 2500
4160 2500
4161 2500
4162 2500
4163 2500
4164 2500
4165 2500
4166 2500
4167 2500
4168 2500
4169 2500
4170 2500
4171 2500
4172 2500
4173 2500
4174 2500
4175 2500
4176 2500
4177 2500
4178 2500
4179 2500
4180 2500
4181 2500
4182 2500
4183 2500
4184 2500
4185 2500
4186 2500
4187 2500
4188 2500
4189 2500
4190 2500
4191 2500
4192 2500
4193 2500
4194 2500
4195 2500
4196 2500
4197 2500
4198 2500
4199 2500
4200 2500
4201 2500
4202 2500
4203 2500
4204 2500
4205 2500
4206 2500
4207 2500
4208 2500
4209 2500
4210 2304
4211 2116
4212 2500
4213 2500
4214 2500
4215 2500
4216 2500
4217 2500
4218 2500
4219 2500
4220 2500
4221 2500
4222 2116
4223 2116
4224 2304
4225 1936
4226 1936
4227 1936
4228 1936
4229 2500
4230 2500
4231 2500
4232 2500
4233 2500
4234 2500
4235 2500
4236 2500
4237 2500
4238 2500
4239 2500
4240 2500
4241 2500
4242 2500
4243 2500
4244 2500
4245 2500
4246 2500
4247 2500
4248 2500
4249 2500
4250 2500
4251 2500
4252 2500
4253 2500
4254 2500
4255 2500
4256 2500
4257 2500
4258 2500
4259 2500
4260 2500
4261 2500
4262 2500
4263 2500
4264 2500
4265 2500
4266 2500
4267 2500
4268 2500
4269 2500
4270 2500
4271 2500
4272 2500
4273 2500
4274 2500
4275 2500
4276 2500
4277 2500
4278 2500
4279 2500
4280 2304
4281 2500
4282 2500
4283 2500
4284 2500
4285 2500
4286 2500
4287 2500
4288 2500
4289 2500
4290 2500
4291 2500
4292 2500
4293 2500
4294 2500
4295 2500
4296 2500
4297 2500
4298 2500
4299 2500
4300 2500
4301 2500
4302 2500
4303 2500
4304 2500
4305 2500
4306 2500
4307 2500
4308 2500
4309 2500
4310 2500
4311 2500
4312 2500
4313 2500
4314 2500
4315 2500
4316 2500
4317 2500
4318 2500
4319 2500
4320 2500
4321 2500
4322 2500
4323 2500
4324 2500
4325 2500
4326 2500
4327 2500
4328 2500
4329 2500
4330 2500
4331 2500
4332 2500
4333 2500
4334 2500
4335 2500
4336 2500
4337 2500
4338 2500
4339 2500
4340 2500
4341 2500
4342 2500
4343 2500
4344 2500
4345 2500
4346 2500
4347 2500
4348 2500
4349 2500
4350 2500
4351 2500
4352 2500
4353 2500
4354 2500
4355 2500
4356 2304
4357 2500
4358 2500
4359 2500
4360 2500
4361 2500
4362 2500
4363 2500
4364 2500
4365 2500
4366 2500
4367 2500
4368 2500
4369 2500
4370 2500
4371 2500
4372 2500
4373 2500
4374 2500
4375 2500
4376 2500
4377 2500
4378 2500
4379 2500
4380 2500
4381 2500
4382 2500
4383 2500
4384 2500
4385 2500
4386 2500
4387 2500
4388 2500
4389 2500
4390 2500
4391 2500
4392 2500
4393 2500
4394 2500
4395 2500
4396 2500
4397 2500
4398 2500
4399 2500
4400 2500
4401 2500
4402 2500
4403 2500
4404 2500
4405 2500
4406 2500
4407 2500
4408 2500
4409 2500
4410 2500
4411 2500
4412 2500
4413 2500
4414 2500
4415 2500
4416 2500
4417 2500
4418 2500
4419 2500
4420 2500
4421 2500
4422 2500
4423 2500
4424 2500
4425 2500
4426 2500
4427 2500
4428 2500
4429 2500
4430 2500
4431 2500
4432 2500
4433 2500
4434 2500
4435 2500
4436 2500
4437 2500
4438 2500
4439 2500
4440 2500
4441 2500
4442 2500
4443 2500
4444 2500
4445 2500
4446 2500
4447 2500
4448 2500
4449 2500
4450 2500
4451 2500
4452 2500
4453 2500
4454 2500
4455 2500
4456 2500
4457 2500
4458 2500
4459 2500
4460 2500
4461 2500
4462 2500
4463 2500
4464 2500
4465 2500
4466 2500
4467 2500
4468 2500
4469 2500
4470 2500
4471 2500
4472 2500
4473 2500
4474 2500
4475 2500
4476 2500
4477 2500
4478 2500
4479 2500
4480 2500
4481 2500
4482 2500
4483 2500
4484 2500
4485 2500
4486 2500
4487 2500
4488 2500
4489 2500
4490 2500
4491 2500
4492 2500
4493 2500
4494 2500
4495 2500
4496 2500
4497 2500
4498 2500
4499 2500
4500 2500
4501 2500
4502 2500
4503 2500
4504 2500
4505 2500
4506 2500
4507 2500
4508 2500
4509 2500
4510 2500
4511 2500
4512 2500
4513 2500
4514 2500
4515 2500
4516 2500
4517 2500
4518 2500
4519 2500
4520 2500
4521 2500
4522 2500
4523 2500
4524 2500
4525 2500
4526 2500
4527 2500
4528 2500
4529 2500
4530 2500
4531 2500
4532 2500
4533 2500
4534 2500
4535 2500
4536 2500
4537 2500
4538 2500
4539 2500
4540 2500
4541 2500
4542 2500
4543 2500
4544 2500
4545 2500
4546 2500
4547 2500
4548 2500
4549 2500
4550 2500
4551 2500
4552 2500
4553 2500
4554 2500
4555 2500
4556 2500
4557 2500
4558 2500
4559 2500
4560 2500
4561 2500
4562 2500
4563 2500
4564 2500
4565 2500
4566 2500
4567 2500
4568 2500
4569 2500
4570 2500
4571 2500
4572 2500
4573 2500
4574 2500
4575 2500
4576 2500
4577 2500
4578 2500
4579 2500
4580 2500
4581 2500
4582 2500
4583 2500
4584 2500
4585 2500
4586 2500
4587 2500
4588 2500
4589 2500
4590 2500
4591 2500
4592 2500
4593 2500
4594 2500
4595 2500
4596 2500
4597 2500
4598 2500
4599 2500
4600 2500
4601 2500
4602 2500
4603 2500
4604 2500
4605 2500
4606 2500
4607 2500
4608 2500
4609 2500
4610 2500
4611 2500
4612 2500
4613 2500
4614 2500
4615 2500
4616 2500
4617 2500
4618 2500
4619 2500
4620 2500
4621 2500
4622 2500
4623 2500
4624 2500
4625 2500
4626 2500
4627 2500
4628 2500
4629 2500
4630 2500
4631 2500
4632 2500
4633 2500
4634 2500
4635 2500
4636 2500
4637 2500
4638 2500
4639 2500
4640 2500
4641 2500
4642 2500
4643 2500
4644 2500
4645 2500
4646 2500
4647 2500
4648 2500
4649 2500
4650 2500
4651 2500
4652 2500
4653 2500
4654 2500
4655 2500
4656 2500
4657 2500
4658 2500
4659 2500
4660 2500
4661 2500
4662 2500
4663 2500
4664 2500
4665 2500
4666 2500
4667 2500
4668 2500
4669 2500
4670 2500
4671 2500
4672 2500
4673 2500
4674 2500
4675 2500
4676 2500
4677 2500
4678 2500
4679 2500
4680 2500
4681 2500
4682 2500
4683 2500
4684 2500
4685 2500
4686 2500
4687 2500
4688 2500
4689 2500
4690 2500
4691 2500
4692 2500
4693 2500
4694 2500
4695 2500
4696 2500
4697 2500
4698 2500
4699 2500
4700 2500
4701 2500
4702 2500
4703 2500
4704 2500
4705 2500
4706 2500
4707 2500
4708 2500
4709 2500
4710 2500
4711 2500
4712 2500
4713 1936
4714 2304
4715 2500
4716 2500
4717 2500
4718 2500
4719 2500
4720 2500
4721 2500
4722 2500
4723 2500
4724 2500
4725 2500
4726 2500
4727 2500
4728 2500
4729 2500
4730 2500
4731 2500
4732 2500
4733 2500
4734 2500
4735 2500
4736 2500
4737 2500
4738 2500
4739 2500
4740 2500
4741 2500
4742 2500
4743 2500
4744 2500
4745 2500
4746 2500
4747 2500
4748 2500
4749 2500
4750 2500
4751 2500
4752 2500
4753 2500
4754 2500
4755 2500
4756 2500
4757 2500
4758 2500
4759 2500
4760 2500
4761 2500
4762 2500
4763 2500
4764 2500
4765 2500
4766 2500
4767 2500
4768 2500
4769 2500
4770 2500
4771 2500
4772 2500
4773 2500
4774 2500
4775 2500
4776 2500
4777 2500
4778 2500
4779 2500
4780 2500
4781 2500
4782 2500
4783 2500
4784 2500
4785 2500
4786 2500
4787 2500
4788 2500
4789 2500
4790 2500
4791 2500
4792 2500
4793 2500
4794 2500
4795 2500
4796 2500
4797 2500
4798 2500
4799 2500
4800 2500
4801 2500
4802 2500
4803 2500
4804 2500
4805 2500
4806 2500
4807 2500
4808 2500
4809 2500
4810 2500
4811 2500
4812 2500
4813 2500
4814 2500
4815 2500
4816 2500
4817 2500
4818 2500
4819 2500
4820 2500
4821 2500
4822 2500
4823 2500
4824 2500
4825 2500
4826 2500
4827 2500
4828 2500
4829 2500
4830 2500
4831 2500
4832 2500
4833 2500
4834 2500
4835 2500
4836 2500
4837 2500
4838 2500
4839 2500
4840 2500
4841 2500
4842 2500
4843 2500
4844 2304
4845 2116
4846 1936
4847 1936
4848 1600
4849 1764
4850 1600
4851 1156
4852 900
4853 1156
4854 1444
4855 784
4856 1024
4857 2116
4858 1936
4859 1600
4860 1156
4861 1296
4862 1296
4863 1296
4864 1764
4865 1444
4866 900
4867 900
4868 576
4869 784
4870 1024
4871 900
4872 676
4873 1024
4874 1024
4875 1024
4876 784
4877 900
4878 784
4879 900
4880 1156
4881 1296
4882 1600
4883 1600
4884 1764
4885 1764
4886 2116
4887 1936
4888 2304
4889 2116
4890 2304
4891 2500
4892 2500
4893 2500
4894 2500
4895 2500
4896 2500
4897 2500
4898 2500
4899 2500
4900 2500
4901 2500
4902 2500
4903 2500
4904 2500
4905 2500
4906 2500
4907 2500
4908 2500
4909 2500
4910 2500
4911 2500
4912 2500
4913 2500
4914 2500
4915 2500
4916 2500
4917 2500
4918 2500
4919 2500
4920 2500
4921 2500
4922 2500
4923 2500
4924 2500
4925 2500
4926 2500
4927 2500
4928 2500
4929 2500
4930 2500
4931 2500
4932 2500
4933 2500
4934 2500
4935 2500
4936 2500
4937 2500
4938 2500
4939 2500
4940 2500
4941 2500
4942 2500
4943 2500
4944 2500
4945 2500
4946 2500
4947 2500
4948 2500
4949 2500
4950 2500
4951 2500
4952 2500
4953 2500
4954 2500
4955 2500
4956 2500
4957 2500
4958 2500
4959 2500
4960 2500
4961 2500
4962 2500
4963 2500
4964 2500
4965 2500
4966 2500
4967 2500
4968 2500
4969 2500
4970 2500
4971 2500
4972 2500
4973 2500
4974 2500
4975 2500
4976 2500
4977 2500
4978 2500
4979 2500
4980 2500
4981 2500
4982 2500
4983 2500
4984 2500
4985 2500
4986 2500
4987 2500
4988 2500
4989 2500
4990 2500
4991 2500
4992 2500
4993 2500
4994 2500
4995 2500
4996 2500
4997 2500
4998 2500
4999 2500
5000 2500
