1.6487
1.64411
1.63592
1.62361
1.60652
1.58379
1.55435
1.51701
1.47064
1.41428
1.34747
1.27071
1.18587
1.09638
1.00714
0.92384
0.851855
0.795198
0.755923
0.734007
0.727766
0.734421
0.750696
0.773268
0.799137
0.825814
0.851374
0.874487
0.894375
0.910721
0.923508
0.932914
0.939111
0.942183
0.942108
0.938849
0.932474
0.923259
0.911787
0.898948
0.885823
0.873611
0.86357
0.856845
0.854294
0.856211
0.862147
0.870995
0.881315
0.891695
0.900962
0.908293
0.913168
0.915383
0.915029
0.912527
0.908568
0.90405
0.89991
0.896933
0.89564
0.89618
0.89836
0.901745
0.905792
0.909952
0.913743
0.916768
0.918707
0.919301
0.918328
0.915631
0.911125
0.904876
0.897208
0.888729
0.880332
0.872945
0.86723
0.863365
0.861004
0.859541
0.858431
0.857317
0.855975
0.854185
0.851652
0.848125
0.843626
0.838559
0.833653
0.829767
0.827644
0.827727
0.830085
0.834435
0.840242
0.846855
0.853569
0.85969
