-5.31909
-5.28464
-5.2246
-5.13755
-5.01992
-4.86962
-4.68567
-4.46316
-4.20125
-3.89941
-3.55944
-3.18528
-2.78617
-2.37305
-1.96958
-1.5915
-1.25951
-0.98671
-0.78255
-0.648134
-0.575999
-0.55966
-0.583298
-0.638073
-0.711091
-0.795055
-0.879002
-0.960704
-1.03238
-1.09464
-1.14523
-1.18362
-1.21005
-1.2254
-1.23043
-1.22196
-1.20059
-1.16874
-1.12958
-1.08443
-1.03862
-0.997426
-0.962349
-0.940029
-0.931215
-0.936414
-0.95875
-0.988836
-1.02572
-1.06385
-1.09909
-1.12795
-1.14823
-1.15785
-1.15821
-1.15181
-1.14094
-1.12614
-1.11196
-1.10132
-1.09572
-1.09475
-1.10028
-1.10901
-1.11865
-1.1288
-1.13682
-1.14299
-1.1455
-1.14232
-1.13281
-1.11852
-1.09746
-1.072
-1.04073
-1.00847
-0.976413
-0.947028
-0.925504
-0.908247
-0.897054
-0.888314
-0.880935
-0.874156
-0.866943
-0.858572
-0.846284
-0.830936
-0.814979
-0.797234
-0.779935
-0.766651
-0.761028
-0.764275
-0.776112
-0.79459
-0.817601
-0.844466
-0.872859
-0.898312
