-6.36345
-6.35886
-6.35066
-6.33836
-6.32021
-6.29552
-6.26426
-6.2239
-6.17422
-6.11468
-6.04545
-5.96688
-5.88113
-5.78983
-5.70119
-5.61789
-5.5462
-5.48924
-5.45012
-5.42911
-5.42317
-5.43134
-5.44762
-5.47064
-5.49636
-5.5238
-5.54905
-5.57308
-5.59266
-5.60931
-5.62225
-5.6315
-5.6374
-5.64062
-5.64175
-5.6388
-5.63197
-5.6223
-5.61098
-5.59768
-5.58441
-5.57295
-5.56276
-5.55664
-5.55408
-5.5551
-5.56209
-5.57033
-5.58081
-5.59164
-5.60166
-5.60975
-5.61523
-5.61714
-5.61633
-5.61398
-5.61078
-5.60611
-5.60182
-5.59884
-5.59755
-5.59748
-5.59996
-5.60335
-5.60679
-5.61065
-5.61384
-5.61701
-5.61941
-5.62
-5.61858
-5.61618
-5.61152
-5.60588
-5.59791
-5.58988
-5.58164
-5.57379
-5.56899
-5.56482
-5.56276
-5.56115
-5.55989
-5.55892
-5.55788
-5.55655
-5.55341
-5.54913
-5.54508
-5.54001
-5.5345
-5.52986
-5.52759
-5.52797
-5.53078
-5.53513
-5.54034
-5.5468
-5.55397
-5.55994
