-0.421673 0.0920203 -0.30784
0.375747 -0.418918 -0.466568
-0.282897 0.322927 -0.116752
0.126329 0.480275 0.0232609
-0.0436039 0.281155 -0.484348
0.250427 -0.265237 -0.455127
-0.417482 -0.194835 0.406501
0.262815 0.204943 0.433118
0.01666 -0.181463 -0.482261
0.24719 -0.38004 0.474449
0.234467 -0.210347 -0.162392
0.395057 0.0190519 -0.410547
-0.443815 -0.0863634 0.469217
0.219057 0.191435 0.118302
-0.218 -0.369166 -0.116051
0.338164 -0.460969 -0.0646993
-0.0705755 0.19199 0.0318673
-0.0477498 0.236413 -0.0306691
-0.409188 -0.462577 0.101305
0.408591 0.0655027 0.497024
-0.161532 0.343322 -0.314744
0.00421012 0.219148 -0.477586
-0.124497 -0.0679427 -0.29904
0.127803 -0.146405 0.204544
0.381346 -0.204363 0.156851
-0.474844 0.214318 0.121994
-0.150992 -0.0525474 -0.421976
-0.392683 0.497193 -0.0620082
-0.360916 0.170868 0.490271
0.060396 0.129838 -0.388446
-0.00673887 -0.450221 -0.330793
-0.0772756 0.0493551 -0.392347
0.307156 0.330052 -0.290268
-0.317715 0.172518 -0.100023
-0.153891 -0.462937 -0.297513
0.477127 0.0805194 -0.402674
0.34582 -0.462273 0.036948
-0.382705 -0.0184987 0.364544
0.372103 -0.2432 -0.239591
0.497886 -0.326346 0.481941
-0.413323 -0.29045 0.415051
0.06125 0.420396 -0.103575
0.216015 0.141586 -0.429459
-0.216997 0.176433 0.471158
0.2635 0.25288 0.101201
0.37487 -0.27969 -0.00104649
0.413942 0.315563 -0.208644
0.284346 -0.143692 0.0685915
0.354284 -0.33424 -0.380492
-0.386772 -0.311302 -0.402552
0.0168794 -0.00675678 -0.296006
-0.218246 -0.110378 0.488589
0.361584 0.294519 -0.0710511
-0.0982656 -0.127055 0.492519
0.0227902 -0.0247292 0.0919219
0.294344 -0.305592 -0.346257
0.229687 -0.294053 0.270825
0.237642 0.0311624 -0.0297285
0.475558 0.0575062 -0.299703
-0.338861 -0.327277 0.00421942
0.470888 0.360574 -0.476452
-0.189226 0.360924 0.264022
0.499438 0.46528 0.288406
-0.433455 0.479926 -0.228178
-0.153355 0.258664 -0.0984871
0.278895 0.284341 0.42732
-0.243339 0.235006 0.138639
-0.0921479 0.311129 -0.36475
0.0939092 -0.00989038 -0.248675
0.0464533 0.351798 0.269276
0.070027 0.0443378 0.0113704
0.398632 0.309144 0.0534776
0.10669 0.377158 0.227188
0.320127 0.391651 -0.0662085
0.342547 0.406374 0.0510985
0.332221 0.141428 0.375265
-0.138494 -0.336958 0.426241
-0.208835 0.317804 -0.263737
-0.0714413 -0.350657 0.475004
-0.303232 -0.437669 -0.284669
0.0859642 0.463733 -0.479762
0.0706785 0.0382465 -0.0815006
-0.419364 -0.0987858 0.387649
-0.373001 0.418464 0.473982
0.37067 -0.0344606 0.42878
-0.384093 -0.10532 0.114337
-0.375982 -0.0362626 -0.48604
0.261137 -0.00535432 0.251803
0.479077 -0.0324024 0.0764143
0.0658243 -0.0980063 0.359141
-0.1533 0.277439 0.359506
-0.395413 0.4021 0.290683
-0.0776021 -0.186929 0.0594607
0.259137 -0.0418795 -0.253335
-0.471575 0.315338 -0.369281
-0.451578 -0.311559 0.0868257
-0.472489 -0.0200016 0.224343
-0.0942421 -0.241011 0.405868
-0.327972 0.479606 0.0806787
0.459092 0.12255 0.110415
-0.120626 0.177203 -0.384774
-0.0845972 -0.204472 -0.264698
0.161508 0.392072 0.163845
0.0234109 0.083488 0.127168
0.415832 -0.0834657 -0.142012
-0.475233 -0.339081 -0.376281
-0.0165339 -0.416121 -0.483234
-0.464038 0.160771 0.186854
