1.2
1.20001
1.20002
1.20003
1.20005
1.20008
1.2001
1.20014
1.20017
1.20021
1.20026
1.20031
1.20036
1.20042
1.20049
1.20056
1.20063
1.20072
1.2008
1.20089
1.20099
1.20109
1.2012
1.20132
1.20144
1.20157
1.2017
1.20184
1.20199
1.20215
1.20231
1.20248
1.20266
1.20284
1.20303
1.20324
1.20345
1.20367
1.2039
1.20413
1.20438
1.20464
1.20491
1.20519
1.20548
1.20579
1.20611
1.20644
1.20678
1.20714
1.20751
1.20789
1.2083
1.20872
1.20915
1.2096
1.21008
1.21057
1.21108
1.21161
1.21217
1.21274
1.21334
1.21397
1.21462
1.2153
1.216
1.21674
1.2175
1.2183
1.21913
1.21999
1.22089
1.22182
1.22279
1.22381
1.22486
1.22596
1.2271
1.22829
1.22953
1.23081
1.23215
1.23354
1.23499
1.23649
1.23805
1.23967
1.24136
1.24311
1.24492
1.24679
1.24873
1.25074
1.2528
1.25493
1.25711
1.25935
1.26162
1.26393
