 1 -1.00212 0
 2 -0.999928 0.00154647
 3 -1.0015 0.00164792
 4 -1.00209 0.00133578
 5 -1.00257 0.00115075
 6 -1.00158 0.00131249
 7 -1.00217 0.00124814
 8 -1.00242 0.00111685
 9 -1.00282 0.00106454
 10 -1.00279 0.000958588
 11 -1.00297 0.000887306
 12 -1.00356 0.00099181
 13 -1.00411 0.00105715
 14 -1.00402 0.000985322
 15 -1.00396 0.000921333
 16 -1.00407 0.000870167
 17 -1.00416 0.000822968
 18 -1.00437 0.000805399
 19 -1.00411 0.000804478
 20 -1.00426 0.000777552
 1 -1.00475 0
 2 -1.0044 0.000250655
 3 -1.00432 0.000178497
 4 -1.00267 0.00143772
 5 -1.00239 0.00117596
 6 -1.00221 0.000994156
 7 -1.00193 0.000891209
 8 -1.00235 0.000874461
 9 -1.00197 0.00085682
 10 -1.00202 0.000772452
 11 -1.00185 0.000719223
 12 -1.0022 0.00073618
 13 -1.00134 0.00106568
 14 -1.00196 0.00115364
 15 -1.00216 0.00109412
 16 -1.00258 0.00110575
 17 -1.00235 0.0010646
 18 -1.00251 0.0010171
 19 -1.00248 0.000964083
 20 -1.00227 0.000937495
 1 -0.998431 0
 2 -0.997117 0.000929167
 3 -1.00016 0.0025574
 4 -1.00216 0.00258823
 5 -1.00265 0.00211676
 6 -1.00204 0.00185006
 7 -1.00225 0.00159761
 8 -1.00129 0.00166171
 9 -1.00107 0.00149222
 10 -1.00078 0.0013708
 11 -1.00123 0.00131745
 12 -1.00177 0.00131402
 13 -1.00183 0.00121454
 14 -1.00183 0.0011278
 15 -1.0019 0.00105496
 16 -1.00207 0.00100267
 17 -1.00239 0.000995186
 18 -1.00235 0.000940853
 19 -1.00244 0.000895287
 20 -1.00233 0.000857432
 1 -1.00628 0
 2 -1.00216 0.00291543
 3 -1.0043 0.00261341
 4 -1.00506 0.00206681
 5 -1.00653 0.00211466
 6 -1.00665 0.00176579
 7 -1.0065 0.00152037
 8 -1.00701 0.00141391
 9 -1.00645 0.00136438
 10 -1.00555 0.00149633
 11 -1.00555 0.0013603
 12 -1.00436 0.00168774
 13 -1.0045 0.00156382
 14 -1.0043 0.00146441
 15 -1.00425 0.00136757
 16 -1.00468 0.00134757
 17 -1.00479 0.00127223
 18 -1.00463 0.00121169
 19 -1.00441 0.00116736
 20 -1.00427 0.00111679
 1 -1.00814 0
 2 -1.00323 0.00347645
 3 -1.0044 0.00250746
 4 -1.00148 0.00314906
 5 -1.00102 0.00255306
 6 -1.00019 0.00225823
 7 -1.00165 0.00236437
 8 -1.00221 0.00213241
 9 -1.00201 0.00190496
 10 -1.00266 0.00182283
 11 -1.00306 0.00170021
 12 -1.00279 0.00157968
 13 -1.00318 0.0015049
 14 -1.00363 0.00146495
 15 -1.00392 0.00139452
 16 -1.0037 0.00132469
 17 -1.0037 0.0012468
 18 -1.00282 0.0014564
 19 -1.00272 0.00138325
 20 -1.00289 0.00132435
 1 -0.964148 0
 2 -0.960802 0.00236638
 3 -0.962655 0.00218577
 4 -0.962711 0.00164005
 5 -0.961531 0.0016836
 6 -0.961723 0.00141388
 7 -0.961033 0.00137002
 8 -0.961537 0.00128816
 9 -0.961009 0.00124868
 10 -0.959676 0.00169169
 11 -0.960243 0.00163031
 12 -0.960474 0.00151066
 13 -0.960021 0.00146086
 14 -0.95983 0.00136884
 15 -0.960356 0.00137463
 16 -0.960227 0.00129475
 17 -0.960006 0.00123723
 18 -0.9602 0.0011836
 19 -0.959937 0.00115009
 20 -0.959888 0.00109362
 1 -0.957214 0
 2 -0.963233 0.00425599
 3 -0.966944 0.00415112
 4 -0.965148 0.00348056
 5 -0.962206 0.00383107
 6 -0.960993 0.00337902
 7 -0.960391 0.0029494
 8 -0.962147 0.00305904
 9 -0.96174 0.00274608
 10 -0.961566 0.00247697
 11 -0.961374 0.00225926
 12 -0.961772 0.00210571
 13 -0.962269 0.00200152
 14 -0.96186 0.00189973
 15 -0.961414 0.00182468
 16 -0.961402 0.00171068
 17 -0.96131 0.0016125
 18 -0.961193 0.00152712
 19 -0.961104 0.00144936
 20 -0.961245 0.00138375
 1 -0.959234 0
 2 -0.960145 0.000644231
 3 -0.963384 0.0026796
 4 -0.96265 0.002108
 5 -0.962734 0.00168809
 6 -0.963657 0.00163956
 7 -0.965119 0.00195128
 8 -0.964665 0.00175939
 9 -0.963586 0.00186587
 10 -0.96358 0.00167929
 11 -0.963295 0.00155052
 12 -0.962821 0.00149216
 13 -0.963179 0.00141969
 14 -0.963719 0.00141733
 15 -0.963615 0.00132663
 16 -0.963463 0.00125243
 17 -0.963266 0.00119415
 18 -0.963568 0.00116537
 19 -0.963644 0.00110652
 20 -0.963111 0.00117253
 1 -0.961525 0
 2 -0.958056 0.00245307
 3 -0.962413 0.00391548
 4 -0.962221 0.00294134
 5 -0.963568 0.00264359
 6 -0.962527 0.00239927
 7 -0.962612 0.00205802
 8 -0.96355 0.0020032
 9 -0.963504 0.00178114
 10 -0.96252 0.00185521
 11 -0.96173 0.00184707
 12 -0.961989 0.00171117
 13 -0.961482 0.00165281
 14 -0.962412 0.00177742
 15 -0.962225 0.00166882
 16 -0.962102 0.00156899
 17 -0.962328 0.00149289
 18 -0.96225 0.001412
 19 -0.962624 0.00138627
 20 -0.96256 0.00131843
 1 -0.959988 0
 2 -0.961335 0.000952671
 3 -0.960203 0.00112158
 4 -0.958762 0.00150451
 5 -0.960991 0.0023285
 6 -0.963251 0.00283261
 7 -0.961465 0.00293785
 8 -0.960957 0.00261421
 9 -0.96058 0.00235065
 10 -0.960815 0.0021272
 11 -0.961267 0.00198135
 12 -0.961998 0.00194654
 13 -0.961974 0.00179696
 14 -0.961674 0.00169334
 15 -0.961032 0.00169788
 16 -0.960742 0.0016163
 17 -0.960487 0.00154124
 18 -0.960147 0.0014928
 19 -0.960479 0.00145068
 20 -0.960681 0.00139213
 1 -0.908924 0
 2 -0.908987 4.46609e-05
 3 -0.90979 0.000656301
 4 -0.908143 0.00150857
 5 -0.908035 0.00121071
 6 -0.907891 0.0010175
 7 -0.907566 0.000922523
 8 -0.907454 0.000814016
 9 -0.906857 0.000916743
 10 -0.906716 0.000835845
 11 -0.906982 0.000801246
 12 -0.907097 0.000742617
 13 -0.907233 0.000697847
 14 -0.906778 0.000782308
 15 -0.906471 0.000788129
 16 -0.906031 0.000852845
 17 -0.905537 0.000934796
 18 -0.905854 0.000934902
 19 -0.905519 0.000943647
 20 -0.90541 0.000902772
 1 -0.911116 0
 2 -0.910466 0.000459591
 3 -0.906624 0.00315224
 4 -0.905888 0.00244859
 5 -0.906358 0.00200345
 6 -0.906641 0.00168954
 7 -0.905493 0.00179675
 8 -0.904932 0.00165726
 9 -0.905047 0.00147707
 10 -0.905106 0.00133054
 11 -0.904939 0.00121999
 12 -0.905689 0.0013288
 13 -0.905559 0.00123289
 14 -0.905856 0.0011801
 15 -0.905841 0.00110153
 16 -0.906042 0.00105081
 17 -0.905308 0.00121855
 18 -0.905362 0.00115206
 19 -0.90568 0.00113439
 20 -0.906006 0.00112361
 1 -0.905427 0
 2 -0.909377 0.00279296
 3 -0.906501 0.002997
 4 -0.905441 0.00242808
 5 -0.907062 0.00242396
 6 -0.906479 0.00208877
 7 -0.906845 0.00182217
 8 -0.905678 0.00193231
 9 -0.90582 0.00172282
 10 -0.905338 0.00161665
 11 -0.905448 0.00147343
 12 -0.905815 0.00139564
 13 -0.905303 0.0013791
 14 -0.905684 0.00133231
 15 -0.905281 0.00130314
 16 -0.905002 0.00125116
 17 -0.904698 0.00121397
 18 -0.904672 0.0011468
 19 -0.904479 0.00110259
 20 -0.904585 0.00105249
 1 -0.906916 0
 2 -0.903619 0.00233125
 3 -0.901528 0.00230876
 4 -0.901106 0.00176974
 5 -0.901817 0.00155232
 6 -0.901921 0.00129706
 7 -0.90347 0.0018146
 8 -0.903859 0.00162898
 9 -0.903608 0.00146732
 10 -0.904946 0.00183213
 11 -0.904447 0.00173228
 12 -0.904564 0.0015919
 13 -0.904762 0.0014817
 14 -0.904503 0.00139838
 15 -0.90445 0.00130614
 16 -0.904662 0.00124155
 17 -0.904781 0.00117422
 18 -0.904776 0.00110899
 19 -0.90484 0.00105244
 20 -0.904792 0.0010009
 1 -0.892935 0
 2 -0.900656 0.00545932
 3 -0.905551 0.00540577
 4 -0.905372 0.00405729
 5 -0.905726 0.00326124
 6 -0.906102 0.0027393
 7 -0.905673 0.0023813
 8 -0.905774 0.00208577
 9 -0.906141 0.00188611
 10 -0.906015 0.00170174
 11 -0.90588 0.00155235
 12 -0.905477 0.00147447
 13 -0.904978 0.0014429
 14 -0.905116 0.00134639
 15 -0.905169 0.00125768
 16 -0.905076 0.00118252
 17 -0.905179 0.00111746
 18 -0.9052 0.00105558
 19 -0.905396 0.00101799
 20 -0.905522 0.000974853
 1 -0.851912 0
 2 -0.851071 0.000594649
 3 -0.851281 0.000431847
 4 -0.850374 0.000849048
 5 -0.850753 0.000758866
 6 -0.850932 0.000653216
 7 -0.850858 0.000564079
 8 -0.850903 0.000495325
 9 -0.850582 0.000534222
 10 -0.850415 0.00050622
 11 -0.85008 0.000560039
 12 -0.849947 0.000528883
 13 -0.850233 0.000560015
 14 -0.850183 0.000522248
 15 -0.850496 0.000573664
 16 -0.850583 0.000544365
 17 -0.850486 0.000520799
 18 -0.850644 0.000515237
 19 -0.85075 0.000498847
 20 -0.850443 0.000560553
 1 -0.840971 0
 2 -0.84611 0.00363343
 3 -0.848217 0.00297098
 4 -0.849919 0.00267165
 5 -0.850684 0.00224416
 6 -0.851423 0.00198816
 7 -0.851828 0.00174486
 8 -0.852746 0.00175201
 9 -0.852775 0.00155758
 10 -0.852351 0.0014584
 11 -0.851988 0.00137027
 12 -0.852073 0.00125876
 13 -0.851773 0.00119718
 14 -0.851211 0.00123666
 15 -0.850759 0.00123412
 16 -0.850898 0.00116481
 17 -0.850877 0.00109649
 18 -0.851055 0.00105001
 19 -0.85096 0.000999037
 20 -0.851106 0.000959679
 1 -0.856168 0
 2 -0.855376 0.000560396
 3 -0.853671 0.00144086
 4 -0.853494 0.00109149
 5 -0.853411 0.000876321
 6 -0.851845 0.00160563
 7 -0.851714 0.00138158
 8 -0.850722 0.00152402
 9 -0.850473 0.00137493
 10 -0.850225 0.00125949
 11 -0.849903 0.00118555
 12 -0.84985 0.00108792
 13 -0.849866 0.00100435
 14 -0.849815 0.000933879
 15 -0.849579 0.000900995
 16 -0.849254 0.000901461
 17 -0.849358 0.000854421
 18 -0.849148 0.000832371
 19 -0.849442 0.000838694
 20 -0.849538 0.000802255
 1 -0.847299 0
 2 -0.848579 0.000904701
 3 -0.849005 0.000696189
 4 -0.849081 0.000526327
 5 -0.849643 0.000655725
 6 -0.850828 0.00121182
 7 -0.851213 0.00109817
 8 -0.851052 0.000972582
 9 -0.850954 0.00086944
 10 -0.851376 0.000878594
 11 -0.851706 0.000858698
 12 -0.851031 0.00101837
 13 -0.850883 0.00095078
 14 -0.850493 0.000959568
 15 -0.850407 0.000899425
 16 -0.850229 0.000860771
 17 -0.850401 0.000827334
 18 -0.850449 0.000782753
 19 -0.850659 0.000769029
 20 -0.85049 0.000748766
 1 -0.849514 0
 2 -0.848602 0.000645136
 3 -0.849042 0.000560222
 4 -0.84909 0.000422281
 5 -0.848677 0.000500591
 6 -0.849464 0.000830426
 7 -0.849702 0.000745119
 8 -0.849588 0.000660592
 9 -0.849246 0.000670117
 10 -0.849104 0.000617966
 11 -0.848992 0.000571738
 12 -0.849296 0.000599441
 13 -0.849162 0.00056823
 14 -0.849063 0.00053613
 15 -0.849093 0.000501216
 16 -0.849516 0.000623419
 17 -0.849143 0.000689141
 18 -0.849504 0.000739042
 19 -0.849876 0.000788313
 20 -0.849686 0.000771369
 1 -0.799537 0
 2 -0.79935 0.000132059
 3 -0.798746 0.000501186
 4 -0.80003 0.00117356
 5 -0.799561 0.00102808
 6 -0.799677 0.000863187
 7 -0.799886 0.000764872
 8 -0.799943 0.000671389
 9 -0.80014 0.000624834
 10 -0.800285 0.000579116
 11 -0.799781 0.000713204
 12 -0.799937 0.000670703
 13 -0.799675 0.000668466
 14 -0.799463 0.000653535
 15 -0.799627 0.00063028
 16 -0.799504 0.000602815
 17 -0.799575 0.000571549
 18 -0.799763 0.000569933
 19 -0.800031 0.000599684
 20 -0.800126 0.000577142
 1 -0.799777 0
 2 -0.798864 0.000645306
 3 -0.79818 0.000705131
 4 -0.798067 0.000537818
 5 -0.797552 0.000630055
 6 -0.797835 0.000584968
 7 -0.797757 0.000506591
 8 -0.798497 0.000821931
 9 -0.799098 0.000924963
 10 -0.798839 0.000868059
 11 -0.798412 0.000887732
 12 -0.798446 0.000814371
 13 -0.798694 0.000788572
 14 -0.798839 0.000745484
 15 -0.798783 0.000697832
 16 -0.798627 0.000671433
 17 -0.798718 0.000638011
 18 -0.798723 0.000602589
 19 -0.798997 0.000629851
 20 -0.799145 0.000615497
 1 -0.801873 0
 2 -0.802823 0.000672232
 3 -0.801331 0.001298
 4 -0.802144 0.00120121
 5 -0.800865 0.00149411
 6 -0.799894 0.00152828
 7 -0.800186 0.00133763
 8 -0.799841 0.00121416
 9 -0.799521 0.00112066
 10 -0.799604 0.00101166
 11 -0.79971 0.000925229
 12 -0.799607 0.00085388
 13 -0.799391 0.00081505
 14 -0.799571 0.000776567
 15 -0.799581 0.000724853
 16 -0.799431 0.000694718
 17 -0.799468 0.000654814
 18 -0.799634 0.000639198
 19 -0.79992 0.000666505
 20 -0.79986 0.000635913
 1 -0.801292 0
 2 -0.799334 0.00138412
 3 -0.798408 0.00119279
 4 -0.798138 0.000924785
 5 -0.798606 0.000850033
 6 -0.798631 0.000708751
 7 -0.798683 0.0006094
 8 -0.798438 0.000580657
 9 -0.798903 0.000677148
 10 -0.798702 0.000638563
 11 -0.799513 0.000967348
 12 -0.799625 0.000893216
 13 -0.799798 0.000841041
 14 -0.799988 0.000802109
 15 -0.799885 0.00075516
 16 -0.799994 0.000715704
 17 -0.800118 0.000684344
 18 -0.799816 0.000709789
 19 -0.799949 0.000684714
 20 -0.80012 0.000671587
 1 -0.797867 0
 2 -0.800196 0.00164651
 3 -0.800716 0.00117692
 4 -0.800273 0.000962422
 5 -0.800281 0.000769975
 6 -0.800836 0.000817554
 7 -0.801436 0.000894312
 8 -0.801236 0.000804638
 9 -0.800961 0.000760867
 10 -0.800626 0.000754915
 11 -0.800502 0.000696346
 12 -0.800596 0.000644573
 13 -0.800663 0.000598498
 14 -0.800836 0.000580241
 15 -0.800758 0.000546793
 16 -0.800651 0.000522909
 17 -0.800691 0.00049361
 18 -0.800741 0.000468784
 19 -0.800858 0.000458466
 20 -0.800725 0.000454557
 1 -0.750528 0
 2 -0.749499 0.000727839
 3 -0.749898 0.000584253
 4 -0.751006 0.00105512
 5 -0.751548 0.000973194
 6 -0.751593 0.000812074
 7 -0.751677 0.000700359
 8 -0.751902 0.000647978
 9 -0.751751 0.000593271
 10 -0.751856 0.00054314
 11 -0.751434 0.000637133
 12 -0.751247 0.000610772
 13 -0.75153 0.000625989
 14 -0.751739 0.000614962
 15 -0.751649 0.000580435
 16 -0.751407 0.000592555
 17 -0.751499 0.000564802
 18 -0.751644 0.000551808
 19 -0.751428 0.000563623
 20 -0.751373 0.000538128
 1 -0.746061 0
 2 -0.749039 0.00210528
 3 -0.749355 0.00142707
 4 -0.74958 0.00108797
 5 -0.750058 0.000969615
 6 -0.750005 0.000809462
 7 -0.750725 0.000961929
 8 -0.751089 0.000908227
 9 -0.75115 0.000809329
 10 -0.751174 0.000728766
 11 -0.751127 0.000664044
 12 -0.751115 0.000608815
 13 -0.751197 0.000567521
 14 -0.751131 0.000530894
 15 -0.751094 0.000496756
 16 -0.751259 0.000492313
 17 -0.751398 0.000482638
 18 -0.751252 0.000477428
 19 -0.751312 0.000456081
 20 -0.751504 0.000471662
 1 -0.74982 0
 2 -0.749881 4.35861e-05
 3 -0.750843 0.000786214
 4 -0.750879 0.000590488
 5 -0.751497 0.000726614
 6 -0.751612 0.0006146
 7 -0.751816 0.000559681
 8 -0.75214 0.000575699
 9 -0.752596 0.000668747
 10 -0.752303 0.000663012
 11 -0.752523 0.000638028
 12 -0.752356 0.000606245
 13 -0.752488 0.000573682
 14 -0.752402 0.00053898
 15 -0.752695 0.000576826
 16 -0.752624 0.00054512
 17 -0.752613 0.000513168
 18 -0.752416 0.000521047
 19 -0.75233 0.000500551
 20 -0.752292 0.000476978
 1 -0.750297 0
 2 -0.751024 0.000514123
 3 -0.753336 0.00191874
 4 -0.75219 0.00174786
 5 -0.752082 0.00140166
 6 -0.752484 0.00122438
 7 -0.752499 0.00104956
 8 -0.752534 0.000918958
 9 -0.752225 0.000867119
 10 -0.752161 0.000782826
 11 -0.752079 0.000715918
 12 -0.752297 0.000688675
 13 -0.751862 0.000760923
 14 -0.752185 0.000772103
 15 -0.752423 0.000756551
 16 -0.752273 0.000724057
 17 -0.752189 0.000686281
 18 -0.752054 0.00066139
 19 -0.752299 0.000670625
 20 -0.752346 0.000638706
 1 -0.755434 0
 2 -0.754533 0.000636509
 3 -0.752483 0.00172732
 4 -0.753536 0.00158417
 5 -0.752897 0.00139019
 6 -0.753102 0.00117353
 7 -0.75308 0.0010061
 8 -0.752794 0.000920071
 9 -0.752258 0.000961071
 10 -0.751722 0.00100347
 11 -0.751415 0.000958103
 12 -0.751329 0.000882131
 13 -0.751625 0.00086272
 14 -0.751403 0.000829297
 15 -0.751681 0.000819207
 16 -0.751678 0.00076801
 17 -0.751763 0.000727491
 18 -0.751674 0.000692537
 19 -0.751947 0.00070812
 20 -0.752087 0.000686311
 1 -0.705473 0
 2 -0.70875 0.00231719
 3 -0.708187 0.00161177
 4 -0.708586 0.00125741
 5 -0.70779 0.00123275
 6 -0.708169 0.00108405
 7 -0.707451 0.00114252
 8 -0.707298 0.00100991
 9 -0.707705 0.000976201
 10 -0.707831 0.000886713
 11 -0.707636 0.00082715
 12 -0.70771 0.000761462
 13 -0.707711 0.000702888
 14 -0.707634 0.000656825
 15 -0.707422 0.000646466
 16 -0.707369 0.000608205
 17 -0.707346 0.00057287
 18 -0.707289 0.000543845
 19 -0.707076 0.000555608
 20 -0.707218 0.000545708
 1 -0.712393 0
 2 -0.707944 0.00314592
 3 -0.708265 0.00211355
 4 -0.709112 0.00174665
 5 -0.708875 0.00141323
 6 -0.708556 0.00121312
 7 -0.708452 0.00104432
 8 -0.70796 0.00102288
 9 -0.707841 0.000916139
 10 -0.708069 0.000852402
 11 -0.70798 0.000779569
 12 -0.707866 0.000722886
 13 -0.707693 0.00068775
 14 -0.707653 0.000639783
 15 -0.707653 0.000597131
 16 -0.707742 0.000566368
 17 -0.707783 0.000534559
 18 -0.708064 0.000574035
 19 -0.708205 0.000560892
 20 -0.7083 0.000540779
 1 -0.70923 0
 2 -0.709818 0.000415892
 3 -0.710342 0.000509938
 4 -0.709805 0.000601945
 5 -0.709413 0.000595739
 6 -0.709256 0.000516751
 7 -0.708738 0.000653152
 8 -0.708256 0.000727791
 9 -0.707794 0.000779672
 10 -0.707557 0.000736982
 11 -0.707553 0.000669993
 12 -0.707686 0.000627195
 13 -0.707663 0.000579364
 14 -0.707931 0.000596627
 15 -0.707896 0.000557892
 16 -0.707929 0.00052399
 17 -0.707573 0.00060173
 18 -0.707571 0.000568303
 19 -0.707685 0.000549518
 20 -0.707736 0.000524492
 1 -0.706673 0
 2 -0.707085 0.000291554
 3 -0.707841 0.000646776
 4 -0.708211 0.000581685
 5 -0.708663 0.000616243
 6 -0.708027 0.000774952
 7 -0.707743 0.000714603
 8 -0.707553 0.000649896
 9 -0.7073 0.000625027
 10 -0.707499 0.000593438
 11 -0.707266 0.000583618
 12 -0.706769 0.000716146
 13 -0.706979 0.000691201
 14 -0.707137 0.00065976
 15 -0.707254 0.000625971
 16 -0.707329 0.000591298
 17 -0.707278 0.000558671
 18 -0.707356 0.00053306
 19 -0.70746 0.000514978
 20 -0.707487 0.000489946
 1 -0.707829 0
 2 -0.709698 0.00132178
 3 -0.708479 0.00132957
 4 -0.708596 0.00100236
 5 -0.70897 0.000868634
 6 -0.709036 0.000726406
 7 -0.708924 0.000631277
 8 -0.708976 0.000554497
 9 -0.70897 0.00049292
 10 -0.708487 0.000637847
 11 -0.708488 0.000579864
 12 -0.708276 0.000569086
 13 -0.70818 0.000533446
 14 -0.708085 0.000503581
 15 -0.707984 0.000480126
 16 -0.707665 0.00054564
 17 -0.707711 0.000515448
 18 -0.707659 0.000489411
 19 -0.707677 0.000463985
 20 -0.707637 0.000442505
 1 -0.667986 0
 2 -0.666156 0.0012944
 3 -0.666613 0.000940391
 4 -0.666482 0.000714466
 5 -0.66691 0.000688106
 6 -0.666773 0.000586956
 7 -0.667176 0.000626668
 8 -0.66702 0.000567532
 9 -0.667069 0.000506566
 10 -0.667149 0.000462274
 11 -0.667212 0.000424512
 12 -0.667484 0.000468366
 13 -0.66729 0.000471099
 14 -0.667169 0.000452747
 15 -0.667252 0.000430153
 16 -0.66714 0.000417464
 17 -0.667196 0.00039659
 18 -0.667117 0.000382401
 19 -0.667117 0.000362274
 20 -0.667062 0.000348239
 1 -0.667907 0
 2 -0.668356 0.000317095
 3 -0.667681 0.000589636
 4 -0.667783 0.000450796
 5 -0.667487 0.000446911
 6 -0.667994 0.000593479
 7 -0.667768 0.000549933
 8 -0.668209 0.000634007
 9 -0.668016 0.000592369
 10 -0.667761 0.000585372
 11 -0.667659 0.000540987
 12 -0.667812 0.000517146
 13 -0.667491 0.000568169
 14 -0.667409 0.000533529
 15 -0.667365 0.00049978
 16 -0.667251 0.000481296
 17 -0.667295 0.000454976
 18 -0.667452 0.000456032
 19 -0.667317 0.000451671
 20 -0.667262 0.000432416
 1 -0.666916 0
 2 -0.666358 0.000394707
 3 -0.665628 0.000651732
 4 -0.666172 0.000678839
 5 -0.66603 0.000557577
 6 -0.66664 0.000725146
 7 -0.666763 0.000631823
 8 -0.667052 0.000615469
 9 -0.666643 0.000669592
 10 -0.666584 0.000605225
 11 -0.666361 0.000589751
 12 -0.66642 0.000543605
 13 -0.666382 0.000503159
 14 -0.666045 0.000569094
 15 -0.666415 0.00064036
 16 -0.666596 0.000625437
 17 -0.666668 0.00059277
 18 -0.666705 0.000561012
 19 -0.666795 0.000538629
 20 -0.666744 0.000514141
 1 -0.668623 0
 2 -0.668743 8.44568e-05
 3 -0.668415 0.000273282
 4 -0.667879 0.000507711
 5 -0.667857 0.000406635
 6 -0.66762 0.000402128
 7 -0.668019 0.000505202
 8 -0.66776 0.000504106
 9 -0.667456 0.000531948
 10 -0.667342 0.000490748
 11 -0.667046 0.000528164
 12 -0.667189 0.000503276
 13 -0.667058 0.000481435
 14 -0.667067 0.000447148
 15 -0.667172 0.000429311
 16 -0.667162 0.000402598
 17 -0.667258 0.000390267
 18 -0.667179 0.000376494
 19 -0.667129 0.000359945
 20 -0.667193 0.000347588
 1 -0.669156 0
 2 -0.668245 0.000644033
 3 -0.666989 0.00111201
 4 -0.667252 0.000864538
 5 -0.667375 0.000700424
 6 -0.666707 0.000844105
 7 -0.666772 0.000726011
 8 -0.666616 0.000651848
 9 -0.666754 0.000593736
 10 -0.666713 0.00053572
 11 -0.666557 0.000509331
 12 -0.666327 0.000516105
 13 -0.666261 0.000480672
 14 -0.666498 0.000501407
 15 -0.666682 0.000500767
 16 -0.666669 0.000469656
 17 -0.666808 0.000462127
 18 -0.666852 0.000438618
 19 -0.666885 0.000416778
 20 -0.666822 0.000400759
 1 -0.628765 0
 2 -0.628153 0.000432806
 3 -0.628063 0.000297845
 4 -0.628795 0.000672382
 5 -0.629171 0.000634325
 6 -0.629143 0.000529225
 7 -0.629573 0.000603772
 8 -0.629719 0.000545702
 9 -0.629808 0.000492246
 10 -0.629599 0.000485359
 11 -0.62965 0.000443921
 12 -0.629736 0.00041513
 13 -0.629752 0.000383501
 14 -0.629543 0.000409028
 15 -0.62929 0.000453684
 16 -0.629179 0.000438553
 17 -0.62911 0.000418205
 18 -0.629194 0.00040335
 19 -0.629318 0.000400787
 20 -0.629319 0.000380748
 1 -0.628849 0
 2 -0.62878 4.84792e-05
 3 -0.62752 0.00102977
 4 -0.628252 0.000999205
 5 -0.628616 0.000863386
 6 -0.628711 0.000724603
 7 -0.629031 0.000688468
 8 -0.628721 0.000668656
 9 -0.62887 0.000610665
 10 -0.628986 0.000560531
 11 -0.628865 0.000522517
 12 -0.628882 0.000479251
 13 -0.628822 0.000446073
 14 -0.628762 0.000418236
 15 -0.62879 0.000391262
 16 -0.628715 0.000373903
 17 -0.628742 0.000352869
 18 -0.629016 0.000427015
 19 -0.6293 0.000489691
 20 -0.629336 0.000466534
 1 -0.630398 0
 2 -0.630636 0.000168489
 3 -0.629771 0.000714845
 4 -0.63023 0.000667176
 5 -0.629768 0.000674642
 6 -0.629333 0.000688558
 7 -0.629593 0.000637261
 8 -0.629452 0.000572828
 9 -0.629622 0.000533634
 10 -0.62955 0.000485028
 11 -0.62983 0.000515534
 12 -0.629838 0.000472625
 13 -0.629799 0.000437883
 14 -0.629801 0.000406614
 15 -0.629706 0.000390571
 16 -0.629768 0.00037103
 17 -0.629823 0.000353265
 18 -0.629868 0.000336556
 19 -0.629819 0.000322371
 20 -0.630085 0.000401107
 1 -0.625432 0
 2 -0.626885 0.00102714
 3 -0.627686 0.000947103
 4 -0.627322 0.000777227
 5 -0.62848 0.00120853
 6 -0.627831 0.00116845
 7 -0.628447 0.00115261
 8 -0.628744 0.0010459
 9 -0.628943 0.000948502
 10 -0.628901 0.0008546
 11 -0.628761 0.000788294
 12 -0.628805 0.000723859
 13 -0.628366 0.000790391
 14 -0.628322 0.000735125
 15 -0.628537 0.000716792
 16 -0.628663 0.000682989
 17 -0.628948 0.000699898
 18 -0.629262 0.000728061
 19 -0.629176 0.00069481
 20 -0.629462 0.000716459
 1 -0.628979 0
 2 -0.627619 0.000961552
 3 -0.627856 0.000669665
 4 -0.628481 0.000738155
 5 -0.629146 0.000838253
 6 -0.629141 0.000698561
 7 -0.629212 0.000602327
 8 -0.629337 0.000540006
 9 -0.628981 0.000585881
 10 -0.628789 0.000558048
 11 -0.628865 0.000512495
 12 -0.628618 0.000525683
 13 -0.628841 0.000530163
 14 -0.628749 0.000500215
 15 -0.628762 0.000467045
 16 -0.628742 0.000438268
 17 -0.62854 0.00045675
 18 -0.628438 0.000442714
 19 -0.628427 0.000419534
 20 -0.628384 0.000400793
 1 -0.591777 0
 2 -0.59396 0.00154353
 3 -0.595232 0.00146219
 4 -0.595102 0.00110244
 5 -0.594868 0.000906548
 6 -0.594942 0.00075849
 7 -0.595339 0.000747048
 8 -0.595146 0.000678221
 9 -0.594815 0.000678743
 10 -0.595035 0.000645641
 11 -0.595034 0.000586948
 12 -0.59507 0.000539093
 13 -0.595047 0.000498105
 14 -0.594995 0.000465209
 15 -0.59512 0.000450629
 16 -0.59503 0.000431268
 17 -0.594908 0.000422922
 18 -0.59498 0.000405572
 19 -0.594835 0.000409523
 20 -0.594726 0.000403184
 1 -0.592524 0
 2 -0.592563 2.7662e-05
 3 -0.593632 0.000873128
 4 -0.594044 0.000745725
 5 -0.59462 0.000788211
 6 -0.594648 0.000657354
 7 -0.594932 0.00062163
 8 -0.595134 0.000575726
 9 -0.595464 0.000599109
 10 -0.595436 0.000539853
 11 -0.595637 0.000526882
 12 -0.59577 0.00049945
 13 -0.595759 0.000461155
 14 -0.595528 0.000482296
 15 -0.595385 0.000470894
 16 -0.595446 0.000445402
 17 -0.595421 0.00041993
 18 -0.595236 0.000435412
 19 -0.595345 0.000425831
 20 -0.595299 0.000406948
 1 -0.594466 0
 2 -0.595138 0.000475317
 3 -0.594653 0.000506922
 4 -0.594596 0.000383477
 5 -0.594575 0.000307309
 6 -0.594246 0.000394661
 7 -0.594068 0.000376544
 8 -0.594386 0.000443874
 9 -0.594973 0.000679846
 10 -0.595202 0.000649203
 11 -0.595326 0.000601871
 12 -0.595339 0.000551855
 13 -0.595326 0.000509547
 14 -0.595238 0.000480741
 15 -0.595386 0.000471098
 16 -0.595437 0.000444372
 17 -0.595306 0.000436987
 18 -0.595285 0.000413252
 19 -0.595274 0.000391637
 20 -0.595297 0.000372715
 1 -0.595908 0
 2 -0.595569 0.000239851
 3 -0.596367 0.000670919
 4 -0.595699 0.000766664
 5 -0.595474 0.000645428
 6 -0.595878 0.000652033
 7 -0.595721 0.000577403
 8 -0.595867 0.000523376
 9 -0.596137 0.000530117
 10 -0.596311 0.000504968
 11 -0.596019 0.000536925
 12 -0.595917 0.000501737
 13 -0.595886 0.000464093
 14 -0.595825 0.000434942
 15 -0.595888 0.000410473
 16 -0.596026 0.000407254
 17 -0.595988 0.000385015
 18 -0.595774 0.000419163
 19 -0.595814 0.000399002
 20 -0.595827 0.000379282
 1 -0.596962 0
 2 -0.595367 0.00112834
 3 -0.596181 0.00100409
 4 -0.596082 0.000757965
 5 -0.595125 0.00104868
 6 -0.595022 0.000879007
 7 -0.595194 0.000770192
 8 -0.595198 0.000673925
 9 -0.595321 0.000610311
 10 -0.595398 0.000554114
 11 -0.595595 0.000537434
 12 -0.595485 0.000503699
 13 -0.595538 0.000467692
 14 -0.595405 0.000452725
 15 -0.595267 0.000443161
 16 -0.595114 0.000441169
 17 -0.595086 0.000416058
 18 -0.595119 0.000394196
 19 -0.594921 0.000420218
 20 -0.594791 0.000418791
 1 -0.563437 0
 2 -0.563812 0.000265306
 3 -0.563801 0.000177129
 4 -0.5639 0.000158528
 5 -0.56386 0.000131879
 6 -0.564464 0.000562091
 7 -0.564679 0.000521302
 8 -0.564862 0.000487114
 9 -0.564587 0.00050433
 10 -0.564531 0.000456982
 11 -0.564105 0.000581025
 12 -0.564072 0.000533586
 13 -0.564108 0.000493766
 14 -0.564356 0.000517068
 15 -0.564223 0.000499408
 16 -0.564392 0.000496142
 17 -0.564483 0.000475152
 18 -0.56468 0.000487782
 19 -0.56475 0.000467207
 20 -0.564768 0.00044418
 1 -0.562972 0
 2 -0.563603 0.000446015
 3 -0.563644 0.000299224
 4 -0.563703 0.000230257
 5 -0.564031 0.000345936
 6 -0.564081 0.000291899
 7 -0.563563 0.000540783
 8 -0.563725 0.000496901
 9 -0.563921 0.000478592
 10 -0.563653 0.000500195
 11 -0.5639 0.000512329
 12 -0.563734 0.000495911
 13 -0.563643 0.000466028
 14 -0.563437 0.000476099
 15 -0.56352 0.00045162
 16 -0.563531 0.000423516
 17 -0.563389 0.000421592
 18 -0.563529 0.000420609
 19 -0.563605 0.000405271
 20 -0.563723 0.000401972
 1 -0.563372 0
 2 -0.563803 0.000304452
 3 -0.563777 0.00020405
 4 -0.563803 0.000154701
 5 -0.564111 0.000301481
 6 -0.564148 0.000253477
 7 -0.56362 0.000534408
 8 -0.563775 0.00048957
 9 -0.563965 0.000470565
 10 -0.563693 0.000496173
 11 -0.563937 0.000507487
 12 -0.563767 0.000492658
 13 -0.563674 0.000463551
 14 -0.563465 0.0004749
 15 -0.563547 0.000450194
 16 -0.563556 0.000422143
 17 -0.563413 0.00042084
 18 -0.563551 0.000419528
 19 -0.563626 0.000404056
 20 -0.563743 0.000400573
 1 -0.564091 0
 2 -0.564237 0.000103832
 3 -0.563579 0.000542182
 4 -0.563021 0.000631593
 5 -0.56358 0.000710785
 6 -0.563417 0.000610701
 7 -0.563826 0.000646144
 8 -0.563864 0.000566503
 9 -0.56375 0.000514851
 10 -0.56395 0.000500438
 11 -0.563973 0.000455473
 12 -0.563752 0.000468125
 13 -0.563584 0.000461149
 14 -0.563574 0.000428327
 15 -0.563494 0.000407101
 16 -0.563701 0.00043105
 17 -0.56369 0.000405832
 18 -0.563753 0.000388073
 19 -0.563895 0.000392893
 20 -0.564025 0.000394083
 1 -0.568468 0
 2 -0.566127 0.00165551
 3 -0.565039 0.001417
 4 -0.564384 0.00120467
 5 -0.564018 0.00101765
 6 -0.564264 0.00087718
 7 -0.563822 0.000855817
 8 -0.563826 0.000748846
 9 -0.563747 0.000669753
 10 -0.563487 0.000651182
 11 -0.563409 0.000596732
 12 -0.563545 0.000562317
 13 -0.563621 0.000524214
 14 -0.563482 0.000504919
 15 -0.563398 0.000478212
 16 -0.563244 0.000472247
 17 -0.563249 0.000444495
 18 -0.563093 0.000446613
 19 -0.563121 0.000424013
 20 -0.563154 0.000404114
 1 -0.532925 0
 2 -0.534826 0.00134435
 3 -0.534838 0.000896289
 4 -0.534957 0.000680086
 5 -0.534857 0.000551416
 6 -0.534834 0.00045997
 7 -0.534927 0.000403541
 8 -0.534841 0.000362283
 9 -0.535124 0.000418151
 10 -0.535107 0.000376667
 11 -0.535164 0.000346718
 12 -0.535431 0.000408036
 13 -0.535413 0.000377067
 14 -0.535481 0.000356228
 15 -0.535606 0.000353659
 16 -0.535728 0.000352212
 17 -0.535793 0.000337427
 18 -0.535716 0.000327416
 19 -0.535798 0.000320379
 20 -0.535812 0.000304661
 1 -0.537124 0
 2 -0.537376 0.000178728
 3 -0.536001 0.00112942
 4 -0.534846 0.0013109
 5 -0.535559 0.00122779
 6 -0.535502 0.00102448
 7 -0.535763 0.000910685
 8 -0.535587 0.000813627
 9 -0.535705 0.000731686
 10 -0.53562 0.000663397
 11 -0.535559 0.000605917
 12 -0.535592 0.000556314
 13 -0.535564 0.000514213
 14 -0.535746 0.000508572
 15 -0.535775 0.000475475
 16 -0.53583 0.00044896
 17 -0.535806 0.000423179
 18 -0.535935 0.000418923
 19 -0.535747 0.00043714
 20 -0.535803 0.000418838
 1 -0.534824 0
 2 -0.534768 3.9598e-05
 3 -0.535238 0.0003844
 4 -0.534687 0.000557347
 5 -0.534909 0.000487893
 6 -0.534409 0.000611054
 7 -0.534619 0.000558818
 8 -0.534784 0.000512731
 9 -0.534761 0.0004563
 10 -0.535202 0.000586428
 11 -0.535269 0.000536951
 12 -0.535096 0.000519386
 13 -0.535059 0.000480737
 14 -0.535186 0.000462946
 15 -0.535235 0.000434668
 16 -0.535263 0.0004084
 17 -0.53521 0.000387902
 18 -0.535293 0.000375288
 19 -0.535343 0.000358752
 20 -0.535273 0.000347588
 1 -0.536699 0
 2 -0.536963 0.000186648
 3 -0.536578 0.000338042
 4 -0.536712 0.000278874
 5 -0.536171 0.000533187
 6 -0.536084 0.000451353
 7 -0.536028 0.000390318
 8 -0.536333 0.000445301
 9 -0.536241 0.000405307
 10 -0.536228 0.000365
 11 -0.536283 0.000336053
 12 -0.536168 0.000327203
 13 -0.536097 0.000309648
 14 -0.535897 0.000346411
 15 -0.536011 0.000341708
 16 -0.53607 0.000325438
 17 -0.536078 0.00030638
 18 -0.536146 0.000296972
 19 -0.536105 0.000284162
 20 -0.536021 0.000282283
 1 -0.532369 0
 2 -0.533287 0.000648869
 3 -0.53364 0.000519637
 4 -0.534148 0.000588161
 5 -0.534941 0.000851245
 6 -0.535108 0.000725513
 7 -0.53512 0.000621961
 8 -0.535071 0.000546131
 9 -0.535014 0.000488424
 10 -0.535232 0.000485783
 11 -0.535073 0.000466931
 12 -0.535113 0.000429732
 13 -0.535052 0.000400996
 14 -0.535041 0.000372502
 15 -0.535134 0.000359197
 16 -0.535262 0.000358683
 17 -0.535074 0.000383607
 18 -0.535107 0.000363753
 19 -0.535072 0.000346313
 20 -0.53504 0.000330462
 1 -0.511534 0
 2 -0.51093 0.000427008
 3 -0.510834 0.000295234
 4 -0.510362 0.000465057
 5 -0.509899 0.000556528
 6 -0.510452 0.000685304
 7 -0.510052 0.000694468
 8 -0.510015 0.000608641
 9 -0.509879 0.000555938
 10 -0.509746 0.000515958
 11 -0.509693 0.000471776
 12 -0.50978 0.000440342
 13 -0.51001 0.000462912
 14 -0.510008 0.000429852
 15 -0.510057 0.000403954
 16 -0.509888 0.000412445
 17 -0.509672 0.000441264
 18 -0.509745 0.000422696
 19 -0.509605 0.00042302
 20 -0.509704 0.000413322
 1 -0.508179 0
 2 -0.508202 1.58958e-05
 3 -0.508449 0.000202638
 4 -0.509043 0.000536449
 5 -0.508323 0.000774239
 6 -0.50812 0.000671213
 7 -0.508114 0.000575358
 8 -0.508627 0.000695712
 9 -0.508739 0.000627306
 10 -0.509206 0.000717758
 11 -0.509033 0.000673101
 12 -0.508965 0.000620343
 13 -0.508848 0.000583694
 14 -0.508771 0.000546988
 15 -0.508824 0.000513103
 16 -0.508824 0.000481034
 17 -0.508721 0.000463543
 18 -0.508714 0.000437854
 19 -0.508795 0.000422367
 20 -0.508741 0.000404698
 1 -0.510368 0
 2 -0.509384 0.000695793
 3 -0.509086 0.000524006
 4 -0.508286 0.000796184
 5 -0.508581 0.000689192
 6 -0.508727 0.000589722
 7 -0.50854 0.000534413
 8 -0.508293 0.000521713
 9 -0.508219 0.000468905
 10 -0.508133 0.000429838
 11 -0.50799 0.000413934
 12 -0.508197 0.000428396
 13 -0.50827 0.000401512
 14 -0.508657 0.000527213
 15 -0.508663 0.000492098
 16 -0.508407 0.000523551
 17 -0.508506 0.00050202
 18 -0.508622 0.000487345
 19 -0.508663 0.000463408
 20 -0.508801 0.000460252
 1 -0.50846 0
 2 -0.50779 0.000474073
 3 -0.507809 0.000316456
 4 -0.508157 0.000383337
 5 -0.508562 0.000474505
 6 -0.508438 0.000411343
 7 -0.507955 0.000569319
 8 -0.508477 0.000697924
 9 -0.508633 0.000637462
 10 -0.508741 0.000582762
 11 -0.5088 0.000532808
 12 -0.508555 0.000541746
 13 -0.508416 0.000517629
 14 -0.508618 0.0005186
 15 -0.508597 0.000484452
 16 -0.508507 0.000462475
 17 -0.508516 0.000435352
 18 -0.508535 0.000411607
 19 -0.508538 0.000389954
 20 -0.508669 0.000391602
 1 -0.510432 0
 2 -0.509676 0.000534714
 3 -0.509385 0.00042856
 4 -0.508391 0.000919003
 5 -0.508136 0.000769837
 6 -0.508562 0.000750592
 7 -0.508728 0.000661436
 8 -0.508883 0.000596544
 9 -0.508928 0.000531977
 10 -0.508847 0.000484883
 11 -0.508798 0.000443319
 12 -0.508795 0.000406385
 13 -0.50898 0.000415177
 14 -0.508792 0.000425823
 15 -0.508739 0.000400828
 16 -0.508808 0.000381694
 17 -0.508734 0.000366337
 18 -0.508784 0.000349411
 19 -0.508857 0.00033866
 20 -0.508886 0.000322956
 1 -0.485227 0
 2 -0.485245 1.28693e-05
 3 -0.485619 0.000305349
 4 -0.485051 0.000542306
 5 -0.485404 0.000536172
 6 -0.485196 0.000485401
 7 -0.485027 0.000444302
 8 -0.484899 0.000407014
 9 -0.484964 0.000366974
 10 -0.485089 0.000351045
 11 -0.485448 0.000467881
 12 -0.485446 0.000428894
 13 -0.485412 0.000397292
 14 -0.485361 0.000372176
 15 -0.485631 0.000434543
 16 -0.485591 0.00040922
 17 -0.485657 0.000390482
 18 -0.485464 0.000413848
 19 -0.485451 0.000392263
 20 -0.485418 0.000374075
 1 -0.480657 0
 2 -0.483134 0.00175136
 3 -0.484052 0.0013876
 4 -0.484762 0.00120862
 5 -0.484173 0.0011009
 6 -0.484071 0.000922104
 7 -0.484149 0.000793618
 8 -0.484577 0.000801878
 9 -0.484673 0.000718394
 10 -0.48504 0.000734529
 11 -0.485041 0.000667755
 12 -0.485023 0.000612374
 13 -0.48495 0.000569609
 14 -0.484965 0.000529142
 15 -0.485046 0.000500022
 16 -0.485162 0.000481944
 17 -0.484975 0.000488378
 18 -0.484998 0.000461792
 19 -0.485099 0.000448261
 20 -0.48511 0.000425995
 1 -0.484628 0
 2 -0.484343 0.000201129
 3 -0.484416 0.000146622
 4 -0.485115 0.00061535
 5 -0.484954 0.000513038
 6 -0.48536 0.000565826
 7 -0.485423 0.00048855
 8 -0.485321 0.000438009
 9 -0.485221 0.000400716
 10 -0.485117 0.000373699
 11 -0.48519 0.000346688
 12 -0.485302 0.000335303
 13 -0.485155 0.000339997
 14 -0.48515 0.000315747
 15 -0.484924 0.000366796
 16 -0.485039 0.000361538
 17 -0.485019 0.000340848
 18 -0.484998 0.000322584
 19 -0.484946 0.00030974
 20 -0.485019 0.000302853
 1 -0.48626 0
 2 -0.486708 0.000316586
 3 -0.486119 0.000524593
 4 -0.485781 0.000490689
 5 -0.485151 0.000686799
 6 -0.484815 0.000649088
 7 -0.48498 0.000576897
 8 -0.484771 0.000541179
 9 -0.484853 0.000487167
 10 -0.484821 0.000439516
 11 -0.484787 0.000400875
 12 -0.484653 0.000389115
 13 -0.484884 0.000422159
 14 -0.484876 0.000392076
 15 -0.484987 0.000381205
 16 -0.485019 0.000358731
 17 -0.484944 0.000345365
 18 -0.485028 0.000336344
 19 -0.484935 0.000331298
 20 -0.485037 0.000329984
 1 -0.484498 0
 2 -0.485726 0.000868469
 3 -0.484844 0.000923971
 4 -0.48539 0.000838974
 5 -0.485599 0.000696617
 6 -0.485666 0.000583737
 7 -0.485345 0.000582074
 8 -0.485385 0.000510686
 9 -0.485474 0.000461664
 10 -0.485338 0.000435112
 11 -0.485153 0.000432894
 12 -0.485029 0.000414421
 13 -0.485118 0.000392002
 14 -0.48492 0.00041071
 15 -0.485084 0.000414794
 16 -0.485008 0.000395859
 17 -0.484899 0.000387139
 18 -0.484886 0.000365853
 19 -0.48486 0.000347531
 20 -0.484975 0.000348551
 1 -0.458374 0
 2 -0.461885 0.00248223
 3 -0.462094 0.00166364
 4 -0.461758 0.00128132
 5 -0.461872 0.00103014
 6 -0.461946 0.000861089
 7 -0.462163 0.000765079
 8 -0.462643 0.00080608
 9 -0.462685 0.000717572
 10 -0.462853 0.000665174
 11 -0.46301 0.000622925
 12 -0.463001 0.000571072
 13 -0.463115 0.000538453
 14 -0.463249 0.000516275
 15 -0.46309 0.000505557
 16 -0.463314 0.000521061
 17 -0.46306 0.000548784
 18 -0.462862 0.000552803
 19 -0.462699 0.000547196
 20 -0.462623 0.000525213
 1 -0.464652 0
 2 -0.466035 0.000977787
 3 -0.464425 0.00146703
 4 -0.464543 0.00110498
 5 -0.464244 0.00092341
 6 -0.464052 0.000789346
 7 -0.463794 0.000717509
 8 -0.464156 0.000713495
 9 -0.464153 0.000634223
 10 -0.464041 0.000580705
 11 -0.46395 0.00053501
 12 -0.463613 0.000586709
 13 -0.463519 0.00054908
 14 -0.463325 0.00054312
 15 -0.463262 0.000510603
 16 -0.46322 0.000480364
 17 -0.463263 0.000454028
 18 -0.463235 0.000429681
 19 -0.46327 0.000408491
 20 -0.463242 0.000389026
 1 -0.463602 0
 2 -0.463198 0.000285219
 3 -0.46379 0.000519299
 4 -0.463123 0.000696647
 5 -0.463344 0.000591293
 6 -0.463209 0.000507862
 7 -0.463917 0.000786829
 8 -0.463645 0.000733869
 9 -0.463833 0.000675857
 10 -0.463888 0.000610531
 11 -0.463557 0.000638653
 12 -0.463482 0.000589793
 13 -0.463561 0.000549681
 14 -0.463418 0.000528735
 15 -0.463367 0.000495942
 16 -0.463323 0.000466869
 17 -0.463447 0.000455465
 18 -0.463435 0.000430306
 19 -0.463491 0.000411251
 20 -0.463521 0.000391803
 1 -0.464828 0
 2 -0.463871 0.000676729
 3 -0.462689 0.0010652
 4 -0.462249 0.000885255
 5 -0.462546 0.0007566
 6 -0.463066 0.000788844
 7 -0.463423 0.000752829
 8 -0.463348 0.000662458
 9 -0.463367 0.000589127
 10 -0.463121 0.000579622
 11 -0.4629 0.000567189
 12 -0.462838 0.000523339
 13 -0.462659 0.000512717
 14 -0.462714 0.000479027
 15 -0.462712 0.000447097
 16 -0.462645 0.000424173
 17 -0.462624 0.000399715
 18 -0.462708 0.00038607
 19 -0.462705 0.000365758
 20 -0.462743 0.000349428
 1 -0.461067 0
 2 -0.46152 0.000319754
 3 -0.461829 0.000330828
 4 -0.462473 0.000609827
 5 -0.462886 0.000612032
 6 -0.462739 0.000527413
 7 -0.462983 0.000505543
 8 -0.463155 0.0004707
 9 -0.463187 0.00041949
 10 -0.463409 0.000432193
 11 -0.463279 0.000412069
 12 -0.463125 0.000405553
 13 -0.462902 0.000430883
 14 -0.462822 0.000407499
 15 -0.462836 0.000380558
 16 -0.463088 0.000432091
 17 -0.463046 0.000408662
 18 -0.463082 0.000387503
 19 -0.463179 0.000379034
 20 -0.463158 0.000360637
