 1 0.891356 0
 2 0.832804 0.0414025
 3 0.864996 0.0381148
 4 0.877384 0.0305329
 5 0.88681 0.0258405
 6 0.856835 0.0348208
 7 0.867335 0.0313899
 8 0.872657 0.0279136
 9 0.878704 0.0254586
 10 0.881566 0.0230731
 11 0.885965 0.0213907
 12 0.892105 0.0204704
 13 0.897605 0.0196208
 14 0.898897 0.0182619
 15 0.896763 0.0171687
 16 0.8989 0.0162281
 17 0.901492 0.015479
 18 0.903414 0.0147379
 19 0.894952 0.0162105
 20 0.892209 0.0156304
 1 0.885968 0
 2 0.907044 0.014903
 3 0.856135 0.0427382
 4 0.764555 0.0855427
 5 0.782466 0.0702842
 6 0.799431 0.0605832
 7 0.814231 0.0537057
 8 0.828454 0.0488395
 9 0.825414 0.0435074
 10 0.83453 0.0401002
 11 0.839423 0.0367521
 12 0.846366 0.034339
 13 0.824737 0.037902
 14 0.833814 0.0362655
 15 0.840242 0.0344127
 16 0.846969 0.0329129
 17 0.847939 0.0309911
 18 0.852437 0.029594
 19 0.854535 0.0281107
 20 0.841795 0.0294507
 1 0.852748 0
 2 0.835846 0.0119515
 3 0.874991 0.0329396
 4 0.894624 0.0299904
 5 0.887266 0.0248787
 6 0.881954 0.0212917
 7 0.886183 0.0186654
 8 0.848719 0.0386636
 9 0.851193 0.0344467
 10 0.838454 0.0332742
 11 0.848255 0.0316597
 12 0.853022 0.0293781
 13 0.857252 0.027421
 14 0.860785 0.025689
 15 0.864403 0.0242298
 16 0.868774 0.0231064
 17 0.873168 0.0221609
 18 0.874973 0.0210032
 19 0.87395 0.0199226
 20 0.870732 0.0191846
 1 0.943748 0
 2 0.825996 0.0832632
 3 0.866448 0.0645921
 4 0.884936 0.0510214
 5 0.90373 0.0441432
 6 0.911818 0.0375195
 7 0.915594 0.032349
 8 0.922658 0.0290666
 9 0.914704 0.0269034
 10 0.903761 0.0263447
 11 0.906841 0.0241291
 12 0.886181 0.0296731
 13 0.890582 0.027715
 14 0.892183 0.0257815
 15 0.892942 0.0240739
 16 0.89758 0.0230118
 17 0.900717 0.0218709
 18 0.899856 0.0206728
 19 0.899261 0.0195933
 20 0.899897 0.018624
 1 0.954672 0
 2 0.79265 0.114567
 3 0.839724 0.0855038
 4 0.841627 0.064149
 5 0.782555 0.0736562
 6 0.770877 0.0622992
 7 0.799425 0.0595822
 8 0.816866 0.0546278
 9 0.825718 0.0492699
 10 0.839686 0.0462805
 11 0.848581 0.0429195
 12 0.842117 0.0398267
 13 0.851337 0.0378154
 14 0.85897 0.0358763
 15 0.864724 0.0339429
 16 0.866261 0.0318563
 17 0.868815 0.0300846
 18 0.856143 0.0309672
 19 0.852217 0.0295851
 20 0.855511 0.0282887
 1 0.73502 0
 2 0.680292 0.0386985
 3 0.697671 0.0294438
 4 0.700845 0.0222533
 5 0.696648 0.0181941
 6 0.678556 0.0224198
 7 0.674277 0.019621
 8 0.680201 0.0180405
 9 0.671146 0.0181668
 10 0.654232 0.0229087
 11 0.660275 0.0216085
 12 0.662126 0.0198869
 13 0.660509 0.0184227
 14 0.662463 0.0172101
 15 0.666177 0.0164586
 16 0.658176 0.0172655
 17 0.654275 0.0166847
 18 0.655286 0.0157884
 19 0.651746 0.015349
 20 0.651461 0.0145842
 1 0.518724 0
 2 0.619468 0.0712368
 3 0.660155 0.057957
 4 0.66238 0.0435105
 5 0.648044 0.037095
 6 0.63232 0.0340825
 7 0.633851 0.029248
 8 0.658958 0.0347347
 9 0.651588 0.0316474
 10 0.651119 0.0284861
 11 0.652365 0.0259237
 12 0.644178 0.0250228
 13 0.65029 0.0238327
 14 0.651361 0.0221544
 15 0.642586 0.0223479
 16 0.643726 0.0209802
 17 0.638654 0.0203498
 18 0.640094 0.0192702
 19 0.641075 0.0182808
 20 0.642678 0.017437
 1 0.632092 0
 2 0.633646 0.00109884
 3 0.669616 0.0293785
 4 0.670485 0.0220467
 5 0.673673 0.0178664
 6 0.687106 0.0192885
 7 0.704577 0.0231292
 8 0.693598 0.0226945
 9 0.681322 0.0232574
 10 0.678148 0.0211471
 11 0.676768 0.0192696
 12 0.670642 0.0186123
 13 0.66959 0.0172103
 14 0.675582 0.0169921
 15 0.672078 0.0162167
 16 0.670931 0.0152436
 17 0.671305 0.0143515
 18 0.670561 0.0135735
 19 0.670759 0.0128605
 20 0.660965 0.0155048
 1 0.704668 0
 2 0.63021 0.0526498
 3 0.669601 0.0476072
 4 0.645043 0.0415597
 5 0.660155 0.0358904
 6 0.655339 0.0302301
 7 0.661215 0.0264765
 8 0.675942 0.0269534
 9 0.685072 0.0254578
 10 0.677346 0.0240557
 11 0.669801 0.0230216
 12 0.66193 0.0224085
 13 0.654412 0.0219094
 14 0.663909 0.0223078
 15 0.66171 0.0209287
 16 0.66394 0.0197392
 17 0.665098 0.018612
 18 0.666061 0.0176029
 19 0.669783 0.0170654
 20 0.672339 0.0164023
 1 0.74178 0
 2 0.719544 0.0157232
 3 0.679468 0.0343599
 4 0.648017 0.0374961
 5 0.667306 0.0346043
 6 0.685041 0.0330708
 7 0.657071 0.0383933
 8 0.652831 0.0338275
 9 0.632447 0.0356857
 10 0.638009 0.0325477
 11 0.643896 0.0301165
 12 0.655251 0.0296705
 13 0.653118 0.0274648
 14 0.650781 0.0256022
 15 0.649746 0.0239163
 16 0.641574 0.0237767
 17 0.643657 0.0224691
 18 0.642373 0.0212575
 19 0.647129 0.0206638
 20 0.648625 0.0196847
 1 0.452988 0
 2 0.458346 0.00378868
 3 0.485495 0.0223102
 4 0.478564 0.0177766
 5 0.476568 0.0143329
 6 0.470016 0.013358
 7 0.465853 0.0120811
 8 0.459594 0.0120838
 9 0.446441 0.0164056
 10 0.44471 0.0148561
 11 0.445411 0.013522
 12 0.443813 0.0124892
 13 0.444173 0.0115337
 14 0.437937 0.0122807
 15 0.435367 0.0117278
 16 0.431409 0.0116437
 17 0.426018 0.0121424
 18 0.427334 0.0115389
 19 0.424785 0.0112096
 20 0.425559 0.0106758
 1 0.415 0
 2 0.440102 0.0177498
 3 0.427048 0.0159257
 4 0.411383 0.0180751
 5 0.420117 0.0164353
 6 0.422807 0.0139145
 7 0.40218 0.0225156
 8 0.399864 0.0198198
 9 0.395052 0.0181924
 10 0.399329 0.0168683
 11 0.399024 0.0153376
 12 0.408164 0.0165605
 13 0.405491 0.0155009
 14 0.408127 0.0146161
 15 0.401872 0.0149201
 16 0.403544 0.0140809
 17 0.3999 0.0137162
 18 0.401469 0.0130437
 19 0.40562 0.0130011
 20 0.410772 0.0133327
 1 0.438572 0
 2 0.469264 0.0217025
 3 0.45652 0.0178215
 4 0.415138 0.0382493
 5 0.437254 0.0364363
 6 0.422438 0.0332395
 7 0.426902 0.0287892
 8 0.416722 0.0269306
 9 0.421328 0.0243291
 10 0.413579 0.0230974
 11 0.412152 0.0210416
 12 0.416564 0.0197453
 13 0.418103 0.0182863
 14 0.420366 0.0171195
 15 0.415998 0.016526
 16 0.412712 0.0158164
 17 0.411469 0.0149348
 18 0.412312 0.0141289
 19 0.413227 0.0134149
 20 0.413116 0.0127446
 1 0.445384 0
 2 0.43174 0.00964776
 3 0.405055 0.022718
 4 0.400682 0.0174542
 5 0.414067 0.0183931
 6 0.410056 0.0157589
 7 0.411851 0.0136095
 8 0.413419 0.0119982
 9 0.404108 0.0138127
 10 0.410307 0.013752
 11 0.408559 0.0126124
 12 0.408981 0.0115684
 13 0.408478 0.0106895
 14 0.401768 0.0118463
 15 0.402867 0.0111074
 16 0.406359 0.0109485
 17 0.409016 0.0106219
 18 0.412852 0.0107021
 19 0.412489 0.0101449
 20 0.410077 0.00992011
 1 0.343944 0
 2 0.404176 0.0425905
 3 0.444608 0.0435434
 4 0.44768 0.0327658
 5 0.440042 0.0270883
 6 0.432419 0.0236217
 7 0.422045 0.0224099
 8 0.419835 0.0197173
 9 0.414836 0.0181493
 10 0.415809 0.0163604
 11 0.418147 0.0150393
 12 0.419665 0.0138624
 13 0.415423 0.0134294
 14 0.415244 0.0124714
 15 0.417907 0.0119208
 16 0.415733 0.0113723
 17 0.416196 0.0107128
 18 0.415017 0.0101823
 19 0.418809 0.0103281
 20 0.419755 0.009855
 1 0.279196 0
 2 0.282148 0.00208738
 3 0.271769 0.00858765
 4 0.267623 0.00737408
 5 0.2658 0.00612046
 6 0.258536 0.00836572
 7 0.259073 0.00718781
 8 0.262178 0.00692796
 9 0.261172 0.00623087
 10 0.263175 0.00592092
 11 0.261998 0.00549832
 12 0.262958 0.00512316
 13 0.264898 0.0050832
 14 0.267047 0.00515451
 15 0.265375 0.00507488
 16 0.265563 0.00476117
 17 0.265709 0.00448335
 18 0.26537 0.0042471
 19 0.265626 0.00403131
 20 0.263341 0.0044301
 1 0.175764 0
 2 0.210286 0.0244107
 3 0.222296 0.0189999
 4 0.238331 0.0198973
 5 0.246258 0.0174256
 6 0.259073 0.0186473
 7 0.259723 0.0159947
 8 0.268618 0.0162815
 9 0.276253 0.0161639
 10 0.27342 0.0147937
 11 0.266295 0.0150671
 12 0.268706 0.0140031
 13 0.264695 0.0134882
 14 0.262496 0.0127027
 15 0.260344 0.0120367
 16 0.264231 0.0118954
 17 0.267436 0.0116195
 18 0.268609 0.011033
 19 0.267699 0.0104898
 20 0.266249 0.010065
 1 0.291208 0
 2 0.295182 0.00281004
 3 0.297565 0.00270117
 4 0.290403 0.00652522
 5 0.286648 0.00620727
 6 0.279847 0.00808118
 7 0.279186 0.00695366
 8 0.275595 0.00695023
 9 0.266296 0.0107249
 10 0.263261 0.0100728
 11 0.258994 0.0100203
 12 0.257136 0.00935587
 13 0.255974 0.00870815
 14 0.256145 0.00808783
 15 0.25795 0.00774749
 16 0.255104 0.00776858
 17 0.258096 0.00786678
 18 0.254695 0.00813197
 19 0.256457 0.00789263
 20 0.257807 0.00761254
 1 0.248172 0
 2 0.258344 0.00719269
 3 0.263037 0.00613825
 4 0.268962 0.00689349
 5 0.280402 0.0116241
 6 0.291072 0.0137368
 7 0.284714 0.0131637
 8 0.287823 0.0118796
 9 0.281812 0.0119843
 10 0.28234 0.0107975
 11 0.279641 0.0101477
 12 0.277471 0.00953137
 13 0.271723 0.0103877
 14 0.270791 0.00968747
 15 0.271878 0.00910242
 16 0.268975 0.0089844
 17 0.270144 0.00853165
 18 0.269999 0.00805891
 19 0.269857 0.00763601
 20 0.269736 0.00725517
 1 0.256916 0
 2 0.276498 0.0138466
 3 0.275415 0.00927333
 4 0.264918 0.0114458
 5 0.264427 0.00916718
 6 0.262729 0.00779496
 7 0.261039 0.00686225
 8 0.264613 0.00687228
 9 0.256644 0.00968287
 10 0.254989 0.00885492
 11 0.255401 0.00805952
 12 0.256514 0.00746434
 13 0.253779 0.0073743
 14 0.255842 0.00713028
 15 0.25694 0.00673894
 16 0.259828 0.00690913
 17 0.25894 0.00655962
 18 0.261743 0.00676777
 19 0.265776 0.00751775
 20 0.263295 0.00754001
 1 0.179648 0
 2 0.19011 0.00739775
 3 0.189163 0.00499212
 4 0.194982 0.00627827
 5 0.192542 0.00547613
 6 0.192233 0.00457219
 7 0.190764 0.0041482
 8 0.190361 0.0036492
 9 0.193688 0.0045123
 10 0.194668 0.00416613
 11 0.190564 0.00544548
 12 0.192058 0.00519241
 13 0.192354 0.00480143
 14 0.193328 0.00455622
 15 0.189956 0.0053567
 16 0.187106 0.00573025
 17 0.186037 0.00549204
 18 0.186596 0.00521533
 19 0.188335 0.00522271
 20 0.189975 0.00521278
 1 0.144432 0
 2 0.151602 0.00506996
 3 0.156189 0.00504512
 4 0.162842 0.00689282
 5 0.165372 0.00596051
 6 0.164005 0.00512153
 7 0.166575 0.00499332
 8 0.170129 0.0054905
 9 0.174201 0.00620937
 10 0.174666 0.0056058
 11 0.176806 0.00548941
 12 0.175478 0.00519006
 13 0.17523 0.00479677
 14 0.174562 0.00450039
 15 0.173915 0.00424651
 16 0.175143 0.00415467
 17 0.172812 0.00451687
 18 0.174517 0.00457631
 19 0.175368 0.00441396
 20 0.176111 0.0042552
 1 0.215628 0
 2 0.217362 0.00122612
 3 0.200297 0.0139572
 4 0.207892 0.0123627
 5 0.199876 0.0122156
 6 0.191763 0.0125889
 7 0.187258 0.0115685
 8 0.188103 0.0101532
 9 0.188713 0.00904344
 10 0.187712 0.00819435
 11 0.186585 0.00752649
 12 0.18426 0.00724963
 13 0.183344 0.00674958
 14 0.184012 0.00630044
 15 0.182492 0.00606092
 16 0.18092 0.00588257
 17 0.180574 0.00554667
 18 0.181867 0.00538712
 19 0.183763 0.0054268
 20 0.184154 0.00516953
 1 0.179776 0
 2 0.162504 0.0122131
 3 0.166285 0.00870782
 4 0.172987 0.00873707
 5 0.180526 0.00971233
 6 0.183641 0.00857839
 7 0.183427 0.00735555
 8 0.184584 0.0065264
 9 0.190685 0.00816973
 10 0.187801 0.00784548
 11 0.19115 0.00781457
 12 0.188801 0.00750806
 13 0.189781 0.00699413
 14 0.191397 0.00667862
 15 0.18899 0.00665281
 16 0.188617 0.0062475
 17 0.188104 0.00590098
 18 0.184267 0.00670576
 19 0.184465 0.00635576
 20 0.184905 0.00605312
 1 0.16296 0
 2 0.183586 0.0145848
 3 0.191252 0.0115637
 4 0.194141 0.00902644
 5 0.192701 0.00733514
 6 0.190744 0.00636828
 7 0.191761 0.00553916
 8 0.190804 0.00492877
 9 0.190084 0.00443334
 10 0.188492 0.0042663
 11 0.186235 0.00443552
 12 0.185653 0.00410389
 13 0.187123 0.00404283
 14 0.185437 0.00409041
 15 0.183209 0.00438286
 16 0.181847 0.00431547
 17 0.184362 0.00473843
 18 0.18484 0.00449922
 19 0.184047 0.00433186
 20 0.184836 0.00418659
 1 0.148024 0
 2 0.124158 0.0168758
 3 0.123287 0.011273
 4 0.123402 0.00845535
 5 0.128979 0.00840474
 6 0.129071 0.00700445
 7 0.130939 0.00624813
 8 0.130109 0.00552209
 9 0.125612 0.00648553
 10 0.128893 0.00661493
 11 0.128243 0.00604545
 12 0.128131 0.00554271
 13 0.128644 0.00514009
 14 0.128966 0.00478298
 15 0.132411 0.0055682
 16 0.129902 0.00575764
 17 0.130084 0.00542181
 18 0.130977 0.00519368
 19 0.13163 0.00496124
 20 0.130224 0.00490844
 1 0.10346 0
 2 0.117126 0.00966332
 3 0.124668 0.00891198
 4 0.12951 0.00789046
 5 0.125698 0.0071745
 6 0.126979 0.00609205
 7 0.129771 0.0058266
 8 0.128468 0.00524203
 9 0.128117 0.00467129
 10 0.129959 0.00455298
 11 0.132757 0.00492446
 12 0.133123 0.00452766
 13 0.136119 0.00507441
 14 0.134736 0.00489681
 15 0.134469 0.00457761
 16 0.136253 0.00462616
 17 0.137114 0.00443345
 18 0.13532 0.00453575
 19 0.135535 0.00430213
 20 0.13696 0.00431659
 1 0.138976 0
 2 0.133458 0.00390182
 3 0.137504 0.00420472
 4 0.133975 0.00439149
 5 0.133878 0.00351426
 6 0.130406 0.00431559
 7 0.127842 0.0043951
 8 0.127341 0.00387414
 9 0.131246 0.00504069
 10 0.131487 0.00454238
 11 0.128685 0.00491797
 12 0.127772 0.00459224
 13 0.129792 0.0046624
 14 0.132379 0.00499572
 15 0.135957 0.00580419
 16 0.135208 0.00548955
 17 0.13552 0.00517547
 18 0.133672 0.00520727
 19 0.131825 0.00525047
 20 0.13087 0.00507403
 1 0.139232 0
 2 0.137186 0.00144674
 3 0.139461 0.00209325
 4 0.13392 0.00504921
 5 0.133203 0.00408993
 6 0.132857 0.00342292
 7 0.136248 0.00429722
 8 0.136149 0.00376121
 9 0.134336 0.00375491
 10 0.133829 0.0034135
 11 0.135249 0.00338579
 12 0.134244 0.00324931
 13 0.133081 0.00320098
 14 0.134518 0.00327934
 15 0.135581 0.00322834
 16 0.13536 0.00303409
 17 0.134018 0.00313875
 18 0.133635 0.00298762
 19 0.1342 0.0028834
 20 0.135645 0.00307982
 1 0.16008 0
 2 0.156072 0.00283408
 3 0.139071 0.0140095
 4 0.131178 0.0125348
 5 0.132597 0.0101078
 6 0.134495 0.00859949
 7 0.134778 0.00737567
 8 0.130281 0.00770375
 9 0.128245 0.00711176
 10 0.12822 0.00640063
 11 0.127397 0.00587141
 12 0.128432 0.00547264
 13 0.127881 0.00507934
 14 0.126311 0.00495316
 15 0.126988 0.00466893
 16 0.125762 0.00453523
 17 0.125866 0.00426965
 18 0.127438 0.0043121
 19 0.129453 0.00453158
 20 0.128942 0.0043337
 1 0.091248 0
 2 0.093098 0.00130815
 3 0.09454 0.0014652
 4 0.092223 0.00228778
 5 0.091248 0.00202737
 6 0.095516 0.00424667
 7 0.0935177 0.00408317
 8 0.0967905 0.00470499
 9 0.0966089 0.00418572
 10 0.096866 0.00377504
 11 0.0984051 0.00373243
 12 0.096555 0.00385273
 13 0.0962071 0.00357204
 14 0.098194 0.00382984
 15 0.100315 0.00412028
 16 0.0991792 0.0040163
 17 0.0990598 0.00378182
 18 0.0985031 0.00361246
 19 0.0978179 0.00348671
 20 0.098583 0.00339528
 1 0.11446 0
 2 0.09821 0.0114905
 3 0.0967053 0.00775822
 4 0.101488 0.00714229
 5 0.103205 0.00591657
 6 0.101824 0.00508905
 7 0.10568 0.00563667
 8 0.103024 0.00552229
 9 0.104422 0.00508251
 10 0.106702 0.00505979
 11 0.106891 0.00460332
 12 0.106435 0.00424219
 13 0.103896 0.00461369
 14 0.104495 0.00432291
 15 0.103313 0.00419315
 16 0.101934 0.00415159
 17 0.102563 0.00395467
 18 0.102473 0.00373599
 19 0.102429 0.00353962
 20 0.102575 0.00336563
 1 0.094696 0
 2 0.093704 0.00070145
 3 0.100579 0.00563259
 4 0.100975 0.00423836
 5 0.0991488 0.00376361
 6 0.10248 0.00436853
 7 0.100146 0.00432309
 8 0.0997025 0.00380542
 9 0.0990573 0.00343685
 10 0.0979304 0.00327271
 11 0.0975156 0.00300136
 12 0.0983707 0.00287045
 13 0.0974711 0.00278705
 14 0.0972909 0.0025938
 15 0.0982525 0.00259303
 16 0.0996285 0.0027721
 17 0.0982831 0.00291733
 18 0.097708 0.00281136
 19 0.0965421 0.00289507
 20 0.0969636 0.00278083
 1 0.078444 0
 2 0.09246 0.00991081
 3 0.0957693 0.00713837
 4 0.09787 0.00565442
 5 0.0997936 0.00483969
 6 0.0936987 0.00687187
 7 0.0937629 0.00589047
 8 0.0937135 0.00515437
 9 0.0947867 0.00469205
 10 0.096692 0.00459344
 11 0.095552 0.004315
 12 0.093468 0.00443017
 13 0.09408 0.00413145
 14 0.0951254 0.00396641
 15 0.0971715 0.00419665
 16 0.0975055 0.00394763
 17 0.0966802 0.0038007
 18 0.0971184 0.00361472
 19 0.0974937 0.00344389
 20 0.0980082 0.00330991
 1 0.085848 0
 2 0.088112 0.00160089
 3 0.097676 0.00788157
 4 0.096518 0.00599564
 5 0.104885 0.00888871
 6 0.110012 0.0087621
 7 0.109618 0.00751921
 8 0.109635 0.00657933
 9 0.11168 0.00615791
 10 0.109125 0.00604892
 11 0.10995 0.00555494
 12 0.109473 0.00511242
 13 0.109346 0.00472075
 14 0.108298 0.00449828
 15 0.108582 0.00420734
 16 0.106469 0.00444336
 17 0.104916 0.00444526
 18 0.104849 0.00419881
 19 0.104136 0.00403777
 20 0.103744 0.00385491
 1 0.090116 0
 2 0.096188 0.00429355
 3 0.095608 0.00290128
 4 0.086086 0.00852855
 5 0.085104 0.00687914
 6 0.0863067 0.0058368
 7 0.0844183 0.00529965
 8 0.083795 0.0046737
 9 0.0826791 0.00428555
 10 0.0828636 0.00386096
 11 0.0824651 0.00353047
 12 0.0819893 0.00326816
 13 0.0805148 0.00333286
 14 0.0801146 0.00311873
 15 0.0784323 0.00333382
 16 0.0772683 0.00332246
 17 0.0770675 0.00313307
 18 0.0770102 0.00295954
 19 0.0766257 0.00282864
 20 0.0764598 0.00269207
 1 0.07336 0
 2 0.083782 0.00736947
 3 0.0775413 0.00707823
 4 0.074025 0.00612008
 5 0.0698096 0.00617958
 6 0.0701453 0.00515876
 7 0.0729091 0.00510878
 8 0.074211 0.00463309
 9 0.074428 0.00412338
 10 0.0748436 0.00373193
 11 0.0760295 0.00357611
 12 0.0775327 0.00358012
 13 0.0769643 0.00334954
 14 0.0773294 0.00313013
 15 0.0760517 0.00317152
 16 0.07548 0.0030244
 17 0.0764409 0.00299526
 18 0.0752931 0.00304085
 19 0.0754998 0.00288782
 20 0.0768296 0.0030342
 1 0.108612 0
 2 0.091902 0.0118158
 3 0.0835227 0.0104335
 4 0.083286 0.00782783
 5 0.0848024 0.00640746
 6 0.0835487 0.00546083
 7 0.0823137 0.00481833
 8 0.0825505 0.00422185
 9 0.0802147 0.00435122
 10 0.0804568 0.00392283
 11 0.0800425 0.00358801
 12 0.0795213 0.00332665
 13 0.0780446 0.00338267
 14 0.0773171 0.00321833
 15 0.0761832 0.00319731
 16 0.077151 0.00314053
 17 0.0771628 0.00295582
 18 0.0775087 0.00281177
 19 0.0771663 0.00268454
 20 0.0767874 0.00257691
 1 0.08236 0
 2 0.098532 0.0114353
 3 0.095156 0.00810659
 4 0.090738 0.00718365
 5 0.0919704 0.00585167
 6 0.0873247 0.00646258
 7 0.0903103 0.00619071
 8 0.088787 0.00560115
 9 0.0867396 0.00533992
 10 0.0831404 0.00589537
 11 0.0818389 0.00550122
 12 0.084152 0.00550765
 13 0.0824157 0.00535068
 14 0.080972 0.00515957
 15 0.080956 0.00481563
 16 0.0819778 0.00462177
 17 0.0818113 0.0043529
 18 0.0808998 0.00420543
 19 0.0810063 0.00398544
 20 0.0804382 0.00382645
 1 0.094592 0
 2 0.087252 0.00519016
 3 0.0787693 0.00774227
 4 0.082683 0.0067235
 5 0.081328 0.00551364
 6 0.082036 0.00463994
 7 0.0853011 0.00499554
 8 0.084505 0.00443408
 9 0.0838111 0.00399533
 10 0.0846688 0.00368671
 11 0.0831953 0.00363412
 12 0.0815297 0.0036933
 13 0.080268 0.00361828
 14 0.081034 0.00343996
 15 0.0809149 0.00321269
 16 0.081381 0.00304552
 17 0.0820962 0.00294916
 18 0.0823509 0.00279629
 19 0.082356 0.00264912
 20 0.081293 0.00272159
 1 0.065068 0
 2 0.048664 0.0115994
 3 0.0552733 0.00942975
 4 0.058955 0.00775781
 5 0.0605488 0.00636786
 6 0.0626127 0.00563109
 7 0.0644937 0.00513121
 8 0.0636725 0.00455505
 9 0.0633476 0.00406051
 10 0.0647252 0.00388113
 11 0.0655404 0.00361289
 12 0.0657437 0.00331753
 13 0.0664671 0.00314022
 14 0.0663646 0.00291759
 15 0.0663712 0.00272309
 16 0.0652835 0.0027616
 17 0.064808 0.00263977
 18 0.0647871 0.0024932
 19 0.0640135 0.00247911
 20 0.0644972 0.00240188
 1 0.06804 0
 2 0.057212 0.00765655
 3 0.0587827 0.00526301
 4 0.057385 0.00412867
 5 0.058184 0.00337937
 6 0.059398 0.00302635
 7 0.0585451 0.00271153
 8 0.058863 0.00239114
 9 0.058652 0.00213475
 10 0.0586228 0.00192147
 11 0.0575327 0.00203262
 12 0.0578927 0.00189483
 13 0.0591754 0.00213964
 14 0.0590817 0.00198886
 15 0.0594365 0.00188765
 16 0.0582215 0.00212504
 17 0.0590402 0.00215199
 18 0.0595342 0.00208836
 19 0.0605773 0.00222372
 20 0.0611426 0.00218321
 1 0.06508 0
 2 0.069594 0.00319188
 3 0.068696 0.0022507
 4 0.068089 0.00176798
 5 0.0641824 0.00376958
 6 0.0593813 0.00539225
 7 0.0627149 0.00555762
 8 0.062017 0.00490654
 9 0.0632191 0.00450622
 10 0.063274 0.00405593
 11 0.0648673 0.00398789
 12 0.0644873 0.00367362
 13 0.0640865 0.00341284
 14 0.064294 0.00317537
 15 0.0649947 0.00304
 16 0.064457 0.00289715
 17 0.0650167 0.00278027
 18 0.065098 0.002627
 19 0.0653023 0.00249667
 20 0.0662134 0.00253262
 1 0.054396 0
 2 0.066026 0.00822365
 3 0.0618933 0.00643763
 4 0.06498 0.00551882
 5 0.0670512 0.00478796
 6 0.064094 0.0048174
 7 0.0618554 0.00462013
 8 0.0620305 0.00404593
 9 0.0633271 0.00379847
 10 0.0634688 0.00342127
 11 0.0613375 0.00371528
 12 0.0611547 0.00341016
 13 0.0603748 0.00323579
 14 0.0597983 0.00305559
 15 0.0602624 0.00288691
 16 0.0600275 0.00271602
 17 0.0611388 0.00277432
 18 0.0611669 0.00262033
 19 0.0612827 0.00248498
 20 0.0617318 0.00240096
 1 0.062952 0
 2 0.06296 5.65685e-06
 3 0.0636227 0.000541078
 4 0.063154 0.000573949
 5 0.061632 0.00143667
 6 0.0627853 0.00159431
 7 0.0624697 0.00139744
 8 0.061972 0.0013084
 9 0.0600787 0.0021305
 10 0.0601472 0.00191855
 11 0.05982 0.00177182
 12 0.0588193 0.00188569
 13 0.0580951 0.00187457
 14 0.0587474 0.0018507
 15 0.0595139 0.00187934
 16 0.0596935 0.00177044
 17 0.0591268 0.00175465
 18 0.0594427 0.00168535
 19 0.0603171 0.00180931
 20 0.0596212 0.00184782
 1 0.052064 0
 2 0.061808 0.00689005
 3 0.0604213 0.00473085
 4 0.059303 0.00367794
 5 0.0580176 0.00315899
 6 0.0574227 0.00268793
 7 0.0582194 0.00241915
 8 0.058646 0.00215404
 9 0.0571133 0.00239878
 10 0.0583744 0.00246822
 11 0.0588105 0.00228205
 12 0.0592487 0.00213352
 13 0.0589895 0.00198507
 14 0.0584689 0.00191035
 15 0.0581288 0.00181301
 16 0.0591185 0.00195122
 17 0.0586673 0.00188789
 18 0.0581933 0.00184154
 19 0.0569154 0.00214264
 20 0.0569874 0.00203672
 1 0.064984 0
 2 0.06114 0.00271812
 3 0.056796 0.00398295
 4 0.057494 0.00304776
 5 0.0579512 0.00247226
 6 0.055544 0.0030122
 7 0.0555063 0.00258212
 8 0.055878 0.00228595
 9 0.0558649 0.002032
 10 0.0551176 0.0019614
 11 0.0538498 0.0021542
 12 0.0541603 0.00199694
 13 0.0554142 0.00220204
 14 0.0542803 0.00231837
 15 0.0536683 0.00224314
 16 0.0539955 0.00212668
 17 0.0541289 0.00200576
 18 0.0542011 0.00189563
 19 0.0542853 0.00179773
 20 0.0542248 0.00170886
 1 0.059288 0
 2 0.050498 0.00621547
 3 0.0512013 0.00418325
 4 0.051576 0.00315417
 5 0.0540496 0.00335592
 6 0.0568553 0.00379224
 7 0.0583046 0.00351652
 8 0.055989 0.00376289
 9 0.0568724 0.00344693
 10 0.0583672 0.00341098
 11 0.0584222 0.00310133
 12 0.0574937 0.00297864
 13 0.0558089 0.00319059
 14 0.0557431 0.00296337
 15 0.0551824 0.00281836
 16 0.054575 0.00270688
 17 0.0539816 0.00261187
 18 0.0543227 0.00248893
 19 0.0544646 0.00236198
 20 0.0537842 0.00233984
 1 0.037792 0
 2 0.047232 0.00667509
 3 0.0491333 0.00471307
 4 0.045938 0.00448915
 5 0.0478616 0.00398218
 6 0.0503567 0.00402494
 7 0.050456 0.00345117
 8 0.049909 0.00306282
 9 0.0499484 0.00272276
 10 0.0509156 0.00261662
 11 0.0514247 0.00242778
 12 0.053996 0.00331861
 13 0.0543785 0.00308529
 14 0.0535783 0.00296686
 15 0.0532907 0.00278298
 16 0.0536695 0.0026347
 17 0.0528574 0.00260186
 18 0.0527613 0.00245909
 19 0.0535768 0.00246118
 20 0.0535106 0.00233901
 1 0.059724 0
 2 0.053538 0.00437416
 3 0.0556 0.00336723
 4 0.054601 0.00266951
 5 0.053552 0.00233262
 6 0.0540887 0.00200464
 7 0.0558326 0.00235779
 8 0.054931 0.00222878
 9 0.0534938 0.00240021
 10 0.0542008 0.00226193
 11 0.0543611 0.00206197
 12 0.054963 0.00197604
 13 0.0552314 0.00184217
 14 0.0552283 0.00171059
 15 0.0556091 0.00163838
 16 0.0555795 0.00153625
 17 0.0550706 0.00152785
 18 0.0551778 0.00144673
 19 0.0553415 0.00137981
 20 0.0547034 0.00145087
 1 0.035852 0
 2 0.042612 0.00478004
 3 0.0436267 0.00329263
 4 0.042321 0.00271604
 5 0.0440392 0.00266138
 6 0.045992 0.00284545
 7 0.0460577 0.00243971
 8 0.04543 0.00221403
 9 0.0452329 0.00197678
 10 0.0437724 0.00225498
 11 0.0434164 0.0020779
 12 0.0435497 0.00190901
 13 0.0440071 0.00181614
 14 0.0449663 0.00192311
 15 0.0445851 0.0018323
 16 0.0448725 0.00174018
 17 0.0436805 0.00200494
 18 0.0440318 0.00192409
 19 0.0441545 0.00182673
 20 0.0443062 0.00174168
 1 0.0458 0
 2 0.037938 0.00555927
 3 0.0379227 0.0037062
 4 0.039564 0.00312201
 5 0.0386528 0.00262722
 6 0.038576 0.00219047
 7 0.0391794 0.0019589
 8 0.0398585 0.00182796
 9 0.040876 0.0018869
 10 0.0403492 0.00177022
 11 0.0410793 0.00175339
 12 0.0409883 0.00160963
 13 0.0414335 0.00154616
 14 0.0419269 0.00151237
 15 0.0423357 0.00146578
 16 0.0430165 0.00152408
 17 0.0426174 0.00148576
 18 0.0427716 0.00141119
 19 0.0422356 0.00143509
 20 0.042283 0.00136412
 1 0.04502 0
 2 0.037548 0.0052835
 3 0.0376627 0.00352358
 4 0.039369 0.00302778
 5 0.0384968 0.00254475
 6 0.038446 0.00212113
 7 0.039068 0.00190713
 8 0.039761 0.00179023
 9 0.0407893 0.0018634
 10 0.0402712 0.00174761
 11 0.0410084 0.00173727
 12 0.0409233 0.00159457
 13 0.0413735 0.00153415
 14 0.0418711 0.0015031
 15 0.0422837 0.00145842
 16 0.0429677 0.00151923
 17 0.0425715 0.00148063
 18 0.0427282 0.00140664
 19 0.0421945 0.00143028
 20 0.042244 0.00135962
 1 0.057732 0
 2 0.051474 0.00442507
 3 0.0496107 0.00331926
 4 0.046142 0.00390142
 5 0.048748 0.00389544
 6 0.0497767 0.00337929
 7 0.048844 0.0030225
 8 0.0496605 0.00275277
 9 0.0496564 0.00244691
 10 0.0485656 0.00243325
 11 0.0475458 0.00241631
 12 0.047214 0.00223762
 13 0.0463997 0.0022087
 14 0.046966 0.00212229
 15 0.0468069 0.00198676
 16 0.0466715 0.0018672
 17 0.0460306 0.00186412
 18 0.0468053 0.00191479
 19 0.0479246 0.00211602
 20 0.0487918 0.00218068
 1 0.041824 0
 2 0.048962 0.00504733
 3 0.0470067 0.00372442
 4 0.045989 0.00292905
 5 0.0435584 0.00319641
 6 0.042266 0.00291326
 7 0.0410646 0.00273361
 8 0.039481 0.00281345
 9 0.0409507 0.00285904
 10 0.039966 0.00273745
 11 0.0410444 0.00269263
 12 0.041666 0.00253899
 13 0.0410788 0.00241063
 14 0.0400297 0.00245612
 15 0.0401747 0.00229666
 16 0.039968 0.00216239
 17 0.0410626 0.00229557
 18 0.0409438 0.00217111
 19 0.0413611 0.00209656
 20 0.0413384 0.00199186
 1 0.049436 0
 2 0.046896 0.00179605
 3 0.0468333 0.00119846
 4 0.042756 0.00364368
 5 0.0460408 0.0041387
 6 0.0455847 0.00347396
 7 0.0435651 0.00351602
 8 0.0424825 0.00323892
 9 0.0410227 0.00319111
 10 0.0399852 0.00303596
 11 0.0398338 0.00276374
 12 0.039661 0.00253882
 13 0.0393142 0.0023671
 14 0.0398131 0.00225
 15 0.0395341 0.00211723
 16 0.040343 0.00213383
 17 0.0401118 0.0020208
 18 0.039644 0.00196192
 19 0.0394764 0.00186581
 20 0.039833 0.00180627
 1 0.028584 0
 2 0.036822 0.00582515
 3 0.035112 0.00412679
 4 0.034783 0.00310818
 5 0.0346144 0.00249111
 6 0.0360547 0.00245726
 7 0.0362691 0.00211556
 8 0.0363685 0.00185345
 9 0.0367196 0.00168043
 10 0.03718 0.0015742
 11 0.0374807 0.00145953
 12 0.03743 0.00133879
 13 0.0376855 0.00125996
 14 0.0376077 0.00117236
 15 0.03742 0.00110913
 16 0.037716 0.00107858
 17 0.0378322 0.00102138
 18 0.0376064 0.00098928
 19 0.0377272 0.000944549
 20 0.0383014 0.00105757
 1 0.039608 0
 2 0.037808 0.00127279
 3 0.038692 0.00111399
 4 0.038953 0.000865527
 5 0.0391856 0.000723001
 6 0.0399073 0.000892799
 7 0.0396474 0.000802195
 8 0.040659 0.00117816
 9 0.0396329 0.00142571
 10 0.0407364 0.00165602
 11 0.0414556 0.00165431
 12 0.0410293 0.00157041
 13 0.0405243 0.00152866
 14 0.0393771 0.00179914
 15 0.0390765 0.00170412
 16 0.0388683 0.00161029
 17 0.0386671 0.00152809
 18 0.0392227 0.00154089
 19 0.0393398 0.00146424
 20 0.0395062 0.00140045
 1 0.029356 0
 2 0.029554 0.000140007
 3 0.03744 0.00643957
 4 0.038613 0.00493535
 5 0.0371816 0.00415067
 6 0.0363287 0.00354545
 7 0.0368297 0.00307415
 8 0.036025 0.00279322
 9 0.0368524 0.00260254
 10 0.0381788 0.00265887
 11 0.0384222 0.00242827
 12 0.0384737 0.00222646
 13 0.03944 0.00225517
 14 0.0394877 0.00209459
 15 0.0395141 0.00195512
 16 0.039564 0.00183356
 17 0.0387087 0.00191482
 18 0.0393227 0.00190433
 19 0.0389133 0.00184759
 20 0.0383982 0.00182559
 1 0.029664 0
 2 0.027746 0.00135623
 3 0.029444 0.00165518
 4 0.03431 0.00439312
 5 0.0353856 0.00364379
 6 0.037468 0.00358245
 7 0.0371806 0.00308218
 8 0.035938 0.00293672
 9 0.0364613 0.00265663
 10 0.0371012 0.00246683
 11 0.0375564 0.00228417
 12 0.0382973 0.00221075
 13 0.0393757 0.00228863
 14 0.0405151 0.00239205
 15 0.0403013 0.00224211
 16 0.0400545 0.00211552
 17 0.039784 0.0020083
 18 0.0390522 0.00202567
 19 0.0390949 0.0019195
 20 0.038586 0.0018898
 1 0.036692 0
 2 0.037298 0.000428507
 3 0.0377053 0.000438431
 4 0.037394 0.000425231
 5 0.0366368 0.000757896
 6 0.035058 0.00157355
 7 0.0366983 0.00203109
 8 0.035987 0.00189767
 9 0.0370627 0.00196821
 10 0.0364724 0.00185779
 11 0.0369127 0.0017403
 12 0.0370227 0.00159874
 13 0.0373483 0.00150856
 14 0.0373231 0.00140102
 15 0.0373277 0.00130763
 16 0.036661 0.00138549
 17 0.0363496 0.00133852
 18 0.0367207 0.00131457
 19 0.0367126 0.00124541
 20 0.0369452 0.00120466
 1 0.043356 0
 2 0.04168 0.00118511
 3 0.038872 0.00242503
 4 0.037375 0.00223354
 5 0.0332712 0.00408237
 6 0.0338153 0.00343804
 7 0.0334 0.00297188
 8 0.034502 0.00279726
 9 0.0342236 0.00250027
 10 0.0349736 0.00236006
 11 0.0342109 0.0022654
 12 0.0341417 0.00207768
 13 0.0340178 0.00192154
 14 0.0339349 0.00178608
 15 0.0342365 0.00169229
 16 0.0344675 0.00160221
 17 0.0350289 0.00160331
 18 0.0349724 0.00151524
 19 0.0353067 0.0014719
 20 0.0348652 0.00146303
 1 0.042424 0
 2 0.036424 0.00424264
 3 0.0368307 0.00284785
 4 0.03462 0.00286833
 5 0.0339144 0.00237987
 6 0.0334333 0.00203126
 7 0.0332269 0.00175154
 8 0.034082 0.00172879
 9 0.0340196 0.00153783
 10 0.0346504 0.0015079
 11 0.0338531 0.0015675
 12 0.0337417 0.00144083
 13 0.0339868 0.00135068
 14 0.034036 0.0012551
 15 0.0340907 0.00117262
 16 0.0339985 0.00110295
 17 0.0340967 0.00104243
 18 0.0339849 0.000990496
 19 0.0338566 0.000946632
 20 0.0335078 0.000961426
 1 0.035008 0
 2 0.033086 0.00135906
 3 0.032336 0.00109358
 4 0.036849 0.0039935
 5 0.0344104 0.00386836
 6 0.0360827 0.00356682
 7 0.0356274 0.00308619
 8 0.03607 0.00273196
 9 0.0362667 0.00243548
 10 0.0375152 0.00249149
 11 0.0379349 0.00230007
 12 0.0375327 0.00214328
 13 0.0369945 0.00204487
 14 0.0371134 0.00190227
 15 0.0365827 0.00184801
 16 0.0368832 0.00175679
 17 0.0371336 0.0016712
 18 0.0368393 0.00160406
 19 0.036564 0.00154308
 20 0.0356738 0.00170346
 1 0.040824 0
 2 0.042014 0.000841457
 3 0.0396467 0.00201268
 4 0.036239 0.00331478
 5 0.036456 0.00265892
 6 0.0345847 0.00279783
 7 0.0357251 0.0026203
 8 0.0361395 0.00232529
 9 0.0364924 0.00209354
 10 0.0356416 0.0020498
 11 0.0352335 0.00190366
 12 0.0334787 0.00242235
 13 0.0335274 0.0022365
 14 0.0336503 0.00208013
 15 0.033728 0.0019429
 16 0.0340355 0.00184564
 17 0.0335346 0.00180377
 18 0.0335764 0.00170405
 19 0.0340518 0.00167935
 20 0.033657 0.00164113
 1 0.031344 0
 2 0.027454 0.00275065
 3 0.0285453 0.0020388
 4 0.030364 0.00219518
 5 0.029376 0.00196595
 6 0.0303207 0.00185139
 7 0.0308543 0.00166203
 8 0.030827 0.0014545
 9 0.03032 0.00137842
 10 0.030216 0.0012445
 11 0.0307258 0.00123137
 12 0.030008 0.00132152
 13 0.0303034 0.00125244
 14 0.0304577 0.00117245
 15 0.0303149 0.00110295
 16 0.0302667 0.00103506
 17 0.0301271 0.000983559
 18 0.029728 0.00100662
 19 0.0290213 0.00117585
 20 0.0293642 0.00116599
 1 0.024444 0
 2 0.030484 0.00427092
 3 0.0307333 0.00285455
 4 0.028482 0.00289567
 5 0.0280952 0.00234223
 6 0.0271027 0.0021519
 7 0.0271549 0.00184512
 8 0.0272745 0.00161835
 9 0.0275836 0.00146775
 10 0.0285992 0.00163504
 11 0.0293785 0.00166179
 12 0.0284613 0.00175831
 13 0.0279065 0.00170836
 14 0.0275534 0.0016224
 15 0.0279957 0.00157338
 16 0.02797 0.00147525
 17 0.0282012 0.00140647
 18 0.0286322 0.00139282
 19 0.0285813 0.00132044
 20 0.028694 0.00125923
 1 0.017392 0
 2 0.02477 0.00521703
 3 0.0260027 0.00362072
 4 0.027158 0.002894
 5 0.0275224 0.00233803
 6 0.02825 0.00205846
 7 0.027904 0.00179324
 8 0.028309 0.00161417
 9 0.0293427 0.00173449
 10 0.0285512 0.00173223
 11 0.0283327 0.00158847
 12 0.028447 0.00146021
 13 0.0290188 0.00145553
 14 0.0289674 0.00135247
 15 0.0284477 0.00135849
 16 0.0288225 0.00132426
 17 0.0290913 0.00127335
 18 0.0289911 0.00120655
 19 0.0289101 0.00114576
 20 0.0288252 0.00109161
 1 0.028592 0
 2 0.033178 0.00324279
 3 0.0305013 0.00307409
 4 0.029439 0.00248235
 5 0.0312152 0.00254315
 6 0.0304313 0.00223684
 7 0.0302606 0.0019238
 8 0.0301745 0.00168525
 9 0.0303453 0.00150663
 10 0.031124 0.00154413
 11 0.0312702 0.00141066
 12 0.0311597 0.00129742
 13 0.0318037 0.00134802
 14 0.0319569 0.00126041
 15 0.0322483 0.0012096
 16 0.032623 0.00119063
 17 0.0326842 0.00112217
 18 0.0325131 0.00107279
 19 0.0329335 0.0010956
 20 0.0328718 0.00104255
 1 0.020904 0
 2 0.030114 0.00651245
 3 0.0296853 0.00435572
 4 0.029123 0.00330289
 5 0.0289904 0.00264497
 6 0.0275053 0.00258768
 7 0.0282709 0.0023285
 8 0.0281415 0.00204102
 9 0.0293004 0.00211787
 10 0.0303728 0.00216058
 11 0.0313425 0.00217091
 12 0.0317293 0.00202417
 13 0.0314532 0.0018872
 14 0.0322137 0.00189945
 15 0.0326952 0.00183283
 16 0.0324905 0.00172967
 17 0.0320984 0.00167179
 18 0.0319364 0.00158674
 19 0.0313644 0.00160302
 20 0.0314586 0.00152563
 1 0.03152 0
 2 0.03024 0.000905097
 3 0.0296507 0.000771772
 4 0.028289 0.00131364
 5 0.027284 0.00138291
 6 0.028358 0.00151305
 7 0.0280006 0.00133845
 8 0.0285225 0.00126883
 9 0.0284591 0.00112943
 10 0.0285532 0.0010204
 11 0.0291309 0.00107885
 12 0.0287867 0.00104242
 13 0.0298588 0.00140957
 14 0.029584 0.0013354
 15 0.0292971 0.00127683
 16 0.028928 0.00124922
 17 0.0285621 0.00122815
 18 0.0286513 0.00116316
 19 0.0289707 0.00114495
 20 0.0287852 0.00110264
 1 0.027396 0
 2 0.026936 0.000325269
 3 0.028588 0.00136617
 4 0.028838 0.00104725
 5 0.029736 0.00116062
 6 0.0300507 0.00100894
 7 0.0310554 0.00127012
 8 0.030754 0.00114657
 9 0.0309596 0.00103743
 10 0.030682 0.000970108
 11 0.0301058 0.00103903
 12 0.029903 0.000972037
 13 0.0299314 0.000897679
 14 0.0296803 0.000867968
 15 0.0284936 0.00140378
 16 0.0280365 0.00138847
 17 0.0278915 0.00131435
 18 0.0277729 0.00124667
 19 0.0275015 0.00121024
 20 0.0278804 0.00120759
 1 0.030476 0
 2 0.031308 0.000588313
 3 0.0323 0.000899928
 4 0.030452 0.00173692
 5 0.0302352 0.001403
 6 0.0292587 0.00147025
 7 0.0289994 0.00128286
 8 0.0286745 0.00116293
 9 0.0288053 0.00104105
 10 0.0284156 0.00100726
 11 0.0282836 0.000924291
 12 0.0287087 0.000939924
 13 0.0287938 0.000871473
 14 0.0283254 0.0009266
 15 0.0280787 0.000897083
 16 0.0278842 0.000861825
 17 0.0268553 0.00128624
 18 0.0269633 0.00121931
 19 0.0273918 0.00122811
 20 0.0275442 0.00117612
 1 0.0266 0
 2 0.027348 0.000528916
 3 0.025924 0.00121498
 4 0.02744 0.00159814
 5 0.027004 0.00133666
 6 0.0270233 0.00111403
 7 0.0273383 0.000998408
 8 0.0273135 0.000873914
 9 0.0273911 0.000780251
 10 0.0277472 0.000779257
 11 0.0274211 0.000773648
 12 0.0271367 0.000759663
 13 0.0274557 0.00076529
 14 0.0275097 0.00071253
 15 0.0277376 0.000700523
 16 0.0272942 0.00078459
 17 0.0267038 0.000934587
 18 0.026848 0.000893726
 19 0.0266552 0.000867244
 20 0.0266608 0.0008239
 1 0.020572 0
 2 0.025182 0.00325976
 3 0.0261413 0.00231003
 4 0.026637 0.00178491
 5 0.027656 0.00169401
 6 0.02754 0.00141564
 7 0.0281326 0.00133166
 8 0.028161 0.00116551
 9 0.0287413 0.00117161
 10 0.0288908 0.00106394
 11 0.0285189 0.00103017
 12 0.0274277 0.0014083
 13 0.0272785 0.00130785
 14 0.0272583 0.00121459
 15 0.0273413 0.00113645
 16 0.026907 0.00114542
 17 0.0270833 0.00109152
 18 0.0274847 0.00110221
 19 0.0270989 0.00110964
 20 0.027285 0.00106964
