1 -26
2 -26.08
3 -34.08
4 -42.24
5 -46.32
6 -46.36
7 -42.28
8 -42.2
9 -42.12
10 -42.12
11 -42.2
12 -46.36
13 -46.36
14 -46.36
15 -46.36
16 -46.44
17 -42.36
18 -46.4
19 -46.4
20 -46.4
21 -46.44
22 -46.4
23 -46.4
24 -46.4
25 -46.44
26 -46.44
27 -46.4
28 -46.52
29 -46.52
30 -46.48
31 -46.44
32 -46.44
33 -46.52
34 -46.52
35 -46.48
36 -46.48
37 -46.36
38 -46.4
39 -46.48
40 -46.44
41 -46.4
42 -46.44
43 -46.44
44 -46.56
45 -46.56
46 -46.48
47 -46.44
48 -46.44
49 -46.48
50 -46.56
51 -46.56
52 -46.56
53 -46.56
54 -46.64
55 -46.68
56 -46.64
57 -46.64
58 -46.6
59 -46.56
60 -46.68
61 -46.68
62 -46.68
63 -46.64
64 -46.72
65 -46.76
66 -46.8
67 -46.88
68 -46.88
69 -46.88
70 -51
71 -51
72 -51
73 -51
74 -51
75 -51
76 -51
77 -46.96
78 -46.96
79 -46.96
80 -42.92
81 -51
82 -51
83 -51
84 -51
85 -51
86 -51
87 -51
88 -51
89 -51
90 -51
91 -51
92 -51
93 -51
94 -51
95 -51
96 -51
97 -51
98 -51
99 -51
100 -51
101 -51
102 -51
103 -51
104 -51
105 -51
106 -51
107 -51
108 -51
109 -51
110 -51
111 -51
112 -51
113 -51
114 -51
115 -51
116 -51
117 -51
118 -51
119 -51
120 -51
121 -51
122 -51
123 -51
124 -51
125 -51
126 -51
127 -51
128 -51
129 -51
130 -51
131 -51
132 -51
133 -51
134 -51
135 -51
136 -51
137 -51
138 -51
139 -51
140 -51
141 -51
142 -51
143 -51
144 -51
145 -51
146 -51
147 -51
148 -51
149 -46.96
150 -46.8
151 -46.8
152 -46.88
153 -46.84
154 -46.84
155 -46.88
156 -46.88
157 -46.92
158 -46.96
159 -46.88
160 -46.84
161 -46.92
162 -46.96
163 -46.92
164 -46.88
165 -46.88
166 -46.88
167 -46.88
168 -46.88
169 -46.88
170 -46.92
171 -46.92
172 -46.92
173 -46.96
174 -46.92
175 -46.96
176 -46.92
177 -46.88
178 -46.88
179 -46.88
180 -46.84
181 -46.76
182 -46.84
183 -46.84
184 -46.8
185 -46.72
186 -46.64
187 -46.68
188 -46.8
189 -46.76
190 -46.76
191 -46.76
192 -46.76
193 -46.72
194 -46.76
195 -46.72
196 -46.72
197 -46.72
198 -46.72
199 -46.72
200 -46.68
201 -46.76
202 -46.8
203 -46.76
204 -46.76
205 -42.72
206 -46.84
207 -46.88
208 -46.88
209 -46.88
210 -51
211 -51
212 -51
213 -51
214 -51
215 -51
216 -51
217 -51
218 -51
219 -51
220 -46.96
221 -46.92
222 -46.8
223 -46.88
224 -46.88
225 -46.84
226 -46.88
227 -42.84
228 -42.76
229 -42.8
230 -42.8
231 -46.96
232 -46.88
233 -46.84
234 -46.8
235 -46.76
236 -46.76
237 -46.84
238 -46.84
239 -46.72
240 -46.8
241 -46.8
242 -46.8
243 -46.76
244 -46.72
245 -46.76
246 -46.76
247 -46.76
248 -46.8
249 -46.8
250 -46.8
251 -46.76
252 -46.72
253 -46.68
254 -46.68
255 -46.64
256 -46.56
257 -46.6
258 -46.56
259 -46.52
260 -46.44
261 -46.52
262 -46.52
263 -46.48
264 -46.44
265 -46.48
266 -46.44
267 -46.52
268 -46.48
269 -46.44
270 -46.52
271 -46.56
272 -46.56
273 -46.52
274 -46.48
275 -46.52
276 -46.48
277 -46.52
278 -46.52
279 -46.6
280 -46.52
281 -46.48
282 -46.48
283 -46.36
284 -46.44
285 -46.36
286 -46.36
287 -46.36
288 -46.36
289 -46.36
290 -46.32
291 -46.44
292 -46.48
293 -46.48
294 -46.36
295 -46.32
296 -46.36
297 -46.48
298 -46.48
299 -46.48
300 -46.44
301 -46.44
302 -46.32
303 -46.32
304 -46.32
305 -46.32
306 -46.32
307 -46.32
308 -46.36
309 -46.36
310 -46.36
311 -46.36
312 -46.4
313 -46.36
314 -46.32
315 -46.28
316 -46.36
317 -46.4
318 -46.4
319 -46.4
320 -46.44
321 -46.48
322 -46.48
323 -46.52
324 -46.48
325 -46.4
326 -46.44
327 -46.4
328 -46.36
329 -46.32
330 -46.36
331 -46.36
332 -46.32
333 -46.32
334 -46.36
335 -46.32
336 -46.32
337 -46.24
338 -46.28
339 -46.2
340 -46.2
341 -46.28
342 -46.28
343 -46.32
344 -46.4
345 -46.36
346 -46.24
347 -46.16
348 -46.28
349 -46.36
350 -46.28
351 -46.4
352 -46.32
353 -46.28
354 -46.2
355 -46.24
356 -46.08
357 -46.16
358 -46.2
359 -46.2
360 -46.28
361 -46.24
362 -46.28
363 -46.2
364 -46.24
365 -46.32
366 -46.28
367 -46.24
368 -46.28
369 -46.36
370 -46.32
371 -46.28
372 -46.24
373 -46.24
374 -46.28
375 -46.28
376 -46.24
377 -46.12
378 -46.08
379 -46.08
380 -46.04
381 -46.04
382 -46.04
383 -46.04
384 -46
385 -46.04
386 -46.04
387 -46.08
388 -46.08
389 -46.12
390 -46.04
391 -46.04
392 -46.04
393 -46.04
394 -46.04
395 -46
396 -45.92
397 -45.8
398 -45.76
399 -45.76
400 -45.84
401 -45.8
402 -41.84
403 -45.8
404 -45.72
405 -45.64
406 -45.68
407 -45.8
408 -45.88
409 -45.84
410 -45.84
411 -45.88
412 -45.8
413 -45.68
414 -45.72
415 -45.68
416 -45.68
417 -45.64
418 -45.6
419 -45.72
420 -45.72
421 -45.64
422 -45.64
423 -45.6
424 -45.68
425 -45.68
426 -45.68
427 -45.64
428 -45.64
429 -45.64
430 -45.64
431 -45.76
432 -45.8
433 -45.84
434 -45.84
435 -45.88
436 -45.84
437 -45.92
438 -45.88
439 -45.84
440 -45.92
441 -46.04
442 -46.16
443 -46.24
444 -46.24
445 -46.08
446 -46.08
447 -46.12
448 -46.12
449 -46.2
450 -46.16
451 -46.12
452 -46.2
453 -46.2
454 -46.2
455 -46.24
456 -46.24
457 -46.32
458 -46.28
459 -46.32
460 -46.28
461 -46.2
462 -46.2
463 -46.2
464 -46.2
465 -46.28
466 -46.28
467 -46.2
468 -46.32
469 -46.32
470 -46.32
471 -46.4
472 -46.44
473 -46.44
474 -46.48
475 -46.52
476 -46.56
477 -46.6
478 -46.52
479 -46.48
480 -46.48
481 -46.44
482 -46.44
483 -46.44
484 -46.52
485 -46.56
486 -46.56
487 -46.6
488 -46.72
489 -46.68
490 -46.72
491 -46.72
492 -46.76
493 -46.8
494 -46.84
495 -46.8
496 -46.8
497 -46.72
498 -46.72
499 -46.64
500 -46.72
501 -46.76
502 -46.84
503 -46.92
504 -46.88
505 -46.88
506 -46.88
507 -46.88
508 -46.96
509 -46.84
510 -46.92
511 -46.84
512 -46.84
513 -46.84
514 -46.8
515 -46.88
516 -46.92
517 -51
518 -51
519 -51
520 -51
521 -51
522 -51
523 -51
524 -51
525 -51
526 -51
527 -51
528 -51
529 -51
530 -51
531 -51
532 -51
533 -51
534 -51
535 -51
536 -51
537 -51
538 -51
539 -51
540 -51
541 -51
542 -51
543 -51
544 -51
545 -51
546 -51
547 -51
548 -51
549 -51
550 -51
551 -51
552 -51
553 -51
554 -51
555 -51
556 -51
557 -51
558 -51
559 -51
560 -51
561 -51
562 -51
563 -51
564 -51
565 -51
566 -51
567 -51
568 -51
569 -51
570 -51
571 -51
572 -51
573 -51
574 -51
575 -51
576 -51
577 -51
578 -51
579 -51
580 -51
581 -51
582 -51
583 -51
584 -51
585 -51
586 -51
587 -51
588 -51
589 -51
590 -51
591 -51
592 -51
593 -51
594 -51
595 -51
596 -51
597 -51
598 -51
599 -51
600 -51
601 -51
602 -51
603 -51
604 -51
605 -51
606 -51
607 -51
608 -51
609 -51
610 -51
611 -51
612 -51
613 -51
614 -51
615 -51
616 -51
617 -51
618 -51
619 -51
620 -51
621 -51
622 -51
623 -51
624 -51
625 -51
626 -51
627 -51
628 -51
629 -51
630 -51
631 -51
632 -51
633 -51
634 -51
635 -51
636 -51
637 -51
638 -51
639 -51
640 -51
641 -51
642 -51
643 -51
644 -51
645 -51
646 -51
647 -51
648 -51
649 -51
650 -51
651 -51
652 -51
653 -51
654 -51
655 -51
656 -51
657 -51
658 -51
659 -51
660 -51
661 -51
662 -51
663 -51
664 -51
665 -51
666 -51
667 -51
668 -51
669 -51
670 -51
671 -51
672 -51
673 -51
674 -46.92
675 -46.92
676 -46.92
677 -51
678 -51
679 -51
680 -51
681 -51
682 -51
683 -51
684 -51
685 -51
686 -51
687 -51
688 -51
689 -51
690 -51
691 -51
692 -51
693 -51
694 -51
695 -51
696 -51
697 -51
698 -51
699 -51
700 -51
701 -51
702 -51
703 -51
704 -51
705 -51
706 -51
707 -51
708 -51
709 -51
710 -51
711 -51
712 -51
713 -51
714 -51
715 -51
716 -51
717 -51
718 -51
719 -51
720 -51
721 -51
722 -51
723 -51
724 -51
725 -51
726 -51
727 -51
728 -51
729 -51
730 -51
731 -51
732 -51
733 -51
734 -51
735 -51
736 -51
737 -51
738 -51
739 -51
740 -51
741 -51
742 -51
743 -51
744 -51
745 -51
746 -51
747 -51
748 -51
749 -51
750 -51
751 -51
752 -51
753 -51
754 -51
755 -51
756 -51
757 -51
758 -51
759 -51
760 -51
761 -51
762 -51
763 -51
764 -51
765 -51
766 -51
767 -51
768 -51
769 -51
770 -51
771 -51
772 -51
773 -51
774 -51
775 -51
776 -51
777 -51
778 -51
779 -51
780 -51
781 -51
782 -51
783 -51
784 -51
785 -51
786 -51
787 -51
788 -51
789 -51
790 -51
791 -51
792 -51
793 -51
794 -51
795 -51
796 -51
797 -51
798 -51
799 -51
800 -51
801 -51
802 -51
803 -51
804 -51
805 -51
806 -51
807 -51
808 -51
809 -51
810 -51
811 -51
812 -51
813 -51
814 -51
815 -51
816 -51
817 -51
818 -51
819 -51
820 -51
821 -51
822 -51
823 -51
824 -51
825 -51
826 -51
827 -51
828 -51
829 -51
830 -51
831 -51
832 -51
833 -51
834 -51
835 -51
836 -51
837 -51
838 -51
839 -51
840 -51
841 -51
842 -51
843 -51
844 -51
845 -51
846 -51
847 -51
848 -51
849 -51
850 -51
851 -51
852 -51
853 -51
854 -51
855 -51
856 -51
857 -51
858 -51
859 -51
860 -51
861 -51
862 -51
863 -51
864 -51
865 -51
866 -51
867 -46.92
868 -46.96
869 -46.92
870 -51
871 -51
872 -51
873 -51
874 -51
875 -51
876 -51
877 -51
878 -51
879 -51
880 -51
881 -51
882 -51
883 -51
884 -51
885 -51
886 -51
887 -51
888 -51
889 -51
890 -51
891 -51
892 -51
893 -51
894 -51
895 -51
896 -51
897 -51
898 -51
899 -51
900 -51
901 -51
902 -51
903 -51
904 -51
905 -51
906 -51
907 -51
908 -51
909 -51
910 -51
911 -51
912 -51
913 -51
914 -46.96
915 -42.84
916 -42.88
917 -46.92
918 -46.92
919 -46.92
920 -46.96
921 -51
922 -51
923 -46.92
924 -46.92
925 -46.92
926 -46.96
927 -46.92
928 -46.96
929 -51
930 -51
931 -51
932 -51
933 -51
934 -51
935 -51
936 -51
937 -51
938 -51
939 -51
940 -51
941 -51
942 -51
943 -51
944 -51
945 -51
946 -51
947 -51
948 -51
949 -51
950 -51
951 -51
952 -51
953 -51
954 -51
955 -51
956 -51
957 -51
958 -51
959 -51
960 -51
961 -51
962 -51
963 -51
964 -51
965 -51
966 -51
967 -51
968 -51
969 -51
970 -51
971 -51
972 -51
973 -51
974 -51
975 -51
976 -51
977 -51
978 -51
979 -51
980 -51
981 -51
982 -51
983 -51
984 -51
985 -51
986 -51
987 -51
988 -51
989 -51
990 -51
991 -51
992 -51
993 -51
994 -51
995 -51
996 -51
997 -51
998 -51
999 -51
1000 -51
1001 -51
1002 -51
1003 -51
1004 -51
1005 -51
1006 -51
1007 -51
1008 -51
1009 -51
1010 -51
1011 -51
1012 -51
1013 -51
1014 -51
1015 -51
1016 -51
1017 -51
1018 -51
1019 -51
1020 -51
1021 -51
1022 -51
1023 -51
1024 -51
1025 -51
1026 -51
1027 -51
1028 -51
1029 -51
1030 -51
1031 -51
1032 -51
1033 -51
1034 -51
1035 -51
1036 -51
1037 -51
1038 -51
1039 -51
1040 -51
1041 -51
1042 -51
1043 -51
1044 -51
1045 -51
1046 -51
1047 -51
1048 -51
1049 -51
1050 -51
1051 -51
1052 -51
1053 -51
1054 -51
1055 -51
1056 -51
1057 -51
1058 -51
1059 -51
1060 -51
1061 -51
1062 -51
1063 -51
1064 -51
1065 -51
1066 -51
1067 -51
1068 -51
1069 -51
1070 -51
1071 -51
1072 -51
1073 -51
1074 -51
1075 -51
1076 -51
1077 -51
1078 -51
1079 -51
1080 -51
1081 -51
1082 -51
1083 -51
1084 -51
1085 -51
1086 -51
1087 -51
1088 -51
1089 -51
1090 -51
1091 -51
1092 -51
1093 -51
1094 -51
1095 -51
1096 -51
1097 -51
1098 -51
1099 -51
1100 -51
1101 -51
1102 -51
1103 -51
1104 -51
1105 -51
1106 -51
1107 -51
1108 -51
1109 -51
1110 -51
1111 -51
1112 -51
1113 -51
1114 -51
1115 -51
1116 -51
1117 -51
1118 -51
1119 -51
1120 -51
1121 -51
1122 -51
1123 -51
1124 -51
1125 -51
1126 -51
1127 -51
1128 -51
1129 -51
1130 -51
1131 -51
1132 -51
1133 -51
1134 -51
1135 -51
1136 -51
1137 -51
1138 -51
1139 -51
1140 -51
1141 -51
1142 -51
1143 -51
1144 -51
1145 -51
1146 -51
1147 -51
1148 -51
1149 -51
1150 -51
1151 -51
1152 -51
1153 -51
1154 -51
1155 -51
1156 -51
1157 -51
1158 -51
1159 -51
1160 -51
1161 -51
1162 -51
1163 -51
1164 -51
1165 -51
1166 -51
1167 -51
1168 -51
1169 -51
1170 -51
1171 -51
1172 -51
1173 -51
1174 -51
1175 -51
1176 -51
1177 -51
1178 -51
1179 -51
1180 -51
1181 -51
1182 -51
1183 -51
1184 -51
1185 -51
1186 -51
1187 -51
1188 -51
1189 -51
1190 -51
1191 -51
1192 -51
1193 -51
1194 -51
1195 -51
1196 -51
1197 -51
1198 -51
1199 -51
1200 -51
1201 -51
1202 -51
1203 -51
1204 -51
1205 -51
1206 -51
1207 -51
1208 -51
1209 -51
1210 -51
1211 -51
1212 -51
1213 -51
1214 -51
1215 -51
1216 -51
1217 -51
1218 -51
1219 -51
1220 -51
1221 -51
1222 -51
1223 -51
1224 -51
1225 -51
1226 -51
1227 -51
1228 -51
1229 -51
1230 -51
1231 -51
1232 -51
1233 -51
1234 -51
1235 -51
1236 -51
1237 -51
1238 -51
1239 -51
1240 -51
1241 -46.96
1242 -51
1243 -51
1244 -51
1245 -51
1246 -51
1247 -51
1248 -51
1249 -51
1250 -51
1251 -51
1252 -51
1253 -51
1254 -51
1255 -51
1256 -51
1257 -51
1258 -51
1259 -51
1260 -51
1261 -51
1262 -51
1263 -51
1264 -51
1265 -51
1266 -51
1267 -51
1268 -51
1269 -51
1270 -51
1271 -51
1272 -51
1273 -51
1274 -51
1275 -51
1276 -46.88
1277 -46.88
1278 -46.88
1279 -46.84
1280 -46.92
1281 -46.92
1282 -46.96
1283 -51
1284 -51
1285 -51
1286 -51
1287 -51
1288 -51
1289 -51
1290 -51
1291 -51
1292 -51
1293 -51
1294 -51
1295 -51
1296 -51
1297 -51
1298 -51
1299 -51
1300 -51
1301 -51
1302 -51
1303 -51
1304 -51
1305 -51
1306 -51
1307 -51
1308 -51
1309 -51
1310 -51
1311 -51
1312 -51
1313 -51
1314 -51
1315 -51
1316 -51
1317 -51
1318 -51
1319 -51
1320 -51
1321 -51
1322 -51
1323 -51
1324 -51
1325 -51
1326 -51
1327 -51
1328 -51
1329 -51
1330 -51
1331 -51
1332 -51
1333 -51
1334 -51
1335 -51
1336 -51
1337 -51
1338 -51
1339 -51
1340 -51
1341 -51
1342 -51
1343 -51
1344 -51
1345 -51
1346 -51
1347 -51
1348 -51
1349 -51
1350 -51
1351 -51
1352 -51
1353 -51
1354 -51
1355 -51
1356 -51
1357 -51
1358 -51
1359 -51
1360 -51
1361 -51
1362 -51
1363 -51
1364 -51
1365 -51
1366 -51
1367 -51
1368 -51
1369 -51
1370 -51
1371 -51
1372 -51
1373 -51
1374 -51
1375 -51
1376 -51
1377 -51
1378 -51
1379 -51
1380 -51
1381 -51
1382 -51
1383 -51
1384 -51
1385 -51
1386 -51
1387 -51
1388 -51
1389 -51
1390 -51
1391 -51
1392 -51
1393 -51
1394 -51
1395 -51
1396 -51
1397 -51
1398 -51
1399 -51
1400 -51
1401 -51
1402 -51
1403 -51
1404 -51
1405 -51
1406 -51
1407 -51
1408 -51
1409 -51
1410 -51
1411 -51
1412 -51
1413 -51
1414 -51
1415 -51
1416 -51
1417 -51
1418 -51
1419 -51
1420 -51
1421 -51
1422 -51
1423 -51
1424 -51
1425 -51
1426 -51
1427 -51
1428 -51
1429 -51
1430 -51
1431 -51
1432 -51
1433 -51
1434 -51
1435 -51
1436 -51
1437 -51
1438 -51
1439 -51
1440 -51
1441 -51
1442 -51
1443 -51
1444 -51
1445 -51
1446 -51
1447 -51
1448 -51
1449 -51
1450 -51
1451 -46.92
1452 -46.92
1453 -46.92
1454 -46.92
1455 -46.92
1456 -46.96
1457 -46.92
1458 -46.96
1459 -51
1460 -51
1461 -51
1462 -51
1463 -51
1464 -51
1465 -51
1466 -51
1467 -51
1468 -51
1469 -51
1470 -51
1471 -51
1472 -51
1473 -51
1474 -51
1475 -51
1476 -51
1477 -51
1478 -51
1479 -51
1480 -51
1481 -51
1482 -51
1483 -51
1484 -51
1485 -51
1486 -51
1487 -51
1488 -51
1489 -51
1490 -51
1491 -51
1492 -51
1493 -51
1494 -51
1495 -51
1496 -51
1497 -51
1498 -51
1499 -51
1500 -51
1501 -51
1502 -51
1503 -51
1504 -51
1505 -51
1506 -51
1507 -51
1508 -51
1509 -51
1510 -46.96
1511 -46.92
1512 -51
1513 -51
1514 -51
1515 -51
1516 -51
1517 -51
1518 -51
1519 -51
1520 -51
1521 -51
1522 -51
1523 -51
1524 -51
1525 -51
1526 -51
1527 -51
1528 -51
1529 -51
1530 -51
1531 -51
1532 -51
1533 -51
1534 -51
1535 -51
1536 -51
1537 -51
1538 -51
1539 -51
1540 -51
1541 -51
1542 -51
1543 -51
1544 -51
1545 -51
1546 -51
1547 -51
1548 -51
1549 -51
1550 -51
1551 -51
1552 -51
1553 -51
1554 -51
1555 -51
1556 -51
1557 -51
1558 -51
1559 -51
1560 -51
1561 -51
1562 -51
1563 -51
1564 -51
1565 -51
1566 -51
1567 -51
1568 -51
1569 -51
1570 -46.96
1571 -51
1572 -51
1573 -51
1574 -51
1575 -51
1576 -51
1577 -51
1578 -51
1579 -51
1580 -51
1581 -51
1582 -51
1583 -51
1584 -51
1585 -51
1586 -51
1587 -51
1588 -51
1589 -51
1590 -51
1591 -51
1592 -51
1593 -51
1594 -46.96
1595 -46.92
1596 -46.96
1597 -51
1598 -51
1599 -51
1600 -51
1601 -51
1602 -51
1603 -51
1604 -51
1605 -51
1606 -51
1607 -51
1608 -51
1609 -51
1610 -51
1611 -51
1612 -51
1613 -51
1614 -51
1615 -51
1616 -51
1617 -51
1618 -51
1619 -51
1620 -51
1621 -51
1622 -51
1623 -51
1624 -51
1625 -51
1626 -51
1627 -51
1628 -51
1629 -51
1630 -51
1631 -51
1632 -51
1633 -51
1634 -51
1635 -51
1636 -51
1637 -51
1638 -46.92
1639 -46.92
1640 -46.92
1641 -46.92
1642 -51
1643 -51
1644 -51
1645 -51
1646 -51
1647 -51
1648 -51
1649 -51
1650 -51
1651 -51
1652 -51
1653 -51
1654 -51
1655 -51
1656 -51
1657 -46.92
1658 -46.88
1659 -46.76
1660 -46.76
1661 -46.88
1662 -46.84
1663 -46.88
1664 -46.84
1665 -46.84
1666 -46.88
1667 -46.88
1668 -46.92
1669 -46.88
1670 -46.88
1671 -46.84
1672 -46.88
1673 -46.88
1674 -46.88
1675 -46.84
1676 -46.8
1677 -46.76
1678 -46.76
1679 -46.76
1680 -46.76
1681 -46.72
1682 -46.68
1683 -46.72
1684 -46.76
1685 -46.68
1686 -46.64
1687 -46.6
1688 -46.68
1689 -46.68
1690 -46.72
1691 -46.56
1692 -46.56
1693 -46.52
1694 -46.6
1695 -46.68
1696 -46.64
1697 -46.6
1698 -46.52
1699 -46.52
1700 -46.48
1701 -46.48
1702 -46.44
1703 -46.44
1704 -46.44
1705 -46.48
1706 -46.52
1707 -46.4
1708 -46.4
1709 -46.4
1710 -46.36
1711 -46.44
1712 -46.44
1713 -46.52
1714 -46.52
1715 -46.56
1716 -46.6
1717 -46.6
1718 -46.52
1719 -46.56
1720 -46.56
1721 -46.6
1722 -46.64
1723 -42.52
1724 -42.6
1725 -38.52
1726 -38.64
1727 -38.6
1728 -38.52
1729 -42.68
1730 -42.56
1731 -42.48
1732 -42.6
1733 -42.64
1734 -42.68
1735 -42.6
1736 -42.64
1737 -42.6
1738 -42.52
1739 -42.64
1740 -46.68
1741 -46.64
1742 -46.64
1743 -46.68
1744 -46.68
1745 -46.68
1746 -46.68
1747 -46.6
1748 -46.6
1749 -46.52
1750 -46.52
1751 -46.52
1752 -46.52
1753 -46.56
1754 -46.56
1755 -46.68
1756 -46.64
1757 -46.68
1758 -46.72
1759 -46.68
1760 -46.84
1761 -46.88
1762 -46.84
1763 -46.8
1764 -46.8
1765 -46.84
1766 -46.8
1767 -46.88
1768 -46.88
1769 -46.84
1770 -46.84
1771 -46.84
1772 -46.92
1773 -46.76
1774 -46.8
1775 -46.76
1776 -46.76
1777 -46.8
1778 -46.8
1779 -46.8
1780 -46.8
1781 -46.76
1782 -46.72
1783 -46.76
1784 -46.76
1785 -46.72
1786 -46.76
1787 -46.8
1788 -46.84
1789 -46.84
1790 -46.8
1791 -46.8
1792 -46.8
1793 -46.96
1794 -46.96
1795 -46.92
1796 -46.88
1797 -51
1798 -51
1799 -51
1800 -51
1801 -51
1802 -51
1803 -51
1804 -51
1805 -51
1806 -51
1807 -51
1808 -51
1809 -51
1810 -51
1811 -51
1812 -51
1813 -51
1814 -51
1815 -51
1816 -51
1817 -51
1818 -51
1819 -51
1820 -51
1821 -51
1822 -51
1823 -51
1824 -51
1825 -51
1826 -51
1827 -51
1828 -51
1829 -51
1830 -51
1831 -51
1832 -51
1833 -51
1834 -51
1835 -51
1836 -51
1837 -51
1838 -51
1839 -51
1840 -51
1841 -51
1842 -51
1843 -51
1844 -51
1845 -51
1846 -51
1847 -51
1848 -51
1849 -51
1850 -51
1851 -51
1852 -51
1853 -51
1854 -51
1855 -51
1856 -51
1857 -51
1858 -51
1859 -51
1860 -51
1861 -51
1862 -51
1863 -51
1864 -51
1865 -51
1866 -51
1867 -51
1868 -51
1869 -51
1870 -51
1871 -51
1872 -51
1873 -51
1874 -51
1875 -51
1876 -51
1877 -51
1878 -51
1879 -51
1880 -51
1881 -51
1882 -51
1883 -51
1884 -51
1885 -51
1886 -51
1887 -51
1888 -51
1889 -51
1890 -51
1891 -51
1892 -51
1893 -51
1894 -51
1895 -51
1896 -51
1897 -51
1898 -51
1899 -51
1900 -51
1901 -51
1902 -51
1903 -51
1904 -51
1905 -51
1906 -51
1907 -51
1908 -51
1909 -51
1910 -51
1911 -51
1912 -51
1913 -51
1914 -51
1915 -51
1916 -51
1917 -51
1918 -51
1919 -51
1920 -51
1921 -51
1922 -51
1923 -51
1924 -51
1925 -51
1926 -51
1927 -51
1928 -51
1929 -51
1930 -51
1931 -51
1932 -51
1933 -51
1934 -51
1935 -51
1936 -51
1937 -51
1938 -51
1939 -51
1940 -51
1941 -51
1942 -51
1943 -51
1944 -51
1945 -51
1946 -51
1947 -51
1948 -51
1949 -51
1950 -51
1951 -51
1952 -51
1953 -51
1954 -51
1955 -51
1956 -51
1957 -51
1958 -46.96
1959 -46.92
1960 -46.88
1961 -46.8
1962 -46.76
1963 -46.8
1964 -46.76
1965 -46.72
1966 -46.68
1967 -46.64
1968 -46.52
1969 -46.6
1970 -46.68
1971 -46.68
1972 -46.6
1973 -46.56
1974 -46.56
1975 -46.56
1976 -46.52
1977 -46.52
1978 -46.44
1979 -46.48
1980 -46.48
1981 -46.52
1982 -46.6
1983 -46.68
1984 -46.76
1985 -46.76
1986 -46.8
1987 -46.76
1988 -46.8
1989 -46.88
1990 -46.96
1991 -51
1992 -51
1993 -51
1994 -51
1995 -51
1996 -51
1997 -51
1998 -51
1999 -51
2000 -51
2001 -51
2002 -51
2003 -51
2004 -51
2005 -51
2006 -51
2007 -51
2008 -51
2009 -51
2010 -51
2011 -51
2012 -51
2013 -51
2014 -51
2015 -51
2016 -51
2017 -51
2018 -51
2019 -51
2020 -51
2021 -51
2022 -51
2023 -51
2024 -51
2025 -51
2026 -46.96
2027 -51
2028 -51
2029 -51
2030 -51
2031 -51
2032 -51
2033 -51
2034 -51
2035 -51
2036 -51
2037 -51
2038 -51
2039 -51
2040 -51
2041 -51
2042 -51
2043 -51
2044 -51
2045 -51
2046 -51
2047 -51
2048 -51
2049 -51
2050 -51
2051 -51
2052 -51
2053 -51
2054 -51
2055 -46.96
2056 -51
2057 -51
2058 -51
2059 -51
2060 -51
2061 -51
2062 -51
2063 -51
2064 -51
2065 -51
2066 -51
2067 -51
2068 -51
2069 -51
2070 -51
2071 -51
2072 -51
2073 -51
2074 -51
2075 -51
2076 -51
2077 -51
2078 -51
2079 -51
2080 -51
2081 -51
2082 -51
2083 -51
2084 -51
2085 -51
2086 -51
2087 -51
2088 -51
2089 -51
2090 -51
2091 -51
2092 -51
2093 -51
2094 -51
2095 -51
2096 -51
2097 -51
2098 -51
2099 -51
2100 -51
2101 -51
2102 -46.96
2103 -46.92
2104 -51
2105 -51
2106 -51
2107 -46.96
2108 -46.92
2109 -51
2110 -51
2111 -51
2112 -51
2113 -51
2114 -51
2115 -51
2116 -51
2117 -51
2118 -51
2119 -51
2120 -51
2121 -51
2122 -51
2123 -51
2124 -51
2125 -51
2126 -51
2127 -51
2128 -51
2129 -51
2130 -51
2131 -51
2132 -51
2133 -51
2134 -51
2135 -51
2136 -51
2137 -51
2138 -51
2139 -51
2140 -51
2141 -51
2142 -51
2143 -51
2144 -51
2145 -51
2146 -51
2147 -51
2148 -51
2149 -51
2150 -51
2151 -51
2152 -51
2153 -51
2154 -51
2155 -51
2156 -51
2157 -51
2158 -51
2159 -51
2160 -51
2161 -51
2162 -51
2163 -51
2164 -51
2165 -51
2166 -51
2167 -51
2168 -51
2169 -51
2170 -51
2171 -51
2172 -51
2173 -51
2174 -51
2175 -51
2176 -51
2177 -51
2178 -51
2179 -51
2180 -51
2181 -51
2182 -51
2183 -51
2184 -51
2185 -51
2186 -51
2187 -51
2188 -51
2189 -51
2190 -51
2191 -51
2192 -51
2193 -51
2194 -51
2195 -51
2196 -51
2197 -51
2198 -51
2199 -51
2200 -51
2201 -51
2202 -51
2203 -51
2204 -51
2205 -51
2206 -51
2207 -51
2208 -51
2209 -51
2210 -51
2211 -51
2212 -51
2213 -51
2214 -51
2215 -51
2216 -51
2217 -51
2218 -51
2219 -51
2220 -51
2221 -51
2222 -51
2223 -51
2224 -51
2225 -51
2226 -51
2227 -51
2228 -51
2229 -51
2230 -51
2231 -51
2232 -51
2233 -51
2234 -51
2235 -51
2236 -51
2237 -51
2238 -51
2239 -51
2240 -51
2241 -51
2242 -51
2243 -51
2244 -51
2245 -51
2246 -51
2247 -51
2248 -51
2249 -51
2250 -51
2251 -51
2252 -51
2253 -51
2254 -51
2255 -51
2256 -51
2257 -51
2258 -51
2259 -51
2260 -51
2261 -51
2262 -51
2263 -51
2264 -51
2265 -51
2266 -51
2267 -51
2268 -51
2269 -51
2270 -51
2271 -51
2272 -51
2273 -51
2274 -51
2275 -51
2276 -51
2277 -51
2278 -51
2279 -51
2280 -51
2281 -51
2282 -51
2283 -51
2284 -51
2285 -51
2286 -51
2287 -51
2288 -51
2289 -51
2290 -51
2291 -51
2292 -51
2293 -51
2294 -51
2295 -51
2296 -51
2297 -51
2298 -51
2299 -51
2300 -51
2301 -51
2302 -51
2303 -51
2304 -51
2305 -51
2306 -51
2307 -51
2308 -51
2309 -51
2310 -51
2311 -51
2312 -51
2313 -51
2314 -51
2315 -51
2316 -51
2317 -51
2318 -51
2319 -51
2320 -51
2321 -51
2322 -51
2323 -51
2324 -51
2325 -51
2326 -51
2327 -51
2328 -46.96
2329 -51
2330 -51
2331 -51
2332 -51
2333 -51
2334 -51
2335 -51
2336 -51
2337 -51
2338 -51
2339 -51
2340 -51
2341 -51
2342 -51
2343 -51
2344 -51
2345 -51
2346 -51
2347 -51
2348 -51
2349 -51
2350 -51
2351 -51
2352 -51
2353 -51
2354 -51
2355 -51
2356 -51
2357 -51
2358 -51
2359 -51
2360 -51
2361 -51
2362 -51
2363 -51
2364 -51
2365 -51
2366 -51
2367 -51
2368 -51
2369 -51
2370 -51
2371 -51
2372 -51
2373 -51
2374 -51
2375 -51
2376 -51
2377 -51
2378 -51
2379 -51
2380 -51
2381 -51
2382 -51
2383 -51
2384 -51
2385 -51
2386 -51
2387 -51
2388 -51
2389 -51
2390 -51
2391 -51
2392 -51
2393 -51
2394 -51
2395 -46.96
2396 -51
2397 -51
2398 -51
2399 -51
2400 -51
2401 -51
2402 -51
2403 -51
2404 -51
2405 -51
2406 -51
2407 -51
2408 -51
2409 -51
2410 -51
2411 -51
2412 -51
2413 -51
2414 -51
2415 -51
2416 -51
2417 -51
2418 -51
2419 -51
2420 -51
2421 -51
2422 -51
2423 -51
2424 -51
2425 -51
2426 -51
2427 -51
2428 -51
2429 -51
2430 -51
2431 -51
2432 -51
2433 -51
2434 -51
2435 -51
2436 -51
2437 -51
2438 -51
2439 -51
2440 -51
2441 -51
2442 -51
2443 -51
2444 -51
2445 -51
2446 -51
2447 -51
2448 -46.96
2449 -51
2450 -51
2451 -51
2452 -51
2453 -51
2454 -51
2455 -51
2456 -51
2457 -51
2458 -51
2459 -51
2460 -51
2461 -51
2462 -51
2463 -51
2464 -51
2465 -51
2466 -51
2467 -51
2468 -51
2469 -51
2470 -51
2471 -51
2472 -46.96
2473 -46.96
2474 -51
2475 -51
2476 -51
2477 -51
2478 -51
2479 -51
2480 -51
2481 -51
2482 -51
2483 -51
2484 -51
2485 -51
2486 -51
2487 -51
2488 -51
2489 -51
2490 -51
2491 -51
2492 -51
2493 -51
2494 -46.96
2495 -51
2496 -51
2497 -51
2498 -51
2499 -51
2500 -51
2501 -51
2502 -51
2503 -51
2504 -51
2505 -51
2506 -51
2507 -51
2508 -51
2509 -51
2510 -51
2511 -51
2512 -51
2513 -51
2514 -51
2515 -51
2516 -51
2517 -51
2518 -51
2519 -51
2520 -51
2521 -51
2522 -51
2523 -51
2524 -51
2525 -51
2526 -51
2527 -51
2528 -51
2529 -51
2530 -51
2531 -51
2532 -51
2533 -51
2534 -51
2535 -51
2536 -51
2537 -51
2538 -51
2539 -51
2540 -51
2541 -51
2542 -51
2543 -51
2544 -51
2545 -51
2546 -51
2547 -51
2548 -51
2549 -51
2550 -51
2551 -51
2552 -51
2553 -51
2554 -51
2555 -51
2556 -51
2557 -51
2558 -51
2559 -51
2560 -51
2561 -51
2562 -51
2563 -51
2564 -51
2565 -51
2566 -51
2567 -51
2568 -51
2569 -51
2570 -51
2571 -51
2572 -51
2573 -51
2574 -51
2575 -51
2576 -51
2577 -51
2578 -51
2579 -51
2580 -51
2581 -51
2582 -51
2583 -51
2584 -51
2585 -51
2586 -51
2587 -51
2588 -51
2589 -51
2590 -51
2591 -51
2592 -51
2593 -51
2594 -51
2595 -51
2596 -51
2597 -51
2598 -51
2599 -51
2600 -51
2601 -51
2602 -51
2603 -51
2604 -51
2605 -51
2606 -51
2607 -51
2608 -51
2609 -51
2610 -51
2611 -51
2612 -51
2613 -51
2614 -51
2615 -51
2616 -51
2617 -51
2618 -51
2619 -51
2620 -51
2621 -51
2622 -51
2623 -51
2624 -51
2625 -51
2626 -51
2627 -51
2628 -51
2629 -51
2630 -51
2631 -51
2632 -51
2633 -51
2634 -51
2635 -51
2636 -51
2637 -51
2638 -51
2639 -51
2640 -51
2641 -51
2642 -51
2643 -51
2644 -51
2645 -51
2646 -51
2647 -51
2648 -51
2649 -51
2650 -51
2651 -51
2652 -51
2653 -51
2654 -51
2655 -51
2656 -51
2657 -51
2658 -51
2659 -51
2660 -51
2661 -51
2662 -51
2663 -51
2664 -51
2665 -51
2666 -51
2667 -51
2668 -51
2669 -51
2670 -51
2671 -51
2672 -51
2673 -51
2674 -51
2675 -51
2676 -51
2677 -51
2678 -51
2679 -51
2680 -51
2681 -51
2682 -51
2683 -51
2684 -51
2685 -51
2686 -51
2687 -51
2688 -51
2689 -51
2690 -51
2691 -46.96
2692 -51
2693 -51
2694 -51
2695 -51
2696 -51
2697 -51
2698 -51
2699 -51
2700 -51
2701 -51
2702 -51
2703 -51
2704 -51
2705 -51
2706 -51
2707 -51
2708 -51
2709 -51
2710 -51
2711 -51
2712 -51
2713 -51
2714 -51
2715 -51
2716 -51
2717 -51
2718 -51
2719 -51
2720 -51
2721 -51
2722 -51
2723 -51
2724 -51
2725 -51
2726 -51
2727 -51
2728 -51
2729 -51
2730 -51
2731 -51
2732 -51
2733 -51
2734 -51
2735 -51
2736 -51
2737 -51
2738 -51
2739 -51
2740 -51
2741 -51
2742 -51
2743 -51
2744 -51
2745 -51
2746 -51
2747 -51
2748 -51
2749 -51
2750 -51
2751 -51
2752 -51
2753 -51
2754 -51
2755 -51
2756 -51
2757 -51
2758 -51
2759 -51
2760 -51
2761 -51
2762 -51
2763 -51
2764 -51
2765 -51
2766 -51
2767 -51
2768 -51
2769 -51
2770 -51
2771 -51
2772 -51
2773 -51
2774 -51
2775 -51
2776 -51
2777 -51
2778 -51
2779 -51
2780 -51
2781 -51
2782 -51
2783 -51
2784 -51
2785 -51
2786 -51
2787 -51
2788 -51
2789 -51
2790 -51
2791 -51
2792 -51
2793 -51
2794 -51
2795 -51
2796 -51
2797 -51
2798 -51
2799 -51
2800 -51
2801 -51
2802 -51
2803 -51
2804 -51
2805 -51
2806 -51
2807 -51
2808 -51
2809 -51
2810 -51
2811 -51
2812 -51
2813 -51
2814 -51
2815 -51
2816 -51
2817 -51
2818 -51
2819 -51
2820 -51
2821 -51
2822 -51
2823 -51
2824 -51
2825 -51
2826 -51
2827 -51
2828 -51
2829 -51
2830 -51
2831 -51
2832 -51
2833 -51
2834 -51
2835 -51
2836 -51
2837 -46.96
2838 -46.96
2839 -51
2840 -51
2841 -51
2842 -51
2843 -51
2844 -51
2845 -51
2846 -51
2847 -51
2848 -51
2849 -51
2850 -51
2851 -51
2852 -51
2853 -51
2854 -51
2855 -51
2856 -51
2857 -51
2858 -51
2859 -51
2860 -51
2861 -51
2862 -51
2863 -51
2864 -51
2865 -51
2866 -51
2867 -51
2868 -51
2869 -51
2870 -51
2871 -51
2872 -51
2873 -51
2874 -51
2875 -51
2876 -51
2877 -51
2878 -51
2879 -51
2880 -51
2881 -51
2882 -51
2883 -51
2884 -51
2885 -51
2886 -51
2887 -51
2888 -51
2889 -51
2890 -51
2891 -51
2892 -51
2893 -51
2894 -51
2895 -51
2896 -51
2897 -51
2898 -51
2899 -51
2900 -51
2901 -51
2902 -51
2903 -51
2904 -51
2905 -51
2906 -51
2907 -51
2908 -51
2909 -51
2910 -51
2911 -51
2912 -46.92
2913 -46.92
2914 -51
2915 -51
2916 -51
2917 -51
2918 -51
2919 -51
2920 -51
2921 -51
2922 -51
2923 -51
2924 -51
2925 -51
2926 -51
2927 -51
2928 -51
2929 -51
2930 -51
2931 -46.92
2932 -46.96
2933 -51
2934 -51
2935 -51
2936 -51
2937 -51
2938 -51
2939 -51
2940 -51
2941 -51
2942 -51
2943 -51
2944 -51
2945 -51
2946 -51
2947 -51
2948 -51
2949 -51
2950 -51
2951 -51
2952 -51
2953 -51
2954 -51
2955 -51
2956 -51
2957 -51
2958 -51
2959 -51
2960 -51
2961 -51
2962 -51
2963 -51
2964 -51
2965 -51
2966 -51
2967 -51
2968 -51
2969 -51
2970 -51
2971 -51
2972 -51
2973 -51
2974 -51
2975 -51
2976 -51
2977 -51
2978 -51
2979 -51
2980 -51
2981 -51
2982 -51
2983 -51
2984 -51
2985 -51
2986 -51
2987 -51
2988 -51
2989 -51
2990 -51
2991 -51
2992 -51
2993 -51
2994 -51
2995 -51
2996 -51
2997 -51
2998 -51
2999 -51
3000 -51
3001 -51
3002 -51
3003 -51
3004 -51
3005 -51
3006 -51
3007 -51
3008 -51
3009 -51
3010 -51
3011 -51
3012 -51
3013 -51
3014 -51
3015 -51
3016 -51
3017 -51
3018 -51
3019 -51
3020 -51
3021 -51
3022 -51
3023 -51
3024 -51
3025 -51
3026 -51
3027 -51
3028 -51
3029 -51
3030 -51
3031 -51
3032 -51
3033 -51
3034 -51
3035 -51
3036 -51
3037 -51
3038 -51
3039 -51
3040 -51
3041 -51
3042 -51
3043 -51
3044 -51
3045 -51
3046 -51
3047 -51
3048 -51
3049 -51
3050 -51
3051 -51
3052 -51
3053 -51
3054 -51
3055 -51
3056 -51
3057 -51
3058 -51
3059 -51
3060 -51
3061 -51
3062 -51
3063 -51
3064 -51
3065 -51
3066 -51
3067 -51
3068 -51
3069 -51
3070 -51
3071 -51
3072 -51
3073 -51
3074 -51
3075 -51
3076 -51
3077 -51
3078 -51
3079 -51
3080 -51
3081 -51
3082 -51
3083 -51
3084 -51
3085 -51
3086 -51
3087 -51
3088 -51
3089 -51
3090 -51
3091 -51
3092 -51
3093 -51
3094 -51
3095 -51
3096 -51
3097 -51
3098 -51
3099 -51
3100 -51
3101 -51
3102 -51
3103 -51
3104 -51
3105 -51
3106 -51
3107 -51
3108 -51
3109 -51
3110 -51
3111 -51
3112 -51
3113 -46.96
3114 -51
3115 -51
3116 -51
3117 -51
3118 -51
3119 -51
3120 -51
3121 -51
3122 -51
3123 -51
3124 -51
3125 -51
3126 -51
3127 -51
3128 -51
3129 -51
3130 -51
3131 -51
3132 -51
3133 -51
3134 -51
3135 -51
3136 -51
3137 -51
3138 -51
3139 -51
3140 -51
3141 -51
3142 -51
3143 -51
3144 -51
3145 -51
3146 -51
3147 -51
3148 -51
3149 -51
3150 -51
3151 -51
3152 -51
3153 -51
3154 -51
3155 -51
3156 -51
3157 -51
3158 -51
3159 -51
3160 -51
3161 -51
3162 -51
3163 -51
3164 -51
3165 -51
3166 -51
3167 -51
3168 -51
3169 -51
3170 -51
3171 -51
3172 -51
3173 -51
3174 -51
3175 -51
3176 -51
3177 -51
3178 -51
3179 -51
3180 -51
3181 -51
3182 -46.96
3183 -46.76
3184 -46.76
3185 -46.76
3186 -46.68
3187 -46.72
3188 -46.8
3189 -46.84
3190 -46.8
3191 -46.88
3192 -46.8
3193 -46.68
3194 -46.6
3195 -46.48
3196 -46.52
3197 -46.48
3198 -46.48
3199 -46.48
3200 -46.52
3201 -46.48
3202 -46.52
3203 -46.48
3204 -46.48
3205 -46.52
3206 -46.48
3207 -46.4
3208 -46.44
3209 -46.44
3210 -46.56
3211 -46.52
3212 -46.44
3213 -46.36
3214 -46.32
3215 -46.32
3216 -46.28
3217 -46.28
3218 -46.36
3219 -46.4
3220 -46.28
3221 -46.28
3222 -46.32
3223 -46.36
3224 -46.36
3225 -46.36
3226 -46.36
3227 -46.44
3228 -46.36
3229 -46.4
3230 -46.4
3231 -46.44
3232 -46.44
3233 -46.48
3234 -46.48
3235 -46.4
3236 -46.44
3237 -46.44
3238 -46.48
3239 -46.44
3240 -46.44
3241 -46.48
3242 -46.48
3243 -46.44
3244 -46.44
3245 -46.44
3246 -46.44
3247 -42.36
3248 -38.44
3249 -38.28
3250 -46.2
3251 -46.16
3252 -46.2
3253 -46.04
3254 -46.08
3255 -46.04
3256 -46.04
3257 -46
3258 -45.92
3259 -45.96
3260 -45.96
3261 -45.92
3262 -45.84
3263 -45.92
3264 -45.84
3265 -45.88
3266 -45.88
3267 -45.92
3268 -45.96
3269 -42.04
3270 -45.96
3271 -46.08
3272 -46.12
3273 -46.04
3274 -46.12
3275 -46.16
3276 -46.24
3277 -46.2
3278 -46.36
3279 -46.48
3280 -46.52
3281 -46.48
3282 -46.48
3283 -46.48
3284 -46.4
3285 -46.44
3286 -46.48
3287 -46.36
3288 -46.32
3289 -46.12
3290 -46.12
3291 -46.12
3292 -46.12
3293 -46.12
3294 -46.12
3295 -46.12
3296 -46.2
3297 -46.16
3298 -46.08
3299 -46.16
3300 -46.16
3301 -46.16
3302 -46.28
3303 -46.32
3304 -46.4
3305 -46.4
3306 -46.36
3307 -46.36
3308 -46.4
3309 -46.4
3310 -46.48
3311 -46.48
3312 -46.56
3313 -46.64
3314 -46.68
3315 -46.6
3316 -46.52
3317 -46.52
3318 -46.44
3319 -46.56
3320 -46.56
3321 -46.6
3322 -46.72
3323 -46.68
3324 -46.56
3325 -46.56
3326 -46.56
3327 -46.56
3328 -46.56
3329 -46.64
3330 -46.6
3331 -46.68
3332 -46.72
3333 -46.72
3334 -46.68
3335 -46.68
3336 -46.64
3337 -46.64
3338 -46.76
3339 -46.76
3340 -46.64
3341 -46.68
3342 -46.6
3343 -46.6
3344 -46.72
3345 -46.72
3346 -46.72
3347 -46.64
3348 -46.64
3349 -46.64
3350 -46.68
3351 -46.72
3352 -46.72
3353 -46.76
3354 -46.76
3355 -46.8
3356 -46.72
3357 -46.76
3358 -46.76
3359 -46.8
3360 -46.84
3361 -46.84
3362 -46.92
3363 -46.88
3364 -46.84
3365 -46.88
3366 -46.88
3367 -46.88
3368 -46.88
3369 -46.88
3370 -46.84
3371 -46.84
3372 -46.92
3373 -46.8
3374 -46.8
3375 -46.88
3376 -46.88
3377 -46.84
3378 -46.8
3379 -46.76
3380 -46.68
3381 -46.68
3382 -46.64
3383 -46.56
3384 -46.56
3385 -46.6
3386 -46.56
3387 -46.68
3388 -46.68
3389 -46.68
3390 -46.64
3391 -46.56
3392 -46.56
3393 -46.52
3394 -46.52
3395 -46.56
3396 -46.56
3397 -46.56
3398 -46.52
3399 -46.6
3400 -46.6
3401 -46.6
3402 -46.6
3403 -46.64
3404 -46.48
3405 -46.56
3406 -46.6
3407 -46.56
3408 -46.68
3409 -46.68
3410 -46.64
3411 -46.64
3412 -46.72
3413 -46.72
3414 -46.68
3415 -46.6
3416 -46.6
3417 -46.6
3418 -46.64
3419 -46.6
3420 -46.64
3421 -46.72
3422 -46.64
3423 -46.68
3424 -46.68
3425 -42.64
3426 -42.52
3427 -46.6
3428 -46.64
3429 -46.68
3430 -46.64
3431 -46.64
3432 -46.6
3433 -46.64
3434 -46.76
3435 -46.84
3436 -46.92
3437 -46.8
3438 -46.76
3439 -46.8
3440 -46.76
3441 -46.8
3442 -46.84
3443 -46.88
3444 -46.92
3445 -46.92
3446 -51
3447 -51
3448 -51
3449 -51
3450 -51
3451 -51
3452 -51
3453 -51
3454 -51
3455 -51
3456 -51
3457 -51
3458 -51
3459 -51
3460 -51
3461 -51
3462 -51
3463 -51
3464 -51
3465 -51
3466 -51
3467 -51
3468 -51
3469 -51
3470 -51
3471 -51
3472 -51
3473 -51
3474 -51
3475 -51
3476 -51
3477 -51
3478 -51
3479 -51
3480 -51
3481 -51
3482 -51
3483 -51
3484 -51
3485 -51
3486 -51
3487 -51
3488 -51
3489 -51
3490 -51
3491 -51
3492 -51
3493 -51
3494 -51
3495 -51
3496 -51
3497 -51
3498 -51
3499 -51
3500 -51
3501 -51
3502 -51
3503 -51
3504 -51
3505 -51
3506 -51
3507 -51
3508 -51
3509 -51
3510 -51
3511 -51
3512 -51
3513 -51
3514 -51
3515 -51
3516 -51
3517 -51
3518 -51
3519 -51
3520 -51
3521 -51
3522 -51
3523 -51
3524 -51
3525 -51
3526 -51
3527 -51
3528 -51
3529 -51
3530 -51
3531 -51
3532 -51
3533 -51
3534 -51
3535 -51
3536 -51
3537 -51
3538 -51
3539 -51
3540 -51
3541 -51
3542 -51
3543 -51
3544 -51
3545 -51
3546 -51
3547 -51
3548 -51
3549 -51
3550 -51
3551 -51
3552 -51
3553 -51
3554 -51
3555 -51
3556 -51
3557 -51
3558 -51
3559 -51
3560 -51
3561 -51
3562 -51
3563 -51
3564 -51
3565 -51
3566 -51
3567 -51
3568 -51
3569 -51
3570 -51
3571 -51
3572 -51
3573 -51
3574 -51
3575 -51
3576 -51
3577 -51
3578 -51
3579 -51
3580 -51
3581 -51
3582 -46.96
3583 -51
3584 -51
3585 -51
3586 -51
3587 -51
3588 -51
3589 -51
3590 -51
3591 -51
3592 -51
3593 -51
3594 -51
3595 -51
3596 -51
3597 -51
3598 -51
3599 -51
3600 -51
3601 -51
3602 -51
3603 -51
3604 -51
3605 -51
3606 -51
3607 -51
3608 -51
3609 -51
3610 -51
3611 -51
3612 -51
3613 -46.96
3614 -51
3615 -51
3616 -51
3617 -51
3618 -51
3619 -51
3620 -51
3621 -51
3622 -51
3623 -51
3624 -51
3625 -51
3626 -51
3627 -51
3628 -51
3629 -51
3630 -51
3631 -51
3632 -51
3633 -51
3634 -51
3635 -51
3636 -51
3637 -51
3638 -51
3639 -51
3640 -51
3641 -51
3642 -51
3643 -51
3644 -51
3645 -51
3646 -51
3647 -51
3648 -51
3649 -51
3650 -51
3651 -51
3652 -51
3653 -51
3654 -51
3655 -51
3656 -51
3657 -51
3658 -51
3659 -51
3660 -51
3661 -51
3662 -51
3663 -51
3664 -51
3665 -51
3666 -51
3667 -51
3668 -51
3669 -51
3670 -51
3671 -51
3672 -51
3673 -51
3674 -51
3675 -51
3676 -51
3677 -51
3678 -51
3679 -51
3680 -51
3681 -51
3682 -46.96
3683 -51
3684 -46.96
3685 -46.92
3686 -46.96
3687 -46.92
3688 -46.92
3689 -51
3690 -51
3691 -51
3692 -51
3693 -51
3694 -51
3695 -51
3696 -51
3697 -51
3698 -51
3699 -51
3700 -51
3701 -51
3702 -51
3703 -51
3704 -51
3705 -51
3706 -51
3707 -51
3708 -51
3709 -51
3710 -51
3711 -51
3712 -51
3713 -51
3714 -51
3715 -51
3716 -51
3717 -51
3718 -51
3719 -51
3720 -51
3721 -51
3722 -51
3723 -51
3724 -51
3725 -51
3726 -51
3727 -51
3728 -51
3729 -51
3730 -51
3731 -51
3732 -51
3733 -51
3734 -51
3735 -51
3736 -51
3737 -51
3738 -51
3739 -51
3740 -51
3741 -51
3742 -51
3743 -51
3744 -51
3745 -51
3746 -51
3747 -51
3748 -51
3749 -51
3750 -51
3751 -51
3752 -51
3753 -51
3754 -51
3755 -51
3756 -51
3757 -51
3758 -51
3759 -51
3760 -51
3761 -51
3762 -51
3763 -51
3764 -51
3765 -51
3766 -51
3767 -51
3768 -51
3769 -51
3770 -51
3771 -51
3772 -51
3773 -51
3774 -51
3775 -51
3776 -51
3777 -51
3778 -51
3779 -51
3780 -51
3781 -51
3782 -51
3783 -51
3784 -51
3785 -51
3786 -51
3787 -51
3788 -51
3789 -51
3790 -51
3791 -51
3792 -51
3793 -51
3794 -51
3795 -51
3796 -51
3797 -51
3798 -51
3799 -51
3800 -51
3801 -51
3802 -51
3803 -51
3804 -51
3805 -51
3806 -51
3807 -46.96
3808 -46.96
3809 -46.96
3810 -46.96
3811 -46.96
3812 -51
3813 -51
3814 -51
3815 -51
3816 -51
3817 -51
3818 -51
3819 -51
3820 -51
3821 -51
3822 -51
3823 -51
3824 -51
3825 -51
3826 -51
3827 -51
3828 -51
3829 -51
3830 -51
3831 -51
3832 -51
3833 -51
3834 -51
3835 -51
3836 -51
3837 -51
3838 -51
3839 -51
3840 -51
3841 -51
3842 -51
3843 -51
3844 -51
3845 -51
3846 -51
3847 -51
3848 -51
3849 -51
3850 -51
3851 -51
3852 -51
3853 -51
3854 -51
3855 -51
3856 -51
3857 -51
3858 -51
3859 -51
3860 -51
3861 -51
3862 -51
3863 -51
3864 -51
3865 -51
3866 -51
3867 -51
3868 -51
3869 -51
3870 -51
3871 -51
3872 -51
3873 -51
3874 -51
3875 -51
3876 -51
3877 -51
3878 -51
3879 -51
3880 -51
3881 -51
3882 -51
3883 -51
3884 -51
3885 -51
3886 -51
3887 -51
3888 -51
3889 -51
3890 -51
3891 -51
3892 -51
3893 -51
3894 -51
3895 -51
3896 -51
3897 -51
3898 -51
3899 -51
3900 -51
3901 -51
3902 -51
3903 -51
3904 -51
3905 -51
3906 -51
3907 -51
3908 -51
3909 -51
3910 -51
3911 -51
3912 -51
3913 -51
3914 -51
3915 -51
3916 -51
3917 -51
3918 -51
3919 -51
3920 -51
3921 -51
3922 -51
3923 -51
3924 -51
3925 -51
3926 -51
3927 -51
3928 -51
3929 -51
3930 -51
3931 -51
3932 -51
3933 -51
3934 -51
3935 -51
3936 -51
3937 -51
3938 -51
3939 -51
3940 -51
3941 -51
3942 -51
3943 -51
3944 -51
3945 -51
3946 -51
3947 -51
3948 -51
3949 -51
3950 -51
3951 -51
3952 -51
3953 -51
3954 -51
3955 -51
3956 -51
3957 -51
3958 -51
3959 -51
3960 -51
3961 -51
3962 -51
3963 -51
3964 -51
3965 -51
3966 -51
3967 -51
3968 -51
3969 -51
3970 -51
3971 -51
3972 -51
3973 -51
3974 -51
3975 -51
3976 -51
3977 -51
3978 -51
3979 -51
3980 -51
3981 -51
3982 -51
3983 -51
3984 -51
3985 -51
3986 -51
3987 -51
3988 -51
3989 -51
3990 -51
3991 -51
3992 -51
3993 -51
3994 -51
3995 -51
3996 -51
3997 -51
3998 -51
3999 -51
4000 -51
4001 -51
4002 -51
4003 -51
4004 -51
4005 -51
4006 -51
4007 -51
4008 -51
4009 -51
4010 -51
4011 -51
4012 -51
4013 -51
4014 -51
4015 -51
4016 -51
4017 -51
4018 -51
4019 -51
4020 -51
4021 -51
4022 -51
4023 -51
4024 -51
4025 -51
4026 -51
4027 -51
4028 -51
4029 -51
4030 -51
4031 -51
4032 -51
4033 -51
4034 -51
4035 -51
4036 -51
4037 -51
4038 -51
4039 -51
4040 -51
4041 -51
4042 -51
4043 -51
4044 -51
4045 -51
4046 -51
4047 -51
4048 -51
4049 -51
4050 -51
4051 -51
4052 -51
4053 -51
4054 -51
4055 -51
4056 -51
4057 -51
4058 -51
4059 -51
4060 -51
4061 -51
4062 -51
4063 -51
4064 -51
4065 -51
4066 -51
4067 -51
4068 -51
4069 -51
4070 -51
4071 -51
4072 -51
4073 -51
4074 -51
4075 -51
4076 -51
4077 -51
4078 -51
4079 -51
4080 -51
4081 -51
4082 -51
4083 -51
4084 -51
4085 -51
4086 -51
4087 -51
4088 -51
4089 -51
4090 -51
4091 -51
4092 -51
4093 -51
4094 -51
4095 -51
4096 -51
4097 -51
4098 -51
4099 -51
4100 -51
4101 -51
4102 -51
4103 -51
4104 -51
4105 -51
4106 -51
4107 -51
4108 -51
4109 -51
4110 -51
4111 -51
4112 -51
4113 -51
4114 -46.96
4115 -51
4116 -51
4117 -51
4118 -51
4119 -51
4120 -51
4121 -51
4122 -51
4123 -51
4124 -51
4125 -51
4126 -46.96
4127 -46.96
4128 -46.92
4129 -51
4130 -51
4131 -51
4132 -51
4133 -51
4134 -51
4135 -51
4136 -51
4137 -51
4138 -51
4139 -51
4140 -51
4141 -51
4142 -51
4143 -51
4144 -51
4145 -51
4146 -51
4147 -51
4148 -51
4149 -51
4150 -51
4151 -51
4152 -51
4153 -51
4154 -51
4155 -51
4156 -51
4157 -51
4158 -51
4159 -51
4160 -51
4161 -51
4162 -51
4163 -51
4164 -51
4165 -51
4166 -51
4167 -51
4168 -51
4169 -51
4170 -51
4171 -51
4172 -51
4173 -51
4174 -51
4175 -51
4176 -51
4177 -51
4178 -51
4179 -51
4180 -51
4181 -51
4182 -51
4183 -51
4184 -51
4185 -51
4186 -51
4187 -51
4188 -51
4189 -51
4190 -51
4191 -51
4192 -51
4193 -51
4194 -51
4195 -51
4196 -51
4197 -51
4198 -51
4199 -51
4200 -51
4201 -51
4202 -51
4203 -51
4204 -51
4205 -51
4206 -51
4207 -51
4208 -51
4209 -51
4210 -51
4211 -51
4212 -51
4213 -51
4214 -51
4215 -51
4216 -51
4217 -51
4218 -51
4219 -51
4220 -51
4221 -51
4222 -51
4223 -51
4224 -51
4225 -51
4226 -51
4227 -51
4228 -51
4229 -51
4230 -51
4231 -51
4232 -51
4233 -51
4234 -51
4235 -51
4236 -51
4237 -51
4238 -51
4239 -51
4240 -51
4241 -51
4242 -51
4243 -51
4244 -51
4245 -51
4246 -51
4247 -51
4248 -51
4249 -51
4250 -51
4251 -51
4252 -51
4253 -51
4254 -51
4255 -51
4256 -51
4257 -51
4258 -51
4259 -51
4260 -51
4261 -51
4262 -51
4263 -51
4264 -51
4265 -51
4266 -51
4267 -51
4268 -51
4269 -51
4270 -51
4271 -51
4272 -51
4273 -51
4274 -51
4275 -51
4276 -51
4277 -51
4278 -51
4279 -51
4280 -51
4281 -51
4282 -51
4283 -51
4284 -51
4285 -51
4286 -51
4287 -51
4288 -51
4289 -51
4290 -51
4291 -51
4292 -51
4293 -51
4294 -51
4295 -51
4296 -51
4297 -51
4298 -51
4299 -51
4300 -51
4301 -51
4302 -51
4303 -51
4304 -51
4305 -51
4306 -51
4307 -51
4308 -51
4309 -51
4310 -51
4311 -51
4312 -51
4313 -51
4314 -51
4315 -51
4316 -51
4317 -46.96
4318 -46.88
4319 -46.92
4320 -51
4321 -51
4322 -51
4323 -46.96
4324 -46.96
4325 -51
4326 -51
4327 -51
4328 -51
4329 -51
4330 -51
4331 -51
4332 -51
4333 -51
4334 -51
4335 -51
4336 -51
4337 -51
4338 -51
4339 -51
4340 -51
4341 -51
4342 -51
4343 -51
4344 -51
4345 -51
4346 -51
4347 -51
4348 -51
4349 -51
4350 -51
4351 -51
4352 -51
4353 -51
4354 -51
4355 -51
4356 -51
4357 -51
4358 -51
4359 -51
4360 -51
4361 -51
4362 -51
4363 -51
4364 -51
4365 -51
4366 -51
4367 -51
4368 -51
4369 -51
4370 -51
4371 -46.96
4372 -51
4373 -51
4374 -51
4375 -51
4376 -51
4377 -51
4378 -51
4379 -51
4380 -51
4381 -51
4382 -51
4383 -51
4384 -51
4385 -51
4386 -51
4387 -51
4388 -51
4389 -51
4390 -51
4391 -51
4392 -51
4393 -51
4394 -51
4395 -46.96
4396 -51
4397 -51
4398 -51
4399 -51
4400 -51
4401 -51
4402 -51
4403 -51
4404 -51
4405 -51
4406 -51
4407 -51
4408 -51
4409 -51
4410 -51
4411 -51
4412 -51
4413 -51
4414 -51
4415 -51
4416 -51
4417 -51
4418 -51
4419 -51
4420 -51
4421 -51
4422 -51
4423 -51
4424 -51
4425 -51
4426 -51
4427 -51
4428 -51
4429 -51
4430 -51
4431 -51
4432 -51
4433 -51
4434 -51
4435 -51
4436 -51
4437 -51
4438 -51
4439 -51
4440 -51
4441 -51
4442 -51
4443 -51
4444 -51
4445 -51
4446 -51
4447 -51
4448 -51
4449 -51
4450 -51
4451 -51
4452 -51
4453 -51
4454 -51
4455 -51
4456 -51
4457 -51
4458 -51
4459 -51
4460 -51
4461 -51
4462 -51
4463 -51
4464 -51
4465 -51
4466 -46.92
4467 -46.92
4468 -46.96
4469 -46.84
4470 -46.84
4471 -46.88
4472 -46.88
4473 -46.84
4474 -46.8
4475 -46.88
4476 -42.84
4477 -42.8
4478 -42.76
4479 -42.8
4480 -42.68
4481 -42.72
4482 -42.68
4483 -42.64
4484 -42.6
4485 -42.68
4486 -42.76
4487 -46.76
4488 -46.76
4489 -46.68
4490 -46.64
4491 -46.64
4492 -46.76
4493 -46.84
4494 -46.84
4495 -46.92
4496 -51
4497 -51
4498 -51
4499 -51
4500 -51
4501 -51
4502 -51
4503 -51
4504 -51
4505 -51
4506 -51
4507 -51
4508 -51
4509 -51
4510 -51
4511 -51
4512 -51
4513 -51
4514 -51
4515 -51
4516 -51
4517 -51
4518 -51
4519 -51
4520 -51
4521 -51
4522 -51
4523 -51
4524 -51
4525 -51
4526 -51
4527 -51
4528 -51
4529 -51
4530 -51
4531 -51
4532 -51
4533 -51
4534 -51
4535 -51
4536 -51
4537 -51
4538 -51
4539 -51
4540 -51
4541 -51
4542 -51
4543 -51
4544 -51
4545 -51
4546 -51
4547 -51
4548 -51
4549 -51
4550 -51
4551 -51
4552 -51
4553 -51
4554 -51
4555 -51
4556 -51
4557 -51
4558 -51
4559 -51
4560 -51
4561 -51
4562 -51
4563 -46.96
4564 -51
4565 -51
4566 -51
4567 -51
4568 -51
4569 -51
4570 -51
4571 -51
4572 -51
4573 -51
4574 -51
4575 -51
4576 -51
4577 -51
4578 -51
4579 -51
4580 -51
4581 -51
4582 -51
4583 -51
4584 -51
4585 -51
4586 -51
4587 -51
4588 -51
4589 -51
4590 -51
4591 -51
4592 -46.96
4593 -51
4594 -51
4595 -51
4596 -51
4597 -51
4598 -51
4599 -51
4600 -51
4601 -51
4602 -51
4603 -51
4604 -51
4605 -51
4606 -51
4607 -51
4608 -51
4609 -51
4610 -51
4611 -51
4612 -51
4613 -51
4614 -51
4615 -51
4616 -51
4617 -51
4618 -51
4619 -51
4620 -51
4621 -51
4622 -51
4623 -51
4624 -51
4625 -51
4626 -51
4627 -51
4628 -51
4629 -51
4630 -51
4631 -51
4632 -51
4633 -51
4634 -51
4635 -51
4636 -51
4637 -51
4638 -51
4639 -51
4640 -51
4641 -51
4642 -51
4643 -51
4644 -51
4645 -51
4646 -51
4647 -51
4648 -51
4649 -51
4650 -51
4651 -51
4652 -51
4653 -51
4654 -51
4655 -51
4656 -51
4657 -51
4658 -51
4659 -51
4660 -51
4661 -51
4662 -51
4663 -51
4664 -51
4665 -51
4666 -51
4667 -51
4668 -51
4669 -51
4670 -51
4671 -51
4672 -51
4673 -51
4674 -51
4675 -51
4676 -51
4677 -51
4678 -51
4679 -51
4680 -51
4681 -51
4682 -51
4683 -51
4684 -51
4685 -51
4686 -51
4687 -51
4688 -51
4689 -51
4690 -51
4691 -51
4692 -51
4693 -51
4694 -51
4695 -51
4696 -51
4697 -51
4698 -51
4699 -51
4700 -51
4701 -51
4702 -51
4703 -51
4704 -51
4705 -51
4706 -51
4707 -51
4708 -51
4709 -51
4710 -51
4711 -51
4712 -51
4713 -51
4714 -51
4715 -51
4716 -51
4717 -51
4718 -51
4719 -51
4720 -51
4721 -51
4722 -51
4723 -51
4724 -51
4725 -51
4726 -51
4727 -51
4728 -51
4729 -51
4730 -51
4731 -51
4732 -51
4733 -51
4734 -51
4735 -51
4736 -51
4737 -51
4738 -51
4739 -51
4740 -51
4741 -51
4742 -51
4743 -51
4744 -51
4745 -51
4746 -51
4747 -51
4748 -51
4749 -51
4750 -51
4751 -51
4752 -51
4753 -51
4754 -51
4755 -51
4756 -51
4757 -51
4758 -51
4759 -51
4760 -51
4761 -51
4762 -51
4763 -51
4764 -51
4765 -51
4766 -51
4767 -51
4768 -51
4769 -51
4770 -51
4771 -51
4772 -51
4773 -51
4774 -51
4775 -51
4776 -51
4777 -51
4778 -51
4779 -51
4780 -51
4781 -51
4782 -51
4783 -51
4784 -51
4785 -51
4786 -51
4787 -51
4788 -51
4789 -51
4790 -51
4791 -51
4792 -51
4793 -51
4794 -51
4795 -51
4796 -51
4797 -51
4798 -51
4799 -51
4800 -51
4801 -51
4802 -51
4803 -51
4804 -51
4805 -51
4806 -51
4807 -51
4808 -51
4809 -51
4810 -51
4811 -51
4812 -51
4813 -51
4814 -51
4815 -51
4816 -51
4817 -51
4818 -51
4819 -51
4820 -51
4821 -51
4822 -51
4823 -51
4824 -51
4825 -51
4826 -51
4827 -51
4828 -51
4829 -51
4830 -51
4831 -51
4832 -51
4833 -51
4834 -51
4835 -51
4836 -51
4837 -51
4838 -51
4839 -51
4840 -51
4841 -51
4842 -51
4843 -51
4844 -51
4845 -51
4846 -51
4847 -51
4848 -51
4849 -51
4850 -51
4851 -51
4852 -51
4853 -51
4854 -51
4855 -51
4856 -51
4857 -51
4858 -51
4859 -51
4860 -51
4861 -51
4862 -51
4863 -51
4864 -51
4865 -51
4866 -51
4867 -51
4868 -51
4869 -51
4870 -51
4871 -51
4872 -51
4873 -51
4874 -51
4875 -51
4876 -51
4877 -51
4878 -51
4879 -51
4880 -51
4881 -51
4882 -51
4883 -51
4884 -51
4885 -51
4886 -51
4887 -51
4888 -51
4889 -51
4890 -51
4891 -51
4892 -51
4893 -51
4894 -51
4895 -51
4896 -51
4897 -51
4898 -51
4899 -51
4900 -51
4901 -51
4902 -51
4903 -46.96
4904 -51
4905 -51
4906 -51
4907 -51
4908 -51
4909 -51
4910 -51
4911 -51
4912 -51
4913 -51
4914 -51
4915 -51
4916 -51
4917 -51
4918 -51
4919 -51
4920 -51
4921 -51
4922 -51
4923 -51
4924 -51
4925 -51
4926 -51
4927 -51
4928 -51
4929 -51
4930 -51
4931 -51
4932 -51
4933 -51
4934 -51
4935 -51
4936 -51
4937 -51
4938 -51
4939 -51
4940 -51
4941 -51
4942 -51
4943 -51
4944 -51
4945 -51
4946 -51
4947 -51
4948 -51
4949 -51
4950 -51
4951 -51
4952 -51
4953 -51
4954 -51
4955 -51
4956 -51
4957 -51
4958 -51
4959 -51
4960 -51
4961 -51
4962 -51
4963 -51
4964 -51
4965 -51
4966 -51
4967 -51
4968 -51
4969 -51
4970 -51
4971 -51
4972 -51
4973 -51
4974 -51
4975 -51
4976 -51
4977 -51
4978 -51
4979 -51
4980 -51
4981 -51
4982 -46.96
4983 -46.96
4984 -46.92
4985 -51
4986 -51
4987 -51
4988 -51
4989 -51
4990 -51
4991 -51
4992 -51
4993 -51
4994 -51
4995 -51
4996 -51
4997 -51
4998 -51
4999 -51
5000 -51
