1 676
2 680.166
3 1161.45
4 1784.22
5 2145.54
6 2149.25
7 1787.6
8 1780.84
9 1774.09
10 1774.09
11 1780.84
12 2149.25
13 2149.25
14 2149.25
15 2149.25
16 2156.67
17 1794.37
18 2152.96
19 2152.96
20 2152.96
21 2156.67
22 2152.96
23 2152.96
24 2152.96
25 2156.67
26 2156.67
27 2152.96
28 2164.11
29 2164.11
30 2160.39
31 2156.67
32 2156.67
33 2164.11
34 2164.11
35 2160.39
36 2160.39
37 2149.25
38 2152.96
39 2160.39
40 2156.67
41 2152.96
42 2156.67
43 2156.67
44 2167.83
45 2167.83
46 2160.39
47 2156.67
48 2156.67
49 2160.39
50 2167.83
51 2167.83
52 2167.83
53 2167.83
54 2175.29
55 2179.02
56 2175.29
57 2175.29
58 2171.56
59 2167.83
60 2179.02
61 2179.02
62 2179.02
63 2175.29
64 2182.76
65 2186.5
66 2190.24
67 2197.73
68 2197.73
69 2197.73
70 2601
71 2601
72 2601
73 2601
74 2601
75 2601
76 2601
77 2205.24
78 2205.24
79 2205.24
80 1842.13
81 2601
82 2601
83 2601
84 2601
85 2601
86 2601
87 2601
88 2601
89 2601
90 2601
91 2601
92 2601
93 2601
94 2601
95 2601
96 2601
97 2601
98 2601
99 2601
100 2601
101 2601
102 2601
103 2601
104 2601
105 2601
106 2601
107 2601
108 2601
109 2601
110 2601
111 2601
112 2601
113 2601
114 2601
115 2601
116 2601
117 2601
118 2601
119 2601
120 2601
121 2601
122 2601
123 2601
124 2601
125 2601
126 2601
127 2601
128 2601
129 2601
130 2601
131 2601
132 2601
133 2601
134 2601
135 2601
136 2601
137 2601
138 2601
139 2601
140 2601
141 2601
142 2601
143 2601
144 2601
145 2601
146 2601
147 2601
148 2601
149 2205.24
150 2190.24
151 2190.24
152 2197.73
153 2193.99
154 2193.99
155 2197.73
156 2197.73
157 2201.49
158 2205.24
159 2197.73
160 2193.99
161 2201.49
162 2205.24
163 2201.49
164 2197.73
165 2197.73
166 2197.73
167 2197.73
168 2197.73
169 2197.73
170 2201.49
171 2201.49
172 2201.49
173 2205.24
174 2201.49
175 2205.24
176 2201.49
177 2197.73
178 2197.73
179 2197.73
180 2193.99
181 2186.5
182 2193.99
183 2193.99
184 2190.24
185 2182.76
186 2175.29
187 2179.02
188 2190.24
189 2186.5
190 2186.5
191 2186.5
192 2186.5
193 2182.76
194 2186.5
195 2182.76
196 2182.76
197 2182.76
198 2182.76
199 2182.76
200 2179.02
201 2186.5
202 2190.24
203 2186.5
204 2186.5
205 1825
206 2193.99
207 2197.73
208 2197.73
209 2197.73
210 2601
211 2601
212 2601
213 2601
214 2601
215 2601
216 2601
217 2601
218 2601
219 2601
220 2205.24
221 2201.49
222 2190.24
223 2197.73
224 2197.73
225 2193.99
226 2197.73
227 1835.27
228 1828.42
229 1831.84
230 1831.84
231 2205.24
232 2197.73
233 2193.99
234 2190.24
235 2186.5
236 2186.5
237 2193.99
238 2193.99
239 2182.76
240 2190.24
241 2190.24
242 2190.24
243 2186.5
244 2182.76
245 2186.5
246 2186.5
247 2186.5
248 2190.24
249 2190.24
250 2190.24
251 2186.5
252 2182.76
253 2179.02
254 2179.02
255 2175.29
256 2167.83
257 2171.56
258 2167.83
259 2164.11
260 2156.67
261 2164.11
262 2164.11
263 2160.39
264 2156.67
265 2160.39
266 2156.67
267 2164.11
268 2160.39
269 2156.67
270 2164.11
271 2167.83
272 2167.83
273 2164.11
274 2160.39
275 2164.11
276 2160.39
277 2164.11
278 2164.11
279 2171.56
280 2164.11
281 2160.39
282 2160.39
283 2149.25
284 2156.67
285 2149.25
286 2149.25
287 2149.25
288 2149.25
289 2149.25
290 2145.54
291 2156.67
292 2160.39
293 2160.39
294 2149.25
295 2145.54
296 2149.25
297 2160.39
298 2160.39
299 2160.39
300 2156.67
301 2156.67
302 2145.54
303 2145.54
304 2145.54
305 2145.54
306 2145.54
307 2145.54
308 2149.25
309 2149.25
310 2149.25
311 2149.25
312 2152.96
313 2149.25
314 2145.54
315 2141.84
316 2149.25
317 2152.96
318 2152.96
319 2152.96
320 2156.67
321 2160.39
322 2160.39
323 2164.11
324 2160.39
325 2152.96
326 2156.67
327 2152.96
328 2149.25
329 2145.54
330 2149.25
331 2149.25
332 2145.54
333 2145.54
334 2149.25
335 2145.54
336 2145.54
337 2138.14
338 2141.84
339 2134.44
340 2134.44
341 2141.84
342 2141.84
343 2145.54
344 2152.96
345 2149.25
346 2138.14
347 2130.75
348 2141.84
349 2149.25
350 2141.84
351 2152.96
352 2145.54
353 2141.84
354 2134.44
355 2138.14
356 2123.37
357 2130.75
358 2134.44
359 2134.44
360 2141.84
361 2138.14
362 2141.84
363 2134.44
364 2138.14
365 2145.54
366 2141.84
367 2138.14
368 2141.84
369 2149.25
370 2145.54
371 2141.84
372 2138.14
373 2138.14
374 2141.84
375 2141.84
376 2138.14
377 2127.05
378 2123.37
379 2123.37
380 2119.68
381 2119.68
382 2119.68
383 2119.68
384 2116
385 2119.68
386 2119.68
387 2123.37
388 2123.37
389 2127.05
390 2119.68
391 2119.68
392 2119.68
393 2119.68
394 2119.68
395 2116
396 2108.65
397 2097.64
398 2093.98
399 2093.98
400 2101.31
401 2097.64
402 1750.59
403 2097.64
404 2090.32
405 2083.01
406 2086.66
407 2097.64
408 2104.97
409 2101.31
410 2101.31
411 2104.97
412 2097.64
413 2086.66
414 2090.32
415 2086.66
416 2086.66
417 2083.01
418 2079.36
419 2090.32
420 2090.32
421 2083.01
422 2083.01
423 2079.36
424 2086.66
425 2086.66
426 2086.66
427 2083.01
428 2083.01
429 2083.01
430 2083.01
431 2093.98
432 2097.64
433 2101.31
434 2101.31
435 2104.97
436 2101.31
437 2108.65
438 2104.97
439 2101.31
440 2108.65
441 2119.68
442 2130.75
443 2138.14
444 2138.14
445 2123.37
446 2123.37
447 2127.05
448 2127.05
449 2134.44
450 2130.75
451 2127.05
452 2134.44
453 2134.44
454 2134.44
455 2138.14
456 2138.14
457 2145.54
458 2141.84
459 2145.54
460 2141.84
461 2134.44
462 2134.44
463 2134.44
464 2134.44
465 2141.84
466 2141.84
467 2134.44
468 2145.54
469 2145.54
470 2145.54
471 2152.96
472 2156.67
473 2156.67
474 2160.39
475 2164.11
476 2167.83
477 2171.56
478 2164.11
479 2160.39
480 2160.39
481 2156.67
482 2156.67
483 2156.67
484 2164.11
485 2167.83
486 2167.83
487 2171.56
488 2182.76
489 2179.02
490 2182.76
491 2182.76
492 2186.5
493 2190.24
494 2193.99
495 2190.24
496 2190.24
497 2182.76
498 2182.76
499 2175.29
500 2182.76
501 2186.5
502 2193.99
503 2201.49
504 2197.73
505 2197.73
506 2197.73
507 2197.73
508 2205.24
509 2193.99
510 2201.49
511 2193.99
512 2193.99
513 2193.99
514 2190.24
515 2197.73
516 2201.49
517 2601
518 2601
519 2601
520 2601
521 2601
522 2601
523 2601
524 2601
525 2601
526 2601
527 2601
528 2601
529 2601
530 2601
531 2601
532 2601
533 2601
534 2601
535 2601
536 2601
537 2601
538 2601
539 2601
540 2601
541 2601
542 2601
543 2601
544 2601
545 2601
546 2601
547 2601
548 2601
549 2601
550 2601
551 2601
552 2601
553 2601
554 2601
555 2601
556 2601
557 2601
558 2601
559 2601
560 2601
561 2601
562 2601
563 2601
564 2601
565 2601
566 2601
567 2601
568 2601
569 2601
570 2601
571 2601
572 2601
573 2601
574 2601
575 2601
576 2601
577 2601
578 2601
579 2601
580 2601
581 2601
582 2601
583 2601
584 2601
585 2601
586 2601
587 2601
588 2601
589 2601
590 2601
591 2601
592 2601
593 2601
594 2601
595 2601
596 2601
597 2601
598 2601
599 2601
600 2601
601 2601
602 2601
603 2601
604 2601
605 2601
606 2601
607 2601
608 2601
609 2601
610 2601
611 2601
612 2601
613 2601
614 2601
615 2601
616 2601
617 2601
618 2601
619 2601
620 2601
621 2601
622 2601
623 2601
624 2601
625 2601
626 2601
627 2601
628 2601
629 2601
630 2601
631 2601
632 2601
633 2601
634 2601
635 2601
636 2601
637 2601
638 2601
639 2601
640 2601
641 2601
642 2601
643 2601
644 2601
645 2601
646 2601
647 2601
648 2601
649 2601
650 2601
651 2601
652 2601
653 2601
654 2601
655 2601
656 2601
657 2601
658 2601
659 2601
660 2601
661 2601
662 2601
663 2601
664 2601
665 2601
666 2601
667 2601
668 2601
669 2601
670 2601
671 2601
672 2601
673 2601
674 2201.49
675 2201.49
676 2201.49
677 2601
678 2601
679 2601
680 2601
681 2601
682 2601
683 2601
684 2601
685 2601
686 2601
687 2601
688 2601
689 2601
690 2601
691 2601
692 2601
693 2601
694 2601
695 2601
696 2601
697 2601
698 2601
699 2601
700 2601
701 2601
702 2601
703 2601
704 2601
705 2601
706 2601
707 2601
708 2601
709 2601
710 2601
711 2601
712 2601
713 2601
714 2601
715 2601
716 2601
717 2601
718 2601
719 2601
720 2601
721 2601
722 2601
723 2601
724 2601
725 2601
726 2601
727 2601
728 2601
729 2601
730 2601
731 2601
732 2601
733 2601
734 2601
735 2601
736 2601
737 2601
738 2601
739 2601
740 2601
741 2601
742 2601
743 2601
744 2601
745 2601
746 2601
747 2601
748 2601
749 2601
750 2601
751 2601
752 2601
753 2601
754 2601
755 2601
756 2601
757 2601
758 2601
759 2601
760 2601
761 2601
762 2601
763 2601
764 2601
765 2601
766 2601
767 2601
768 2601
769 2601
770 2601
771 2601
772 2601
773 2601
774 2601
775 2601
776 2601
777 2601
778 2601
779 2601
780 2601
781 2601
782 2601
783 2601
784 2601
785 2601
786 2601
787 2601
788 2601
789 2601
790 2601
791 2601
792 2601
793 2601
794 2601
795 2601
796 2601
797 2601
798 2601
799 2601
800 2601
801 2601
802 2601
803 2601
804 2601
805 2601
806 2601
807 2601
808 2601
809 2601
810 2601
811 2601
812 2601
813 2601
814 2601
815 2601
816 2601
817 2601
818 2601
819 2601
820 2601
821 2601
822 2601
823 2601
824 2601
825 2601
826 2601
827 2601
828 2601
829 2601
830 2601
831 2601
832 2601
833 2601
834 2601
835 2601
836 2601
837 2601
838 2601
839 2601
840 2601
841 2601
842 2601
843 2601
844 2601
845 2601
846 2601
847 2601
848 2601
849 2601
850 2601
851 2601
852 2601
853 2601
854 2601
855 2601
856 2601
857 2601
858 2601
859 2601
860 2601
861 2601
862 2601
863 2601
864 2601
865 2601
866 2601
867 2201.49
868 2205.24
869 2201.49
870 2601
871 2601
872 2601
873 2601
874 2601
875 2601
876 2601
877 2601
878 2601
879 2601
880 2601
881 2601
882 2601
883 2601
884 2601
885 2601
886 2601
887 2601
888 2601
889 2601
890 2601
891 2601
892 2601
893 2601
894 2601
895 2601
896 2601
897 2601
898 2601
899 2601
900 2601
901 2601
902 2601
903 2601
904 2601
905 2601
906 2601
907 2601
908 2601
909 2601
910 2601
911 2601
912 2601
913 2601
914 2205.24
915 1835.27
916 1838.69
917 2201.49
918 2201.49
919 2201.49
920 2205.24
921 2601
922 2601
923 2201.49
924 2201.49
925 2201.49
926 2205.24
927 2201.49
928 2205.24
929 2601
930 2601
931 2601
932 2601
933 2601
934 2601
935 2601
936 2601
937 2601
938 2601
939 2601
940 2601
941 2601
942 2601
943 2601
944 2601
945 2601
946 2601
947 2601
948 2601
949 2601
950 2601
951 2601
952 2601
953 2601
954 2601
955 2601
956 2601
957 2601
958 2601
959 2601
960 2601
961 2601
962 2601
963 2601
964 2601
965 2601
966 2601
967 2601
968 2601
969 2601
970 2601
971 2601
972 2601
973 2601
974 2601
975 2601
976 2601
977 2601
978 2601
979 2601
980 2601
981 2601
982 2601
983 2601
984 2601
985 2601
986 2601
987 2601
988 2601
989 2601
990 2601
991 2601
992 2601
993 2601
994 2601
995 2601
996 2601
997 2601
998 2601
999 2601
1000 2601
1001 2601
1002 2601
1003 2601
1004 2601
1005 2601
1006 2601
1007 2601
1008 2601
1009 2601
1010 2601
1011 2601
1012 2601
1013 2601
1014 2601
1015 2601
1016 2601
1017 2601
1018 2601
1019 2601
1020 2601
1021 2601
1022 2601
1023 2601
1024 2601
1025 2601
1026 2601
1027 2601
1028 2601
1029 2601
1030 2601
1031 2601
1032 2601
1033 2601
1034 2601
1035 2601
1036 2601
1037 2601
1038 2601
1039 2601
1040 2601
1041 2601
1042 2601
1043 2601
1044 2601
1045 2601
1046 2601
1047 2601
1048 2601
1049 2601
1050 2601
1051 2601
1052 2601
1053 2601
1054 2601
1055 2601
1056 2601
1057 2601
1058 2601
1059 2601
1060 2601
1061 2601
1062 2601
1063 2601
1064 2601
1065 2601
1066 2601
1067 2601
1068 2601
1069 2601
1070 2601
1071 2601
1072 2601
1073 2601
1074 2601
1075 2601
1076 2601
1077 2601
1078 2601
1079 2601
1080 2601
1081 2601
1082 2601
1083 2601
1084 2601
1085 2601
1086 2601
1087 2601
1088 2601
1089 2601
1090 2601
1091 2601
1092 2601
1093 2601
1094 2601
1095 2601
1096 2601
1097 2601
1098 2601
1099 2601
1100 2601
1101 2601
1102 2601
1103 2601
1104 2601
1105 2601
1106 2601
1107 2601
1108 2601
1109 2601
1110 2601
1111 2601
1112 2601
1113 2601
1114 2601
1115 2601
1116 2601
1117 2601
1118 2601
1119 2601
1120 2601
1121 2601
1122 2601
1123 2601
1124 2601
1125 2601
1126 2601
1127 2601
1128 2601
1129 2601
1130 2601
1131 2601
1132 2601
1133 2601
1134 2601
1135 2601
1136 2601
1137 2601
1138 2601
1139 2601
1140 2601
1141 2601
1142 2601
1143 2601
1144 2601
1145 2601
1146 2601
1147 2601
1148 2601
1149 2601
1150 2601
1151 2601
1152 2601
1153 2601
1154 2601
1155 2601
1156 2601
1157 2601
1158 2601
1159 2601
1160 2601
1161 2601
1162 2601
1163 2601
1164 2601
1165 2601
1166 2601
1167 2601
1168 2601
1169 2601
1170 2601
1171 2601
1172 2601
1173 2601
1174 2601
1175 2601
1176 2601
1177 2601
1178 2601
1179 2601
1180 2601
1181 2601
1182 2601
1183 2601
1184 2601
1185 2601
1186 2601
1187 2601
1188 2601
1189 2601
1190 2601
1191 2601
1192 2601
1193 2601
1194 2601
1195 2601
1196 2601
1197 2601
1198 2601
1199 2601
1200 2601
1201 2601
1202 2601
1203 2601
1204 2601
1205 2601
1206 2601
1207 2601
1208 2601
1209 2601
1210 2601
1211 2601
1212 2601
1213 2601
1214 2601
1215 2601
1216 2601
1217 2601
1218 2601
1219 2601
1220 2601
1221 2601
1222 2601
1223 2601
1224 2601
1225 2601
1226 2601
1227 2601
1228 2601
1229 2601
1230 2601
1231 2601
1232 2601
1233 2601
1234 2601
1235 2601
1236 2601
1237 2601
1238 2601
1239 2601
1240 2601
1241 2205.24
1242 2601
1243 2601
1244 2601
1245 2601
1246 2601
1247 2601
1248 2601
1249 2601
1250 2601
1251 2601
1252 2601
1253 2601
1254 2601
1255 2601
1256 2601
1257 2601
1258 2601
1259 2601
1260 2601
1261 2601
1262 2601
1263 2601
1264 2601
1265 2601
1266 2601
1267 2601
1268 2601
1269 2601
1270 2601
1271 2601
1272 2601
1273 2601
1274 2601
1275 2601
1276 2197.73
1277 2197.73
1278 2197.73
1279 2193.99
1280 2201.49
1281 2201.49
1282 2205.24
1283 2601
1284 2601
1285 2601
1286 2601
1287 2601
1288 2601
1289 2601
1290 2601
1291 2601
1292 2601
1293 2601
1294 2601
1295 2601
1296 2601
1297 2601
1298 2601
1299 2601
1300 2601
1301 2601
1302 2601
1303 2601
1304 2601
1305 2601
1306 2601
1307 2601
1308 2601
1309 2601
1310 2601
1311 2601
1312 2601
1313 2601
1314 2601
1315 2601
1316 2601
1317 2601
1318 2601
1319 2601
1320 2601
1321 2601
1322 2601
1323 2601
1324 2601
1325 2601
1326 2601
1327 2601
1328 2601
1329 2601
1330 2601
1331 2601
1332 2601
1333 2601
1334 2601
1335 2601
1336 2601
1337 2601
1338 2601
1339 2601
1340 2601
1341 2601
1342 2601
1343 2601
1344 2601
1345 2601
1346 2601
1347 2601
1348 2601
1349 2601
1350 2601
1351 2601
1352 2601
1353 2601
1354 2601
1355 2601
1356 2601
1357 2601
1358 2601
1359 2601
1360 2601
1361 2601
1362 2601
1363 2601
1364 2601
1365 2601
1366 2601
1367 2601
1368 2601
1369 2601
1370 2601
1371 2601
1372 2601
1373 2601
1374 2601
1375 2601
1376 2601
1377 2601
1378 2601
1379 2601
1380 2601
1381 2601
1382 2601
1383 2601
1384 2601
1385 2601
1386 2601
1387 2601
1388 2601
1389 2601
1390 2601
1391 2601
1392 2601
1393 2601
1394 2601
1395 2601
1396 2601
1397 2601
1398 2601
1399 2601
1400 2601
1401 2601
1402 2601
1403 2601
1404 2601
1405 2601
1406 2601
1407 2601
1408 2601
1409 2601
1410 2601
1411 2601
1412 2601
1413 2601
1414 2601
1415 2601
1416 2601
1417 2601
1418 2601
1419 2601
1420 2601
1421 2601
1422 2601
1423 2601
1424 2601
1425 2601
1426 2601
1427 2601
1428 2601
1429 2601
1430 2601
1431 2601
1432 2601
1433 2601
1434 2601
1435 2601
1436 2601
1437 2601
1438 2601
1439 2601
1440 2601
1441 2601
1442 2601
1443 2601
1444 2601
1445 2601
1446 2601
1447 2601
1448 2601
1449 2601
1450 2601
1451 2201.49
1452 2201.49
1453 2201.49
1454 2201.49
1455 2201.49
1456 2205.24
1457 2201.49
1458 2205.24
1459 2601
1460 2601
1461 2601
1462 2601
1463 2601
1464 2601
1465 2601
1466 2601
1467 2601
1468 2601
1469 2601
1470 2601
1471 2601
1472 2601
1473 2601
1474 2601
1475 2601
1476 2601
1477 2601
1478 2601
1479 2601
1480 2601
1481 2601
1482 2601
1483 2601
1484 2601
1485 2601
1486 2601
1487 2601
1488 2601
1489 2601
1490 2601
1491 2601
1492 2601
1493 2601
1494 2601
1495 2601
1496 2601
1497 2601
1498 2601
1499 2601
1500 2601
1501 2601
1502 2601
1503 2601
1504 2601
1505 2601
1506 2601
1507 2601
1508 2601
1509 2601
1510 2205.24
1511 2201.49
1512 2601
1513 2601
1514 2601
1515 2601
1516 2601
1517 2601
1518 2601
1519 2601
1520 2601
1521 2601
1522 2601
1523 2601
1524 2601
1525 2601
1526 2601
1527 2601
1528 2601
1529 2601
1530 2601
1531 2601
1532 2601
1533 2601
1534 2601
1535 2601
1536 2601
1537 2601
1538 2601
1539 2601
1540 2601
1541 2601
1542 2601
1543 2601
1544 2601
1545 2601
1546 2601
1547 2601
1548 2601
1549 2601
1550 2601
1551 2601
1552 2601
1553 2601
1554 2601
1555 2601
1556 2601
1557 2601
1558 2601
1559 2601
1560 2601
1561 2601
1562 2601
1563 2601
1564 2601
1565 2601
1566 2601
1567 2601
1568 2601
1569 2601
1570 2205.24
1571 2601
1572 2601
1573 2601
1574 2601
1575 2601
1576 2601
1577 2601
1578 2601
1579 2601
1580 2601
1581 2601
1582 2601
1583 2601
1584 2601
1585 2601
1586 2601
1587 2601
1588 2601
1589 2601
1590 2601
1591 2601
1592 2601
1593 2601
1594 2205.24
1595 2201.49
1596 2205.24
1597 2601
1598 2601
1599 2601
1600 2601
1601 2601
1602 2601
1603 2601
1604 2601
1605 2601
1606 2601
1607 2601
1608 2601
1609 2601
1610 2601
1611 2601
1612 2601
1613 2601
1614 2601
1615 2601
1616 2601
1617 2601
1618 2601
1619 2601
1620 2601
1621 2601
1622 2601
1623 2601
1624 2601
1625 2601
1626 2601
1627 2601
1628 2601
1629 2601
1630 2601
1631 2601
1632 2601
1633 2601
1634 2601
1635 2601
1636 2601
1637 2601
1638 2201.49
1639 2201.49
1640 2201.49
1641 2201.49
1642 2601
1643 2601
1644 2601
1645 2601
1646 2601
1647 2601
1648 2601
1649 2601
1650 2601
1651 2601
1652 2601
1653 2601
1654 2601
1655 2601
1656 2601
1657 2201.49
1658 2197.73
1659 2186.5
1660 2186.5
1661 2197.73
1662 2193.99
1663 2197.73
1664 2193.99
1665 2193.99
1666 2197.73
1667 2197.73
1668 2201.49
1669 2197.73
1670 2197.73
1671 2193.99
1672 2197.73
1673 2197.73
1674 2197.73
1675 2193.99
1676 2190.24
1677 2186.5
1678 2186.5
1679 2186.5
1680 2186.5
1681 2182.76
1682 2179.02
1683 2182.76
1684 2186.5
1685 2179.02
1686 2175.29
1687 2171.56
1688 2179.02
1689 2179.02
1690 2182.76
1691 2167.83
1692 2167.83
1693 2164.11
1694 2171.56
1695 2179.02
1696 2175.29
1697 2171.56
1698 2164.11
1699 2164.11
1700 2160.39
1701 2160.39
1702 2156.67
1703 2156.67
1704 2156.67
1705 2160.39
1706 2164.11
1707 2152.96
1708 2152.96
1709 2152.96
1710 2149.25
1711 2156.67
1712 2156.67
1713 2164.11
1714 2164.11
1715 2167.83
1716 2171.56
1717 2171.56
1718 2164.11
1719 2167.83
1720 2167.83
1721 2171.56
1722 2175.29
1723 1807.95
1724 1814.76
1725 1483.79
1726 1493.05
1727 1489.96
1728 1483.79
1729 1821.58
1730 1811.35
1731 1804.55
1732 1814.76
1733 1818.17
1734 1821.58
1735 1814.76
1736 1818.17
1737 1814.76
1738 1807.95
1739 1818.17
1740 2179.02
1741 2175.29
1742 2175.29
1743 2179.02
1744 2179.02
1745 2179.02
1746 2179.02
1747 2171.56
1748 2171.56
1749 2164.11
1750 2164.11
1751 2164.11
1752 2164.11
1753 2167.83
1754 2167.83
1755 2179.02
1756 2175.29
1757 2179.02
1758 2182.76
1759 2179.02
1760 2193.99
1761 2197.73
1762 2193.99
1763 2190.24
1764 2190.24
1765 2193.99
1766 2190.24
1767 2197.73
1768 2197.73
1769 2193.99
1770 2193.99
1771 2193.99
1772 2201.49
1773 2186.5
1774 2190.24
1775 2186.5
1776 2186.5
1777 2190.24
1778 2190.24
1779 2190.24
1780 2190.24
1781 2186.5
1782 2182.76
1783 2186.5
1784 2186.5
1785 2182.76
1786 2186.5
1787 2190.24
1788 2193.99
1789 2193.99
1790 2190.24
1791 2190.24
1792 2190.24
1793 2205.24
1794 2205.24
1795 2201.49
1796 2197.73
1797 2601
1798 2601
1799 2601
1800 2601
1801 2601
1802 2601
1803 2601
1804 2601
1805 2601
1806 2601
1807 2601
1808 2601
1809 2601
1810 2601
1811 2601
1812 2601
1813 2601
1814 2601
1815 2601
1816 2601
1817 2601
1818 2601
1819 2601
1820 2601
1821 2601
1822 2601
1823 2601
1824 2601
1825 2601
1826 2601
1827 2601
1828 2601
1829 2601
1830 2601
1831 2601
1832 2601
1833 2601
1834 2601
1835 2601
1836 2601
1837 2601
1838 2601
1839 2601
1840 2601
1841 2601
1842 2601
1843 2601
1844 2601
1845 2601
1846 2601
1847 2601
1848 2601
1849 2601
1850 2601
1851 2601
1852 2601
1853 2601
1854 2601
1855 2601
1856 2601
1857 2601
1858 2601
1859 2601
1860 2601
1861 2601
1862 2601
1863 2601
1864 2601
1865 2601
1866 2601
1867 2601
1868 2601
1869 2601
1870 2601
1871 2601
1872 2601
1873 2601
1874 2601
1875 2601
1876 2601
1877 2601
1878 2601
1879 2601
1880 2601
1881 2601
1882 2601
1883 2601
1884 2601
1885 2601
1886 2601
1887 2601
1888 2601
1889 2601
1890 2601
1891 2601
1892 2601
1893 2601
1894 2601
1895 2601
1896 2601
1897 2601
1898 2601
1899 2601
1900 2601
1901 2601
1902 2601
1903 2601
1904 2601
1905 2601
1906 2601
1907 2601
1908 2601
1909 2601
1910 2601
1911 2601
1912 2601
1913 2601
1914 2601
1915 2601
1916 2601
1917 2601
1918 2601
1919 2601
1920 2601
1921 2601
1922 2601
1923 2601
1924 2601
1925 2601
1926 2601
1927 2601
1928 2601
1929 2601
1930 2601
1931 2601
1932 2601
1933 2601
1934 2601
1935 2601
1936 2601
1937 2601
1938 2601
1939 2601
1940 2601
1941 2601
1942 2601
1943 2601
1944 2601
1945 2601
1946 2601
1947 2601
1948 2601
1949 2601
1950 2601
1951 2601
1952 2601
1953 2601
1954 2601
1955 2601
1956 2601
1957 2601
1958 2205.24
1959 2201.49
1960 2197.73
1961 2190.24
1962 2186.5
1963 2190.24
1964 2186.5
1965 2182.76
1966 2179.02
1967 2175.29
1968 2164.11
1969 2171.56
1970 2179.02
1971 2179.02
1972 2171.56
1973 2167.83
1974 2167.83
1975 2167.83
1976 2164.11
1977 2164.11
1978 2156.67
1979 2160.39
1980 2160.39
1981 2164.11
1982 2171.56
1983 2179.02
1984 2186.5
1985 2186.5
1986 2190.24
1987 2186.5
1988 2190.24
1989 2197.73
1990 2205.24
1991 2601
1992 2601
1993 2601
1994 2601
1995 2601
1996 2601
1997 2601
1998 2601
1999 2601
2000 2601
2001 2601
2002 2601
2003 2601
2004 2601
2005 2601
2006 2601
2007 2601
2008 2601
2009 2601
2010 2601
2011 2601
2012 2601
2013 2601
2014 2601
2015 2601
2016 2601
2017 2601
2018 2601
2019 2601
2020 2601
2021 2601
2022 2601
2023 2601
2024 2601
2025 2601
2026 2205.24
2027 2601
2028 2601
2029 2601
2030 2601
2031 2601
2032 2601
2033 2601
2034 2601
2035 2601
2036 2601
2037 2601
2038 2601
2039 2601
2040 2601
2041 2601
2042 2601
2043 2601
2044 2601
2045 2601
2046 2601
2047 2601
2048 2601
2049 2601
2050 2601
2051 2601
2052 2601
2053 2601
2054 2601
2055 2205.24
2056 2601
2057 2601
2058 2601
2059 2601
2060 2601
2061 2601
2062 2601
2063 2601
2064 2601
2065 2601
2066 2601
2067 2601
2068 2601
2069 2601
2070 2601
2071 2601
2072 2601
2073 2601
2074 2601
2075 2601
2076 2601
2077 2601
2078 2601
2079 2601
2080 2601
2081 2601
2082 2601
2083 2601
2084 2601
2085 2601
2086 2601
2087 2601
2088 2601
2089 2601
2090 2601
2091 2601
2092 2601
2093 2601
2094 2601
2095 2601
2096 2601
2097 2601
2098 2601
2099 2601
2100 2601
2101 2601
2102 2205.24
2103 2201.49
2104 2601
2105 2601
2106 2601
2107 2205.24
2108 2201.49
2109 2601
2110 2601
2111 2601
2112 2601
2113 2601
2114 2601
2115 2601
2116 2601
2117 2601
2118 2601
2119 2601
2120 2601
2121 2601
2122 2601
2123 2601
2124 2601
2125 2601
2126 2601
2127 2601
2128 2601
2129 2601
2130 2601
2131 2601
2132 2601
2133 2601
2134 2601
2135 2601
2136 2601
2137 2601
2138 2601
2139 2601
2140 2601
2141 2601
2142 2601
2143 2601
2144 2601
2145 2601
2146 2601
2147 2601
2148 2601
2149 2601
2150 2601
2151 2601
2152 2601
2153 2601
2154 2601
2155 2601
2156 2601
2157 2601
2158 2601
2159 2601
2160 2601
2161 2601
2162 2601
2163 2601
2164 2601
2165 2601
2166 2601
2167 2601
2168 2601
2169 2601
2170 2601
2171 2601
2172 2601
2173 2601
2174 2601
2175 2601
2176 2601
2177 2601
2178 2601
2179 2601
2180 2601
2181 2601
2182 2601
2183 2601
2184 2601
2185 2601
2186 2601
2187 2601
2188 2601
2189 2601
2190 2601
2191 2601
2192 2601
2193 2601
2194 2601
2195 2601
2196 2601
2197 2601
2198 2601
2199 2601
2200 2601
2201 2601
2202 2601
2203 2601
2204 2601
2205 2601
2206 2601
2207 2601
2208 2601
2209 2601
2210 2601
2211 2601
2212 2601
2213 2601
2214 2601
2215 2601
2216 2601
2217 2601
2218 2601
2219 2601
2220 2601
2221 2601
2222 2601
2223 2601
2224 2601
2225 2601
2226 2601
2227 2601
2228 2601
2229 2601
2230 2601
2231 2601
2232 2601
2233 2601
2234 2601
2235 2601
2236 2601
2237 2601
2238 2601
2239 2601
2240 2601
2241 2601
2242 2601
2243 2601
2244 2601
2245 2601
2246 2601
2247 2601
2248 2601
2249 2601
2250 2601
2251 2601
2252 2601
2253 2601
2254 2601
2255 2601
2256 2601
2257 2601
2258 2601
2259 2601
2260 2601
2261 2601
2262 2601
2263 2601
2264 2601
2265 2601
2266 2601
2267 2601
2268 2601
2269 2601
2270 2601
2271 2601
2272 2601
2273 2601
2274 2601
2275 2601
2276 2601
2277 2601
2278 2601
2279 2601
2280 2601
2281 2601
2282 2601
2283 2601
2284 2601
2285 2601
2286 2601
2287 2601
2288 2601
2289 2601
2290 2601
2291 2601
2292 2601
2293 2601
2294 2601
2295 2601
2296 2601
2297 2601
2298 2601
2299 2601
2300 2601
2301 2601
2302 2601
2303 2601
2304 2601
2305 2601
2306 2601
2307 2601
2308 2601
2309 2601
2310 2601
2311 2601
2312 2601
2313 2601
2314 2601
2315 2601
2316 2601
2317 2601
2318 2601
2319 2601
2320 2601
2321 2601
2322 2601
2323 2601
2324 2601
2325 2601
2326 2601
2327 2601
2328 2205.24
2329 2601
2330 2601
2331 2601
2332 2601
2333 2601
2334 2601
2335 2601
2336 2601
2337 2601
2338 2601
2339 2601
2340 2601
2341 2601
2342 2601
2343 2601
2344 2601
2345 2601
2346 2601
2347 2601
2348 2601
2349 2601
2350 2601
2351 2601
2352 2601
2353 2601
2354 2601
2355 2601
2356 2601
2357 2601
2358 2601
2359 2601
2360 2601
2361 2601
2362 2601
2363 2601
2364 2601
2365 2601
2366 2601
2367 2601
2368 2601
2369 2601
2370 2601
2371 2601
2372 2601
2373 2601
2374 2601
2375 2601
2376 2601
2377 2601
2378 2601
2379 2601
2380 2601
2381 2601
2382 2601
2383 2601
2384 2601
2385 2601
2386 2601
2387 2601
2388 2601
2389 2601
2390 2601
2391 2601
2392 2601
2393 2601
2394 2601
2395 2205.24
2396 2601
2397 2601
2398 2601
2399 2601
2400 2601
2401 2601
2402 2601
2403 2601
2404 2601
2405 2601
2406 2601
2407 2601
2408 2601
2409 2601
2410 2601
2411 2601
2412 2601
2413 2601
2414 2601
2415 2601
2416 2601
2417 2601
2418 2601
2419 2601
2420 2601
2421 2601
2422 2601
2423 2601
2424 2601
2425 2601
2426 2601
2427 2601
2428 2601
2429 2601
2430 2601
2431 2601
2432 2601
2433 2601
2434 2601
2435 2601
2436 2601
2437 2601
2438 2601
2439 2601
2440 2601
2441 2601
2442 2601
2443 2601
2444 2601
2445 2601
2446 2601
2447 2601
2448 2205.24
2449 2601
2450 2601
2451 2601
2452 2601
2453 2601
2454 2601
2455 2601
2456 2601
2457 2601
2458 2601
2459 2601
2460 2601
2461 2601
2462 2601
2463 2601
2464 2601
2465 2601
2466 2601
2467 2601
2468 2601
2469 2601
2470 2601
2471 2601
2472 2205.24
2473 2205.24
2474 2601
2475 2601
2476 2601
2477 2601
2478 2601
2479 2601
2480 2601
2481 2601
2482 2601
2483 2601
2484 2601
2485 2601
2486 2601
2487 2601
2488 2601
2489 2601
2490 2601
2491 2601
2492 2601
2493 2601
2494 2205.24
2495 2601
2496 2601
2497 2601
2498 2601
2499 2601
2500 2601
2501 2601
2502 2601
2503 2601
2504 2601
2505 2601
2506 2601
2507 2601
2508 2601
2509 2601
2510 2601
2511 2601
2512 2601
2513 2601
2514 2601
2515 2601
2516 2601
2517 2601
2518 2601
2519 2601
2520 2601
2521 2601
2522 2601
2523 2601
2524 2601
2525 2601
2526 2601
2527 2601
2528 2601
2529 2601
2530 2601
2531 2601
2532 2601
2533 2601
2534 2601
2535 2601
2536 2601
2537 2601
2538 2601
2539 2601
2540 2601
2541 2601
2542 2601
2543 2601
2544 2601
2545 2601
2546 2601
2547 2601
2548 2601
2549 2601
2550 2601
2551 2601
2552 2601
2553 2601
2554 2601
2555 2601
2556 2601
2557 2601
2558 2601
2559 2601
2560 2601
2561 2601
2562 2601
2563 2601
2564 2601
2565 2601
2566 2601
2567 2601
2568 2601
2569 2601
2570 2601
2571 2601
2572 2601
2573 2601
2574 2601
2575 2601
2576 2601
2577 2601
2578 2601
2579 2601
2580 2601
2581 2601
2582 2601
2583 2601
2584 2601
2585 2601
2586 2601
2587 2601
2588 2601
2589 2601
2590 2601
2591 2601
2592 2601
2593 2601
2594 2601
2595 2601
2596 2601
2597 2601
2598 2601
2599 2601
2600 2601
2601 2601
2602 2601
2603 2601
2604 2601
2605 2601
2606 2601
2607 2601
2608 2601
2609 2601
2610 2601
2611 2601
2612 2601
2613 2601
2614 2601
2615 2601
2616 2601
2617 2601
2618 2601
2619 2601
2620 2601
2621 2601
2622 2601
2623 2601
2624 2601
2625 2601
2626 2601
2627 2601
2628 2601
2629 2601
2630 2601
2631 2601
2632 2601
2633 2601
2634 2601
2635 2601
2636 2601
2637 2601
2638 2601
2639 2601
2640 2601
2641 2601
2642 2601
2643 2601
2644 2601
2645 2601
2646 2601
2647 2601
2648 2601
2649 2601
2650 2601
2651 2601
2652 2601
2653 2601
2654 2601
2655 2601
2656 2601
2657 2601
2658 2601
2659 2601
2660 2601
2661 2601
2662 2601
2663 2601
2664 2601
2665 2601
2666 2601
2667 2601
2668 2601
2669 2601
2670 2601
2671 2601
2672 2601
2673 2601
2674 2601
2675 2601
2676 2601
2677 2601
2678 2601
2679 2601
2680 2601
2681 2601
2682 2601
2683 2601
2684 2601
2685 2601
2686 2601
2687 2601
2688 2601
2689 2601
2690 2601
2691 2205.24
2692 2601
2693 2601
2694 2601
2695 2601
2696 2601
2697 2601
2698 2601
2699 2601
2700 2601
2701 2601
2702 2601
2703 2601
2704 2601
2705 2601
2706 2601
2707 2601
2708 2601
2709 2601
2710 2601
2711 2601
2712 2601
2713 2601
2714 2601
2715 2601
2716 2601
2717 2601
2718 2601
2719 2601
2720 2601
2721 2601
2722 2601
2723 2601
2724 2601
2725 2601
2726 2601
2727 2601
2728 2601
2729 2601
2730 2601
2731 2601
2732 2601
2733 2601
2734 2601
2735 2601
2736 2601
2737 2601
2738 2601
2739 2601
2740 2601
2741 2601
2742 2601
2743 2601
2744 2601
2745 2601
2746 2601
2747 2601
2748 2601
2749 2601
2750 2601
2751 2601
2752 2601
2753 2601
2754 2601
2755 2601
2756 2601
2757 2601
2758 2601
2759 2601
2760 2601
2761 2601
2762 2601
2763 2601
2764 2601
2765 2601
2766 2601
2767 2601
2768 2601
2769 2601
2770 2601
2771 2601
2772 2601
2773 2601
2774 2601
2775 2601
2776 2601
2777 2601
2778 2601
2779 2601
2780 2601
2781 2601
2782 2601
2783 2601
2784 2601
2785 2601
2786 2601
2787 2601
2788 2601
2789 2601
2790 2601
2791 2601
2792 2601
2793 2601
2794 2601
2795 2601
2796 2601
2797 2601
2798 2601
2799 2601
2800 2601
2801 2601
2802 2601
2803 2601
2804 2601
2805 2601
2806 2601
2807 2601
2808 2601
2809 2601
2810 2601
2811 2601
2812 2601
2813 2601
2814 2601
2815 2601
2816 2601
2817 2601
2818 2601
2819 2601
2820 2601
2821 2601
2822 2601
2823 2601
2824 2601
2825 2601
2826 2601
2827 2601
2828 2601
2829 2601
2830 2601
2831 2601
2832 2601
2833 2601
2834 2601
2835 2601
2836 2601
2837 2205.24
2838 2205.24
2839 2601
2840 2601
2841 2601
2842 2601
2843 2601
2844 2601
2845 2601
2846 2601
2847 2601
2848 2601
2849 2601
2850 2601
2851 2601
2852 2601
2853 2601
2854 2601
2855 2601
2856 2601
2857 2601
2858 2601
2859 2601
2860 2601
2861 2601
2862 2601
2863 2601
2864 2601
2865 2601
2866 2601
2867 2601
2868 2601
2869 2601
2870 2601
2871 2601
2872 2601
2873 2601
2874 2601
2875 2601
2876 2601
2877 2601
2878 2601
2879 2601
2880 2601
2881 2601
2882 2601
2883 2601
2884 2601
2885 2601
2886 2601
2887 2601
2888 2601
2889 2601
2890 2601
2891 2601
2892 2601
2893 2601
2894 2601
2895 2601
2896 2601
2897 2601
2898 2601
2899 2601
2900 2601
2901 2601
2902 2601
2903 2601
2904 2601
2905 2601
2906 2601
2907 2601
2908 2601
2909 2601
2910 2601
2911 2601
2912 2201.49
2913 2201.49
2914 2601
2915 2601
2916 2601
2917 2601
2918 2601
2919 2601
2920 2601
2921 2601
2922 2601
2923 2601
2924 2601
2925 2601
2926 2601
2927 2601
2928 2601
2929 2601
2930 2601
2931 2201.49
2932 2205.24
2933 2601
2934 2601
2935 2601
2936 2601
2937 2601
2938 2601
2939 2601
2940 2601
2941 2601
2942 2601
2943 2601
2944 2601
2945 2601
2946 2601
2947 2601
2948 2601
2949 2601
2950 2601
2951 2601
2952 2601
2953 2601
2954 2601
2955 2601
2956 2601
2957 2601
2958 2601
2959 2601
2960 2601
2961 2601
2962 2601
2963 2601
2964 2601
2965 2601
2966 2601
2967 2601
2968 2601
2969 2601
2970 2601
2971 2601
2972 2601
2973 2601
2974 2601
2975 2601
2976 2601
2977 2601
2978 2601
2979 2601
2980 2601
2981 2601
2982 2601
2983 2601
2984 2601
2985 2601
2986 2601
2987 2601
2988 2601
2989 2601
2990 2601
2991 2601
2992 2601
2993 2601
2994 2601
2995 2601
2996 2601
2997 2601
2998 2601
2999 2601
3000 2601
3001 2601
3002 2601
3003 2601
3004 2601
3005 2601
3006 2601
3007 2601
3008 2601
3009 2601
3010 2601
3011 2601
3012 2601
3013 2601
3014 2601
3015 2601
3016 2601
3017 2601
3018 2601
3019 2601
3020 2601
3021 2601
3022 2601
3023 2601
3024 2601
3025 2601
3026 2601
3027 2601
3028 2601
3029 2601
3030 2601
3031 2601
3032 2601
3033 2601
3034 2601
3035 2601
3036 2601
3037 2601
3038 2601
3039 2601
3040 2601
3041 2601
3042 2601
3043 2601
3044 2601
3045 2601
3046 2601
3047 2601
3048 2601
3049 2601
3050 2601
3051 2601
3052 2601
3053 2601
3054 2601
3055 2601
3056 2601
3057 2601
3058 2601
3059 2601
3060 2601
3061 2601
3062 2601
3063 2601
3064 2601
3065 2601
3066 2601
3067 2601
3068 2601
3069 2601
3070 2601
3071 2601
3072 2601
3073 2601
3074 2601
3075 2601
3076 2601
3077 2601
3078 2601
3079 2601
3080 2601
3081 2601
3082 2601
3083 2601
3084 2601
3085 2601
3086 2601
3087 2601
3088 2601
3089 2601
3090 2601
3091 2601
3092 2601
3093 2601
3094 2601
3095 2601
3096 2601
3097 2601
3098 2601
3099 2601
3100 2601
3101 2601
3102 2601
3103 2601
3104 2601
3105 2601
3106 2601
3107 2601
3108 2601
3109 2601
3110 2601
3111 2601
3112 2601
3113 2205.24
3114 2601
3115 2601
3116 2601
3117 2601
3118 2601
3119 2601
3120 2601
3121 2601
3122 2601
3123 2601
3124 2601
3125 2601
3126 2601
3127 2601
3128 2601
3129 2601
3130 2601
3131 2601
3132 2601
3133 2601
3134 2601
3135 2601
3136 2601
3137 2601
3138 2601
3139 2601
3140 2601
3141 2601
3142 2601
3143 2601
3144 2601
3145 2601
3146 2601
3147 2601
3148 2601
3149 2601
3150 2601
3151 2601
3152 2601
3153 2601
3154 2601
3155 2601
3156 2601
3157 2601
3158 2601
3159 2601
3160 2601
3161 2601
3162 2601
3163 2601
3164 2601
3165 2601
3166 2601
3167 2601
3168 2601
3169 2601
3170 2601
3171 2601
3172 2601
3173 2601
3174 2601
3175 2601
3176 2601
3177 2601
3178 2601
3179 2601
3180 2601
3181 2601
3182 2205.24
3183 2186.5
3184 2186.5
3185 2186.5
3186 2179.02
3187 2182.76
3188 2190.24
3189 2193.99
3190 2190.24
3191 2197.73
3192 2190.24
3193 2179.02
3194 2171.56
3195 2160.39
3196 2164.11
3197 2160.39
3198 2160.39
3199 2160.39
3200 2164.11
3201 2160.39
3202 2164.11
3203 2160.39
3204 2160.39
3205 2164.11
3206 2160.39
3207 2152.96
3208 2156.67
3209 2156.67
3210 2167.83
3211 2164.11
3212 2156.67
3213 2149.25
3214 2145.54
3215 2145.54
3216 2141.84
3217 2141.84
3218 2149.25
3219 2152.96
3220 2141.84
3221 2141.84
3222 2145.54
3223 2149.25
3224 2149.25
3225 2149.25
3226 2149.25
3227 2156.67
3228 2149.25
3229 2152.96
3230 2152.96
3231 2156.67
3232 2156.67
3233 2160.39
3234 2160.39
3235 2152.96
3236 2156.67
3237 2156.67
3238 2160.39
3239 2156.67
3240 2156.67
3241 2160.39
3242 2160.39
3243 2156.67
3244 2156.67
3245 2156.67
3246 2156.67
3247 1794.37
3248 1477.63
3249 1465.36
3250 2134.44
3251 2130.75
3252 2134.44
3253 2119.68
3254 2123.37
3255 2119.68
3256 2119.68
3257 2116
3258 2108.65
3259 2112.32
3260 2112.32
3261 2108.65
3262 2101.31
3263 2108.65
3264 2101.31
3265 2104.97
3266 2104.97
3267 2108.65
3268 2112.32
3269 1767.36
3270 2112.32
3271 2123.37
3272 2127.05
3273 2119.68
3274 2127.05
3275 2130.75
3276 2138.14
3277 2134.44
3278 2149.25
3279 2160.39
3280 2164.11
3281 2160.39
3282 2160.39
3283 2160.39
3284 2152.96
3285 2156.67
3286 2160.39
3287 2149.25
3288 2145.54
3289 2127.05
3290 2127.05
3291 2127.05
3292 2127.05
3293 2127.05
3294 2127.05
3295 2127.05
3296 2134.44
3297 2130.75
3298 2123.37
3299 2130.75
3300 2130.75
3301 2130.75
3302 2141.84
3303 2145.54
3304 2152.96
3305 2152.96
3306 2149.25
3307 2149.25
3308 2152.96
3309 2152.96
3310 2160.39
3311 2160.39
3312 2167.83
3313 2175.29
3314 2179.02
3315 2171.56
3316 2164.11
3317 2164.11
3318 2156.67
3319 2167.83
3320 2167.83
3321 2171.56
3322 2182.76
3323 2179.02
3324 2167.83
3325 2167.83
3326 2167.83
3327 2167.83
3328 2167.83
3329 2175.29
3330 2171.56
3331 2179.02
3332 2182.76
3333 2182.76
3334 2179.02
3335 2179.02
3336 2175.29
3337 2175.29
3338 2186.5
3339 2186.5
3340 2175.29
3341 2179.02
3342 2171.56
3343 2171.56
3344 2182.76
3345 2182.76
3346 2182.76
3347 2175.29
3348 2175.29
3349 2175.29
3350 2179.02
3351 2182.76
3352 2182.76
3353 2186.5
3354 2186.5
3355 2190.24
3356 2182.76
3357 2186.5
3358 2186.5
3359 2190.24
3360 2193.99
3361 2193.99
3362 2201.49
3363 2197.73
3364 2193.99
3365 2197.73
3366 2197.73
3367 2197.73
3368 2197.73
3369 2197.73
3370 2193.99
3371 2193.99
3372 2201.49
3373 2190.24
3374 2190.24
3375 2197.73
3376 2197.73
3377 2193.99
3378 2190.24
3379 2186.5
3380 2179.02
3381 2179.02
3382 2175.29
3383 2167.83
3384 2167.83
3385 2171.56
3386 2167.83
3387 2179.02
3388 2179.02
3389 2179.02
3390 2175.29
3391 2167.83
3392 2167.83
3393 2164.11
3394 2164.11
3395 2167.83
3396 2167.83
3397 2167.83
3398 2164.11
3399 2171.56
3400 2171.56
3401 2171.56
3402 2171.56
3403 2175.29
3404 2160.39
3405 2167.83
3406 2171.56
3407 2167.83
3408 2179.02
3409 2179.02
3410 2175.29
3411 2175.29
3412 2182.76
3413 2182.76
3414 2179.02
3415 2171.56
3416 2171.56
3417 2171.56
3418 2175.29
3419 2171.56
3420 2175.29
3421 2182.76
3422 2175.29
3423 2179.02
3424 2179.02
3425 1818.17
3426 1807.95
3427 2171.56
3428 2175.29
3429 2179.02
3430 2175.29
3431 2175.29
3432 2171.56
3433 2175.29
3434 2186.5
3435 2193.99
3436 2201.49
3437 2190.24
3438 2186.5
3439 2190.24
3440 2186.5
3441 2190.24
3442 2193.99
3443 2197.73
3444 2201.49
3445 2201.49
3446 2601
3447 2601
3448 2601
3449 2601
3450 2601
3451 2601
3452 2601
3453 2601
3454 2601
3455 2601
3456 2601
3457 2601
3458 2601
3459 2601
3460 2601
3461 2601
3462 2601
3463 2601
3464 2601
3465 2601
3466 2601
3467 2601
3468 2601
3469 2601
3470 2601
3471 2601
3472 2601
3473 2601
3474 2601
3475 2601
3476 2601
3477 2601
3478 2601
3479 2601
3480 2601
3481 2601
3482 2601
3483 2601
3484 2601
3485 2601
3486 2601
3487 2601
3488 2601
3489 2601
3490 2601
3491 2601
3492 2601
3493 2601
3494 2601
3495 2601
3496 2601
3497 2601
3498 2601
3499 2601
3500 2601
3501 2601
3502 2601
3503 2601
3504 2601
3505 2601
3506 2601
3507 2601
3508 2601
3509 2601
3510 2601
3511 2601
3512 2601
3513 2601
3514 2601
3515 2601
3516 2601
3517 2601
3518 2601
3519 2601
3520 2601
3521 2601
3522 2601
3523 2601
3524 2601
3525 2601
3526 2601
3527 2601
3528 2601
3529 2601
3530 2601
3531 2601
3532 2601
3533 2601
3534 2601
3535 2601
3536 2601
3537 2601
3538 2601
3539 2601
3540 2601
3541 2601
3542 2601
3543 2601
3544 2601
3545 2601
3546 2601
3547 2601
3548 2601
3549 2601
3550 2601
3551 2601
3552 2601
3553 2601
3554 2601
3555 2601
3556 2601
3557 2601
3558 2601
3559 2601
3560 2601
3561 2601
3562 2601
3563 2601
3564 2601
3565 2601
3566 2601
3567 2601
3568 2601
3569 2601
3570 2601
3571 2601
3572 2601
3573 2601
3574 2601
3575 2601
3576 2601
3577 2601
3578 2601
3579 2601
3580 2601
3581 2601
3582 2205.24
3583 2601
3584 2601
3585 2601
3586 2601
3587 2601
3588 2601
3589 2601
3590 2601
3591 2601
3592 2601
3593 2601
3594 2601
3595 2601
3596 2601
3597 2601
3598 2601
3599 2601
3600 2601
3601 2601
3602 2601
3603 2601
3604 2601
3605 2601
3606 2601
3607 2601
3608 2601
3609 2601
3610 2601
3611 2601
3612 2601
3613 2205.24
3614 2601
3615 2601
3616 2601
3617 2601
3618 2601
3619 2601
3620 2601
3621 2601
3622 2601
3623 2601
3624 2601
3625 2601
3626 2601
3627 2601
3628 2601
3629 2601
3630 2601
3631 2601
3632 2601
3633 2601
3634 2601
3635 2601
3636 2601
3637 2601
3638 2601
3639 2601
3640 2601
3641 2601
3642 2601
3643 2601
3644 2601
3645 2601
3646 2601
3647 2601
3648 2601
3649 2601
3650 2601
3651 2601
3652 2601
3653 2601
3654 2601
3655 2601
3656 2601
3657 2601
3658 2601
3659 2601
3660 2601
3661 2601
3662 2601
3663 2601
3664 2601
3665 2601
3666 2601
3667 2601
3668 2601
3669 2601
3670 2601
3671 2601
3672 2601
3673 2601
3674 2601
3675 2601
3676 2601
3677 2601
3678 2601
3679 2601
3680 2601
3681 2601
3682 2205.24
3683 2601
3684 2205.24
3685 2201.49
3686 2205.24
3687 2201.49
3688 2201.49
3689 2601
3690 2601
3691 2601
3692 2601
3693 2601
3694 2601
3695 2601
3696 2601
3697 2601
3698 2601
3699 2601
3700 2601
3701 2601
3702 2601
3703 2601
3704 2601
3705 2601
3706 2601
3707 2601
3708 2601
3709 2601
3710 2601
3711 2601
3712 2601
3713 2601
3714 2601
3715 2601
3716 2601
3717 2601
3718 2601
3719 2601
3720 2601
3721 2601
3722 2601
3723 2601
3724 2601
3725 2601
3726 2601
3727 2601
3728 2601
3729 2601
3730 2601
3731 2601
3732 2601
3733 2601
3734 2601
3735 2601
3736 2601
3737 2601
3738 2601
3739 2601
3740 2601
3741 2601
3742 2601
3743 2601
3744 2601
3745 2601
3746 2601
3747 2601
3748 2601
3749 2601
3750 2601
3751 2601
3752 2601
3753 2601
3754 2601
3755 2601
3756 2601
3757 2601
3758 2601
3759 2601
3760 2601
3761 2601
3762 2601
3763 2601
3764 2601
3765 2601
3766 2601
3767 2601
3768 2601
3769 2601
3770 2601
3771 2601
3772 2601
3773 2601
3774 2601
3775 2601
3776 2601
3777 2601
3778 2601
3779 2601
3780 2601
3781 2601
3782 2601
3783 2601
3784 2601
3785 2601
3786 2601
3787 2601
3788 2601
3789 2601
3790 2601
3791 2601
3792 2601
3793 2601
3794 2601
3795 2601
3796 2601
3797 2601
3798 2601
3799 2601
3800 2601
3801 2601
3802 2601
3803 2601
3804 2601
3805 2601
3806 2601
3807 2205.24
3808 2205.24
3809 2205.24
3810 2205.24
3811 2205.24
3812 2601
3813 2601
3814 2601
3815 2601
3816 2601
3817 2601
3818 2601
3819 2601
3820 2601
3821 2601
3822 2601
3823 2601
3824 2601
3825 2601
3826 2601
3827 2601
3828 2601
3829 2601
3830 2601
3831 2601
3832 2601
3833 2601
3834 2601
3835 2601
3836 2601
3837 2601
3838 2601
3839 2601
3840 2601
3841 2601
3842 2601
3843 2601
3844 2601
3845 2601
3846 2601
3847 2601
3848 2601
3849 2601
3850 2601
3851 2601
3852 2601
3853 2601
3854 2601
3855 2601
3856 2601
3857 2601
3858 2601
3859 2601
3860 2601
3861 2601
3862 2601
3863 2601
3864 2601
3865 2601
3866 2601
3867 2601
3868 2601
3869 2601
3870 2601
3871 2601
3872 2601
3873 2601
3874 2601
3875 2601
3876 2601
3877 2601
3878 2601
3879 2601
3880 2601
3881 2601
3882 2601
3883 2601
3884 2601
3885 2601
3886 2601
3887 2601
3888 2601
3889 2601
3890 2601
3891 2601
3892 2601
3893 2601
3894 2601
3895 2601
3896 2601
3897 2601
3898 2601
3899 2601
3900 2601
3901 2601
3902 2601
3903 2601
3904 2601
3905 2601
3906 2601
3907 2601
3908 2601
3909 2601
3910 2601
3911 2601
3912 2601
3913 2601
3914 2601
3915 2601
3916 2601
3917 2601
3918 2601
3919 2601
3920 2601
3921 2601
3922 2601
3923 2601
3924 2601
3925 2601
3926 2601
3927 2601
3928 2601
3929 2601
3930 2601
3931 2601
3932 2601
3933 2601
3934 2601
3935 2601
3936 2601
3937 2601
3938 2601
3939 2601
3940 2601
3941 2601
3942 2601
3943 2601
3944 2601
3945 2601
3946 2601
3947 2601
3948 2601
3949 2601
3950 2601
3951 2601
3952 2601
3953 2601
3954 2601
3955 2601
3956 2601
3957 2601
3958 2601
3959 2601
3960 2601
3961 2601
3962 2601
3963 2601
3964 2601
3965 2601
3966 2601
3967 2601
3968 2601
3969 2601
3970 2601
3971 2601
3972 2601
3973 2601
3974 2601
3975 2601
3976 2601
3977 2601
3978 2601
3979 2601
3980 2601
3981 2601
3982 2601
3983 2601
3984 2601
3985 2601
3986 2601
3987 2601
3988 2601
3989 2601
3990 2601
3991 2601
3992 2601
3993 2601
3994 2601
3995 2601
3996 2601
3997 2601
3998 2601
3999 2601
4000 2601
4001 2601
4002 2601
4003 2601
4004 2601
4005 2601
4006 2601
4007 2601
4008 2601
4009 2601
4010 2601
4011 2601
4012 2601
4013 2601
4014 2601
4015 2601
4016 2601
4017 2601
4018 2601
4019 2601
4020 2601
4021 2601
4022 2601
4023 2601
4024 2601
4025 2601
4026 2601
4027 2601
4028 2601
4029 2601
4030 2601
4031 2601
4032 2601
4033 2601
4034 2601
4035 2601
4036 2601
4037 2601
4038 2601
4039 2601
4040 2601
4041 2601
4042 2601
4043 2601
4044 2601
4045 2601
4046 2601
4047 2601
4048 2601
4049 2601
4050 2601
4051 2601
4052 2601
4053 2601
4054 2601
4055 2601
4056 2601
4057 2601
4058 2601
4059 2601
4060 2601
4061 2601
4062 2601
4063 2601
4064 2601
4065 2601
4066 2601
4067 2601
4068 2601
4069 2601
4070 2601
4071 2601
4072 2601
4073 2601
4074 2601
4075 2601
4076 2601
4077 2601
4078 2601
4079 2601
4080 2601
4081 2601
4082 2601
4083 2601
4084 2601
4085 2601
4086 2601
4087 2601
4088 2601
4089 2601
4090 2601
4091 2601
4092 2601
4093 2601
4094 2601
4095 2601
4096 2601
4097 2601
4098 2601
4099 2601
4100 2601
4101 2601
4102 2601
4103 2601
4104 2601
4105 2601
4106 2601
4107 2601
4108 2601
4109 2601
4110 2601
4111 2601
4112 2601
4113 2601
4114 2205.24
4115 2601
4116 2601
4117 2601
4118 2601
4119 2601
4120 2601
4121 2601
4122 2601
4123 2601
4124 2601
4125 2601
4126 2205.24
4127 2205.24
4128 2201.49
4129 2601
4130 2601
4131 2601
4132 2601
4133 2601
4134 2601
4135 2601
4136 2601
4137 2601
4138 2601
4139 2601
4140 2601
4141 2601
4142 2601
4143 2601
4144 2601
4145 2601
4146 2601
4147 2601
4148 2601
4149 2601
4150 2601
4151 2601
4152 2601
4153 2601
4154 2601
4155 2601
4156 2601
4157 2601
4158 2601
4159 2601
4160 2601
4161 2601
4162 2601
4163 2601
4164 2601
4165 2601
4166 2601
4167 2601
4168 2601
4169 2601
4170 2601
4171 2601
4172 2601
4173 2601
4174 2601
4175 2601
4176 2601
4177 2601
4178 2601
4179 2601
4180 2601
4181 2601
4182 2601
4183 2601
4184 2601
4185 2601
4186 2601
4187 2601
4188 2601
4189 2601
4190 2601
4191 2601
4192 2601
4193 2601
4194 2601
4195 2601
4196 2601
4197 2601
4198 2601
4199 2601
4200 2601
4201 2601
4202 2601
4203 2601
4204 2601
4205 2601
4206 2601
4207 2601
4208 2601
4209 2601
4210 2601
4211 2601
4212 2601
4213 2601
4214 2601
4215 2601
4216 2601
4217 2601
4218 2601
4219 2601
4220 2601
4221 2601
4222 2601
4223 2601
4224 2601
4225 2601
4226 2601
4227 2601
4228 2601
4229 2601
4230 2601
4231 2601
4232 2601
4233 2601
4234 2601
4235 2601
4236 2601
4237 2601
4238 2601
4239 2601
4240 2601
4241 2601
4242 2601
4243 2601
4244 2601
4245 2601
4246 2601
4247 2601
4248 2601
4249 2601
4250 2601
4251 2601
4252 2601
4253 2601
4254 2601
4255 2601
4256 2601
4257 2601
4258 2601
4259 2601
4260 2601
4261 2601
4262 2601
4263 2601
4264 2601
4265 2601
4266 2601
4267 2601
4268 2601
4269 2601
4270 2601
4271 2601
4272 2601
4273 2601
4274 2601
4275 2601
4276 2601
4277 2601
4278 2601
4279 2601
4280 2601
4281 2601
4282 2601
4283 2601
4284 2601
4285 2601
4286 2601
4287 2601
4288 2601
4289 2601
4290 2601
4291 2601
4292 2601
4293 2601
4294 2601
4295 2601
4296 2601
4297 2601
4298 2601
4299 2601
4300 2601
4301 2601
4302 2601
4303 2601
4304 2601
4305 2601
4306 2601
4307 2601
4308 2601
4309 2601
4310 2601
4311 2601
4312 2601
4313 2601
4314 2601
4315 2601
4316 2601
4317 2205.24
4318 2197.73
4319 2201.49
4320 2601
4321 2601
4322 2601
4323 2205.24
4324 2205.24
4325 2601
4326 2601
4327 2601
4328 2601
4329 2601
4330 2601
4331 2601
4332 2601
4333 2601
4334 2601
4335 2601
4336 2601
4337 2601
4338 2601
4339 2601
4340 2601
4341 2601
4342 2601
4343 2601
4344 2601
4345 2601
4346 2601
4347 2601
4348 2601
4349 2601
4350 2601
4351 2601
4352 2601
4353 2601
4354 2601
4355 2601
4356 2601
4357 2601
4358 2601
4359 2601
4360 2601
4361 2601
4362 2601
4363 2601
4364 2601
4365 2601
4366 2601
4367 2601
4368 2601
4369 2601
4370 2601
4371 2205.24
4372 2601
4373 2601
4374 2601
4375 2601
4376 2601
4377 2601
4378 2601
4379 2601
4380 2601
4381 2601
4382 2601
4383 2601
4384 2601
4385 2601
4386 2601
4387 2601
4388 2601
4389 2601
4390 2601
4391 2601
4392 2601
4393 2601
4394 2601
4395 2205.24
4396 2601
4397 2601
4398 2601
4399 2601
4400 2601
4401 2601
4402 2601
4403 2601
4404 2601
4405 2601
4406 2601
4407 2601
4408 2601
4409 2601
4410 2601
4411 2601
4412 2601
4413 2601
4414 2601
4415 2601
4416 2601
4417 2601
4418 2601
4419 2601
4420 2601
4421 2601
4422 2601
4423 2601
4424 2601
4425 2601
4426 2601
4427 2601
4428 2601
4429 2601
4430 2601
4431 2601
4432 2601
4433 2601
4434 2601
4435 2601
4436 2601
4437 2601
4438 2601
4439 2601
4440 2601
4441 2601
4442 2601
4443 2601
4444 2601
4445 2601
4446 2601
4447 2601
4448 2601
4449 2601
4450 2601
4451 2601
4452 2601
4453 2601
4454 2601
4455 2601
4456 2601
4457 2601
4458 2601
4459 2601
4460 2601
4461 2601
4462 2601
4463 2601
4464 2601
4465 2601
4466 2201.49
4467 2201.49
4468 2205.24
4469 2193.99
4470 2193.99
4471 2197.73
4472 2197.73
4473 2193.99
4474 2190.24
4475 2197.73
4476 1835.27
4477 1831.84
4478 1828.42
4479 1831.84
4480 1821.58
4481 1825
4482 1821.58
4483 1818.17
4484 1814.76
4485 1821.58
4486 1828.42
4487 2186.5
4488 2186.5
4489 2179.02
4490 2175.29
4491 2175.29
4492 2186.5
4493 2193.99
4494 2193.99
4495 2201.49
4496 2601
4497 2601
4498 2601
4499 2601
4500 2601
4501 2601
4502 2601
4503 2601
4504 2601
4505 2601
4506 2601
4507 2601
4508 2601
4509 2601
4510 2601
4511 2601
4512 2601
4513 2601
4514 2601
4515 2601
4516 2601
4517 2601
4518 2601
4519 2601
4520 2601
4521 2601
4522 2601
4523 2601
4524 2601
4525 2601
4526 2601
4527 2601
4528 2601
4529 2601
4530 2601
4531 2601
4532 2601
4533 2601
4534 2601
4535 2601
4536 2601
4537 2601
4538 2601
4539 2601
4540 2601
4541 2601
4542 2601
4543 2601
4544 2601
4545 2601
4546 2601
4547 2601
4548 2601
4549 2601
4550 2601
4551 2601
4552 2601
4553 2601
4554 2601
4555 2601
4556 2601
4557 2601
4558 2601
4559 2601
4560 2601
4561 2601
4562 2601
4563 2205.24
4564 2601
4565 2601
4566 2601
4567 2601
4568 2601
4569 2601
4570 2601
4571 2601
4572 2601
4573 2601
4574 2601
4575 2601
4576 2601
4577 2601
4578 2601
4579 2601
4580 2601
4581 2601
4582 2601
4583 2601
4584 2601
4585 2601
4586 2601
4587 2601
4588 2601
4589 2601
4590 2601
4591 2601
4592 2205.24
4593 2601
4594 2601
4595 2601
4596 2601
4597 2601
4598 2601
4599 2601
4600 2601
4601 2601
4602 2601
4603 2601
4604 2601
4605 2601
4606 2601
4607 2601
4608 2601
4609 2601
4610 2601
4611 2601
4612 2601
4613 2601
4614 2601
4615 2601
4616 2601
4617 2601
4618 2601
4619 2601
4620 2601
4621 2601
4622 2601
4623 2601
4624 2601
4625 2601
4626 2601
4627 2601
4628 2601
4629 2601
4630 2601
4631 2601
4632 2601
4633 2601
4634 2601
4635 2601
4636 2601
4637 2601
4638 2601
4639 2601
4640 2601
4641 2601
4642 2601
4643 2601
4644 2601
4645 2601
4646 2601
4647 2601
4648 2601
4649 2601
4650 2601
4651 2601
4652 2601
4653 2601
4654 2601
4655 2601
4656 2601
4657 2601
4658 2601
4659 2601
4660 2601
4661 2601
4662 2601
4663 2601
4664 2601
4665 2601
4666 2601
4667 2601
4668 2601
4669 2601
4670 2601
4671 2601
4672 2601
4673 2601
4674 2601
4675 2601
4676 2601
4677 2601
4678 2601
4679 2601
4680 2601
4681 2601
4682 2601
4683 2601
4684 2601
4685 2601
4686 2601
4687 2601
4688 2601
4689 2601
4690 2601
4691 2601
4692 2601
4693 2601
4694 2601
4695 2601
4696 2601
4697 2601
4698 2601
4699 2601
4700 2601
4701 2601
4702 2601
4703 2601
4704 2601
4705 2601
4706 2601
4707 2601
4708 2601
4709 2601
4710 2601
4711 2601
4712 2601
4713 2601
4714 2601
4715 2601
4716 2601
4717 2601
4718 2601
4719 2601
4720 2601
4721 2601
4722 2601
4723 2601
4724 2601
4725 2601
4726 2601
4727 2601
4728 2601
4729 2601
4730 2601
4731 2601
4732 2601
4733 2601
4734 2601
4735 2601
4736 2601
4737 2601
4738 2601
4739 2601
4740 2601
4741 2601
4742 2601
4743 2601
4744 2601
4745 2601
4746 2601
4747 2601
4748 2601
4749 2601
4750 2601
4751 2601
4752 2601
4753 2601
4754 2601
4755 2601
4756 2601
4757 2601
4758 2601
4759 2601
4760 2601
4761 2601
4762 2601
4763 2601
4764 2601
4765 2601
4766 2601
4767 2601
4768 2601
4769 2601
4770 2601
4771 2601
4772 2601
4773 2601
4774 2601
4775 2601
4776 2601
4777 2601
4778 2601
4779 2601
4780 2601
4781 2601
4782 2601
4783 2601
4784 2601
4785 2601
4786 2601
4787 2601
4788 2601
4789 2601
4790 2601
4791 2601
4792 2601
4793 2601
4794 2601
4795 2601
4796 2601
4797 2601
4798 2601
4799 2601
4800 2601
4801 2601
4802 2601
4803 2601
4804 2601
4805 2601
4806 2601
4807 2601
4808 2601
4809 2601
4810 2601
4811 2601
4812 2601
4813 2601
4814 2601
4815 2601
4816 2601
4817 2601
4818 2601
4819 2601
4820 2601
4821 2601
4822 2601
4823 2601
4824 2601
4825 2601
4826 2601
4827 2601
4828 2601
4829 2601
4830 2601
4831 2601
4832 2601
4833 2601
4834 2601
4835 2601
4836 2601
4837 2601
4838 2601
4839 2601
4840 2601
4841 2601
4842 2601
4843 2601
4844 2601
4845 2601
4846 2601
4847 2601
4848 2601
4849 2601
4850 2601
4851 2601
4852 2601
4853 2601
4854 2601
4855 2601
4856 2601
4857 2601
4858 2601
4859 2601
4860 2601
4861 2601
4862 2601
4863 2601
4864 2601
4865 2601
4866 2601
4867 2601
4868 2601
4869 2601
4870 2601
4871 2601
4872 2601
4873 2601
4874 2601
4875 2601
4876 2601
4877 2601
4878 2601
4879 2601
4880 2601
4881 2601
4882 2601
4883 2601
4884 2601
4885 2601
4886 2601
4887 2601
4888 2601
4889 2601
4890 2601
4891 2601
4892 2601
4893 2601
4894 2601
4895 2601
4896 2601
4897 2601
4898 2601
4899 2601
4900 2601
4901 2601
4902 2601
4903 2205.24
4904 2601
4905 2601
4906 2601
4907 2601
4908 2601
4909 2601
4910 2601
4911 2601
4912 2601
4913 2601
4914 2601
4915 2601
4916 2601
4917 2601
4918 2601
4919 2601
4920 2601
4921 2601
4922 2601
4923 2601
4924 2601
4925 2601
4926 2601
4927 2601
4928 2601
4929 2601
4930 2601
4931 2601
4932 2601
4933 2601
4934 2601
4935 2601
4936 2601
4937 2601
4938 2601
4939 2601
4940 2601
4941 2601
4942 2601
4943 2601
4944 2601
4945 2601
4946 2601
4947 2601
4948 2601
4949 2601
4950 2601
4951 2601
4952 2601
4953 2601
4954 2601
4955 2601
4956 2601
4957 2601
4958 2601
4959 2601
4960 2601
4961 2601
4962 2601
4963 2601
4964 2601
4965 2601
4966 2601
4967 2601
4968 2601
4969 2601
4970 2601
4971 2601
4972 2601
4973 2601
4974 2601
4975 2601
4976 2601
4977 2601
4978 2601
4979 2601
4980 2601
4981 2601
4982 2205.24
4983 2205.24
4984 2201.49
4985 2601
4986 2601
4987 2601
4988 2601
4989 2601
4990 2601
4991 2601
4992 2601
4993 2601
4994 2601
4995 2601
4996 2601
4997 2601
4998 2601
4999 2601
5000 2601
