1 0
2 4
3 4
4 12
5 16
6 18
7 14
8 10
9 6
10 6
11 10
12 18
13 18
14 18
15 18
16 22
17 18
18 20
19 20
20 20
21 22
22 20
23 20
24 20
25 22
26 22
27 20
28 26
29 26
30 24
31 22
32 22
33 26
34 26
35 24
36 24
37 18
38 20
39 24
40 22
41 20
42 22
43 22
44 28
45 28
46 24
47 22
48 22
49 24
50 28
51 28
52 28
53 28
54 32
55 34
56 32
57 32
58 30
59 28
60 34
61 34
62 34
63 32
64 36
65 38
66 40
67 44
68 44
69 44
70 50
71 50
72 50
73 50
74 50
75 50
76 50
77 48
78 48
79 48
80 46
81 50
82 50
83 50
84 50
85 50
86 50
87 50
88 50
89 50
90 50
91 50
92 50
93 50
94 50
95 50
96 50
97 50
98 50
99 50
100 50
101 50
102 50
103 50
104 50
105 50
106 50
107 50
108 50
109 50
110 50
111 50
112 50
113 50
114 50
115 50
116 50
117 50
118 50
119 50
120 50
121 50
122 50
123 50
124 50
125 50
126 50
127 50
128 50
129 50
130 50
131 50
132 50
133 50
134 50
135 50
136 50
137 50
138 50
139 50
140 50
141 50
142 50
143 50
144 50
145 50
146 50
147 50
148 50
149 48
150 40
151 40
152 44
153 42
154 42
155 44
156 44
157 46
158 48
159 44
160 42
161 46
162 48
163 46
164 44
165 44
166 44
167 44
168 44
169 44
170 46
171 46
172 46
173 48
174 46
175 48
176 46
177 44
178 44
179 44
180 42
181 38
182 42
183 42
184 40
185 36
186 32
187 34
188 40
189 38
190 38
191 38
192 38
193 36
194 38
195 36
196 36
197 36
198 36
199 36
200 34
201 38
202 40
203 38
204 38
205 36
206 42
207 44
208 44
209 44
210 50
211 50
212 50
213 50
214 50
215 50
216 50
217 50
218 50
219 50
220 48
221 46
222 40
223 44
224 44
225 42
226 44
227 42
228 38
229 40
230 40
231 48
232 44
233 42
234 40
235 38
236 38
237 42
238 42
239 36
240 40
241 40
242 40
243 38
244 36
245 38
246 38
247 38
248 40
249 40
250 40
251 38
252 36
253 34
254 34
255 32
256 28
257 30
258 28
259 26
260 22
261 26
262 26
263 24
264 22
265 24
266 22
267 26
268 24
269 22
270 26
271 28
272 28
273 26
274 24
275 26
276 24
277 26
278 26
279 30
280 26
281 24
282 24
283 18
284 22
285 18
286 18
287 18
288 18
289 18
290 16
291 22
292 24
293 24
294 18
295 16
296 18
297 24
298 24
299 24
300 22
301 22
302 16
303 16
304 16
305 16
306 16
307 16
308 18
309 18
310 18
311 18
312 20
313 18
314 16
315 14
316 18
317 20
318 20
319 20
320 22
321 24
322 24
323 26
324 24
325 20
326 22
327 20
328 18
329 16
330 18
331 18
332 16
333 16
334 18
335 16
336 16
337 12
338 14
339 10
340 10
341 14
342 14
343 16
344 20
345 18
346 12
347 8
348 14
349 18
350 14
351 20
352 16
353 14
354 10
355 12
356 4
357 8
358 10
359 10
360 14
361 12
362 14
363 10
364 12
365 16
366 14
367 12
368 14
369 18
370 16
371 14
372 12
373 12
374 14
375 14
376 12
377 6
378 4
379 4
380 2
381 2
382 2
383 2
384 0
385 2
386 2
387 4
388 4
389 6
390 2
391 2
392 2
393 2
394 2
395 0
396 -4
397 -10
398 -12
399 -12
400 -8
401 -10
402 -8
403 -10
404 -14
405 -18
406 -16
407 -10
408 -6
409 -8
410 -8
411 -6
412 -10
413 -16
414 -14
415 -16
416 -16
417 -18
418 -20
419 -14
420 -14
421 -18
422 -18
423 -20
424 -16
425 -16
426 -16
427 -18
428 -18
429 -18
430 -18
431 -12
432 -10
433 -8
434 -8
435 -6
436 -8
437 -4
438 -6
439 -8
440 -4
441 2
442 8
443 12
444 12
445 4
446 4
447 6
448 6
449 10
450 8
451 6
452 10
453 10
454 10
455 12
456 12
457 16
458 14
459 16
460 14
461 10
462 10
463 10
464 10
465 14
466 14
467 10
468 16
469 16
470 16
471 20
472 22
473 22
474 24
475 26
476 28
477 30
478 26
479 24
480 24
481 22
482 22
483 22
484 26
485 28
486 28
487 30
488 36
489 34
490 36
491 36
492 38
493 40
494 42
495 40
496 40
497 36
498 36
499 32
500 36
501 38
502 42
503 46
504 44
505 44
506 44
507 44
508 48
509 42
510 46
511 42
512 42
513 42
514 40
515 44
516 46
517 50
518 50
519 50
520 50
521 50
522 50
523 50
524 50
525 50
526 50
527 50
528 50
529 50
530 50
531 50
532 50
533 50
534 50
535 50
536 50
537 50
538 50
539 50
540 50
541 50
542 50
543 50
544 50
545 50
546 50
547 50
548 50
549 50
550 50
551 50
552 50
553 50
554 50
555 50
556 50
557 50
558 50
559 50
560 50
561 50
562 50
563 50
564 50
565 50
566 50
567 50
568 50
569 50
570 50
571 50
572 50
573 50
574 50
575 50
576 50
577 50
578 50
579 50
580 50
581 50
582 50
583 50
584 50
585 50
586 50
587 50
588 50
589 50
590 50
591 50
592 50
593 50
594 50
595 50
596 50
597 50
598 50
599 50
600 50
601 50
602 50
603 50
604 50
605 50
606 50
607 50
608 50
609 50
610 50
611 50
612 50
613 50
614 50
615 50
616 50
617 50
618 50
619 50
620 50
621 50
622 50
623 50
624 50
625 50
626 50
627 50
628 50
629 50
630 50
631 50
632 50
633 50
634 50
635 50
636 50
637 50
638 50
639 50
640 50
641 50
642 50
643 50
644 50
645 50
646 50
647 50
648 50
649 50
650 50
651 50
652 50
653 50
654 50
655 50
656 50
657 50
658 50
659 50
660 50
661 50
662 50
663 50
664 50
665 50
666 50
667 50
668 50
669 50
670 50
671 50
672 50
673 50
674 46
675 46
676 46
677 50
678 50
679 50
680 50
681 50
682 50
683 50
684 50
685 50
686 50
687 50
688 50
689 50
690 50
691 50
692 50
693 50
694 50
695 50
696 50
697 50
698 50
699 50
700 50
701 50
702 50
703 50
704 50
705 50
706 50
707 50
708 50
709 50
710 50
711 50
712 50
713 50
714 50
715 50
716 50
717 50
718 50
719 50
720 50
721 50
722 50
723 50
724 50
725 50
726 50
727 50
728 50
729 50
730 50
731 50
732 50
733 50
734 50
735 50
736 50
737 50
738 50
739 50
740 50
741 50
742 50
743 50
744 50
745 50
746 50
747 50
748 50
749 50
750 50
751 50
752 50
753 50
754 50
755 50
756 50
757 50
758 50
759 50
760 50
761 50
762 50
763 50
764 50
765 50
766 50
767 50
768 50
769 50
770 50
771 50
772 50
773 50
774 50
775 50
776 50
777 50
778 50
779 50
780 50
781 50
782 50
783 50
784 50
785 50
786 50
787 50
788 50
789 50
790 50
791 50
792 50
793 50
794 50
795 50
796 50
797 50
798 50
799 50
800 50
801 50
802 50
803 50
804 50
805 50
806 50
807 50
808 50
809 50
810 50
811 50
812 50
813 50
814 50
815 50
816 50
817 50
818 50
819 50
820 50
821 50
822 50
823 50
824 50
825 50
826 50
827 50
828 50
829 50
830 50
831 50
832 50
833 50
834 50
835 50
836 50
837 50
838 50
839 50
840 50
841 50
842 50
843 50
844 50
845 50
846 50
847 50
848 50
849 50
850 50
851 50
852 50
853 50
854 50
855 50
856 50
857 50
858 50
859 50
860 50
861 50
862 50
863 50
864 50
865 50
866 50
867 46
868 48
869 46
870 50
871 50
872 50
873 50
874 50
875 50
876 50
877 50
878 50
879 50
880 50
881 50
882 50
883 50
884 50
885 50
886 50
887 50
888 50
889 50
890 50
891 50
892 50
893 50
894 50
895 50
896 50
897 50
898 50
899 50
900 50
901 50
902 50
903 50
904 50
905 50
906 50
907 50
908 50
909 50
910 50
911 50
912 50
913 50
914 48
915 42
916 44
917 46
918 46
919 46
920 48
921 50
922 50
923 46
924 46
925 46
926 48
927 46
928 48
929 50
930 50
931 50
932 50
933 50
934 50
935 50
936 50
937 50
938 50
939 50
940 50
941 50
942 50
943 50
944 50
945 50
946 50
947 50
948 50
949 50
950 50
951 50
952 50
953 50
954 50
955 50
956 50
957 50
958 50
959 50
960 50
961 50
962 50
963 50
964 50
965 50
966 50
967 50
968 50
969 50
970 50
971 50
972 50
973 50
974 50
975 50
976 50
977 50
978 50
979 50
980 50
981 50
982 50
983 50
984 50
985 50
986 50
987 50
988 50
989 50
990 50
991 50
992 50
993 50
994 50
995 50
996 50
997 50
998 50
999 50
1000 50
1001 50
1002 50
1003 50
1004 50
1005 50
1006 50
1007 50
1008 50
1009 50
1010 50
1011 50
1012 50
1013 50
1014 50
1015 50
1016 50
1017 50
1018 50
1019 50
1020 50
1021 50
1022 50
1023 50
1024 50
1025 50
1026 50
1027 50
1028 50
1029 50
1030 50
1031 50
1032 50
1033 50
1034 50
1035 50
1036 50
1037 50
1038 50
1039 50
1040 50
1041 50
1042 50
1043 50
1044 50
1045 50
1046 50
1047 50
1048 50
1049 50
1050 50
1051 50
1052 50
1053 50
1054 50
1055 50
1056 50
1057 50
1058 50
1059 50
1060 50
1061 50
1062 50
1063 50
1064 50
1065 50
1066 50
1067 50
1068 50
1069 50
1070 50
1071 50
1072 50
1073 50
1074 50
1075 50
1076 50
1077 50
1078 50
1079 50
1080 50
1081 50
1082 50
1083 50
1084 50
1085 50
1086 50
1087 50
1088 50
1089 50
1090 50
1091 50
1092 50
1093 50
1094 50
1095 50
1096 50
1097 50
1098 50
1099 50
1100 50
1101 50
1102 50
1103 50
1104 50
1105 50
1106 50
1107 50
1108 50
1109 50
1110 50
1111 50
1112 50
1113 50
1114 50
1115 50
1116 50
1117 50
1118 50
1119 50
1120 50
1121 50
1122 50
1123 50
1124 50
1125 50
1126 50
1127 50
1128 50
1129 50
1130 50
1131 50
1132 50
1133 50
1134 50
1135 50
1136 50
1137 50
1138 50
1139 50
1140 50
1141 50
1142 50
1143 50
1144 50
1145 50
1146 50
1147 50
1148 50
1149 50
1150 50
1151 50
1152 50
1153 50
1154 50
1155 50
1156 50
1157 50
1158 50
1159 50
1160 50
1161 50
1162 50
1163 50
1164 50
1165 50
1166 50
1167 50
1168 50
1169 50
1170 50
1171 50
1172 50
1173 50
1174 50
1175 50
1176 50
1177 50
1178 50
1179 50
1180 50
1181 50
1182 50
1183 50
1184 50
1185 50
1186 50
1187 50
1188 50
1189 50
1190 50
1191 50
1192 50
1193 50
1194 50
1195 50
1196 50
1197 50
1198 50
1199 50
1200 50
1201 50
1202 50
1203 50
1204 50
1205 50
1206 50
1207 50
1208 50
1209 50
1210 50
1211 50
1212 50
1213 50
1214 50
1215 50
1216 50
1217 50
1218 50
1219 50
1220 50
1221 50
1222 50
1223 50
1224 50
1225 50
1226 50
1227 50
1228 50
1229 50
1230 50
1231 50
1232 50
1233 50
1234 50
1235 50
1236 50
1237 50
1238 50
1239 50
1240 50
1241 48
1242 50
1243 50
1244 50
1245 50
1246 50
1247 50
1248 50
1249 50
1250 50
1251 50
1252 50
1253 50
1254 50
1255 50
1256 50
1257 50
1258 50
1259 50
1260 50
1261 50
1262 50
1263 50
1264 50
1265 50
1266 50
1267 50
1268 50
1269 50
1270 50
1271 50
1272 50
1273 50
1274 50
1275 50
1276 44
1277 44
1278 44
1279 42
1280 46
1281 46
1282 48
1283 50
1284 50
1285 50
1286 50
1287 50
1288 50
1289 50
1290 50
1291 50
1292 50
1293 50
1294 50
1295 50
1296 50
1297 50
1298 50
1299 50
1300 50
1301 50
1302 50
1303 50
1304 50
1305 50
1306 50
1307 50
1308 50
1309 50
1310 50
1311 50
1312 50
1313 50
1314 50
1315 50
1316 50
1317 50
1318 50
1319 50
1320 50
1321 50
1322 50
1323 50
1324 50
1325 50
1326 50
1327 50
1328 50
1329 50
1330 50
1331 50
1332 50
1333 50
1334 50
1335 50
1336 50
1337 50
1338 50
1339 50
1340 50
1341 50
1342 50
1343 50
1344 50
1345 50
1346 50
1347 50
1348 50
1349 50
1350 50
1351 50
1352 50
1353 50
1354 50
1355 50
1356 50
1357 50
1358 50
1359 50
1360 50
1361 50
1362 50
1363 50
1364 50
1365 50
1366 50
1367 50
1368 50
1369 50
1370 50
1371 50
1372 50
1373 50
1374 50
1375 50
1376 50
1377 50
1378 50
1379 50
1380 50
1381 50
1382 50
1383 50
1384 50
1385 50
1386 50
1387 50
1388 50
1389 50
1390 50
1391 50
1392 50
1393 50
1394 50
1395 50
1396 50
1397 50
1398 50
1399 50
1400 50
1401 50
1402 50
1403 50
1404 50
1405 50
1406 50
1407 50
1408 50
1409 50
1410 50
1411 50
1412 50
1413 50
1414 50
1415 50
1416 50
1417 50
1418 50
1419 50
1420 50
1421 50
1422 50
1423 50
1424 50
1425 50
1426 50
1427 50
1428 50
1429 50
1430 50
1431 50
1432 50
1433 50
1434 50
1435 50
1436 50
1437 50
1438 50
1439 50
1440 50
1441 50
1442 50
1443 50
1444 50
1445 50
1446 50
1447 50
1448 50
1449 50
1450 50
1451 46
1452 46
1453 46
1454 46
1455 46
1456 48
1457 46
1458 48
1459 50
1460 50
1461 50
1462 50
1463 50
1464 50
1465 50
1466 50
1467 50
1468 50
1469 50
1470 50
1471 50
1472 50
1473 50
1474 50
1475 50
1476 50
1477 50
1478 50
1479 50
1480 50
1481 50
1482 50
1483 50
1484 50
1485 50
1486 50
1487 50
1488 50
1489 50
1490 50
1491 50
1492 50
1493 50
1494 50
1495 50
1496 50
1497 50
1498 50
1499 50
1500 50
1501 50
1502 50
1503 50
1504 50
1505 50
1506 50
1507 50
1508 50
1509 50
1510 48
1511 46
1512 50
1513 50
1514 50
1515 50
1516 50
1517 50
1518 50
1519 50
1520 50
1521 50
1522 50
1523 50
1524 50
1525 50
1526 50
1527 50
1528 50
1529 50
1530 50
1531 50
1532 50
1533 50
1534 50
1535 50
1536 50
1537 50
1538 50
1539 50
1540 50
1541 50
1542 50
1543 50
1544 50
1545 50
1546 50
1547 50
1548 50
1549 50
1550 50
1551 50
1552 50
1553 50
1554 50
1555 50
1556 50
1557 50
1558 50
1559 50
1560 50
1561 50
1562 50
1563 50
1564 50
1565 50
1566 50
1567 50
1568 50
1569 50
1570 48
1571 50
1572 50
1573 50
1574 50
1575 50
1576 50
1577 50
1578 50
1579 50
1580 50
1581 50
1582 50
1583 50
1584 50
1585 50
1586 50
1587 50
1588 50
1589 50
1590 50
1591 50
1592 50
1593 50
1594 48
1595 46
1596 48
1597 50
1598 50
1599 50
1600 50
1601 50
1602 50
1603 50
1604 50
1605 50
1606 50
1607 50
1608 50
1609 50
1610 50
1611 50
1612 50
1613 50
1614 50
1615 50
1616 50
1617 50
1618 50
1619 50
1620 50
1621 50
1622 50
1623 50
1624 50
1625 50
1626 50
1627 50
1628 50
1629 50
1630 50
1631 50
1632 50
1633 50
1634 50
1635 50
1636 50
1637 50
1638 46
1639 46
1640 46
1641 46
1642 50
1643 50
1644 50
1645 50
1646 50
1647 50
1648 50
1649 50
1650 50
1651 50
1652 50
1653 50
1654 50
1655 50
1656 50
1657 46
1658 44
1659 38
1660 38
1661 44
1662 42
1663 44
1664 42
1665 42
1666 44
1667 44
1668 46
1669 44
1670 44
1671 42
1672 44
1673 44
1674 44
1675 42
1676 40
1677 38
1678 38
1679 38
1680 38
1681 36
1682 34
1683 36
1684 38
1685 34
1686 32
1687 30
1688 34
1689 34
1690 36
1691 28
1692 28
1693 26
1694 30
1695 34
1696 32
1697 30
1698 26
1699 26
1700 24
1701 24
1702 22
1703 22
1704 22
1705 24
1706 26
1707 20
1708 20
1709 20
1710 18
1711 22
1712 22
1713 26
1714 26
1715 28
1716 30
1717 30
1718 26
1719 28
1720 28
1721 30
1722 32
1723 26
1724 30
1725 26
1726 32
1727 30
1728 26
1729 34
1730 28
1731 24
1732 30
1733 32
1734 34
1735 30
1736 32
1737 30
1738 26
1739 32
1740 34
1741 32
1742 32
1743 34
1744 34
1745 34
1746 34
1747 30
1748 30
1749 26
1750 26
1751 26
1752 26
1753 28
1754 28
1755 34
1756 32
1757 34
1758 36
1759 34
1760 42
1761 44
1762 42
1763 40
1764 40
1765 42
1766 40
1767 44
1768 44
1769 42
1770 42
1771 42
1772 46
1773 38
1774 40
1775 38
1776 38
1777 40
1778 40
1779 40
1780 40
1781 38
1782 36
1783 38
1784 38
1785 36
1786 38
1787 40
1788 42
1789 42
1790 40
1791 40
1792 40
1793 48
1794 48
1795 46
1796 44
1797 50
1798 50
1799 50
1800 50
1801 50
1802 50
1803 50
1804 50
1805 50
1806 50
1807 50
1808 50
1809 50
1810 50
1811 50
1812 50
1813 50
1814 50
1815 50
1816 50
1817 50
1818 50
1819 50
1820 50
1821 50
1822 50
1823 50
1824 50
1825 50
1826 50
1827 50
1828 50
1829 50
1830 50
1831 50
1832 50
1833 50
1834 50
1835 50
1836 50
1837 50
1838 50
1839 50
1840 50
1841 50
1842 50
1843 50
1844 50
1845 50
1846 50
1847 50
1848 50
1849 50
1850 50
1851 50
1852 50
1853 50
1854 50
1855 50
1856 50
1857 50
1858 50
1859 50
1860 50
1861 50
1862 50
1863 50
1864 50
1865 50
1866 50
1867 50
1868 50
1869 50
1870 50
1871 50
1872 50
1873 50
1874 50
1875 50
1876 50
1877 50
1878 50
1879 50
1880 50
1881 50
1882 50
1883 50
1884 50
1885 50
1886 50
1887 50
1888 50
1889 50
1890 50
1891 50
1892 50
1893 50
1894 50
1895 50
1896 50
1897 50
1898 50
1899 50
1900 50
1901 50
1902 50
1903 50
1904 50
1905 50
1906 50
1907 50
1908 50
1909 50
1910 50
1911 50
1912 50
1913 50
1914 50
1915 50
1916 50
1917 50
1918 50
1919 50
1920 50
1921 50
1922 50
1923 50
1924 50
1925 50
1926 50
1927 50
1928 50
1929 50
1930 50
1931 50
1932 50
1933 50
1934 50
1935 50
1936 50
1937 50
1938 50
1939 50
1940 50
1941 50
1942 50
1943 50
1944 50
1945 50
1946 50
1947 50
1948 50
1949 50
1950 50
1951 50
1952 50
1953 50
1954 50
1955 50
1956 50
1957 50
1958 48
1959 46
1960 44
1961 40
1962 38
1963 40
1964 38
1965 36
1966 34
1967 32
1968 26
1969 30
1970 34
1971 34
1972 30
1973 28
1974 28
1975 28
1976 26
1977 26
1978 22
1979 24
1980 24
1981 26
1982 30
1983 34
1984 38
1985 38
1986 40
1987 38
1988 40
1989 44
1990 48
1991 50
1992 50
1993 50
1994 50
1995 50
1996 50
1997 50
1998 50
1999 50
2000 50
2001 50
2002 50
2003 50
2004 50
2005 50
2006 50
2007 50
2008 50
2009 50
2010 50
2011 50
2012 50
2013 50
2014 50
2015 50
2016 50
2017 50
2018 50
2019 50
2020 50
2021 50
2022 50
2023 50
2024 50
2025 50
2026 48
2027 50
2028 50
2029 50
2030 50
2031 50
2032 50
2033 50
2034 50
2035 50
2036 50
2037 50
2038 50
2039 50
2040 50
2041 50
2042 50
2043 50
2044 50
2045 50
2046 50
2047 50
2048 50
2049 50
2050 50
2051 50
2052 50
2053 50
2054 50
2055 48
2056 50
2057 50
2058 50
2059 50
2060 50
2061 50
2062 50
2063 50
2064 50
2065 50
2066 50
2067 50
2068 50
2069 50
2070 50
2071 50
2072 50
2073 50
2074 50
2075 50
2076 50
2077 50
2078 50
2079 50
2080 50
2081 50
2082 50
2083 50
2084 50
2085 50
2086 50
2087 50
2088 50
2089 50
2090 50
2091 50
2092 50
2093 50
2094 50
2095 50
2096 50
2097 50
2098 50
2099 50
2100 50
2101 50
2102 48
2103 46
2104 50
2105 50
2106 50
2107 48
2108 46
2109 50
2110 50
2111 50
2112 50
2113 50
2114 50
2115 50
2116 50
2117 50
2118 50
2119 50
2120 50
2121 50
2122 50
2123 50
2124 50
2125 50
2126 50
2127 50
2128 50
2129 50
2130 50
2131 50
2132 50
2133 50
2134 50
2135 50
2136 50
2137 50
2138 50
2139 50
2140 50
2141 50
2142 50
2143 50
2144 50
2145 50
2146 50
2147 50
2148 50
2149 50
2150 50
2151 50
2152 50
2153 50
2154 50
2155 50
2156 50
2157 50
2158 50
2159 50
2160 50
2161 50
2162 50
2163 50
2164 50
2165 50
2166 50
2167 50
2168 50
2169 50
2170 50
2171 50
2172 50
2173 50
2174 50
2175 50
2176 50
2177 50
2178 50
2179 50
2180 50
2181 50
2182 50
2183 50
2184 50
2185 50
2186 50
2187 50
2188 50
2189 50
2190 50
2191 50
2192 50
2193 50
2194 50
2195 50
2196 50
2197 50
2198 50
2199 50
2200 50
2201 50
2202 50
2203 50
2204 50
2205 50
2206 50
2207 50
2208 50
2209 50
2210 50
2211 50
2212 50
2213 50
2214 50
2215 50
2216 50
2217 50
2218 50
2219 50
2220 50
2221 50
2222 50
2223 50
2224 50
2225 50
2226 50
2227 50
2228 50
2229 50
2230 50
2231 50
2232 50
2233 50
2234 50
2235 50
2236 50
2237 50
2238 50
2239 50
2240 50
2241 50
2242 50
2243 50
2244 50
2245 50
2246 50
2247 50
2248 50
2249 50
2250 50
2251 50
2252 50
2253 50
2254 50
2255 50
2256 50
2257 50
2258 50
2259 50
2260 50
2261 50
2262 50
2263 50
2264 50
2265 50
2266 50
2267 50
2268 50
2269 50
2270 50
2271 50
2272 50
2273 50
2274 50
2275 50
2276 50
2277 50
2278 50
2279 50
2280 50
2281 50
2282 50
2283 50
2284 50
2285 50
2286 50
2287 50
2288 50
2289 50
2290 50
2291 50
2292 50
2293 50
2294 50
2295 50
2296 50
2297 50
2298 50
2299 50
2300 50
2301 50
2302 50
2303 50
2304 50
2305 50
2306 50
2307 50
2308 50
2309 50
2310 50
2311 50
2312 50
2313 50
2314 50
2315 50
2316 50
2317 50
2318 50
2319 50
2320 50
2321 50
2322 50
2323 50
2324 50
2325 50
2326 50
2327 50
2328 48
2329 50
2330 50
2331 50
2332 50
2333 50
2334 50
2335 50
2336 50
2337 50
2338 50
2339 50
2340 50
2341 50
2342 50
2343 50
2344 50
2345 50
2346 50
2347 50
2348 50
2349 50
2350 50
2351 50
2352 50
2353 50
2354 50
2355 50
2356 50
2357 50
2358 50
2359 50
2360 50
2361 50
2362 50
2363 50
2364 50
2365 50
2366 50
2367 50
2368 50
2369 50
2370 50
2371 50
2372 50
2373 50
2374 50
2375 50
2376 50
2377 50
2378 50
2379 50
2380 50
2381 50
2382 50
2383 50
2384 50
2385 50
2386 50
2387 50
2388 50
2389 50
2390 50
2391 50
2392 50
2393 50
2394 50
2395 48
2396 50
2397 50
2398 50
2399 50
2400 50
2401 50
2402 50
2403 50
2404 50
2405 50
2406 50
2407 50
2408 50
2409 50
2410 50
2411 50
2412 50
2413 50
2414 50
2415 50
2416 50
2417 50
2418 50
2419 50
2420 50
2421 50
2422 50
2423 50
2424 50
2425 50
2426 50
2427 50
2428 50
2429 50
2430 50
2431 50
2432 50
2433 50
2434 50
2435 50
2436 50
2437 50
2438 50
2439 50
2440 50
2441 50
2442 50
2443 50
2444 50
2445 50
2446 50
2447 50
2448 48
2449 50
2450 50
2451 50
2452 50
2453 50
2454 50
2455 50
2456 50
2457 50
2458 50
2459 50
2460 50
2461 50
2462 50
2463 50
2464 50
2465 50
2466 50
2467 50
2468 50
2469 50
2470 50
2471 50
2472 48
2473 48
2474 50
2475 50
2476 50
2477 50
2478 50
2479 50
2480 50
2481 50
2482 50
2483 50
2484 50
2485 50
2486 50
2487 50
2488 50
2489 50
2490 50
2491 50
2492 50
2493 50
2494 48
2495 50
2496 50
2497 50
2498 50
2499 50
2500 50
2501 50
2502 50
2503 50
2504 50
2505 50
2506 50
2507 50
2508 50
2509 50
2510 50
2511 50
2512 50
2513 50
2514 50
2515 50
2516 50
2517 50
2518 50
2519 50
2520 50
2521 50
2522 50
2523 50
2524 50
2525 50
2526 50
2527 50
2528 50
2529 50
2530 50
2531 50
2532 50
2533 50
2534 50
2535 50
2536 50
2537 50
2538 50
2539 50
2540 50
2541 50
2542 50
2543 50
2544 50
2545 50
2546 50
2547 50
2548 50
2549 50
2550 50
2551 50
2552 50
2553 50
2554 50
2555 50
2556 50
2557 50
2558 50
2559 50
2560 50
2561 50
2562 50
2563 50
2564 50
2565 50
2566 50
2567 50
2568 50
2569 50
2570 50
2571 50
2572 50
2573 50
2574 50
2575 50
2576 50
2577 50
2578 50
2579 50
2580 50
2581 50
2582 50
2583 50
2584 50
2585 50
2586 50
2587 50
2588 50
2589 50
2590 50
2591 50
2592 50
2593 50
2594 50
2595 50
2596 50
2597 50
2598 50
2599 50
2600 50
2601 50
2602 50
2603 50
2604 50
2605 50
2606 50
2607 50
2608 50
2609 50
2610 50
2611 50
2612 50
2613 50
2614 50
2615 50
2616 50
2617 50
2618 50
2619 50
2620 50
2621 50
2622 50
2623 50
2624 50
2625 50
2626 50
2627 50
2628 50
2629 50
2630 50
2631 50
2632 50
2633 50
2634 50
2635 50
2636 50
2637 50
2638 50
2639 50
2640 50
2641 50
2642 50
2643 50
2644 50
2645 50
2646 50
2647 50
2648 50
2649 50
2650 50
2651 50
2652 50
2653 50
2654 50
2655 50
2656 50
2657 50
2658 50
2659 50
2660 50
2661 50
2662 50
2663 50
2664 50
2665 50
2666 50
2667 50
2668 50
2669 50
2670 50
2671 50
2672 50
2673 50
2674 50
2675 50
2676 50
2677 50
2678 50
2679 50
2680 50
2681 50
2682 50
2683 50
2684 50
2685 50
2686 50
2687 50
2688 50
2689 50
2690 50
2691 48
2692 50
2693 50
2694 50
2695 50
2696 50
2697 50
2698 50
2699 50
2700 50
2701 50
2702 50
2703 50
2704 50
2705 50
2706 50
2707 50
2708 50
2709 50
2710 50
2711 50
2712 50
2713 50
2714 50
2715 50
2716 50
2717 50
2718 50
2719 50
2720 50
2721 50
2722 50
2723 50
2724 50
2725 50
2726 50
2727 50
2728 50
2729 50
2730 50
2731 50
2732 50
2733 50
2734 50
2735 50
2736 50
2737 50
2738 50
2739 50
2740 50
2741 50
2742 50
2743 50
2744 50
2745 50
2746 50
2747 50
2748 50
2749 50
2750 50
2751 50
2752 50
2753 50
2754 50
2755 50
2756 50
2757 50
2758 50
2759 50
2760 50
2761 50
2762 50
2763 50
2764 50
2765 50
2766 50
2767 50
2768 50
2769 50
2770 50
2771 50
2772 50
2773 50
2774 50
2775 50
2776 50
2777 50
2778 50
2779 50
2780 50
2781 50
2782 50
2783 50
2784 50
2785 50
2786 50
2787 50
2788 50
2789 50
2790 50
2791 50
2792 50
2793 50
2794 50
2795 50
2796 50
2797 50
2798 50
2799 50
2800 50
2801 50
2802 50
2803 50
2804 50
2805 50
2806 50
2807 50
2808 50
2809 50
2810 50
2811 50
2812 50
2813 50
2814 50
2815 50
2816 50
2817 50
2818 50
2819 50
2820 50
2821 50
2822 50
2823 50
2824 50
2825 50
2826 50
2827 50
2828 50
2829 50
2830 50
2831 50
2832 50
2833 50
2834 50
2835 50
2836 50
2837 48
2838 48
2839 50
2840 50
2841 50
2842 50
2843 50
2844 50
2845 50
2846 50
2847 50
2848 50
2849 50
2850 50
2851 50
2852 50
2853 50
2854 50
2855 50
2856 50
2857 50
2858 50
2859 50
2860 50
2861 50
2862 50
2863 50
2864 50
2865 50
2866 50
2867 50
2868 50
2869 50
2870 50
2871 50
2872 50
2873 50
2874 50
2875 50
2876 50
2877 50
2878 50
2879 50
2880 50
2881 50
2882 50
2883 50
2884 50
2885 50
2886 50
2887 50
2888 50
2889 50
2890 50
2891 50
2892 50
2893 50
2894 50
2895 50
2896 50
2897 50
2898 50
2899 50
2900 50
2901 50
2902 50
2903 50
2904 50
2905 50
2906 50
2907 50
2908 50
2909 50
2910 50
2911 50
2912 46
2913 46
2914 50
2915 50
2916 50
2917 50
2918 50
2919 50
2920 50
2921 50
2922 50
2923 50
2924 50
2925 50
2926 50
2927 50
2928 50
2929 50
2930 50
2931 46
2932 48
2933 50
2934 50
2935 50
2936 50
2937 50
2938 50
2939 50
2940 50
2941 50
2942 50
2943 50
2944 50
2945 50
2946 50
2947 50
2948 50
2949 50
2950 50
2951 50
2952 50
2953 50
2954 50
2955 50
2956 50
2957 50
2958 50
2959 50
2960 50
2961 50
2962 50
2963 50
2964 50
2965 50
2966 50
2967 50
2968 50
2969 50
2970 50
2971 50
2972 50
2973 50
2974 50
2975 50
2976 50
2977 50
2978 50
2979 50
2980 50
2981 50
2982 50
2983 50
2984 50
2985 50
2986 50
2987 50
2988 50
2989 50
2990 50
2991 50
2992 50
2993 50
2994 50
2995 50
2996 50
2997 50
2998 50
2999 50
3000 50
3001 50
3002 50
3003 50
3004 50
3005 50
3006 50
3007 50
3008 50
3009 50
3010 50
3011 50
3012 50
3013 50
3014 50
3015 50
3016 50
3017 50
3018 50
3019 50
3020 50
3021 50
3022 50
3023 50
3024 50
3025 50
3026 50
3027 50
3028 50
3029 50
3030 50
3031 50
3032 50
3033 50
3034 50
3035 50
3036 50
3037 50
3038 50
3039 50
3040 50
3041 50
3042 50
3043 50
3044 50
3045 50
3046 50
3047 50
3048 50
3049 50
3050 50
3051 50
3052 50
3053 50
3054 50
3055 50
3056 50
3057 50
3058 50
3059 50
3060 50
3061 50
3062 50
3063 50
3064 50
3065 50
3066 50
3067 50
3068 50
3069 50
3070 50
3071 50
3072 50
3073 50
3074 50
3075 50
3076 50
3077 50
3078 50
3079 50
3080 50
3081 50
3082 50
3083 50
3084 50
3085 50
3086 50
3087 50
3088 50
3089 50
3090 50
3091 50
3092 50
3093 50
3094 50
3095 50
3096 50
3097 50
3098 50
3099 50
3100 50
3101 50
3102 50
3103 50
3104 50
3105 50
3106 50
3107 50
3108 50
3109 50
3110 50
3111 50
3112 50
3113 48
3114 50
3115 50
3116 50
3117 50
3118 50
3119 50
3120 50
3121 50
3122 50
3123 50
3124 50
3125 50
3126 50
3127 50
3128 50
3129 50
3130 50
3131 50
3132 50
3133 50
3134 50
3135 50
3136 50
3137 50
3138 50
3139 50
3140 50
3141 50
3142 50
3143 50
3144 50
3145 50
3146 50
3147 50
3148 50
3149 50
3150 50
3151 50
3152 50
3153 50
3154 50
3155 50
3156 50
3157 50
3158 50
3159 50
3160 50
3161 50
3162 50
3163 50
3164 50
3165 50
3166 50
3167 50
3168 50
3169 50
3170 50
3171 50
3172 50
3173 50
3174 50
3175 50
3176 50
3177 50
3178 50
3179 50
3180 50
3181 50
3182 48
3183 38
3184 38
3185 38
3186 34
3187 36
3188 40
3189 42
3190 40
3191 44
3192 40
3193 34
3194 30
3195 24
3196 26
3197 24
3198 24
3199 24
3200 26
3201 24
3202 26
3203 24
3204 24
3205 26
3206 24
3207 20
3208 22
3209 22
3210 28
3211 26
3212 22
3213 18
3214 16
3215 16
3216 14
3217 14
3218 18
3219 20
3220 14
3221 14
3222 16
3223 18
3224 18
3225 18
3226 18
3227 22
3228 18
3229 20
3230 20
3231 22
3232 22
3233 24
3234 24
3235 20
3236 22
3237 22
3238 24
3239 22
3240 22
3241 24
3242 24
3243 22
3244 22
3245 22
3246 22
3247 18
3248 22
3249 14
3250 10
3251 8
3252 10
3253 2
3254 4
3255 2
3256 2
3257 0
3258 -4
3259 -2
3260 -2
3261 -4
3262 -8
3263 -4
3264 -8
3265 -6
3266 -6
3267 -4
3268 -2
3269 2
3270 -2
3271 4
3272 6
3273 2
3274 6
3275 8
3276 12
3277 10
3278 18
3279 24
3280 26
3281 24
3282 24
3283 24
3284 20
3285 22
3286 24
3287 18
3288 16
3289 6
3290 6
3291 6
3292 6
3293 6
3294 6
3295 6
3296 10
3297 8
3298 4
3299 8
3300 8
3301 8
3302 14
3303 16
3304 20
3305 20
3306 18
3307 18
3308 20
3309 20
3310 24
3311 24
3312 28
3313 32
3314 34
3315 30
3316 26
3317 26
3318 22
3319 28
3320 28
3321 30
3322 36
3323 34
3324 28
3325 28
3326 28
3327 28
3328 28
3329 32
3330 30
3331 34
3332 36
3333 36
3334 34
3335 34
3336 32
3337 32
3338 38
3339 38
3340 32
3341 34
3342 30
3343 30
3344 36
3345 36
3346 36
3347 32
3348 32
3349 32
3350 34
3351 36
3352 36
3353 38
3354 38
3355 40
3356 36
3357 38
3358 38
3359 40
3360 42
3361 42
3362 46
3363 44
3364 42
3365 44
3366 44
3367 44
3368 44
3369 44
3370 42
3371 42
3372 46
3373 40
3374 40
3375 44
3376 44
3377 42
3378 40
3379 38
3380 34
3381 34
3382 32
3383 28
3384 28
3385 30
3386 28
3387 34
3388 34
3389 34
3390 32
3391 28
3392 28
3393 26
3394 26
3395 28
3396 28
3397 28
3398 26
3399 30
3400 30
3401 30
3402 30
3403 32
3404 24
3405 28
3406 30
3407 28
3408 34
3409 34
3410 32
3411 32
3412 36
3413 36
3414 34
3415 30
3416 30
3417 30
3418 32
3419 30
3420 32
3421 36
3422 32
3423 34
3424 34
3425 32
3426 26
3427 30
3428 32
3429 34
3430 32
3431 32
3432 30
3433 32
3434 38
3435 42
3436 46
3437 40
3438 38
3439 40
3440 38
3441 40
3442 42
3443 44
3444 46
3445 46
3446 50
3447 50
3448 50
3449 50
3450 50
3451 50
3452 50
3453 50
3454 50
3455 50
3456 50
3457 50
3458 50
3459 50
3460 50
3461 50
3462 50
3463 50
3464 50
3465 50
3466 50
3467 50
3468 50
3469 50
3470 50
3471 50
3472 50
3473 50
3474 50
3475 50
3476 50
3477 50
3478 50
3479 50
3480 50
3481 50
3482 50
3483 50
3484 50
3485 50
3486 50
3487 50
3488 50
3489 50
3490 50
3491 50
3492 50
3493 50
3494 50
3495 50
3496 50
3497 50
3498 50
3499 50
3500 50
3501 50
3502 50
3503 50
3504 50
3505 50
3506 50
3507 50
3508 50
3509 50
3510 50
3511 50
3512 50
3513 50
3514 50
3515 50
3516 50
3517 50
3518 50
3519 50
3520 50
3521 50
3522 50
3523 50
3524 50
3525 50
3526 50
3527 50
3528 50
3529 50
3530 50
3531 50
3532 50
3533 50
3534 50
3535 50
3536 50
3537 50
3538 50
3539 50
3540 50
3541 50
3542 50
3543 50
3544 50
3545 50
3546 50
3547 50
3548 50
3549 50
3550 50
3551 50
3552 50
3553 50
3554 50
3555 50
3556 50
3557 50
3558 50
3559 50
3560 50
3561 50
3562 50
3563 50
3564 50
3565 50
3566 50
3567 50
3568 50
3569 50
3570 50
3571 50
3572 50
3573 50
3574 50
3575 50
3576 50
3577 50
3578 50
3579 50
3580 50
3581 50
3582 48
3583 50
3584 50
3585 50
3586 50
3587 50
3588 50
3589 50
3590 50
3591 50
3592 50
3593 50
3594 50
3595 50
3596 50
3597 50
3598 50
3599 50
3600 50
3601 50
3602 50
3603 50
3604 50
3605 50
3606 50
3607 50
3608 50
3609 50
3610 50
3611 50
3612 50
3613 48
3614 50
3615 50
3616 50
3617 50
3618 50
3619 50
3620 50
3621 50
3622 50
3623 50
3624 50
3625 50
3626 50
3627 50
3628 50
3629 50
3630 50
3631 50
3632 50
3633 50
3634 50
3635 50
3636 50
3637 50
3638 50
3639 50
3640 50
3641 50
3642 50
3643 50
3644 50
3645 50
3646 50
3647 50
3648 50
3649 50
3650 50
3651 50
3652 50
3653 50
3654 50
3655 50
3656 50
3657 50
3658 50
3659 50
3660 50
3661 50
3662 50
3663 50
3664 50
3665 50
3666 50
3667 50
3668 50
3669 50
3670 50
3671 50
3672 50
3673 50
3674 50
3675 50
3676 50
3677 50
3678 50
3679 50
3680 50
3681 50
3682 48
3683 50
3684 48
3685 46
3686 48
3687 46
3688 46
3689 50
3690 50
3691 50
3692 50
3693 50
3694 50
3695 50
3696 50
3697 50
3698 50
3699 50
3700 50
3701 50
3702 50
3703 50
3704 50
3705 50
3706 50
3707 50
3708 50
3709 50
3710 50
3711 50
3712 50
3713 50
3714 50
3715 50
3716 50
3717 50
3718 50
3719 50
3720 50
3721 50
3722 50
3723 50
3724 50
3725 50
3726 50
3727 50
3728 50
3729 50
3730 50
3731 50
3732 50
3733 50
3734 50
3735 50
3736 50
3737 50
3738 50
3739 50
3740 50
3741 50
3742 50
3743 50
3744 50
3745 50
3746 50
3747 50
3748 50
3749 50
3750 50
3751 50
3752 50
3753 50
3754 50
3755 50
3756 50
3757 50
3758 50
3759 50
3760 50
3761 50
3762 50
3763 50
3764 50
3765 50
3766 50
3767 50
3768 50
3769 50
3770 50
3771 50
3772 50
3773 50
3774 50
3775 50
3776 50
3777 50
3778 50
3779 50
3780 50
3781 50
3782 50
3783 50
3784 50
3785 50
3786 50
3787 50
3788 50
3789 50
3790 50
3791 50
3792 50
3793 50
3794 50
3795 50
3796 50
3797 50
3798 50
3799 50
3800 50
3801 50
3802 50
3803 50
3804 50
3805 50
3806 50
3807 48
3808 48
3809 48
3810 48
3811 48
3812 50
3813 50
3814 50
3815 50
3816 50
3817 50
3818 50
3819 50
3820 50
3821 50
3822 50
3823 50
3824 50
3825 50
3826 50
3827 50
3828 50
3829 50
3830 50
3831 50
3832 50
3833 50
3834 50
3835 50
3836 50
3837 50
3838 50
3839 50
3840 50
3841 50
3842 50
3843 50
3844 50
3845 50
3846 50
3847 50
3848 50
3849 50
3850 50
3851 50
3852 50
3853 50
3854 50
3855 50
3856 50
3857 50
3858 50
3859 50
3860 50
3861 50
3862 50
3863 50
3864 50
3865 50
3866 50
3867 50
3868 50
3869 50
3870 50
3871 50
3872 50
3873 50
3874 50
3875 50
3876 50
3877 50
3878 50
3879 50
3880 50
3881 50
3882 50
3883 50
3884 50
3885 50
3886 50
3887 50
3888 50
3889 50
3890 50
3891 50
3892 50
3893 50
3894 50
3895 50
3896 50
3897 50
3898 50
3899 50
3900 50
3901 50
3902 50
3903 50
3904 50
3905 50
3906 50
3907 50
3908 50
3909 50
3910 50
3911 50
3912 50
3913 50
3914 50
3915 50
3916 50
3917 50
3918 50
3919 50
3920 50
3921 50
3922 50
3923 50
3924 50
3925 50
3926 50
3927 50
3928 50
3929 50
3930 50
3931 50
3932 50
3933 50
3934 50
3935 50
3936 50
3937 50
3938 50
3939 50
3940 50
3941 50
3942 50
3943 50
3944 50
3945 50
3946 50
3947 50
3948 50
3949 50
3950 50
3951 50
3952 50
3953 50
3954 50
3955 50
3956 50
3957 50
3958 50
3959 50
3960 50
3961 50
3962 50
3963 50
3964 50
3965 50
3966 50
3967 50
3968 50
3969 50
3970 50
3971 50
3972 50
3973 50
3974 50
3975 50
3976 50
3977 50
3978 50
3979 50
3980 50
3981 50
3982 50
3983 50
3984 50
3985 50
3986 50
3987 50
3988 50
3989 50
3990 50
3991 50
3992 50
3993 50
3994 50
3995 50
3996 50
3997 50
3998 50
3999 50
4000 50
4001 50
4002 50
4003 50
4004 50
4005 50
4006 50
4007 50
4008 50
4009 50
4010 50
4011 50
4012 50
4013 50
4014 50
4015 50
4016 50
4017 50
4018 50
4019 50
4020 50
4021 50
4022 50
4023 50
4024 50
4025 50
4026 50
4027 50
4028 50
4029 50
4030 50
4031 50
4032 50
4033 50
4034 50
4035 50
4036 50
4037 50
4038 50
4039 50
4040 50
4041 50
4042 50
4043 50
4044 50
4045 50
4046 50
4047 50
4048 50
4049 50
4050 50
4051 50
4052 50
4053 50
4054 50
4055 50
4056 50
4057 50
4058 50
4059 50
4060 50
4061 50
4062 50
4063 50
4064 50
4065 50
4066 50
4067 50
4068 50
4069 50
4070 50
4071 50
4072 50
4073 50
4074 50
4075 50
4076 50
4077 50
4078 50
4079 50
4080 50
4081 50
4082 50
4083 50
4084 50
4085 50
4086 50
4087 50
4088 50
4089 50
4090 50
4091 50
4092 50
4093 50
4094 50
4095 50
4096 50
4097 50
4098 50
4099 50
4100 50
4101 50
4102 50
4103 50
4104 50
4105 50
4106 50
4107 50
4108 50
4109 50
4110 50
4111 50
4112 50
4113 50
4114 48
4115 50
4116 50
4117 50
4118 50
4119 50
4120 50
4121 50
4122 50
4123 50
4124 50
4125 50
4126 48
4127 48
4128 46
4129 50
4130 50
4131 50
4132 50
4133 50
4134 50
4135 50
4136 50
4137 50
4138 50
4139 50
4140 50
4141 50
4142 50
4143 50
4144 50
4145 50
4146 50
4147 50
4148 50
4149 50
4150 50
4151 50
4152 50
4153 50
4154 50
4155 50
4156 50
4157 50
4158 50
4159 50
4160 50
4161 50
4162 50
4163 50
4164 50
4165 50
4166 50
4167 50
4168 50
4169 50
4170 50
4171 50
4172 50
4173 50
4174 50
4175 50
4176 50
4177 50
4178 50
4179 50
4180 50
4181 50
4182 50
4183 50
4184 50
4185 50
4186 50
4187 50
4188 50
4189 50
4190 50
4191 50
4192 50
4193 50
4194 50
4195 50
4196 50
4197 50
4198 50
4199 50
4200 50
4201 50
4202 50
4203 50
4204 50
4205 50
4206 50
4207 50
4208 50
4209 50
4210 50
4211 50
4212 50
4213 50
4214 50
4215 50
4216 50
4217 50
4218 50
4219 50
4220 50
4221 50
4222 50
4223 50
4224 50
4225 50
4226 50
4227 50
4228 50
4229 50
4230 50
4231 50
4232 50
4233 50
4234 50
4235 50
4236 50
4237 50
4238 50
4239 50
4240 50
4241 50
4242 50
4243 50
4244 50
4245 50
4246 50
4247 50
4248 50
4249 50
4250 50
4251 50
4252 50
4253 50
4254 50
4255 50
4256 50
4257 50
4258 50
4259 50
4260 50
4261 50
4262 50
4263 50
4264 50
4265 50
4266 50
4267 50
4268 50
4269 50
4270 50
4271 50
4272 50
4273 50
4274 50
4275 50
4276 50
4277 50
4278 50
4279 50
4280 50
4281 50
4282 50
4283 50
4284 50
4285 50
4286 50
4287 50
4288 50
4289 50
4290 50
4291 50
4292 50
4293 50
4294 50
4295 50
4296 50
4297 50
4298 50
4299 50
4300 50
4301 50
4302 50
4303 50
4304 50
4305 50
4306 50
4307 50
4308 50
4309 50
4310 50
4311 50
4312 50
4313 50
4314 50
4315 50
4316 50
4317 48
4318 44
4319 46
4320 50
4321 50
4322 50
4323 48
4324 48
4325 50
4326 50
4327 50
4328 50
4329 50
4330 50
4331 50
4332 50
4333 50
4334 50
4335 50
4336 50
4337 50
4338 50
4339 50
4340 50
4341 50
4342 50
4343 50
4344 50
4345 50
4346 50
4347 50
4348 50
4349 50
4350 50
4351 50
4352 50
4353 50
4354 50
4355 50
4356 50
4357 50
4358 50
4359 50
4360 50
4361 50
4362 50
4363 50
4364 50
4365 50
4366 50
4367 50
4368 50
4369 50
4370 50
4371 48
4372 50
4373 50
4374 50
4375 50
4376 50
4377 50
4378 50
4379 50
4380 50
4381 50
4382 50
4383 50
4384 50
4385 50
4386 50
4387 50
4388 50
4389 50
4390 50
4391 50
4392 50
4393 50
4394 50
4395 48
4396 50
4397 50
4398 50
4399 50
4400 50
4401 50
4402 50
4403 50
4404 50
4405 50
4406 50
4407 50
4408 50
4409 50
4410 50
4411 50
4412 50
4413 50
4414 50
4415 50
4416 50
4417 50
4418 50
4419 50
4420 50
4421 50
4422 50
4423 50
4424 50
4425 50
4426 50
4427 50
4428 50
4429 50
4430 50
4431 50
4432 50
4433 50
4434 50
4435 50
4436 50
4437 50
4438 50
4439 50
4440 50
4441 50
4442 50
4443 50
4444 50
4445 50
4446 50
4447 50
4448 50
4449 50
4450 50
4451 50
4452 50
4453 50
4454 50
4455 50
4456 50
4457 50
4458 50
4459 50
4460 50
4461 50
4462 50
4463 50
4464 50
4465 50
4466 46
4467 46
4468 48
4469 42
4470 42
4471 44
4472 44
4473 42
4474 40
4475 44
4476 42
4477 40
4478 38
4479 40
4480 34
4481 36
4482 34
4483 32
4484 30
4485 34
4486 38
4487 38
4488 38
4489 34
4490 32
4491 32
4492 38
4493 42
4494 42
4495 46
4496 50
4497 50
4498 50
4499 50
4500 50
4501 50
4502 50
4503 50
4504 50
4505 50
4506 50
4507 50
4508 50
4509 50
4510 50
4511 50
4512 50
4513 50
4514 50
4515 50
4516 50
4517 50
4518 50
4519 50
4520 50
4521 50
4522 50
4523 50
4524 50
4525 50
4526 50
4527 50
4528 50
4529 50
4530 50
4531 50
4532 50
4533 50
4534 50
4535 50
4536 50
4537 50
4538 50
4539 50
4540 50
4541 50
4542 50
4543 50
4544 50
4545 50
4546 50
4547 50
4548 50
4549 50
4550 50
4551 50
4552 50
4553 50
4554 50
4555 50
4556 50
4557 50
4558 50
4559 50
4560 50
4561 50
4562 50
4563 48
4564 50
4565 50
4566 50
4567 50
4568 50
4569 50
4570 50
4571 50
4572 50
4573 50
4574 50
4575 50
4576 50
4577 50
4578 50
4579 50
4580 50
4581 50
4582 50
4583 50
4584 50
4585 50
4586 50
4587 50
4588 50
4589 50
4590 50
4591 50
4592 48
4593 50
4594 50
4595 50
4596 50
4597 50
4598 50
4599 50
4600 50
4601 50
4602 50
4603 50
4604 50
4605 50
4606 50
4607 50
4608 50
4609 50
4610 50
4611 50
4612 50
4613 50
4614 50
4615 50
4616 50
4617 50
4618 50
4619 50
4620 50
4621 50
4622 50
4623 50
4624 50
4625 50
4626 50
4627 50
4628 50
4629 50
4630 50
4631 50
4632 50
4633 50
4634 50
4635 50
4636 50
4637 50
4638 50
4639 50
4640 50
4641 50
4642 50
4643 50
4644 50
4645 50
4646 50
4647 50
4648 50
4649 50
4650 50
4651 50
4652 50
4653 50
4654 50
4655 50
4656 50
4657 50
4658 50
4659 50
4660 50
4661 50
4662 50
4663 50
4664 50
4665 50
4666 50
4667 50
4668 50
4669 50
4670 50
4671 50
4672 50
4673 50
4674 50
4675 50
4676 50
4677 50
4678 50
4679 50
4680 50
4681 50
4682 50
4683 50
4684 50
4685 50
4686 50
4687 50
4688 50
4689 50
4690 50
4691 50
4692 50
4693 50
4694 50
4695 50
4696 50
4697 50
4698 50
4699 50
4700 50
4701 50
4702 50
4703 50
4704 50
4705 50
4706 50
4707 50
4708 50
4709 50
4710 50
4711 50
4712 50
4713 50
4714 50
4715 50
4716 50
4717 50
4718 50
4719 50
4720 50
4721 50
4722 50
4723 50
4724 50
4725 50
4726 50
4727 50
4728 50
4729 50
4730 50
4731 50
4732 50
4733 50
4734 50
4735 50
4736 50
4737 50
4738 50
4739 50
4740 50
4741 50
4742 50
4743 50
4744 50
4745 50
4746 50
4747 50
4748 50
4749 50
4750 50
4751 50
4752 50
4753 50
4754 50
4755 50
4756 50
4757 50
4758 50
4759 50
4760 50
4761 50
4762 50
4763 50
4764 50
4765 50
4766 50
4767 50
4768 50
4769 50
4770 50
4771 50
4772 50
4773 50
4774 50
4775 50
4776 50
4777 50
4778 50
4779 50
4780 50
4781 50
4782 50
4783 50
4784 50
4785 50
4786 50
4787 50
4788 50
4789 50
4790 50
4791 50
4792 50
4793 50
4794 50
4795 50
4796 50
4797 50
4798 50
4799 50
4800 50
4801 50
4802 50
4803 50
4804 50
4805 50
4806 50
4807 50
4808 50
4809 50
4810 50
4811 50
4812 50
4813 50
4814 50
4815 50
4816 50
4817 50
4818 50
4819 50
4820 50
4821 50
4822 50
4823 50
4824 50
4825 50
4826 50
4827 50
4828 50
4829 50
4830 50
4831 50
4832 50
4833 50
4834 50
4835 50
4836 50
4837 50
4838 50
4839 50
4840 50
4841 50
4842 50
4843 50
4844 50
4845 50
4846 50
4847 50
4848 50
4849 50
4850 50
4851 50
4852 50
4853 50
4854 50
4855 50
4856 50
4857 50
4858 50
4859 50
4860 50
4861 50
4862 50
4863 50
4864 50
4865 50
4866 50
4867 50
4868 50
4869 50
4870 50
4871 50
4872 50
4873 50
4874 50
4875 50
4876 50
4877 50
4878 50
4879 50
4880 50
4881 50
4882 50
4883 50
4884 50
4885 50
4886 50
4887 50
4888 50
4889 50
4890 50
4891 50
4892 50
4893 50
4894 50
4895 50
4896 50
4897 50
4898 50
4899 50
4900 50
4901 50
4902 50
4903 48
4904 50
4905 50
4906 50
4907 50
4908 50
4909 50
4910 50
4911 50
4912 50
4913 50
4914 50
4915 50
4916 50
4917 50
4918 50
4919 50
4920 50
4921 50
4922 50
4923 50
4924 50
4925 50
4926 50
4927 50
4928 50
4929 50
4930 50
4931 50
4932 50
4933 50
4934 50
4935 50
4936 50
4937 50
4938 50
4939 50
4940 50
4941 50
4942 50
4943 50
4944 50
4945 50
4946 50
4947 50
4948 50
4949 50
4950 50
4951 50
4952 50
4953 50
4954 50
4955 50
4956 50
4957 50
4958 50
4959 50
4960 50
4961 50
4962 50
4963 50
4964 50
4965 50
4966 50
4967 50
4968 50
4969 50
4970 50
4971 50
4972 50
4973 50
4974 50
4975 50
4976 50
4977 50
4978 50
4979 50
4980 50
4981 50
4982 48
4983 48
4984 46
4985 50
4986 50
4987 50
4988 50
4989 50
4990 50
4991 50
4992 50
4993 50
4994 50
4995 50
4996 50
4997 50
4998 50
4999 50
5000 50
