-0.13554 -0.382639 0.00162749
-0.482766 -0.492757 0.247639
0.397717 -0.110463 -0.361546
0.466086 -0.283006 0.467847
-0.0207624 -0.495213 0.381381
-0.218014 -0.0199273 -0.49332
-0.36061 0.0781542 0.337184
-0.0591133 0.417473 -0.27792
0.367815 0.49019 0.464259
0.227696 0.267058 0.489841
0.437075 -0.0750281 0.188842
-0.312263 0.0332056 -0.0642376
-0.287778 -0.0402334 -0.287503
0.392757 0.285244 0.376823
-0.455556 -0.0667725 -0.195668
0.0773585 -0.0859966 0.3687
-0.110945 0.368847 -0.468849
-0.359213 -0.38165 -0.262614
0.144373 0.0975557 0.333509
-0.107088 0.000544265 0.326454
0.0227968 -0.367323 -0.160038
-0.436074 -0.223582 -0.371817
-0.122722 -0.158811 -0.194437
0.198489 0.1367 -0.340885
-0.404671 -0.291349 0.281808
-0.0334242 0.223618 0.0109168
-0.478068 0.473824 -0.367164
0.0187406 0.0228542 -0.207196
-0.18836 0.145004 -0.327516
0.187693 0.447298 -0.10561
-0.390703 0.316338 0.334165
0.316045 0.268228 0.0093092
-0.236374 0.378783 0.0590578
-0.446328 0.0210454 -0.395989
0.115041 0.338937 -0.339994
-0.0372441 -0.381761 0.187855
-0.335237 -0.223897 0.448047
0.489257 -0.342808 0.0527243
-0.350123 0.274195 -0.394616
-0.0989177 0.403285 -0.074059
0.331574 0.481112 -0.27345
-0.307832 -0.208979 -0.114296
-0.0267052 0.0288417 -0.397138
0.319281 -0.105874 0.365821
0.420346 0.308684 -0.355759
0.471169 -0.457833 -0.128714
-0.230803 -0.200924 0.0831742
-0.246844 -0.431691 0.178213
0.372329 0.0915603 -0.483338
-0.403391 -0.135492 0.0179649
-0.29668 0.214713 0.191688
-0.0676252 -0.154873 -0.495925
-0.39266 0.158329 -0.225727
0.196807 0.494168 -0.442398
-0.22385 0.41035 0.365812
0.444594 0.137974 0.261807
0.450418 -0.226974 -0.188547
0.368882 -0.116788 -0.0313125
0.163577 -0.137982 0.0630625
0.18971 -0.205386 0.248296
-0.304386 0.374332 -0.182857
0.1625 -0.417387 0.328134
-0.206895 -0.188602 0.310698
0.339177 -0.333534 -0.359706
-0.403822 -0.439568 0.445274
-0.339869 -0.40695 -0.047597
0.0133163 -0.280035 0.355395
0.476768 0.308998 -0.129879
0.49446 0.26705 0.129113
0.252318 0.221092 0.211215
0.0472689 0.230904 -0.186273
-0.0767777 0.0306163 -0.0397889
-0.0811314 0.199522 0.20503
-0.364347 -0.109427 0.229003
-0.453121 0.438881 0.0548921
0.253663 0.282558 -0.203836
-0.389832 0.052787 0.116084
-0.165654 0.212679 -0.139225
-0.235216 -0.241549 -0.388638
0.219621 -0.0509147 -0.463075
-0.476513 -0.0898204 0.428355
0.00136299 0.212288 -0.447512
0.100216 0.337985 0.136044
0.261539 0.0106415 -0.157789
-0.027927 -0.189245 -0.0126657
-0.0551698 -0.339915 -0.386929
-0.242322 0.491896 -0.382788
0.398531 0.11686 -0.26081
0.326345 0.444868 0.192729
0.109931 0.11272 0.147304
0.265068 -0.365367 -0.127513
0.111575 -0.368933 0.0617437
0.123626 0.368372 0.342248
-0.0288018 -0.155663 0.200122
0.320121 0.0641426 0.0823693
0.285695 -0.295665 0.0961907
0.479326 0.0618637 -0.0473833
0.0471584 -0.181071 -0.308178
-0.186035 0.0213083 0.131435
-0.350344 0.239786 -0.0253201
-0.149387 -0.407883 -0.238437
0.142018 -0.351019 -0.313528
0.209905 -0.237331 0.460741
-0.198519 -0.349871 0.413955
-0.0787829 0.398952 0.212977
0.204014 -0.171997 -0.198309
0.36682 -0.315155 0.290834
0.161284 0.147396 -0.0517431
