1.52032
1.52033
1.52032
1.52032
1.52032
1.52031
1.52032
1.52032
1.52032
1.52032
1.52033
1.52033
1.52033
1.52033
1.52034
1.52034
1.52034
1.52033
1.52033
1.52033
1.52033
1.52032
1.52033
1.52034
1.52033
1.52033
1.52033
1.52033
1.52034
1.52033
1.52034
1.52033
1.52033
1.52033
1.52033
1.52033
1.52033
1.52034
1.52033
1.52033
1.52032
1.52033
1.52033
1.52033
1.52034
1.52035
1.52034
1.52035
1.52035
1.52034
1.52034
1.52034
1.52033
1.52033
1.52032
1.52033
1.52032
1.52032
1.52032
1.52032
1.52032
1.52033
1.52033
1.52034
1.52034
1.52033
1.52032
1.52033
1.52032
1.52033
1.52034
1.52033
1.52033
1.52032
1.52032
1.52033
1.52034
1.52034
1.52034
1.52035
1.52035
1.52035
1.52035
1.52036
1.52036
1.52036
1.52036
1.52036
1.52037
1.52036
1.52035
1.52035
1.52035
1.52035
1.52036
1.52035
1.52036
1.52036
1.52036
1.52035
