2.60103
2.65838
2.72929
2.8174
2.92031
3.02635
3.12324
3.18929
3.21102
3.17239
3.07434
2.9324
2.76583
2.60096
2.45332
2.32754
2.22527
2.15164
2.10799
2.09415
2.10283
2.12878
2.1647
2.2025
2.24133
2.275
2.29779
2.29773
2.27609
2.23832
2.20253
2.1858
2.19697
2.23754
2.3038
2.39021
2.48632
2.57582
2.63319
2.63129
2.56355
2.44264
2.29925
2.15941
2.04256
1.95726
1.89845
1.86464
1.852
1.85882
1.87922
1.91418
1.96453
2.02697
2.10638
2.19533
2.29303
2.3935
2.48777
2.56645
2.61409
2.62064
2.58227
2.51057
2.42822
2.35386
2.30136
2.27147
2.25914
2.25768
2.2556
2.24727
2.23086
2.20931
2.19172
2.19455
2.22446
2.28975
2.39029
2.51199
2.6389
2.76063
2.86086
2.9277
2.95925
2.9554
2.93013
2.88679
2.83464
2.7733
2.70865
2.65149
2.61654
2.61174
2.64032
2.69601
2.76356
2.82997
2.87482
2.89015
