2.69444
2.67413
2.63209
2.56888
2.48671
2.39051
2.28844
2.19045
2.10509
2.03665
1.98553
1.95002
1.92732
1.91394
1.90609
1.90041
1.89464
1.88843
1.88399
1.88639
1.9025
1.93741
1.99027
2.05316
2.11446
2.16373
2.1948
2.20658
2.20242
2.18837
2.17108
2.15584
2.1455
2.14032
2.13845
2.13676
2.13193
2.12145
2.10454
2.08237
2.05774
2.03398
2.01361
1.99714
1.98315
1.96993
1.95711
1.94579
1.93751
1.93313
1.93279
1.93651
1.94453
1.95715
1.97419
1.99462
2.0165
2.03706
2.05303
2.061
2.05799
2.04215
2.01361
1.97514
1.93174
1.8892
1.85232
1.82444
1.80804
1.8051
1.81641
1.8406
1.8736
1.90898
1.93921
1.95746
1.95936
1.94426
1.91537
1.87905
1.8434
1.817
1.80697
1.81556
1.83719
1.86058
1.87509
1.87584
1.86512
1.85154
1.84676
1.85884
1.8859
1.91784
1.94376
1.95678
1.9547
1.9391
1.91509
1.89129
