-5.55941
-5.53971
-5.49857
-5.43581
-5.35288
-5.25623
-5.154
-5.05676
-4.97185
-4.90342
-4.85245
-4.81724
-4.79378
-4.78026
-4.77378
-4.76795
-4.76263
-4.75597
-4.75152
-4.75316
-4.76866
-4.80463
-4.85765
-4.92115
-4.98261
-5.03218
-5.0634
-5.07534
-5.07117
-5.05681
-5.03907
-5.02292
-5.01333
-5.00755
-5.00477
-5.00279
-4.99796
-4.98687
-4.97041
-4.94779
-4.92346
-4.89909
-4.87782
-4.86074
-4.84796
-4.83444
-4.82177
-4.81091
-4.80202
-4.79704
-4.7973
-4.79936
-4.80783
-4.82015
-4.83673
-4.85747
-4.8792
-4.89991
-4.91483
-4.92144
-4.91812
-4.90198
-4.87435
-4.83557
-4.79293
-4.75144
-4.71531
-4.68759
-4.67149
-4.66899
-4.68061
-4.70465
-4.73826
-4.77319
-4.80237
-4.82047
-4.82297
-4.80696
-4.77761
-4.73993
-4.70442
-4.67756
-4.66663
-4.67447
-4.69641
-4.71995
-4.73327
-4.73371
-4.72314
-4.71
-4.70643
-4.71926
-4.74678
-4.77812
-4.8042
-4.81707
-4.81483
-4.80029
-4.77492
-4.75217
