-4.71475
-4.71475
-4.71475
-4.71475
-4.71369
-4.71173
-4.70992
-4.7069
-4.70357
-4.7004
-4.69799
-4.69617
-4.69526
-4.69345
-4.69405
-4.69405
-4.69435
-4.69404
-4.69419
-4.6951
-4.69541
-4.69692
-4.69692
-4.69738
-4.69723
-4.69798
-4.69768
-4.69859
-4.69829
-4.69859
-4.69874
-4.69859
-4.69828
-4.69844
-4.69964
-4.69995
-4.69949
-4.69904
-4.69919
-4.69874
-4.69858
-4.69934
-4.69919
-4.69979
-4.69979
-4.69888
-4.69994
-4.69934
-4.69949
-4.69995
-4.7007
-4.70146
-4.70206
-4.70176
-4.70131
-4.70146
-4.70221
-4.70206
-4.70191
-4.70191
-4.70191
-4.7013
-4.70161
-4.70161
-4.701
-4.7007
-4.7001
-4.70025
-4.7007
-4.7007
-4.70025
-4.70055
-4.7004
-4.701
-4.7007
-4.70115
-4.7013
-4.70085
-4.70176
-4.70145
-4.70176
-4.70161
-4.70146
-4.70161
-4.70191
-4.70236
-4.70176
-4.701
-4.70146
-4.70146
-4.70085
-4.70009
-4.69994
-4.70024
-4.7007
-4.7007
-4.7001
-4.69994
-4.7004
-4.70025
