0.0601955
0.0586105
0.0570333
0.0555314
0.054146
0.0528936
0.0517802
0.0507973
0.0499321
0.0491686
0.0484923
0.0478864
0.0473383
0.0468379
0.0463775
0.0459518
0.0455585
0.0451978
0.0448738
0.0445943
0.0443666
0.0442038
0.0441258
0.0441513
0.0443051
0.0446179
0.045118
0.0458321
0.046778
0.0479546
0.0493336
0.0508442
0.052374
0.0537706
0.0548677
0.0555203
0.0556524
0.0552821
0.0545203
0.0535479
0.0525619
0.0517364
0.0511949
0.0510117
0.0512198
0.0518196
0.0527943
0.054115
0.0557307
0.0575639
0.0595044
0.0614096
0.0631175
0.0644727
0.0653431
0.0656393
0.0653307
0.0644695
0.0631816
0.0616323
0.0599771
0.0583226
0.0567237
0.0551981
0.0537515
0.0523909
0.0511304
0.049987
0.04897
0.0480882
0.0473401
0.0467174
0.0462111
0.0458075
0.0454924
0.0452528
0.0450726
0.0449368
0.0448328
0.0447473
0.0446667
0.0445811
0.0444799
0.0443566
0.0442067
0.0440277
0.0438224
0.0435963
0.0433574
0.0431137
0.0428769
0.0426594
0.0424712
0.0423224
0.0422198
0.0421684
0.0421725
0.0422308
0.0423433
0.0425061
