1.20247
1.20627
1.20992
1.21323
1.21612
1.21856
1.22057
1.2222
1.22351
1.22457
1.22545
1.2262
1.22688
1.22752
1.22816
1.22881
1.22949
1.23021
1.23094
1.23169
1.23243
1.23311
1.23369
1.2341
1.23426
1.23407
1.23341
1.23219
1.23031
1.22775
1.22456
1.22093
1.2172
1.21385
1.21141
1.21035
1.21095
1.21314
1.21656
1.22062
1.22469
1.22821
1.23082
1.2323
1.23255
1.2316
1.22947
1.22625
1.22206
1.2171
1.21169
1.20624
1.20124
1.19717
1.19443
1.19332
1.19391
1.19605
1.19932
1.20319
1.20717
1.21094
1.21438
1.21747
1.22026
1.22275
1.22493
1.22677
1.22825
1.22936
1.23012
1.23056
1.23072
1.23065
1.23039
1.22998
1.22949
1.22893
1.22836
1.22781
1.22732
1.22692
1.22663
1.22648
1.22648
1.22663
1.22693
1.22736
1.2279
1.22853
1.22921
1.22991
1.23061
1.23127
1.23189
1.23245
1.23294
1.23338
1.23376
1.23411
