2.81689
2.76153
2.68241
2.59463
2.50603
2.42543
2.3512
2.28664
2.23557
2.19835
2.18135
2.18786
2.21387
2.25709
2.3127
2.37756
2.444
2.49986
2.54132
2.57117
2.59587
2.62665
2.66302
2.69765
2.72166
2.72638
2.71216
2.68618
2.65449
2.62823
2.61824
2.62819
2.65678
2.70012
2.7499
2.79995
2.83851
2.8595
2.8575
2.83406
2.79387
2.74119
2.68636
2.63539
2.58435
2.53203
2.4726
2.40865
2.34421
2.28568
2.24596
2.23259
2.25409
2.30815
2.397
2.51431
2.65696
2.81846
2.99035
3.15529
3.29846
3.39969
3.43989
3.41147
3.31794
3.17294
2.99886
2.81609
2.64513
2.50003
2.38354
2.29734
2.23704
2.19613
2.17726
2.18395
2.21953
2.28361
2.37034
2.46603
2.55831
2.63173
2.68338
2.71294
2.7277
2.7402
2.75625
2.77115
2.78331
2.78446
2.7693
2.73232
2.68853
2.63606
2.58488
2.53794
2.50059
2.4693
2.44089
2.40689
