1.07087
1.08194
1.0976
1.11492
1.13162
1.14667
1.16004
1.17182
1.18151
1.18805
1.19052
1.18871
1.1831
1.1744
1.1632
1.15042
1.13769
1.12714
1.12006
1.11589
1.11263
1.10835
1.10265
1.09697
1.09354
1.09401
1.09861
1.10609
1.1143
1.12095
1.12423
1.1232
1.11784
1.10903
1.09826
1.08751
1.07879
1.07378
1.07338
1.07741
1.08487
1.09424
1.1041
1.1136
1.12269
1.132
1.14235
1.15405
1.16633
1.17736
1.1849
1.18717
1.18318
1.17266
1.15577
1.13294
1.10493
1.07292
1.03875
1.00507
0.975406
0.953816
0.943928
0.947681
0.964471
0.991366
1.02409
1.05813
1.08961
1.11602
1.13641
1.15121
1.16152
1.16818
1.17117
1.16968
1.16279
1.15023
1.133
1.11344
1.09477
1.07993
1.0704
1.06555
1.06336
1.06159
1.05895
1.05551
1.05252
1.05171
1.0543
1.06032
1.06875
1.07816
1.08722
1.09486
1.10043
1.1041
1.10719
1.11162
