1.60631
1.62291
1.64641
1.67238
1.69744
1.72001
1.74006
1.75773
1.77227
1.78208
1.78578
1.78306
1.77465
1.7616
1.74481
1.72562
1.70654
1.69071
1.68008
1.67383
1.66894
1.66252
1.65398
1.64546
1.64031
1.64102
1.64792
1.65913
1.67145
1.68143
1.68635
1.6848
1.67677
1.66354
1.64739
1.63126
1.61818
1.61067
1.61006
1.61612
1.62731
1.64136
1.65614
1.6704
1.68403
1.698
1.71353
1.73108
1.7495
1.76604
1.77736
1.78076
1.77478
1.759
1.73366
1.69942
1.6574
1.60938
1.55812
1.50761
1.46311
1.43072
1.41589
1.42152
1.44671
1.48705
1.53614
1.58719
1.63441
1.67403
1.70462
1.72681
1.74227
1.75227
1.75676
1.75453
1.74418
1.72534
1.6995
1.67016
1.64215
1.6199
1.60559
1.59832
1.59504
1.59239
1.58843
1.58326
1.57879
1.57757
1.58144
1.59048
1.60313
1.61724
1.63083
1.64229
1.65064
1.65615
1.66079
1.66743
