1 319.694
2 667.706
3 1450.09
4 1462.3
5 1459.24
6 1161.45
7 1462.3
8 1797.76
9 1794.37
10 1459.24
11 1161.45
12 1164.17
13 919.302
14 1166.91
15 1158.72
16 1166.91
17 1169.64
18 914.458
19 1172.38
20 1780.84
21 1774.09
22 1770.73
23 1425.82
24 2093.98
25 2097.64
26 1757.29
27 2116
28 2123.37
29 2119.68
30 1777.47
31 1453.13
32 1164.17
33 1459.24
34 1462.3
35 1801.15
36 1807.95
37 1462.3
38 1468.42
39 1486.87
40 1183.36
41 1821.58
42 1502.34
43 1835.27
44 2197.73
45 2201.49
46 2197.73
47 2205.24
48 2601
49 2601
50 2601
51 2205.24
52 2601
53 2190.24
54 2179.02
55 2160.39
56 2167.83
57 2167.83
58 1489.96
59 2164.11
60 1797.76
61 916.878
62 2145.54
63 1797.76
64 1465.36
65 1471.49
66 1180.61
67 1456.19
68 1757.29
69 1760.64
70 1760.64
71 1760.64
72 909.626
73 1166.91
74 888.04
75 890.426
76 1139.74
77 1416.77
78 1740.56
79 1743.9
80 1747.24
81 1737.22
82 1123.59
83 1126.27
84 1733.89
85 1740.56
86 1743.9
87 1413.76
88 1407.75
89 1407.75
90 1416.77
91 1733.89
92 1743.9
93 1720.59
94 1395.77
95 1723.91
96 1730.56
97 1730.56
98 1410.75
99 1416.77
100 1413.76
101 1730.56
102 1416.77
103 1123.59
104 1425.82
105 1743.9
106 1737.22
107 1733.89
108 1404.75
109 1120.91
110 1123.59
111 1142.44
112 892.814
113 1142.44
114 1139.74
115 890.426
116 1444
117 1465.36
118 1180.61
119 1474.56
120 1175.12
121 1172.38
122 1172.38
123 919.302
124 1188.87
125 1804.55
126 1807.95
127 1814.76
128 1811.35
129 1794.37
130 1790.98
131 1797.76
132 1486.87
133 924.16
134 1459.24
135 1764
136 1767.36
137 1767.36
138 1770.73
139 1780.84
140 1459.24
141 1459.24
142 1471.49
143 1180.61
144 1459.24
145 1164.17
146 1456.19
147 1453.13
148 1169.64
149 1447.04
150 1166.91
151 1158.72
152 1447.04
153 1153.28
154 1145.15
155 1147.85
156 892.814
157 897.602
158 1145.15
159 1139.74
160 1431.87
161 1434.89
162 1147.85
163 1150.57
164 1453.13
165 1169.64
166 1465.36
167 1459.24
168 1180.61
169 1480.71
170 1183.36
171 1205.48
172 1493.05
173 1477.63
174 1480.71
175 1172.38
176 1161.45
177 1440.96
178 1437.93
179 1437.93
180 1425.82
181 1413.76
182 1419.78
183 1407.75
184 1123.59
185 1401.75
186 1727.23
187 1730.56
188 1419.78
189 1410.75
190 1419.78
191 1134.34
192 1422.8
193 1444
194 1444
195 1440.96
196 1447.04
197 1770.73
198 1444
199 1450.09
200 1764
201 1760.64
202 1447.04
203 1770.73
204 1757.29
205 1757.29
206 1740.56
207 1730.56
208 1134.34
209 1118.23
210 1398.76
211 1120.91
212 1118.23
213 1123.59
214 1407.75
215 1410.75
216 1407.75
217 1410.75
218 1410.75
219 1723.91
220 1404.75
221 2053.9
222 1713.96
223 1407.75
224 1723.91
225 1727.23
226 1733.89
227 1733.89
228 1740.56
229 2101.31
230 1757.29
231 1770.73
232 1453.13
233 1770.73
234 1780.84
235 1784.22
236 1804.55
237 1787.6
238 2141.84
239 1777.47
240 1784.22
241 1468.42
242 1790.98
243 1462.3
244 1456.19
245 1456.19
246 1770.73
247 1753.93
248 1740.56
249 1743.9
250 1743.9
251 1431.87
252 1150.57
253 1153.28
254 1164.17
255 1169.64
256 1150.57
257 1169.64
258 926.594
259 1462.3
260 1166.91
261 1166.91
262 1166.91
263 1456.19
264 1453.13
265 1447.04
266 1156
267 1764
268 1753.93
269 1743.9
270 1139.74
271 1437.93
272 1450.09
273 1777.47
274 1462.3
275 1787.6
276 1440.96
277 1750.59
278 1760.64
279 1450.09
280 1784.22
281 1784.22
282 1770.73
283 1767.36
284 1450.09
285 1770.73
286 1764
287 1764
288 1447.04
289 1434.89
290 1428.84
291 1431.87
292 1431.87
293 1743.9
294 1434.89
295 1767.36
296 1777.47
297 1471.49
298 1801.15
299 1811.35
300 1814.76
301 1814.76
302 1465.36
303 1169.64
304 1447.04
305 1757.29
306 1777.47
307 1780.84
308 1780.84
309 1784.22
310 1450.09
311 1465.36
312 1480.71
313 1794.37
314 1459.24
315 1177.86
316 909.626
317 1175.12
318 1465.36
319 1456.19
320 1468.42
321 1474.56
322 1480.71
323 1477.63
324 1180.61
325 1180.61
326 1480.71
327 686.44
328 904.806
329 1166.91
330 902.402
331 909.626
332 897.602
333 897.602
334 1428.84
335 1434.89
336 1760.64
337 1760.64
338 1750.59
339 1737.22
340 1743.9
341 1747.24
342 1434.89
343 1428.84
344 1447.04
345 1453.13
346 1453.13
347 1777.47
348 1780.84
349 1462.3
350 1790.98
351 1797.76
352 1801.15
353 1811.35
354 1794.37
355 1468.42
356 1462.3
357 1459.24
358 1456.19
359 902.402
360 914.458
361 692.742
362 914.458
363 1440.96
364 1456.19
365 1462.3
366 1784.22
367 2145.54
368 2145.54
369 1794.37
370 1784.22
371 1770.73
372 1777.47
373 2130.75
374 2127.05
375 1777.47
376 1774.09
377 1774.09
378 1764
379 1767.36
380 1750.59
381 1760.64
382 1444
383 1437.93
384 1145.15
385 671.846
386 895.206
387 914.458
388 1177.86
389 931.47
390 1483.79
391 1453.13
392 1465.36
393 1468.42
394 1480.71
395 1483.79
396 1480.71
397 1787.6
398 1180.61
399 1794.37
400 1471.49
401 1462.3
402 1186.11
403 1477.63
404 1471.49
405 1477.63
406 1194.39
407 1493.05
408 1496.14
409 1505.44
410 1496.14
411 1493.05
412 1483.79
413 1804.55
414 1807.95
415 1794.37
416 1797.76
417 1804.55
418 2167.83
419 1814.76
420 1807.95
421 1811.35
422 1807.95
423 1804.55
424 1807.95
425 1801.15
426 1804.55
427 1474.56
428 1474.56
429 1471.49
430 1477.63
431 1480.71
432 1480.71
433 1801.15
434 1797.76
435 1780.84
436 1774.09
437 1777.47
438 1780.84
439 1774.09
440 1777.47
441 1453.13
442 1447.04
443 1172.38
444 1774.09
445 1787.6
446 1794.37
447 1804.55
448 1465.36
449 1483.79
450 1804.55
451 1801.15
452 1186.11
453 1191.63
454 1191.63
455 1462.3
456 1465.36
457 1459.24
458 1169.64
459 1465.36
460 1462.3
461 1780.84
462 1807.95
463 1804.55
464 1804.55
465 1804.55
466 1797.76
467 1486.87
468 1468.42
469 1468.42
470 1480.71
471 1480.71
472 1474.56
473 1489.96
474 1814.76
475 2182.76
476 2193.99
477 1502.34
478 1835.27
479 1831.84
480 1835.27
481 1835.27
482 1205.48
483 1828.42
484 1496.14
485 1814.76
486 1477.63
487 1456.19
488 897.602
489 1153.28
490 1131.65
491 1419.78
492 1440.96
493 1425.82
494 1757.29
495 1760.64
496 1757.29
497 1784.22
498 1784.22
499 1444
500 1456.19
501 1459.24
502 1166.91
503 1456.19
504 1483.79
505 1493.05
506 1188.87
507 933.914
508 1191.63
509 1477.63
510 1480.71
511 1191.63
512 1183.36
513 1483.79
514 1483.79
515 1496.14
516 1489.96
517 1486.87
518 1468.42
519 1459.24
520 1784.22
521 1794.37
522 1811.35
523 1811.35
524 1180.61
525 1493.05
526 1502.34
527 2197.73
528 2201.49
529 1828.42
530 1818.17
531 1489.96
532 1199.93
533 1194.39
534 933.914
535 1205.48
536 936.36
537 921.73
538 1459.24
539 1450.09
540 1767.36
541 1764
542 1774.09
543 1787.6
544 1787.6
545 1777.47
546 1784.22
547 1459.24
548 1175.12
549 1462.3
550 1468.42
551 1804.55
552 1807.95
553 1818.17
554 1797.76
555 1797.76
556 1807.95
557 1493.05
558 1493.05
559 1818.17
560 1821.58
561 1828.42
562 1821.58
563 2193.99
564 2205.24
565 2201.49
566 2193.99
567 2201.49
568 1842.13
569 1831.84
570 1825
571 2182.76
572 2182.76
573 1814.76
574 2179.02
575 2190.24
576 2186.5
577 2179.02
578 1811.35
579 1814.76
580 1801.15
581 1456.19
582 1780.84
583 1790.98
584 2164.11
585 2167.83
586 1807.95
587 1804.55
588 1807.95
589 1807.95
590 2175.29
591 2160.39
592 2160.39
593 1477.63
594 1477.63
595 1471.49
596 1462.3
597 1794.37
598 1790.98
599 1794.37
600 1797.76
601 1794.37
602 1774.09
603 1780.84
604 1784.22
605 1465.36
606 1468.42
607 1784.22
608 1465.36
609 919.302
610 1177.86
611 1790.98
612 1787.6
613 1811.35
614 1807.95
615 1804.55
616 1468.42
617 1801.15
618 1831.84
619 1831.84
620 1199.93
621 1188.87
622 1183.36
623 1486.87
624 1183.36
625 1474.56
626 1483.79
627 1471.49
628 1444
629 1767.36
630 2130.75
631 1774.09
632 1764
633 1770.73
634 1760.64
635 2104.97
636 2101.31
637 1444
638 1757.29
639 1437.93
640 1428.84
641 1440.96
642 1444
643 1468.42
644 921.73
645 1194.39
646 1499.24
647 1486.87
648 1480.71
649 1459.24
650 916.878
651 1462.3
652 1804.55
653 1797.76
654 1797.76
655 1477.63
656 1459.24
657 1468.42
658 1462.3
659 1153.28
660 1161.45
661 1186.11
662 1483.79
663 1807.95
664 1818.17
665 2175.29
666 1811.35
667 1814.76
668 1807.95
669 1197.16
670 1186.11
671 1194.39
672 1188.87
673 1831.84
674 1828.42
675 1828.42
676 2186.5
677 2190.24
678 2197.73
679 2601
680 2601
681 2601
682 1838.69
683 1828.42
684 1814.76
685 1814.76
686 1194.39
687 1477.63
688 1468.42
689 1468.42
690 1462.3
691 1468.42
692 1186.11
693 1804.55
694 1480.71
695 1489.96
696 1499.24
697 931.47
698 1474.56
699 1453.13
700 1172.38
701 919.302
702 1804.55
703 1797.76
704 1814.76
705 1801.15
706 1471.49
707 1480.71
708 1474.56
709 1483.79
710 1480.71
711 1828.42
712 1486.87
713 1814.76
714 1797.76
715 1790.98
716 1804.55
717 1471.49
718 1493.05
719 1197.16
720 1804.55
721 1787.6
722 1777.47
723 1453.13
724 1145.15
725 890.426
726 1425.82
727 1137.04
728 1142.44
729 1730.56
730 1723.91
731 1410.75
732 1422.8
733 1410.75
734 1131.65
735 885.658
736 878.53
737 885.658
738 1410.75
739 1413.76
740 1137.04
741 1407.75
742 1422.8
743 1422.8
744 1425.82
745 1743.9
746 1743.9
747 1416.77
748 1431.87
749 2086.66
750 1730.56
751 1404.75
752 1717.27
753 1720.59
754 1704.04
755 1713.96
756 1404.75
757 1404.75
758 1700.74
759 1700.74
760 1690.85
761 1704.04
762 1395.77
763 1700.74
764 1389.8
765 1694.15
766 1700.74
767 2043.04
768 2046.66
769 1723.91
770 1401.75
771 1134.34
772 1150.57
773 1158.72
774 1425.82
775 1150.57
776 1166.91
777 1437.93
778 1175.12
779 1147.85
780 1447.04
781 1444
782 1447.04
783 1161.45
784 1450.09
785 1777.47
786 1465.36
787 1465.36
788 1468.42
789 1480.71
790 1787.6
791 1462.3
792 1780.84
793 1784.22
794 1459.24
795 1801.15
796 1493.05
797 1811.35
798 1807.95
799 2167.83
800 2171.56
801 2179.02
802 1825
803 2205.24
804 2201.49
805 2190.24
806 1818.17
807 1801.15
808 1483.79
809 1814.76
810 1202.7
811 1825
812 1831.84
813 2197.73
814 1821.58
815 2190.24
816 1496.14
817 1825
818 2186.5
819 1828.42
820 1814.76
821 2175.29
822 1483.79
823 1188.87
824 1197.16
825 1814.76
826 2179.02
827 2186.5
828 2193.99
829 2193.99
830 1838.69
831 2601
832 2601
833 2601
834 2201.49
835 1825
836 1828.42
837 1801.15
838 1801.15
839 1797.76
840 1797.76
841 1794.37
842 1794.37
843 1787.6
844 2138.14
845 2149.25
846 1787.6
847 1774.09
848 1447.04
849 1440.96
850 1450.09
851 1777.47
852 1764
853 1760.64
854 1757.29
855 1440.96
856 1147.85
857 1437.93
858 1437.93
859 1440.96
860 880.902
861 1134.34
862 1404.75
863 1404.75
864 1404.75
865 1717.27
866 2061.16
867 2064.79
868 1710.65
869 1710.65
870 1713.96
871 1401.75
872 1401.75
873 1115.56
874 1115.56
875 1115.56
876 1717.27
877 1723.91
878 1737.22
879 2086.66
880 2083.01
881 2072.07
882 1727.23
883 1720.59
884 1720.59
885 1723.91
886 1727.23
887 1404.75
888 1723.91
889 1407.75
890 1413.76
891 1137.04
892 1422.8
893 1410.75
894 1710.65
895 1713.96
896 1704.04
897 1697.44
898 1704.04
899 1704.04
900 1395.77
901 1697.44
902 2028.6
903 1690.85
904 1690.85
905 2401
906 2028.6
907 2028.6
908 1697.44
909 1710.65
910 873.794
911 1404.75
912 1123.59
913 651.27
914 880.902
915 1139.74
916 1142.44
917 1137.04
918 1126.27
919 1128.96
920 1713.96
921 1704.04
922 1107.56
923 1383.84
924 1697.44
925 1710.65
926 1120.91
927 1413.76
928 1434.89
929 1434.89
930 1774.09
931 1459.24
932 1462.3
933 1177.86
934 1183.36
935 914.458
936 1177.86
937 921.73
938 926.594
939 1205.48
940 1188.87
941 1483.79
942 1818.17
943 1814.76
944 2182.76
945 2164.11
946 2164.11
947 2156.67
948 1794.37
949 2160.39
950 2160.39
951 2167.83
952 1818.17
953 1489.96
954 1474.56
955 1480.71
956 1794.37
957 1804.55
958 1797.76
959 1797.76
960 1797.76
961 1462.3
962 1790.98
963 1780.84
964 1456.19
965 1471.49
966 1188.87
967 1486.87
968 1486.87
969 1194.39
970 1797.76
971 1794.37
972 1787.6
973 1777.47
974 1777.47
975 1770.73
976 1767.36
977 2108.65
978 2108.65
979 2108.65
980 2093.98
981 1422.8
982 1753.93
983 2090.32
984 1753.93
985 1760.64
986 1764
987 1770.73
988 1764
989 1777.47
990 1794.37
991 1804.55
992 1825
993 1807.95
994 1807.95
995 1814.76
996 1804.55
997 1468.42
998 1474.56
999 1177.86
1000 1453.13
1001 1459.24
1002 1453.13
1003 1450.09
1004 1153.28
1005 1447.04
1006 1447.04
1007 1774.09
1008 1774.09
1009 1767.36
1010 1767.36
1011 1753.93
1012 1444
1013 1428.84
1014 1750.59
1015 1743.9
1016 1737.22
1017 1407.75
1018 1422.8
1019 1723.91
1020 2057.53
1021 2064.79
1022 2039.43
1023 1697.44
1024 1707.34
1025 1704.04
1026 2035.81
1027 1700.74
1028 1694.15
1029 1383.84
1030 1700.74
1031 1727.23
1032 1730.56
1033 1727.23
1034 1398.76
1035 1383.84
1036 1694.15
1037 2035.81
1038 2035.81
1039 1697.44
1040 1398.76
1041 880.902
1042 1431.87
1043 1153.28
1044 1156
1045 1158.72
1046 1156
1047 1153.28
1048 1156
1049 1158.72
1050 1471.49
1051 1456.19
1052 1462.3
1053 1175.12
1054 1169.64
1055 1172.38
1056 1172.38
1057 1169.64
1058 1450.09
1059 1459.24
1060 1459.24
1061 1474.56
1062 1811.35
1063 1471.49
1064 1471.49
1065 2167.83
1066 2160.39
1067 2164.11
1068 2167.83
1069 2175.29
1070 2190.24
1071 2193.99
1072 2186.5
1073 1818.17
1074 1489.96
1075 1199.93
1076 1486.87
1077 1811.35
1078 1474.56
1079 1814.76
1080 1814.76
1081 1489.96
1082 926.594
1083 1202.7
1084 1480.71
1085 1483.79
1086 1818.17
1087 1818.17
1088 1828.42
1089 1821.58
1090 1493.05
1091 1821.58
1092 1499.24
1093 1489.96
1094 1474.56
1095 929.03
1096 1169.64
1097 1166.91
1098 904.806
1099 1456.19
1100 1770.73
1101 1774.09
1102 1447.04
1103 1431.87
1104 1410.75
1105 1416.77
1106 1737.22
1107 1737.22
1108 1437.93
1109 1750.59
1110 1764
1111 1444
1112 1450.09
1113 1158.72
1114 1444
1115 1434.89
1116 1437.93
1117 1777.47
1118 1770.73
1119 1175.12
1120 1175.12
1121 931.47
1122 1480.71
1123 1465.36
1124 1468.42
1125 1462.3
1126 1462.3
1127 1166.91
1128 1462.3
1129 1468.42
1130 1177.86
1131 1814.76
1132 1807.95
1133 1483.79
1134 1169.64
1135 1790.98
1136 1787.6
1137 1784.22
1138 1169.64
1139 1180.61
1140 1480.71
1141 1471.49
1142 1465.36
1143 1790.98
1144 2152.96
1145 1790.98
1146 1780.84
1147 1790.98
1148 1477.63
1149 1811.35
1150 2171.56
1151 2164.11
1152 2167.83
1153 2171.56
1154 1818.17
1155 1821.58
1156 1821.58
1157 1480.71
1158 1468.42
1159 1468.42
1160 1462.3
1161 1465.36
1162 2138.14
1163 2141.84
1164 1790.98
1165 1453.13
1166 1764
1167 1757.29
1168 1757.29
1169 1760.64
1170 1764
1171 1757.29
1172 1431.87
1173 1774.09
1174 1450.09
1175 1450.09
1176 2127.05
1177 1757.29
1178 2119.68
1179 2108.65
1180 1440.96
1181 904.806
1182 1164.17
1183 1156
1184 1757.29
1185 1750.59
1186 1434.89
1187 1737.22
1188 1733.89
1189 1757.29
1190 1750.59
1191 1737.22
1192 1740.56
1193 1727.23
1194 1727.23
1195 1733.89
1196 1720.59
1197 1407.75
1198 1401.75
1199 1398.76
1200 1126.27
1201 1139.74
1202 1419.78
1203 1422.8
1204 1425.82
1205 1419.78
1206 1131.65
1207 1419.78
1208 1404.75
1209 1727.23
1210 1730.56
1211 1727.23
1212 1747.24
1213 1740.56
1214 1747.24
1215 1737.22
1216 1733.89
1217 1747.24
1218 1440.96
1219 1444
1220 1757.29
1221 1770.73
1222 1444
1223 1139.74
1224 1425.82
1225 1142.44
1226 1172.38
1227 1156
1228 1444
1229 1743.9
1230 1444
1231 1453.13
1232 1462.3
1233 1447.04
1234 1777.47
1235 1450.09
1236 1450.09
1237 1145.15
1238 1142.44
1239 1134.34
1240 1407.75
1241 862.01
1242 1410.75
1243 1727.23
1244 2072.07
1245 1740.56
1246 1428.84
1247 1428.84
1248 1134.34
1249 1407.75
1250 663.578
1251 883.278
1252 1128.96
1253 1128.96
1254 1110.22
1255 1398.76
1256 873.794
1257 864.36
1258 878.53
1259 873.794
1260 885.658
1261 1134.34
1262 873.794
1263 1425.82
1264 1444
1265 1764
1266 1764
1267 1444
1268 1437.93
1269 1431.87
1270 1450.09
1271 1180.61
1272 1471.49
1273 1480.71
1274 1790.98
1275 1790.98
1276 1818.17
1277 1821.58
1278 1202.7
1279 1821.58
1280 1814.76
1281 1811.35
1282 1825
1283 2179.02
1284 1814.76
1285 1477.63
1286 1790.98
1287 1780.84
1288 2152.96
1289 2145.54
1290 2141.84
1291 1790.98
1292 1801.15
1293 1471.49
1294 1807.95
1295 2156.67
1296 2164.11
1297 1807.95
1298 1811.35
1299 2160.39
1300 2160.39
1301 1784.22
1302 1767.36
1303 2119.68
1304 1750.59
1305 2119.68
1306 1450.09
1307 1767.36
1308 1153.28
1309 1459.24
1310 1780.84
1311 2134.44
1312 2127.05
1313 2138.14
1314 2138.14
1315 2141.84
1316 1468.42
1317 1456.19
1318 1777.47
1319 1767.36
1320 1767.36
1321 2141.84
1322 2138.14
1323 2138.14
1324 1774.09
1325 2145.54
1326 1784.22
1327 1784.22
1328 1465.36
1329 1186.11
1330 1465.36
1331 1474.56
1332 1177.86
1333 907.214
1334 1145.15
1335 895.206
1336 669.774
1337 902.402
1338 1188.87
1339 1175.12
1340 1471.49
1341 1177.86
1342 1166.91
1343 1465.36
1344 1804.55
1345 1801.15
1346 1794.37
1347 1804.55
1348 1807.95
1349 1483.79
1350 1480.71
1351 1471.49
1352 1180.61
1353 1468.42
1354 1471.49
1355 1474.56
1356 1804.55
1357 1804.55
1358 1801.15
1359 1818.17
1360 1477.63
1361 1821.58
1362 1821.58
1363 1801.15
1364 1804.55
1365 1175.12
1366 1172.38
1367 1784.22
1368 1175.12
1369 1180.61
1370 1175.12
1371 1780.84
1372 1780.84
1373 1787.6
1374 1180.61
1375 1790.98
1376 1811.35
1377 1804.55
1378 1801.15
1379 1807.95
1380 1177.86
1381 1183.36
1382 1180.61
1383 1188.87
1384 1483.79
1385 1191.63
1386 1471.49
1387 1459.24
1388 1477.63
1389 1462.3
1390 1456.19
1391 1450.09
1392 1462.3
1393 1456.19
1394 2138.14
1395 2145.54
1396 2164.11
1397 2167.83
1398 1804.55
1399 1483.79
1400 1483.79
1401 1489.96
1402 1202.7
1403 1499.24
1404 1831.84
1405 2186.5
1406 1814.76
1407 1814.76
1408 2175.29
1409 2179.02
1410 1818.17
1411 1814.76
1412 2182.76
1413 2186.5
1414 2171.56
1415 2171.56
1416 1831.84
1417 1821.58
1418 1818.17
1419 1821.58
1420 2197.73
1421 1831.84
1422 1835.27
1423 1835.27
1424 2182.76
1425 1831.84
1426 1483.79
1427 1486.87
1428 1499.24
1429 1825
1430 1814.76
1431 1811.35
1432 1807.95
1433 1804.55
1434 1807.95
1435 1818.17
1436 1814.76
1437 1489.96
1438 1496.14
1439 1818.17
1440 1818.17
1441 1818.17
1442 2167.83
1443 2179.02
1444 2190.24
1445 2201.49
1446 2205.24
1447 2201.49
1448 2190.24
1449 2190.24
1450 1828.42
1451 1807.95
1452 1493.05
1453 1180.61
1454 1468.42
1455 1814.76
1456 1807.95
1457 1477.63
1458 1474.56
1459 1797.76
1460 1804.55
1461 1180.61
1462 924.16
1463 921.73
1464 1814.76
1465 1807.95
1466 1493.05
1467 1489.96
1468 1194.39
1469 1489.96
1470 1197.16
1471 1486.87
1472 2164.11
1473 1807.95
1474 1811.35
1475 1807.95
1476 1811.35
1477 1477.63
1478 1471.49
1479 1807.95
1480 1807.95
1481 1811.35
1482 1811.35
1483 1811.35
1484 1835.27
1485 2205.24
1486 1835.27
1487 1831.84
1488 1211.04
1489 1842.13
1490 1496.14
1491 1468.42
1492 1780.84
1493 1777.47
1494 1471.49
1495 1175.12
1496 1186.11
1497 1177.86
1498 1180.61
1499 1183.36
1500 1801.15
1501 1794.37
1502 1468.42
1503 1780.84
1504 1784.22
1505 1764
1506 1767.36
1507 1774.09
1508 1150.57
1509 1444
1510 1164.17
1511 1444
1512 1425.82
1513 1422.8
1514 1410.75
1515 1425.82
1516 1419.78
1517 1123.59
1518 653.314
1519 1392.78
1520 1131.65
1521 1428.84
1522 657.41
1523 1142.44
1524 1425.82
1525 1727.23
1526 1727.23
1527 2061.16
1528 1700.74
1529 2043.04
1530 2032.21
1531 2039.43
1532 2039.43
1533 1700.74
1534 2046.66
1535 1704.04
1536 1392.78
1537 1107.56
1538 866.714
1539 876.16
1540 1410.75
1541 1717.27
1542 1727.23
1543 1747.24
1544 1747.24
1545 2083.01
1546 1428.84
1547 1431.87
1548 1750.59
1549 1459.24
1550 1480.71
1551 1486.87
1552 1825
1553 2190.24
1554 1811.35
1555 1794.37
1556 1797.76
1557 1801.15
1558 1801.15
1559 1790.98
1560 1801.15
1561 1801.15
1562 1804.55
1563 1787.6
1564 1459.24
1565 1764
1566 1147.85
1567 897.602
1568 907.214
1569 1453.13
1570 1777.47
1571 1166.91
1572 1177.86
1573 1175.12
1574 1459.24
1575 1465.36
1576 1459.24
1577 1790.98
1578 1794.37
1579 1807.95
1580 1814.76
1581 1821.58
1582 1821.58
1583 931.47
1584 1194.39
1585 1188.87
1586 1169.64
1587 1456.19
1588 1158.72
1589 1434.89
1590 1434.89
1591 1434.89
1592 897.602
1593 900
1594 1147.85
1595 1145.15
1596 1437.93
1597 1434.89
1598 1440.96
1599 1416.77
1600 1131.65
1601 1398.76
1602 1720.59
1603 1704.04
1604 1392.78
1605 1386.82
1606 1392.78
1607 1700.74
1608 1700.74
1609 1401.75
1610 1398.76
1611 880.902
1612 1134.34
1613 1422.8
1614 1407.75
1615 1131.65
1616 1147.85
1617 1128.96
1618 1137.04
1619 1733.89
1620 1410.75
1621 1733.89
1622 1740.56
1623 1131.65
1624 1425.82
1625 1139.74
1626 895.206
1627 890.426
1628 897.602
1629 1153.28
1630 1425.82
1631 1416.77
1632 1395.77
1633 1126.27
1634 1126.27
1635 1137.04
1636 1131.65
1637 1740.56
1638 1730.56
1639 1717.27
1640 1717.27
1641 1413.76
1642 1410.75
1643 1743.9
1644 1757.29
1645 1760.64
1646 1764
1647 1764
1648 1760.64
1649 1774.09
1650 1456.19
1651 1462.3
1652 1468.42
1653 1777.47
1654 1777.47
1655 1787.6
1656 1166.91
1657 1767.36
1658 1770.73
1659 2127.05
1660 1780.84
1661 1787.6
1662 1468.42
1663 1801.15
1664 1807.95
1665 1811.35
1666 1818.17
1667 1480.71
1668 1804.55
1669 1797.76
1670 926.594
1671 1161.45
1672 1770.73
1673 1757.29
1674 1767.36
1675 1437.93
1676 1444
1677 1437.93
1678 1760.64
1679 1764
1680 1447.04
1681 1459.24
1682 694.85
1683 1194.39
1684 1199.93
1685 1486.87
1686 1489.96
1687 1486.87
1688 1186.11
1689 1493.05
1690 1818.17
1691 1502.34
1692 2197.73
1693 2197.73
1694 2197.73
1695 2182.76
1696 1825
1697 1821.58
1698 1811.35
1699 1474.56
1700 1471.49
1701 1183.36
1702 1164.17
1703 1462.3
1704 1450.09
1705 1169.64
1706 909.626
1707 1166.91
1708 1166.91
1709 907.214
1710 1177.86
1711 919.302
1712 1186.11
1713 1801.15
1714 1794.37
1715 1797.76
1716 1797.76
1717 1787.6
1718 1465.36
1719 1462.3
1720 1780.84
1721 1456.19
1722 1147.85
1723 1413.76
1724 1733.89
1725 1730.56
1726 1134.34
1727 1404.75
1728 1404.75
1729 1126.27
1730 1407.75
1731 1419.78
1732 1134.34
1733 1428.84
1734 1437.93
1735 1153.28
1736 1450.09
1737 1437.93
1738 1428.84
1739 1416.77
1740 1416.77
1741 1422.8
1742 1134.34
1743 1727.23
1744 1126.27
1745 1123.59
1746 1401.75
1747 1416.77
1748 1126.27
1749 1404.75
1750 1123.59
1751 1128.96
1752 1416.77
1753 1401.75
1754 1395.77
1755 1123.59
1756 1392.78
1757 1694.15
1758 2028.6
1759 1687.57
1760 2032.21
1761 2035.81
1762 1694.15
1763 1377.89
1764 1690.85
1765 2401
1766 2032.21
1767 1707.34
1768 1707.34
1769 1407.75
1770 1137.04
1771 1142.44
1772 1156
1773 883.278
1774 667.706
1775 475.24
1776 1123.59
1777 1398.76
1778 1407.75
1779 1398.76
1780 1398.76
1781 655.36
1782 876.16
1783 1389.8
1784 1395.77
1785 1123.59
1786 1115.56
1787 888.04
1788 888.04
1789 1145.15
1790 1139.74
1791 1737.22
1792 1416.77
1793 1727.23
1794 1737.22
1795 1727.23
1796 1730.56
1797 1145.15
1798 1747.24
1799 1764
1800 1764
1801 1153.28
1802 1447.04
1803 1453.13
1804 1450.09
1805 904.806
1806 1175.12
1807 1471.49
1808 2175.29
1809 1483.79
1810 1477.63
1811 1821.58
1812 2179.02
1813 1825
1814 2182.76
1815 2193.99
1816 2182.76
1817 2167.83
1818 1825
1819 1828.42
1820 1480.71
1821 1186.11
1822 1807.95
1823 1818.17
1824 1807.95
1825 2160.39
1826 1486.87
1827 1804.55
1828 1818.17
1829 1825
1830 1831.84
1831 2201.49
1832 1831.84
1833 2193.99
1834 2186.5
1835 1821.58
1836 1818.17
1837 1814.76
1838 1493.05
1839 1828.42
1840 1480.71
1841 1471.49
1842 1790.98
1843 1465.36
1844 1790.98
1845 1760.64
1846 1428.84
1847 1440.96
1848 1450.09
1849 1444
1850 1161.45
1851 1764
1852 1767.36
1853 1757.29
1854 2093.98
1855 1740.56
1856 1434.89
1857 2090.32
1858 1753.93
1859 1753.93
1860 1764
1861 1431.87
1862 1425.82
1863 1434.89
1864 1447.04
1865 1153.28
1866 1774.09
1867 1764
1868 1757.29
1869 1753.93
1870 2097.64
1871 1733.89
1872 2068.43
1873 2064.79
1874 1720.59
1875 1410.75
1876 1404.75
1877 866.714
1878 1713.96
1879 1717.27
1880 1398.76
1881 1115.56
1882 1404.75
1883 1410.75
1884 1404.75
1885 1407.75
1886 1727.23
1887 1727.23
1888 1740.56
1889 1743.9
1890 1425.82
1891 2086.66
1892 2083.01
1893 2090.32
1894 1747.24
1895 1730.56
1896 1713.96
1897 2072.07
1898 1743.9
1899 1757.29
1900 1161.45
1901 1468.42
1902 1477.63
1903 1474.56
1904 1794.37
1905 1777.47
1906 1780.84
1907 1774.09
1908 1770.73
1909 1764
1910 1757.29
1911 1757.29
1912 880.902
1913 1126.27
1914 1416.77
1915 1413.76
1916 1407.75
1917 1410.75
1918 873.794
1919 1126.27
1920 880.902
1921 1126.27
1922 1713.96
1923 1401.75
1924 1737.22
1925 1422.8
1926 1753.93
1927 1413.76
1928 1145.15
1929 1740.56
1930 1733.89
1931 1747.24
1932 1419.78
1933 1431.87
1934 1440.96
1935 1450.09
1936 1447.04
1937 1790.98
1938 1468.42
1939 1787.6
1940 1471.49
1941 1477.63
1942 1169.64
1943 916.878
1944 1164.17
1945 1770.73
1946 1774.09
1947 1777.47
1948 1760.64
1949 1760.64
1950 1422.8
1951 1750.59
1952 1770.73
1953 1462.3
1954 1468.42
1955 1465.36
1956 1462.3
1957 1459.24
1958 1471.49
1959 1188.87
1960 1477.63
1961 1172.38
1962 1166.91
1963 1453.13
1964 1797.76
1965 1794.37
1966 1790.98
1967 1166.91
1968 1158.72
1969 1456.19
1970 1434.89
1971 1434.89
1972 1743.9
1973 1743.9
1974 1407.75
1975 2075.71
1976 2086.66
1977 2086.66
1978 2083.01
1979 1416.77
1980 2075.71
1981 2090.32
1982 2108.65
1983 1767.36
1984 1767.36
1985 1757.29
1986 2116
1987 2112.32
1988 2112.32
1989 2116
1990 2127.05
1991 2141.84
1992 1787.6
1993 1465.36
1994 1453.13
1995 1468.42
1996 1804.55
1997 1807.95
1998 1477.63
1999 1790.98
2000 1477.63
2001 1804.55
2002 1807.95
2003 1480.71
2004 1477.63
2005 1477.63
2006 926.594
2007 919.302
2008 1172.38
2009 1477.63
2010 1818.17
2011 1489.96
2012 1489.96
2013 1486.87
2014 1804.55
2015 1804.55
2016 1483.79
2017 1807.95
2018 1818.17
2019 1186.11
2020 1493.05
2021 1825
2022 1191.63
2023 1489.96
2024 1804.55
2025 1794.37
2026 1784.22
2027 1790.98
2028 1797.76
2029 1804.55
2030 1804.55
2031 1825
2032 2190.24
2033 1499.24
2034 1197.16
2035 1489.96
2036 1483.79
2037 1489.96
2038 1477.63
2039 1480.71
2040 1807.95
2041 1787.6
2042 929.03
2043 1483.79
2044 1471.49
2045 1486.87
2046 1468.42
2047 1471.49
2048 1807.95
2049 1797.76
2050 1477.63
2051 1180.61
2052 1177.86
2053 1468.42
2054 1453.13
2055 1794.37
2056 1790.98
2057 1787.6
2058 1794.37
2059 1166.91
2060 1471.49
2061 1801.15
2062 1480.71
2063 1477.63
2064 1183.36
2065 1818.17
2066 1801.15
2067 1801.15
2068 1790.98
2069 1801.15
2070 1811.35
2071 1807.95
2072 1807.95
2073 1818.17
2074 1821.58
2075 2182.76
2076 2190.24
2077 2197.73
2078 1831.84
2079 2201.49
2080 1502.34
2081 1838.69
2082 2182.76
2083 1814.76
2084 1493.05
2085 2186.5
2086 2171.56
2087 2179.02
2088 2171.56
2089 2164.11
2090 2156.67
2091 1801.15
2092 1794.37
2093 1804.55
2094 1804.55
2095 2167.83
2096 2164.11
2097 2156.67
2098 1780.84
2099 1790.98
2100 2134.44
2101 2134.44
2102 2138.14
2103 2141.84
2104 1787.6
2105 2149.25
2106 1797.76
2107 1471.49
2108 1462.3
2109 1804.55
2110 1807.95
2111 2167.83
2112 2167.83
2113 2175.29
2114 1811.35
2115 1828.42
2116 1818.17
2117 1493.05
2118 1831.84
2119 2197.73
2120 1838.69
2121 1842.13
2122 1821.58
2123 2197.73
2124 2197.73
2125 2193.99
2126 1821.58
2127 2171.56
2128 2175.29
2129 1801.15
2130 1456.19
2131 1774.09
2132 1777.47
2133 1770.73
2134 1459.24
2135 1477.63
2136 2164.11
2137 2167.83
2138 2171.56
2139 2164.11
2140 2167.83
2141 1480.71
2142 1177.86
2143 690.638
2144 686.44
2145 916.878
2146 1191.63
2147 1172.38
2148 1477.63
2149 1480.71
2150 1480.71
2151 1480.71
2152 1787.6
2153 1794.37
2154 1794.37
2155 1188.87
2156 1483.79
2157 2193.99
2158 2193.99
2159 1828.42
2160 1508.55
2161 2197.73
2162 1838.69
2163 1838.69
2164 1838.69
2165 1499.24
2166 1493.05
2167 1502.34
2168 1499.24
2169 1496.14
2170 1489.96
2171 1489.96
2172 1502.34
2173 1821.58
2174 1828.42
2175 1489.96
2176 1489.96
2177 2182.76
2178 1821.58
2179 1499.24
2180 1496.14
2181 1486.87
2182 1486.87
2183 1188.87
2184 1194.39
2185 916.878
2186 1474.56
2187 1474.56
2188 1180.61
2189 1468.42
2190 1462.3
2191 1468.42
2192 1477.63
2193 1465.36
2194 1477.63
2195 1177.86
2196 909.626
2197 1453.13
2198 1459.24
2199 1462.3
2200 1450.09
2201 1440.96
2202 1444
2203 1740.56
2204 1753.93
2205 1425.82
2206 1750.59
2207 1750.59
2208 1750.59
2209 1760.64
2210 1764
2211 1462.3
2212 1169.64
2213 678.082
2214 909.626
2215 892.814
2216 904.806
2217 1153.28
2218 1180.61
2219 1177.86
2220 1186.11
2221 1486.87
2222 1818.17
2223 1807.95
2224 1804.55
2225 1191.63
2226 921.73
2227 912.04
2228 904.806
2229 909.626
2230 914.458
2231 909.626
2232 892.814
2233 1416.77
2234 1431.87
2235 1447.04
2236 1450.09
2237 1444
2238 1459.24
2239 1462.3
2240 1172.38
2241 1183.36
2242 1801.15
2243 1499.24
2244 1835.27
2245 1828.42
2246 2190.24
2247 2190.24
2248 2186.5
2249 1818.17
2250 1825
2251 1814.76
2252 1797.76
2253 1797.76
2254 1818.17
2255 1814.76
2256 1814.76
2257 1486.87
2258 1183.36
2259 1175.12
2260 1180.61
2261 1177.86
2262 1465.36
2263 1468.42
2264 1787.6
2265 1801.15
2266 1787.6
2267 1797.76
2268 1471.49
2269 1483.79
2270 1486.87
2271 1474.56
2272 1797.76
2273 1780.84
2274 1777.47
2275 1161.45
2276 1158.72
2277 1147.85
2278 1447.04
2279 1164.17
2280 1169.64
2281 1434.89
2282 1428.84
2283 1422.8
2284 1422.8
2285 1145.15
2286 1139.74
2287 1764
2288 1770.73
2289 1764
2290 1434.89
2291 1757.29
2292 1753.93
2293 1434.89
2294 1437.93
2295 1440.96
2296 1153.28
2297 1747.24
2298 1434.89
2299 1437.93
2300 1444
2301 1425.82
2302 1428.84
2303 1447.04
2304 1437.93
2305 1444
2306 1434.89
2307 1416.77
2308 1717.27
2309 1398.76
2310 1115.56
2311 1401.75
2312 1398.76
2313 1700.74
2314 1694.15
2315 1697.44
2316 2028.6
2317 2032.21
2318 2028.6
2319 1694.15
2320 1700.74
2321 1704.04
2322 1694.15
2323 1700.74
2324 1713.96
2325 1401.75
2326 1401.75
2327 1404.75
2328 1416.77
2329 1410.75
2330 1410.75
2331 1142.44
2332 1120.91
2333 1120.91
2334 1717.27
2335 1723.91
2336 1392.78
2337 1126.27
2338 1413.76
2339 1404.75
2340 1428.84
2341 1437.93
2342 1764
2343 1431.87
2344 1428.84
2345 1431.87
2346 897.602
2347 1434.89
2348 1431.87
2349 1431.87
2350 1444
2351 1428.84
2352 1434.89
2353 1425.82
2354 1428.84
2355 1422.8
2356 1450.09
2357 1447.04
2358 1158.72
2359 1444
2360 1440.96
2361 1431.87
2362 1153.28
2363 1156
2364 1150.57
2365 1431.87
2366 1419.78
2367 1425.82
2368 1422.8
2369 1723.91
2370 1713.96
2371 1707.34
2372 1707.34
2373 2053.9
2374 1404.75
2375 1717.27
2376 1419.78
2377 1131.65
2378 1131.65
2379 1440.96
2380 1440.96
2381 1440.96
2382 1447.04
2383 1169.64
2384 1166.91
2385 902.402
2386 1453.13
2387 1780.84
2388 1767.36
2389 1780.84
2390 1790.98
2391 1794.37
2392 1804.55
2393 1465.36
2394 1777.47
2395 1465.36
2396 1770.73
2397 1780.84
2398 1794.37
2399 1790.98
2400 1804.55
2401 1814.76
2402 2164.11
2403 1825
2404 1194.39
2405 1496.14
2406 1828.42
2407 2190.24
2408 2205.24
2409 2601
2410 2601
2411 2601
2412 2601
2413 2193.99
2414 2201.49
2415 1835.27
2416 1489.96
2417 1483.79
2418 1186.11
2419 692.742
2420 1465.36
2421 1465.36
2422 1471.49
2423 1453.13
2424 1450.09
2425 1147.85
2426 883.278
2427 895.206
2428 904.806
2429 688.538
2430 907.214
2431 1164.17
2432 1447.04
2433 1453.13
2434 1437.93
2435 1450.09
2436 1450.09
2437 1450.09
2438 1434.89
2439 1434.89
2440 1740.56
2441 1413.76
2442 1727.23
2443 1710.65
2444 1704.04
2445 1386.82
2446 1700.74
2447 2043.04
2448 2032.21
2449 1687.57
2450 1694.15
2451 1687.57
2452 1697.44
2453 1401.75
2454 1404.75
2455 878.53
2456 647.194
2457 873.794
2458 876.16
2459 1416.77
2460 1123.59
2461 1118.23
2462 1112.89
2463 1697.44
2464 2046.66
2465 1697.44
2466 1717.27
2467 1700.74
2468 1398.76
2469 1717.27
2470 1401.75
2471 1401.75
2472 1717.27
2473 1110.22
2474 1392.78
2475 1407.75
2476 1128.96
2477 1145.15
2478 1437.93
2479 1431.87
2480 1419.78
2481 1145.15
2482 1428.84
2483 895.206
2484 890.426
2485 1161.45
2486 1161.45
2487 1164.17
2488 1161.45
2489 1164.17
2490 912.04
2491 1462.3
2492 1471.49
2493 1465.36
2494 1447.04
2495 1440.96
2496 1434.89
2497 1425.82
2498 1428.84
2499 1737.22
2500 1730.56
2501 1743.9
2502 1416.77
2503 1419.78
2504 1428.84
2505 1153.28
2506 1434.89
2507 1169.64
2508 1471.49
2509 1465.36
2510 1483.79
2511 1186.11
2512 1180.61
2513 1180.61
2514 1150.57
2515 1428.84
2516 1437.93
2517 1425.82
2518 1437.93
2519 1453.13
2520 1440.96
2521 1743.9
2522 1727.23
2523 2064.79
2524 2061.16
2525 1733.89
2526 1717.27
2527 1727.23
2528 1413.76
2529 1407.75
2530 1398.76
2531 1410.75
2532 1142.44
2533 892.814
2534 1134.34
2535 1139.74
2536 888.04
2537 885.658
2538 1413.76
2539 1737.22
2540 1743.9
2541 1753.93
2542 1770.73
2543 1777.47
2544 1784.22
2545 1774.09
2546 1760.64
2547 1453.13
2548 1459.24
2549 1456.19
2550 1465.36
2551 1450.09
2552 1161.45
2553 1139.74
2554 1428.84
2555 1743.9
2556 1740.56
2557 1733.89
2558 1150.57
2559 1158.72
2560 919.302
2561 1175.12
2562 924.16
2563 1172.38
2564 1166.91
2565 1175.12
2566 1474.56
2567 1468.42
2568 1471.49
2569 1453.13
2570 1150.57
2571 1158.72
2572 1456.19
2573 1770.73
2574 1153.28
2575 1434.89
2576 1750.59
2577 1156
2578 1450.09
2579 1447.04
2580 1166.91
2581 1169.64
2582 1175.12
2583 1465.36
2584 1462.3
2585 1770.73
2586 1767.36
2587 1777.47
2588 1787.6
2589 1767.36
2590 1774.09
2591 2134.44
2592 2130.75
2593 2138.14
2594 2141.84
2595 2138.14
2596 2141.84
2597 2138.14
2598 1794.37
2599 1807.95
2600 1471.49
2601 1797.76
2602 1468.42
2603 2156.67
2604 2145.54
2605 2152.96
2606 1465.36
2607 1787.6
2608 2130.75
2609 2134.44
2610 1780.84
2611 1770.73
2612 1444
2613 1774.09
2614 1459.24
2615 1453.13
2616 1444
2617 1450.09
2618 1767.36
2619 2112.32
2620 1764
2621 1440.96
2622 1431.87
2623 1156
2624 1444
2625 1164.17
2626 1180.61
2627 1471.49
2628 1177.86
2629 1474.56
2630 1483.79
2631 1493.05
2632 1499.24
2633 1502.34
2634 1483.79
2635 1471.49
2636 1790.98
2637 1462.3
2638 1462.3
2639 1764
2640 1444
2641 1453.13
2642 1447.04
2643 1434.89
2644 1142.44
2645 1422.8
2646 1134.34
2647 1131.65
2648 671.846
2649 1440.96
2650 1434.89
2651 1428.84
2652 1413.76
2653 1134.34
2654 888.04
2655 895.206
2656 1450.09
2657 1453.13
2658 1444
2659 1750.59
2660 1444
2661 1770.73
2662 2123.37
2663 1774.09
2664 1465.36
2665 1166.91
2666 1153.28
2667 1161.45
2668 1156
2669 1150.57
2670 1147.85
2671 1437.93
2672 1431.87
2673 1428.84
2674 1747.24
2675 1747.24
2676 1753.93
2677 1770.73
2678 1450.09
2679 1770.73
2680 1777.47
2681 1456.19
2682 2156.67
2683 2167.83
2684 2164.11
2685 2175.29
2686 2171.56
2687 2182.76
2688 1818.17
2689 1831.84
2690 1496.14
2691 1814.76
2692 1811.35
2693 1818.17
2694 1483.79
2695 1191.63
2696 1493.05
2697 1828.42
2698 1821.58
2699 1483.79
2700 1489.96
2701 1471.49
2702 1468.42
2703 1790.98
2704 1790.98
2705 1804.55
2706 1804.55
2707 1807.95
2708 1811.35
2709 1797.76
2710 1483.79
2711 1797.76
2712 1801.15
2713 1471.49
2714 1465.36
2715 1471.49
2716 1811.35
2717 1814.76
2718 1811.35
2719 2167.83
2720 2175.29
2721 1480.71
2722 1807.95
2723 1797.76
2724 1787.6
2725 1794.37
2726 1804.55
2727 1480.71
2728 1811.35
2729 1821.58
2730 1821.58
2731 1821.58
2732 1821.58
2733 1474.56
2734 1471.49
2735 1801.15
2736 2179.02
2737 2182.76
2738 2175.29
2739 2175.29
2740 1811.35
2741 1486.87
2742 1480.71
2743 1489.96
2744 1194.39
2745 1197.16
2746 1499.24
2747 1835.27
2748 1835.27
2749 1502.34
2750 1807.95
2751 2179.02
2752 2193.99
2753 2201.49
2754 2197.73
2755 2201.49
2756 2205.24
2757 2201.49
2758 1511.65
2759 1831.84
2760 1835.27
2761 2197.73
2762 2193.99
2763 1828.42
2764 2193.99
2765 2190.24
2766 1831.84
2767 1825
2768 1828.42
2769 1818.17
2770 1811.35
2771 1811.35
2772 2152.96
2773 1787.6
2774 1801.15
2775 1794.37
2776 1784.22
2777 2134.44
2778 1790.98
2779 2141.84
2780 2134.44
2781 2123.37
2782 2123.37
2783 2130.75
2784 1770.73
2785 2127.05
2786 2138.14
2787 2145.54
2788 1801.15
2789 1474.56
2790 1164.17
2791 1468.42
2792 1784.22
2793 2130.75
2794 2145.54
2795 2130.75
2796 2123.37
2797 1760.64
2798 1450.09
2799 1139.74
2800 890.426
2801 1126.27
2802 1118.23
2803 1112.89
2804 1383.84
2805 2032.21
2806 2043.04
2807 2057.53
2808 2050.28
2809 1713.96
2810 1416.77
2811 1428.84
2812 1760.64
2813 1753.93
2814 1767.36
2815 1459.24
2816 1177.86
2817 912.04
2818 909.626
2819 912.04
2820 1172.38
2821 1468.42
2822 1777.47
2823 1450.09
2824 1444
2825 1175.12
2826 1183.36
2827 1828.42
2828 2193.99
2829 2186.5
2830 1818.17
2831 2175.29
2832 1821.58
2833 2186.5
2834 2186.5
2835 2179.02
2836 2186.5
2837 2190.24
2838 1821.58
2839 1821.58
2840 1480.71
2841 1821.58
2842 1814.76
2843 1825
2844 2186.5
2845 2179.02
2846 1811.35
2847 1804.55
2848 1804.55
2849 1186.11
2850 1465.36
2851 1787.6
2852 1784.22
2853 1465.36
2854 1471.49
2855 1797.76
2856 1811.35
2857 1477.63
2858 1186.11
2859 1191.63
2860 936.36
2861 1183.36
2862 1465.36
2863 1489.96
2864 1480.71
2865 1807.95
2866 1199.93
2867 1489.96
2868 1804.55
2869 1801.15
2870 1804.55
2871 1468.42
2872 1774.09
2873 1787.6
2874 1794.37
2875 1784.22
2876 914.458
2877 1172.38
2878 1166.91
2879 1161.45
2880 1456.19
2881 1456.19
2882 1465.36
2883 1804.55
2884 1790.98
2885 1787.6
2886 1794.37
2887 1459.24
2888 1780.84
2889 1770.73
2890 1764
2891 1760.64
2892 1760.64
2893 1753.93
2894 1750.59
2895 1747.24
2896 1419.78
2897 1740.56
2898 1727.23
2899 1747.24
2900 1156
2901 1447.04
2902 1459.24
2903 1440.96
2904 1753.93
2905 1753.93
2906 1142.44
2907 1747.24
2908 1753.93
2909 1428.84
2910 1733.89
2911 1733.89
2912 1422.8
2913 1431.87
2914 1425.82
2915 1156
2916 1437.93
2917 1747.24
2918 1750.59
2919 1747.24
2920 1747.24
2921 1750.59
2922 2090.32
2923 2093.98
2924 2083.01
2925 2079.36
2926 1743.9
2927 1733.89
2928 1422.8
2929 1720.59
2930 1720.59
2931 1425.82
2932 1428.84
2933 1437.93
2934 1153.28
2935 1444
2936 1158.72
2937 1147.85
2938 1134.34
2939 1407.75
2940 1413.76
2941 1137.04
2942 1428.84
2943 1431.87
2944 1753.93
2945 1757.29
2946 1760.64
2947 1456.19
2948 1774.09
2949 1767.36
2950 1777.47
2951 1774.09
2952 1777.47
2953 1787.6
2954 1794.37
2955 1801.15
2956 1804.55
2957 1804.55
2958 2149.25
2959 2141.84
2960 2141.84
2961 2127.05
2962 1764
2963 2119.68
2964 1764
2965 2119.68
2966 2112.32
2967 1770.73
2968 1780.84
2969 1465.36
2970 1477.63
2971 1483.79
2972 1480.71
2973 1818.17
2974 1477.63
2975 1804.55
2976 1480.71
2977 1818.17
2978 1828.42
2979 1825
2980 1825
2981 1825
2982 1493.05
2983 1811.35
2984 1818.17
2985 1804.55
2986 1489.96
2987 1804.55
2988 1801.15
2989 1496.14
2990 1818.17
2991 2171.56
2992 2164.11
2993 2152.96
2994 2156.67
2995 1477.63
2996 1486.87
2997 1186.11
2998 1462.3
2999 1172.38
3000 1462.3
3001 902.402
3002 895.206
3003 1158.72
3004 1428.84
3005 1428.84
3006 1134.34
3007 1410.75
3008 1727.23
3009 1737.22
3010 1425.82
3011 1425.82
3012 1422.8
3013 1733.89
3014 1743.9
3015 1750.59
3016 1147.85
3017 1764
3018 1777.47
3019 1784.22
3020 1447.04
3021 1780.84
3022 1764
3023 1760.64
3024 1169.64
3025 1158.72
3026 1166.91
3027 1447.04
3028 1150.57
3029 907.214
3030 1767.36
3031 1453.13
3032 1440.96
3033 1156
3034 904.806
3035 1156
3036 1413.76
3037 1139.74
3038 1153.28
3039 1142.44
3040 1419.78
3041 1139.74
3042 1425.82
3043 1437.93
3044 1428.84
3045 1428.84
3046 1733.89
3047 1730.56
3048 1434.89
3049 1428.84
3050 1147.85
3051 1434.89
3052 1444
3053 1145.15
3054 902.402
3055 1777.47
3056 1787.6
3057 1764
3058 1153.28
3059 1444
3060 1450.09
3061 1459.24
3062 1471.49
3063 1801.15
3064 1794.37
3065 1804.55
3066 1471.49
3067 1480.71
3068 1474.56
3069 1471.49
3070 1166.91
3071 1797.76
3072 1801.15
3073 1804.55
3074 1797.76
3075 1471.49
3076 1169.64
3077 1780.84
3078 1790.98
3079 2156.67
3080 2152.96
3081 1790.98
3082 1474.56
3083 1486.87
3084 1465.36
3085 1480.71
3086 1474.56
3087 1807.95
3088 1807.95
3089 1477.63
3090 1811.35
3091 1175.12
3092 909.626
3093 1156
3094 1147.85
3095 1142.44
3096 1437.93
3097 1161.45
3098 1164.17
3099 912.04
3100 1459.24
3101 1777.47
3102 1790.98
3103 1172.38
3104 1465.36
3105 1462.3
3106 1450.09
3107 1447.04
3108 1453.13
3109 1164.17
3110 1186.11
3111 1468.42
3112 1468.42
3113 1471.49
3114 1474.56
3115 1471.49
3116 1188.87
3117 1489.96
3118 1194.39
3119 1194.39
3120 1194.39
3121 1191.63
3122 1199.93
3123 1191.63
3124 1188.87
3125 694.85
3126 1486.87
3127 1811.35
3128 1811.35
3129 1499.24
3130 2186.5
3131 2190.24
3132 2182.76
3133 2190.24
3134 1818.17
3135 1807.95
3136 1180.61
3137 1183.36
3138 1790.98
3139 1797.76
3140 1787.6
3141 1456.19
3142 1437.93
3143 1428.84
3144 1753.93
3145 1428.84
3146 1733.89
3147 1740.56
3148 1720.59
3149 1720.59
3150 1737.22
3151 1410.75
3152 1723.91
3153 1727.23
3154 1131.65
3155 1118.23
3156 1123.59
3157 1407.75
3158 1410.75
3159 1404.75
3160 1710.65
3161 1704.04
3162 1707.34
3163 1413.76
3164 1413.76
3165 1730.56
3166 2068.43
3167 1717.27
3168 1717.27
3169 2061.16
3170 2057.53
3171 2064.79
3172 2072.07
3173 1413.76
3174 2093.98
3175 2086.66
3176 1425.82
3177 1431.87
3178 1139.74
3179 1760.64
3180 1767.36
3181 1459.24
3182 1794.37
3183 1471.49
3184 1814.76
3185 1818.17
3186 1818.17
3187 2179.02
3188 2190.24
3189 1831.84
3190 2205.24
3191 2197.73
3192 2197.73
3193 2186.5
3194 2171.56
3195 1811.35
3196 1814.76
3197 1807.95
3198 1818.17
3199 1818.17
3200 1825
3201 2190.24
3202 2201.49
3203 2201.49
3204 1842.13
3205 1831.84
3206 2190.24
3207 1835.27
3208 1838.69
3209 1835.27
3210 1821.58
3211 1801.15
3212 1780.84
3213 1794.37
3214 1801.15
3215 1447.04
3216 1780.84
3217 1468.42
3218 1471.49
3219 1471.49
3220 1804.55
3221 1814.76
3222 1801.15
3223 1801.15
3224 1471.49
3225 1804.55
3226 1486.87
3227 1814.76
3228 1477.63
3229 1474.56
3230 1477.63
3231 1489.96
3232 1807.95
3233 1804.55
3234 1811.35
3235 1480.71
3236 1821.58
3237 1489.96
3238 1483.79
3239 1804.55
3240 1465.36
3241 1468.42
3242 1453.13
3243 1450.09
3244 1465.36
3245 1474.56
3246 1483.79
3247 1197.16
3248 1197.16
3249 1480.71
3250 1489.96
3251 1818.17
3252 1807.95
3253 1804.55
3254 1489.96
3255 1480.71
3256 1496.14
3257 1831.84
3258 2193.99
3259 2190.24
3260 2193.99
3261 1835.27
3262 2201.49
3263 2601
3264 2601
3265 2601
3266 2601
3267 2601
3268 2601
3269 2205.24
3270 2601
3271 2205.24
3272 1835.27
3273 1496.14
3274 1814.76
3275 1459.24
3276 1172.38
3277 1486.87
3278 1205.48
3279 1502.34
3280 1505.44
3281 1499.24
3282 1814.76
3283 1489.96
3284 1831.84
3285 1818.17
3286 1483.79
3287 1486.87
3288 1814.76
3289 1499.24
3290 1818.17
3291 1825
3292 1483.79
3293 1477.63
3294 1807.95
3295 1797.76
3296 1797.76
3297 1794.37
3298 1787.6
3299 1777.47
3300 1459.24
3301 1760.64
3302 1764
3303 1169.64
3304 909.626
3305 1456.19
3306 1459.24
3307 1161.45
3308 1767.36
3309 1757.29
3310 1770.73
3311 1166.91
3312 1477.63
3313 1790.98
3314 1175.12
3315 686.44
3316 907.214
3317 1175.12
3318 1465.36
3319 1177.86
3320 1770.73
3321 1465.36
3322 1774.09
3323 1450.09
3324 1422.8
3325 878.53
3326 1137.04
3327 1142.44
3328 1428.84
3329 1139.74
3330 1137.04
3331 1128.96
3332 1131.65
3333 1422.8
3334 1440.96
3335 1440.96
3336 1150.57
3337 1150.57
3338 897.602
3339 883.278
3340 1147.85
3341 1410.75
3342 1131.65
3343 1137.04
3344 1137.04
3345 1407.75
3346 1120.91
3347 1410.75
3348 1410.75
3349 1720.59
3350 1730.56
3351 1395.77
3352 1392.78
3353 1710.65
3354 1713.96
3355 1720.59
3356 1720.59
3357 1727.23
3358 1118.23
3359 1115.56
3360 2046.66
3361 1700.74
3362 1707.34
3363 1710.65
3364 1723.91
3365 1425.82
3366 1147.85
3367 1444
3368 1145.15
3369 1416.77
3370 1437.93
3371 1410.75
3372 1120.91
3373 1126.27
3374 1416.77
3375 1428.84
3376 1422.8
3377 1422.8
3378 1407.75
3379 1717.27
3380 1710.65
3381 1720.59
3382 1713.96
3383 2061.16
3384 2050.28
3385 2053.9
3386 1723.91
3387 1727.23
3388 1733.89
3389 1422.8
3390 1740.56
3391 1757.29
3392 1444
3393 1468.42
3394 1465.36
3395 1471.49
3396 1177.86
3397 1453.13
3398 1453.13
3399 1459.24
3400 1175.12
3401 1180.61
3402 1183.36
3403 1493.05
3404 1483.79
3405 1477.63
3406 1483.79
3407 1480.71
3408 1471.49
3409 1480.71
3410 1188.87
3411 1477.63
3412 1818.17
3413 1474.56
3414 1172.38
3415 680.166
3416 1164.17
3417 907.214
3418 1164.17
3419 1169.64
3420 1158.72
3421 892.814
3422 912.04
3423 878.53
3424 1142.44
3425 1156
3426 1453.13
3427 1444
3428 1175.12
3429 1172.38
3430 1177.86
3431 1188.87
3432 1183.36
3433 1188.87
3434 1186.11
3435 1166.91
3436 892.814
3437 897.602
3438 1142.44
3439 1428.84
3440 1153.28
3441 897.602
3442 1465.36
3443 1462.3
3444 1161.45
3445 1453.13
3446 1453.13
3447 1156
3448 1150.57
3449 1147.85
3450 1434.89
3451 1447.04
3452 2116
3453 2116
3454 1764
3455 1150.57
3456 1428.84
3457 1134.34
3458 1422.8
3459 1437.93
3460 1447.04
3461 1164.17
3462 1462.3
3463 1471.49
3464 1462.3
3465 1471.49
3466 1807.95
3467 1489.96
3468 1811.35
3469 1818.17
3470 1811.35
3471 1801.15
3472 1807.95
3473 1801.15
3474 1801.15
3475 1797.76
3476 1787.6
3477 1794.37
3478 1790.98
3479 1780.84
3480 1764
3481 1767.36
3482 1456.19
3483 2123.37
3484 2123.37
3485 2112.32
3486 2116
3487 1770.73
3488 1787.6
3489 1777.47
3490 2138.14
3491 2123.37
3492 1767.36
3493 1770.73
3494 1444
3495 1437.93
3496 1437.93
3497 1440.96
3498 1440.96
3499 1428.84
3500 1431.87
3501 1145.15
3502 1760.64
3503 1753.93
3504 2075.71
3505 2086.66
3506 2083.01
3507 2079.36
3508 1733.89
3509 1740.56
3510 1743.9
3511 1419.78
3512 1733.89
3513 1737.22
3514 2097.64
3515 1757.29
3516 1437.93
3517 904.806
3518 902.402
3519 1164.17
3520 1158.72
3521 1150.57
3522 1753.93
3523 1747.24
3524 1150.57
3525 1416.77
3526 1730.56
3527 1727.23
3528 1118.23
3529 1392.78
3530 1410.75
3531 1416.77
3532 1120.91
3533 1126.27
3534 1131.65
3535 1431.87
3536 1437.93
3537 1450.09
3538 1462.3
3539 1462.3
3540 1480.71
3541 1477.63
3542 1477.63
3543 1486.87
3544 1188.87
3545 1471.49
3546 1471.49
3547 1797.76
3548 2152.96
3549 2160.39
3550 1814.76
3551 1818.17
3552 1807.95
3553 1797.76
3554 1787.6
3555 1790.98
3556 1787.6
3557 1465.36
3558 1459.24
3559 1462.3
3560 1169.64
3561 1480.71
3562 1807.95
3563 1493.05
3564 1831.84
3565 2190.24
3566 2167.83
3567 2167.83
3568 1818.17
3569 1831.84
3570 2193.99
3571 2197.73
3572 2201.49
3573 2205.24
3574 2201.49
3575 2201.49
3576 2205.24
3577 2601
3578 2601
3579 2601
3580 2601
3581 2205.24
3582 2205.24
3583 2601
3584 2197.73
3585 2601
3586 2601
3587 2601
3588 2601
3589 2601
3590 2205.24
3591 2193.99
3592 2201.49
3593 2205.24
3594 2601
3595 2205.24
3596 2205.24
3597 2601
3598 2601
3599 2601
3600 1842.13
3601 1828.42
3602 1811.35
3603 1825
3604 1821.58
3605 2182.76
3606 2179.02
3607 1807.95
3608 1175.12
3609 1471.49
3610 1801.15
3611 1780.84
3612 1777.47
3613 1774.09
3614 1767.36
3615 1774.09
3616 1774.09
3617 1440.96
3618 1750.59
3619 1753.93
3620 1753.93
3621 1760.64
3622 1764
3623 2127.05
3624 2127.05
3625 2119.68
3626 1767.36
3627 1767.36
3628 1777.47
3629 1777.47
3630 1459.24
3631 1177.86
3632 933.914
3633 1818.17
3634 1814.76
3635 1797.76
3636 1474.56
3637 2160.39
3638 2160.39
3639 2175.29
3640 1818.17
3641 1493.05
3642 1205.48
3643 1502.34
3644 1489.96
3645 924.16
3646 1180.61
3647 1183.36
3648 1465.36
3649 1471.49
3650 1807.95
3651 1801.15
3652 1483.79
3653 1480.71
3654 1804.55
3655 1483.79
3656 1188.87
3657 1811.35
3658 2175.29
3659 1807.95
3660 1801.15
3661 1807.95
3662 1807.95
3663 1814.76
3664 2182.76
3665 2186.5
3666 2186.5
3667 2186.5
3668 2186.5
3669 1818.17
3670 1821.58
3671 1811.35
3672 1814.76
3673 1486.87
3674 1828.42
3675 1835.27
3676 1838.69
3677 1825
3678 1496.14
3679 1831.84
3680 1496.14
3681 1825
3682 1831.84
3683 1502.34
3684 1508.55
3685 1502.34
3686 1502.34
3687 1496.14
3688 1814.76
3689 1797.76
3690 1801.15
3691 1794.37
3692 2152.96
3693 1790.98
3694 1807.95
3695 2171.56
3696 2171.56
3697 2152.96
3698 2145.54
3699 2149.25
3700 1797.76
3701 2145.54
3702 2141.84
3703 1777.47
3704 1760.64
3705 1142.44
3706 1131.65
3707 1131.65
3708 1131.65
3709 1407.75
3710 2072.07
3711 1723.91
3712 1727.23
3713 1401.75
3714 2057.53
3715 1401.75
3716 1126.27
3717 1110.22
3718 1392.78
3719 1697.44
3720 2032.21
3721 2028.6
3722 2028.6
3723 2032.21
3724 1377.89
3725 1694.15
3726 1395.77
3727 1700.74
3728 1392.78
3729 1697.44
3730 1704.04
3731 2028.6
3732 1690.85
3733 2401
3734 1694.15
3735 1392.78
3736 1697.44
3737 1401.75
3738 1707.34
3739 1713.96
3740 1386.82
3741 1713.96
3742 1395.77
3743 1120.91
3744 1407.75
3745 1126.27
3746 1398.76
3747 1707.34
3748 1707.34
3749 1704.04
3750 1710.65
3751 1392.78
3752 1398.76
3753 1395.77
3754 1407.75
3755 1422.8
3756 1416.77
3757 1156
3758 1156
3759 904.806
3760 1161.45
3761 897.602
3762 1416.77
3763 1425.82
3764 1710.65
3765 1407.75
3766 1419.78
3767 1419.78
3768 1419.78
3769 1137.04
3770 1437.93
3771 1158.72
3772 1169.64
3773 1459.24
3774 1465.36
3775 2134.44
3776 2123.37
3777 2119.68
3778 1760.64
3779 1737.22
3780 1753.93
3781 1757.29
3782 1747.24
3783 1419.78
3784 1422.8
3785 1437.93
3786 1444
3787 1767.36
3788 1767.36
3789 1787.6
3790 1777.47
3791 1465.36
3792 1468.42
3793 2164.11
3794 1818.17
3795 1814.76
3796 1797.76
3797 1797.76
3798 1794.37
3799 2167.83
3800 1814.76
3801 2167.83
3802 2152.96
3803 1807.95
3804 1811.35
3805 2171.56
3806 2179.02
3807 2175.29
3808 2179.02
3809 2167.83
3810 2167.83
3811 2175.29
3812 2179.02
3813 1828.42
3814 1828.42
3815 1825
3816 1818.17
3817 1818.17
3818 1197.16
3819 1191.63
3820 924.16
3821 919.302
3822 1169.64
3823 1456.19
3824 1440.96
3825 1428.84
3826 1733.89
3827 1147.85
3828 1150.57
3829 1743.9
3830 1743.9
3831 1434.89
3832 1447.04
3833 1431.87
3834 1437.93
3835 1774.09
3836 1450.09
3837 1431.87
3838 678.082
3839 471.758
3840 1131.65
3841 1431.87
3842 1440.96
3843 1447.04
3844 1150.57
3845 1131.65
3846 1422.8
3847 1413.76
3848 1727.23
3849 1410.75
3850 1131.65
3851 1431.87
3852 1147.85
3853 1450.09
3854 1450.09
3855 1774.09
3856 1770.73
3857 1780.84
3858 1787.6
3859 1784.22
3860 1777.47
3861 1440.96
3862 1437.93
3863 1437.93
3864 1147.85
3865 1434.89
3866 1767.36
3867 1770.73
3868 1777.47
3869 1456.19
3870 1794.37
3871 1474.56
3872 1474.56
3873 1474.56
3874 1177.86
3875 1186.11
3876 1462.3
3877 1459.24
3878 1180.61
3879 1180.61
3880 1177.86
3881 1480.71
3882 1804.55
3883 1801.15
3884 1797.76
3885 1811.35
3886 1197.16
3887 1191.63
3888 1191.63
3889 1505.44
3890 1505.44
3891 1828.42
3892 1493.05
3893 1486.87
3894 1471.49
3895 1784.22
3896 1780.84
3897 1770.73
3898 1760.64
3899 1770.73
3900 1770.73
3901 2112.32
3902 2112.32
3903 1777.47
3904 1787.6
3905 1784.22
3906 1180.61
3907 1462.3
3908 1790.98
3909 1787.6
3910 1770.73
3911 1774.09
3912 1780.84
3913 1440.96
3914 1440.96
3915 1777.47
3916 1757.29
3917 1145.15
3918 1158.72
3919 1459.24
3920 1767.36
3921 1753.93
3922 1760.64
3923 1780.84
3924 1453.13
3925 1440.96
3926 1164.17
3927 1169.64
3928 1450.09
3929 1462.3
3930 1468.42
3931 1801.15
3932 1468.42
3933 1156
3934 1462.3
3935 1797.76
3936 1797.76
3937 1797.76
3938 1811.35
3939 1811.35
3940 1821.58
3941 1828.42
3942 1831.84
3943 2190.24
3944 2182.76
3945 2197.73
3946 2193.99
3947 2193.99
3948 1835.27
3949 1828.42
3950 2193.99
3951 2601
3952 2601
3953 2601
3954 2205.24
3955 2601
3956 2601
3957 2197.73
3958 1828.42
3959 1804.55
3960 1471.49
3961 1158.72
3962 1145.15
3963 888.04
3964 1131.65
3965 878.53
3966 1389.8
3967 1392.78
3968 1704.04
3969 2043.04
3970 2046.66
3971 2050.28
3972 2043.04
3973 2035.81
3974 2043.04
3975 2043.04
3976 2035.81
3977 2043.04
3978 1704.04
3979 1700.74
3980 1710.65
3981 1704.04
3982 1707.34
3983 1700.74
3984 1383.84
3985 1697.44
3986 1700.74
3987 1700.74
3988 1401.75
3989 1717.27
3990 1416.77
3991 1740.56
3992 1737.22
3993 1760.64
3994 1150.57
3995 1428.84
3996 1416.77
3997 1419.78
3998 1425.82
3999 1422.8
4000 1137.04
4001 1137.04
4002 892.814
4003 897.602
4004 909.626
4005 914.458
4006 661.518
4007 1139.74
4008 1153.28
4009 1150.57
4010 1428.84
4011 1150.57
4012 1142.44
4013 1150.57
4014 1153.28
4015 1145.15
4016 1158.72
4017 1177.86
4018 1169.64
4019 909.626
4020 1150.57
4021 1440.96
4022 1444
4023 1413.76
4024 873.794
4025 1740.56
4026 1431.87
4027 1419.78
4028 1416.77
4029 1404.75
4030 1389.8
4031 1704.04
4032 1398.76
4033 1395.77
4034 1401.75
4035 1710.65
4036 1710.65
4037 1727.23
4038 1389.8
4039 1704.04
4040 2061.16
4041 1413.76
4042 1416.77
4043 1410.75
4044 1407.75
4045 1407.75
4046 1398.76
4047 1410.75
4048 1392.78
4049 1395.77
4050 1110.22
4051 1389.8
4052 1123.59
4053 1134.34
4054 1428.84
4055 1431.87
4056 1437.93
4057 1437.93
4058 1453.13
4059 1177.86
4060 1177.86
4061 1169.64
4062 1456.19
4063 1797.76
4064 1794.37
4065 1787.6
4066 1459.24
4067 1462.3
4068 1471.49
4069 1462.3
4070 1468.42
4071 1784.22
4072 1797.76
4073 1471.49
4074 1804.55
4075 1818.17
4076 2179.02
4077 2182.76
4078 2167.83
4079 1801.15
4080 1784.22
4081 1444
4082 1440.96
4083 1444
4084 1440.96
4085 1142.44
4086 1126.27
4087 1416.77
4088 1407.75
4089 1437.93
4090 1431.87
4091 1428.84
4092 1425.82
4093 1142.44
4094 890.426
4095 688.538
4096 1462.3
4097 1453.13
4098 1764
4099 1764
4100 1434.89
4101 1774.09
4102 1780.84
4103 1767.36
4104 1166.91
4105 1760.64
4106 1774.09
4107 2138.14
4108 1774.09
4109 2123.37
4110 1760.64
4111 2127.05
4112 2134.44
4113 1777.47
4114 1784.22
4115 1462.3
4116 1760.64
4117 1440.96
4118 1150.57
4119 1153.28
4120 1450.09
4121 1456.19
4122 1456.19
4123 1462.3
4124 1486.87
4125 1486.87
4126 1821.58
4127 1818.17
4128 1493.05
4129 1821.58
4130 1831.84
4131 1835.27
4132 2186.5
4133 2190.24
4134 1825
4135 2201.49
4136 2201.49
4137 2205.24
4138 2205.24
4139 2193.99
4140 2193.99
4141 2186.5
4142 2171.56
4143 1807.95
4144 1814.76
4145 1188.87
4146 1489.96
4147 1493.05
4148 1474.56
4149 1797.76
4150 2167.83
4151 1818.17
4152 1486.87
4153 1821.58
4154 1831.84
4155 1831.84
4156 2193.99
4157 2186.5
4158 2182.76
4159 1821.58
4160 1811.35
4161 1474.56
4162 1177.86
4163 1777.47
4164 1459.24
4165 1780.84
4166 1787.6
4167 1801.15
4168 1480.71
4169 1811.35
4170 1811.35
4171 1804.55
4172 2164.11
4173 2160.39
4174 2160.39
4175 1477.63
4176 1811.35
4177 1807.95
4178 1818.17
4179 1831.84
4180 1499.24
4181 1489.96
4182 1493.05
4183 1471.49
4184 1477.63
4185 676
4186 892.814
4187 1450.09
4188 1172.38
4189 921.73
4190 1183.36
4191 1450.09
4192 1428.84
4193 1139.74
4194 682.254
4195 924.16
4196 686.44
4197 1444
4198 1169.64
4199 1177.86
4200 1468.42
4201 1183.36
4202 1483.79
4203 1818.17
4204 1818.17
4205 1483.79
4206 1459.24
4207 1797.76
4208 1801.15
4209 1169.64
4210 900
4211 907.214
4212 1447.04
4213 1139.74
4214 1428.84
4215 1123.59
4216 1404.75
4217 2075.71
4218 2083.01
4219 2083.01
4220 1737.22
4221 1131.65
4222 1137.04
4223 1137.04
4224 1134.34
4225 1145.15
4226 1139.74
4227 1419.78
4228 1434.89
4229 1419.78
4230 1733.89
4231 1410.75
4232 1723.91
4233 1730.56
4234 1750.59
4235 1750.59
4236 1757.29
4237 2123.37
4238 1784.22
4239 2141.84
4240 2138.14
4241 1787.6
4242 1172.38
4243 1459.24
4244 1453.13
4245 1774.09
4246 1767.36
4247 1166.91
4248 1164.17
4249 1459.24
4250 1774.09
4251 1431.87
4252 1757.29
4253 1767.36
4254 1747.24
4255 1410.75
4256 1134.34
4257 1139.74
4258 1437.93
4259 1764
4260 1444
4261 1750.59
4262 1743.9
4263 1743.9
4264 1740.56
4265 1428.84
4266 1428.84
4267 1431.87
4268 1428.84
4269 1444
4270 1422.8
4271 1743.9
4272 1434.89
4273 1434.89
4274 907.214
4275 1471.49
4276 1468.42
4277 1794.37
4278 1787.6
4279 1787.6
4280 1156
4281 1750.59
4282 1177.86
4283 1172.38
4284 1172.38
4285 1459.24
4286 1468.42
4287 1797.76
4288 1804.55
4289 2171.56
4290 2171.56
4291 2171.56
4292 1818.17
4293 1828.42
4294 2171.56
4295 1811.35
4296 1486.87
4297 1465.36
4298 1474.56
4299 2175.29
4300 2156.67
4301 1468.42
4302 1459.24
4303 1456.19
4304 1453.13
4305 1450.09
4306 1456.19
4307 1462.3
4308 1804.55
4309 1807.95
4310 1801.15
4311 1811.35
4312 1807.95
4313 1797.76
4314 1780.84
4315 1450.09
4316 1764
4317 1777.47
4318 1804.55
4319 1811.35
4320 1477.63
4321 1797.76
4322 1790.98
4323 1486.87
4324 1814.76
4325 1186.11
4326 1483.79
4327 1811.35
4328 1814.76
4329 1489.96
4330 1502.34
4331 1496.14
4332 1474.56
4333 1180.61
4334 1794.37
4335 1790.98
4336 1453.13
4337 1164.17
4338 900
4339 1456.19
4340 1180.61
4341 1474.56
4342 1462.3
4343 1453.13
4344 1434.89
4345 1750.59
4346 1434.89
4347 1440.96
4348 1422.8
4349 1437.93
4350 1158.72
4351 1462.3
4352 1172.38
4353 1164.17
4354 1158.72
4355 1158.72
4356 904.806
4357 909.626
4358 1166.91
4359 1177.86
4360 1459.24
4361 1471.49
4362 1804.55
4363 1456.19
4364 1774.09
4365 1453.13
4366 1777.47
4367 1456.19
4368 1175.12
4369 1468.42
4370 1471.49
4371 1794.37
4372 1787.6
4373 1774.09
4374 1780.84
4375 2127.05
4376 2130.75
4377 1774.09
4378 1437.93
4379 1770.73
4380 1767.36
4381 1757.29
4382 1431.87
4383 1440.96
4384 1158.72
4385 1158.72
4386 1777.47
4387 1777.47
4388 1784.22
4389 1777.47
4390 1444
4391 1434.89
4392 1147.85
4393 1156
4394 1164.17
4395 1447.04
4396 1444
4397 1172.38
4398 1456.19
4399 1459.24
4400 1447.04
4401 1444
4402 1440.96
4403 1440.96
4404 897.602
4405 1169.64
4406 1471.49
4407 1180.61
4408 1177.86
4409 912.04
4410 912.04
4411 1166.91
4412 907.214
4413 1169.64
4414 1175.12
4415 1186.11
4416 1477.63
4417 1811.35
4418 1804.55
4419 1814.76
4420 2190.24
4421 2182.76
4422 2186.5
4423 1821.58
4424 2171.56
4425 1814.76
4426 1818.17
4427 1825
4428 1831.84
4429 2201.49
4430 1831.84
4431 1831.84
4432 1835.27
4433 2197.73
4434 1199.93
4435 1489.96
4436 1496.14
4437 1835.27
4438 1842.13
4439 1838.69
4440 1496.14
4441 1502.34
4442 1821.58
4443 1838.69
4444 2193.99
4445 1835.27
4446 1828.42
4447 1835.27
4448 2201.49
4449 1508.55
4450 1831.84
4451 1821.58
4452 1814.76
4453 1790.98
4454 1790.98
4455 1794.37
4456 1477.63
4457 1794.37
4458 1444
4459 1440.96
4460 1753.93
4461 1743.9
4462 1740.56
4463 1737.22
4464 1737.22
4465 1740.56
4466 1737.22
4467 1142.44
4468 1747.24
4469 1743.9
4470 1422.8
4471 1401.75
4472 1740.56
4473 1740.56
4474 1444
4475 1440.96
4476 1447.04
4477 1459.24
4478 1180.61
4479 902.402
4480 1175.12
4481 1811.35
4482 1474.56
4483 1175.12
4484 1453.13
4485 1456.19
4486 1468.42
4487 1814.76
4488 2182.76
4489 2190.24
4490 2186.5
4491 2197.73
4492 1835.27
4493 1835.27
4494 1499.24
4495 1499.24
4496 1502.34
4497 1188.87
4498 1456.19
4499 1474.56
4500 1818.17
4501 1486.87
4502 1183.36
4503 1164.17
4504 1453.13
4505 1465.36
4506 1797.76
4507 1459.24
4508 1166.91
4509 1166.91
4510 912.04
4511 895.206
4512 1180.61
4513 1186.11
4514 1172.38
4515 1465.36
4516 1465.36
4517 1468.42
4518 1471.49
4519 1169.64
4520 1453.13
4521 1450.09
4522 1767.36
4523 1770.73
4524 1774.09
4525 1471.49
4526 1480.71
4527 1471.49
4528 1787.6
4529 1807.95
4530 1477.63
4531 1477.63
4532 1186.11
4533 1477.63
4534 1801.15
4535 1483.79
4536 1797.76
4537 1474.56
4538 1175.12
4539 1462.3
4540 1169.64
4541 1465.36
4542 1465.36
4543 1794.37
4544 1177.86
4545 1180.61
4546 1480.71
4547 1801.15
4548 1821.58
4549 1814.76
4550 1814.76
4551 1483.79
4552 1477.63
4553 1186.11
4554 1456.19
4555 1459.24
4556 912.04
4557 1166.91
4558 1474.56
4559 1486.87
4560 1801.15
4561 1790.98
4562 1787.6
4563 2149.25
4564 2152.96
4565 2152.96
4566 2160.39
4567 2167.83
4568 2171.56
4569 1801.15
4570 1821.58
4571 1814.76
4572 1814.76
4573 1499.24
4574 1474.56
4575 1801.15
4576 1807.95
4577 1811.35
4578 1825
4579 2197.73
4580 1835.27
4581 1202.7
4582 1180.61
4583 1480.71
4584 1483.79
4585 1483.79
4586 1821.58
4587 2193.99
4588 1825
4589 1831.84
4590 1838.69
4591 1838.69
4592 1499.24
4593 1835.27
4594 2197.73
4595 1835.27
4596 1831.84
4597 1831.84
4598 2182.76
4599 2193.99
4600 1831.84
4601 1835.27
4602 1838.69
4603 2205.24
4604 2205.24
4605 2197.73
4606 1838.69
4607 2197.73
4608 1838.69
4609 2179.02
4610 2167.83
4611 2171.56
4612 1814.76
4613 1811.35
4614 1818.17
4615 1493.05
4616 1825
4617 1474.56
4618 1811.35
4619 1804.55
4620 1801.15
4621 1794.37
4622 1797.76
4623 1801.15
4624 1794.37
4625 1468.42
4626 1794.37
4627 1787.6
4628 1787.6
4629 1474.56
4630 1471.49
4631 1814.76
4632 1477.63
4633 1480.71
4634 1818.17
4635 1825
4636 1818.17
4637 1825
4638 2193.99
4639 1842.13
4640 1835.27
4641 1502.34
4642 1493.05
4643 1818.17
4644 1818.17
4645 1480.71
4646 1496.14
4647 1838.69
4648 1205.48
4649 2197.73
4650 1842.13
4651 2201.49
4652 2205.24
4653 1499.24
4654 1202.7
4655 1197.16
4656 1477.63
4657 1496.14
4658 1828.42
4659 1821.58
4660 1835.27
4661 1499.24
4662 1202.7
4663 1188.87
4664 1175.12
4665 1194.39
4666 1188.87
4667 1183.36
4668 1180.61
4669 914.458
4670 686.44
4671 916.878
4672 1468.42
4673 1790.98
4674 1790.98
4675 1797.76
4676 2167.83
4677 2167.83
4678 2149.25
4679 2156.67
4680 1801.15
4681 2145.54
4682 2138.14
4683 1774.09
4684 1770.73
4685 1774.09
4686 1784.22
4687 1453.13
4688 1790.98
4689 1784.22
4690 1790.98
4691 1794.37
4692 1797.76
4693 1790.98
4694 1794.37
4695 1784.22
4696 1767.36
4697 1437.93
4698 1456.19
4699 1459.24
4700 1440.96
4701 1440.96
4702 1440.96
4703 1456.19
4704 1465.36
4705 1468.42
4706 1471.49
4707 1480.71
4708 1456.19
4709 1462.3
4710 1175.12
4711 1459.24
4712 1468.42
4713 1194.39
4714 1177.86
4715 1164.17
4716 1153.28
4717 1447.04
4718 1456.19
4719 1459.24
4720 1450.09
4721 1172.38
4722 1462.3
4723 1465.36
4724 1462.3
4725 1462.3
4726 1465.36
4727 1474.56
4728 1453.13
4729 1465.36
4730 1471.49
4731 1807.95
4732 1807.95
4733 1801.15
4734 1790.98
4735 1790.98
4736 1794.37
4737 1790.98
4738 1790.98
4739 1172.38
4740 909.626
4741 902.402
4742 1150.57
4743 1153.28
4744 1767.36
4745 1434.89
4746 1437.93
4747 1145.15
4748 1425.82
4749 1757.29
4750 1753.93
4751 1774.09
4752 1787.6
4753 1471.49
4754 929.03
4755 1188.87
4756 926.594
4757 1186.11
4758 1186.11
4759 1169.64
4760 1161.45
4761 1161.45
4762 1164.17
4763 682.254
4764 914.458
4765 921.73
4766 1180.61
4767 909.626
4768 1158.72
4769 1158.72
4770 1422.8
4771 1145.15
4772 1150.57
4773 1158.72
4774 1172.38
4775 926.594
4776 909.626
4777 907.214
4778 916.878
4779 919.302
4780 1465.36
4781 1161.45
4782 1764
4783 1150.57
4784 1147.85
4785 1139.74
4786 1743.9
4787 1753.93
4788 1753.93
4789 1444
4790 1440.96
4791 1760.64
4792 1747.24
4793 1422.8
4794 1747.24
4795 1747.24
4796 2093.98
4797 1139.74
4798 1150.57
4799 1774.09
4800 1750.59
4801 2090.32
4802 2086.66
4803 2093.98
4804 2093.98
4805 1750.59
4806 1425.82
4807 1733.89
4808 1743.9
4809 1733.89
4810 1733.89
4811 2064.79
4812 1131.65
4813 1410.75
4814 1404.75
4815 1404.75
4816 1134.34
4817 1723.91
4818 1717.27
4819 1707.34
4820 1713.96
4821 1723.91
4822 1727.23
4823 1727.23
4824 1720.59
4825 1717.27
4826 1720.59
4827 1717.27
4828 1707.34
4829 1398.76
4830 1115.56
4831 1392.78
4832 1717.27
4833 2053.9
4834 2043.04
4835 2050.28
4836 2046.66
4837 2057.53
4838 2064.79
4839 2075.71
4840 2075.71
4841 2083.01
4842 2086.66
4843 2086.66
4844 1413.76
4845 1727.23
4846 1723.91
4847 2061.16
4848 2061.16
4849 2064.79
4850 2061.16
4851 2064.79
4852 1713.96
4853 1404.75
4854 1717.27
4855 1713.96
4856 1713.96
4857 1389.8
4858 1401.75
4859 1120.91
4860 1707.34
4861 1407.75
4862 1710.65
4863 1401.75
4864 1131.65
4865 1410.75
4866 1416.77
4867 1422.8
4868 1747.24
4869 1764
4870 1447.04
4871 1422.8
4872 1137.04
4873 883.278
4874 1733.89
4875 1733.89
4876 1730.56
4877 1740.56
4878 1431.87
4879 1422.8
4880 1440.96
4881 1425.82
4882 1428.84
4883 1142.44
4884 888.04
4885 673.922
4886 1158.72
4887 1437.93
4888 1450.09
4889 1164.17
4890 1471.49
4891 1169.64
4892 1169.64
4893 1444
4894 1434.89
4895 1733.89
4896 1727.23
4897 1730.56
4898 1410.75
4899 1727.23
4900 1419.78
4901 1145.15
4902 895.206
4903 1465.36
4904 909.626
4905 1440.96
4906 1440.96
4907 1419.78
4908 1730.56
4909 1750.59
4910 1753.93
4911 1447.04
4912 1447.04
4913 1158.72
4914 1456.19
4915 1183.36
4916 1177.86
4917 1166.91
4918 907.214
4919 921.73
4920 895.206
4921 895.206
4922 669.774
4923 904.806
4924 673.922
4925 902.402
4926 1161.45
4927 1156
4928 1468.42
4929 1471.49
4930 1468.42
4931 1474.56
4932 1474.56
4933 1471.49
4934 1784.22
4935 1784.22
4936 1450.09
4937 2138.14
4938 2134.44
4939 2141.84
4940 2152.96
4941 2164.11
4942 1794.37
4943 1794.37
4944 1453.13
4945 909.626
4946 1166.91
4947 902.402
4948 1447.04
4949 1465.36
4950 1790.98
4951 1794.37
4952 1477.63
4953 1474.56
4954 1175.12
4955 1172.38
4956 1471.49
4957 1450.09
4958 1447.04
4959 1450.09
4960 1450.09
4961 1462.3
4962 1804.55
4963 1471.49
4964 1453.13
4965 673.922
4966 914.458
4967 912.04
4968 1177.86
4969 1175.12
4970 1172.38
4971 1169.64
4972 1164.17
4973 1161.45
4974 1797.76
4975 1807.95
4976 1794.37
4977 1465.36
4978 1471.49
4979 1471.49
4980 1801.15
4981 1787.6
4982 1807.95
4983 931.47
4984 931.47
4985 921.73
4986 921.73
4987 1191.63
4988 1807.95
4989 1186.11
4990 1194.39
4991 1188.87
4992 914.458
4993 1465.36
4994 1172.38
4995 688.538
4996 491.066
4997 680.166
4998 673.922
4999 892.814
5000 1158.72
