1 -17.88
2 -25.84
3 -38.08
4 -38.24
5 -38.2
6 -34.08
7 -38.24
8 -42.4
9 -42.36
10 -38.2
11 -34.08
12 -34.12
13 -30.32
14 -34.16
15 -34.04
16 -34.16
17 -34.2
18 -30.24
19 -34.24
20 -42.2
21 -42.12
22 -42.08
23 -37.76
24 -45.76
25 -45.8
26 -41.92
27 -46
28 -46.08
29 -46.04
30 -42.16
31 -38.12
32 -34.12
33 -38.2
34 -38.24
35 -42.44
36 -42.52
37 -38.24
38 -38.32
39 -38.56
40 -34.4
41 -42.68
42 -38.76
43 -42.84
44 -46.88
45 -46.92
46 -46.88
47 -46.96
48 -51
49 -51
50 -51
51 -46.96
52 -51
53 -46.8
54 -46.68
55 -46.48
56 -46.56
57 -46.56
58 -38.6
59 -46.52
60 -42.4
61 -30.28
62 -46.32
63 -42.4
64 -38.28
65 -38.36
66 -34.36
67 -38.16
68 -41.92
69 -41.96
70 -41.96
71 -41.96
72 -30.16
73 -34.16
74 -29.8
75 -29.84
76 -33.76
77 -37.64
78 -41.72
79 -41.76
80 -41.8
81 -41.68
82 -33.52
83 -33.56
84 -41.64
85 -41.72
86 -41.76
87 -37.6
88 -37.52
89 -37.52
90 -37.64
91 -41.64
92 -41.76
93 -41.48
94 -37.36
95 -41.52
96 -41.6
97 -41.6
98 -37.56
99 -37.64
100 -37.6
101 -41.6
102 -37.64
103 -33.52
104 -37.76
105 -41.76
106 -41.68
107 -41.64
108 -37.48
109 -33.48
110 -33.52
111 -33.8
112 -29.88
113 -33.8
114 -33.76
115 -29.84
116 -38
117 -38.28
118 -34.36
119 -38.4
120 -34.28
121 -34.24
122 -34.24
123 -30.32
124 -34.48
125 -42.48
126 -42.52
127 -42.6
128 -42.56
129 -42.36
130 -42.32
131 -42.4
132 -38.56
133 -30.4
134 -38.2
135 -42
136 -42.04
137 -42.04
138 -42.08
139 -42.2
140 -38.2
141 -38.2
142 -38.36
143 -34.36
144 -38.2
145 -34.12
146 -38.16
147 -38.12
148 -34.2
149 -38.04
150 -34.16
151 -34.04
152 -38.04
153 -33.96
154 -33.84
155 -33.88
156 -29.88
157 -29.96
158 -33.84
159 -33.76
160 -37.84
161 -37.88
162 -33.88
163 -33.92
164 -38.12
165 -34.2
166 -38.28
167 -38.2
168 -34.36
169 -38.48
170 -34.4
171 -34.72
172 -38.64
173 -38.44
174 -38.48
175 -34.24
176 -34.08
177 -37.96
178 -37.92
179 -37.92
180 -37.76
181 -37.6
182 -37.68
183 -37.52
184 -33.52
185 -37.44
186 -41.56
187 -41.6
188 -37.68
189 -37.56
190 -37.68
191 -33.68
192 -37.72
193 -38
194 -38
195 -37.96
196 -38.04
197 -42.08
198 -38
199 -38.08
200 -42
201 -41.96
202 -38.04
203 -42.08
204 -41.92
205 -41.92
206 -41.72
207 -41.6
208 -33.68
209 -33.44
210 -37.4
211 -33.48
212 -33.44
213 -33.52
214 -37.52
215 -37.56
216 -37.52
217 -37.56
218 -37.56
219 -41.52
220 -37.48
221 -45.32
222 -41.4
223 -37.52
224 -41.52
225 -41.56
226 -41.64
227 -41.64
228 -41.72
229 -45.84
230 -41.92
231 -42.08
232 -38.12
233 -42.08
234 -42.2
235 -42.24
236 -42.48
237 -42.28
238 -46.28
239 -42.16
240 -42.24
241 -38.32
242 -42.32
243 -38.24
244 -38.16
245 -38.16
246 -42.08
247 -41.88
248 -41.72
249 -41.76
250 -41.76
251 -37.84
252 -33.92
253 -33.96
254 -34.12
255 -34.2
256 -33.92
257 -34.2
258 -30.44
259 -38.24
260 -34.16
261 -34.16
262 -34.16
263 -38.16
264 -38.12
265 -38.04
266 -34
267 -42
268 -41.88
269 -41.76
270 -33.76
271 -37.92
272 -38.08
273 -42.16
274 -38.24
275 -42.28
276 -37.96
277 -41.84
278 -41.96
279 -38.08
280 -42.24
281 -42.24
282 -42.08
283 -42.04
284 -38.08
285 -42.08
286 -42
287 -42
288 -38.04
289 -37.88
290 -37.8
291 -37.84
292 -37.84
293 -41.76
294 -37.88
295 -42.04
296 -42.16
297 -38.36
298 -42.44
299 -42.56
300 -42.6
301 -42.6
302 -38.28
303 -34.2
304 -38.04
305 -41.92
306 -42.16
307 -42.2
308 -42.2
309 -42.24
310 -38.08
311 -38.28
312 -38.48
313 -42.36
314 -38.2
315 -34.32
316 -30.16
317 -34.28
318 -38.28
319 -38.16
320 -38.32
321 -38.4
322 -38.48
323 -38.44
324 -34.36
325 -34.36
326 -38.48
327 -26.2
328 -30.08
329 -34.16
330 -30.04
331 -30.16
332 -29.96
333 -29.96
334 -37.8
335 -37.88
336 -41.96
337 -41.96
338 -41.84
339 -41.68
340 -41.76
341 -41.8
342 -37.88
343 -37.8
344 -38.04
345 -38.12
346 -38.12
347 -42.16
348 -42.2
349 -38.24
350 -42.32
351 -42.4
352 -42.44
353 -42.56
354 -42.36
355 -38.32
356 -38.24
357 -38.2
358 -38.16
359 -30.04
360 -30.24
361 -26.32
362 -30.24
363 -37.96
364 -38.16
365 -38.24
366 -42.24
367 -46.32
368 -46.32
369 -42.36
370 -42.24
371 -42.08
372 -42.16
373 -46.16
374 -46.12
375 -42.16
376 -42.12
377 -42.12
378 -42
379 -42.04
380 -41.84
381 -41.96
382 -38
383 -37.92
384 -33.84
385 -25.92
386 -29.92
387 -30.24
388 -34.32
389 -30.52
390 -38.52
391 -38.12
392 -38.28
393 -38.32
394 -38.48
395 -38.52
396 -38.48
397 -42.28
398 -34.36
399 -42.36
400 -38.36
401 -38.24
402 -34.44
403 -38.44
404 -38.36
405 -38.44
406 -34.56
407 -38.64
408 -38.68
409 -38.8
410 -38.68
411 -38.64
412 -38.52
413 -42.48
414 -42.52
415 -42.36
416 -42.4
417 -42.48
418 -46.56
419 -42.6
420 -42.52
421 -42.56
422 -42.52
423 -42.48
424 -42.52
425 -42.44
426 -42.48
427 -38.4
428 -38.4
429 -38.36
430 -38.44
431 -38.48
432 -38.48
433 -42.44
434 -42.4
435 -42.2
436 -42.12
437 -42.16
438 -42.2
439 -42.12
440 -42.16
441 -38.12
442 -38.04
443 -34.24
444 -42.12
445 -42.28
446 -42.36
447 -42.48
448 -38.28
449 -38.52
450 -42.48
451 -42.44
452 -34.44
453 -34.52
454 -34.52
455 -38.24
456 -38.28
457 -38.2
458 -34.2
459 -38.28
460 -38.24
461 -42.2
462 -42.52
463 -42.48
464 -42.48
465 -42.48
466 -42.4
467 -38.56
468 -38.32
469 -38.32
470 -38.48
471 -38.48
472 -38.4
473 -38.6
474 -42.6
475 -46.72
476 -46.84
477 -38.76
478 -42.84
479 -42.8
480 -42.84
481 -42.84
482 -34.72
483 -42.76
484 -38.68
485 -42.6
486 -38.44
487 -38.16
488 -29.96
489 -33.96
490 -33.64
491 -37.68
492 -37.96
493 -37.76
494 -41.92
495 -41.96
496 -41.92
497 -42.24
498 -42.24
499 -38
500 -38.16
501 -38.2
502 -34.16
503 -38.16
504 -38.52
505 -38.64
506 -34.48
507 -30.56
508 -34.52
509 -38.44
510 -38.48
511 -34.52
512 -34.4
513 -38.52
514 -38.52
515 -38.68
516 -38.6
517 -38.56
518 -38.32
519 -38.2
520 -42.24
521 -42.36
522 -42.56
523 -42.56
524 -34.36
525 -38.64
526 -38.76
527 -46.88
528 -46.92
529 -42.76
530 -42.64
531 -38.6
532 -34.64
533 -34.56
534 -30.56
535 -34.72
536 -30.6
537 -30.36
538 -38.2
539 -38.08
540 -42.04
541 -42
542 -42.12
543 -42.28
544 -42.28
545 -42.16
546 -42.24
547 -38.2
548 -34.28
549 -38.24
550 -38.32
551 -42.48
552 -42.52
553 -42.64
554 -42.4
555 -42.4
556 -42.52
557 -38.64
558 -38.64
559 -42.64
560 -42.68
561 -42.76
562 -42.68
563 -46.84
564 -46.96
565 -46.92
566 -46.84
567 -46.92
568 -42.92
569 -42.8
570 -42.72
571 -46.72
572 -46.72
573 -42.6
574 -46.68
575 -46.8
576 -46.76
577 -46.68
578 -42.56
579 -42.6
580 -42.44
581 -38.16
582 -42.2
583 -42.32
584 -46.52
585 -46.56
586 -42.52
587 -42.48
588 -42.52
589 -42.52
590 -46.64
591 -46.48
592 -46.48
593 -38.44
594 -38.44
595 -38.36
596 -38.24
597 -42.36
598 -42.32
599 -42.36
600 -42.4
601 -42.36
602 -42.12
603 -42.2
604 -42.24
605 -38.28
606 -38.32
607 -42.24
608 -38.28
609 -30.32
610 -34.32
611 -42.32
612 -42.28
613 -42.56
614 -42.52
615 -42.48
616 -38.32
617 -42.44
618 -42.8
619 -42.8
620 -34.64
621 -34.48
622 -34.4
623 -38.56
624 -34.4
625 -38.4
626 -38.52
627 -38.36
628 -38
629 -42.04
630 -46.16
631 -42.12
632 -42
633 -42.08
634 -41.96
635 -45.88
636 -45.84
637 -38
638 -41.92
639 -37.92
640 -37.8
641 -37.96
642 -38
643 -38.32
644 -30.36
645 -34.56
646 -38.72
647 -38.56
648 -38.48
649 -38.2
650 -30.28
651 -38.24
652 -42.48
653 -42.4
654 -42.4
655 -38.44
656 -38.2
657 -38.32
658 -38.24
659 -33.96
660 -34.08
661 -34.44
662 -38.52
663 -42.52
664 -42.64
665 -46.64
666 -42.56
667 -42.6
668 -42.52
669 -34.6
670 -34.44
671 -34.56
672 -34.48
673 -42.8
674 -42.76
675 -42.76
676 -46.76
677 -46.8
678 -46.88
679 -51
680 -51
681 -51
682 -42.88
683 -42.76
684 -42.6
685 -42.6
686 -34.56
687 -38.44
688 -38.32
689 -38.32
690 -38.24
691 -38.32
692 -34.44
693 -42.48
694 -38.48
695 -38.6
696 -38.72
697 -30.52
698 -38.4
699 -38.12
700 -34.24
701 -30.32
702 -42.48
703 -42.4
704 -42.6
705 -42.44
706 -38.36
707 -38.48
708 -38.4
709 -38.52
710 -38.48
711 -42.76
712 -38.56
713 -42.6
714 -42.4
715 -42.32
716 -42.48
717 -38.36
718 -38.64
719 -34.6
720 -42.48
721 -42.28
722 -42.16
723 -38.12
724 -33.84
725 -29.84
726 -37.76
727 -33.72
728 -33.8
729 -41.6
730 -41.52
731 -37.56
732 -37.72
733 -37.56
734 -33.64
735 -29.76
736 -29.64
737 -29.76
738 -37.56
739 -37.6
740 -33.72
741 -37.52
742 -37.72
743 -37.72
744 -37.76
745 -41.76
746 -41.76
747 -37.64
748 -37.84
749 -45.68
750 -41.6
751 -37.48
752 -41.44
753 -41.48
754 -41.28
755 -41.4
756 -37.48
757 -37.48
758 -41.24
759 -41.24
760 -41.12
761 -41.28
762 -37.36
763 -41.24
764 -37.28
765 -41.16
766 -41.24
767 -45.2
768 -45.24
769 -41.52
770 -37.44
771 -33.68
772 -33.92
773 -34.04
774 -37.76
775 -33.92
776 -34.16
777 -37.92
778 -34.28
779 -33.88
780 -38.04
781 -38
782 -38.04
783 -34.08
784 -38.08
785 -42.16
786 -38.28
787 -38.28
788 -38.32
789 -38.48
790 -42.28
791 -38.24
792 -42.2
793 -42.24
794 -38.2
795 -42.44
796 -38.64
797 -42.56
798 -42.52
799 -46.56
800 -46.6
801 -46.68
802 -42.72
803 -46.96
804 -46.92
805 -46.8
806 -42.64
807 -42.44
808 -38.52
809 -42.6
810 -34.68
811 -42.72
812 -42.8
813 -46.88
814 -42.68
815 -46.8
816 -38.68
817 -42.72
818 -46.76
819 -42.76
820 -42.6
821 -46.64
822 -38.52
823 -34.48
824 -34.6
825 -42.6
826 -46.68
827 -46.76
828 -46.84
829 -46.84
830 -42.88
831 -51
832 -51
833 -51
834 -46.92
835 -42.72
836 -42.76
837 -42.44
838 -42.44
839 -42.4
840 -42.4
841 -42.36
842 -42.36
843 -42.28
844 -46.24
845 -46.36
846 -42.28
847 -42.12
848 -38.04
849 -37.96
850 -38.08
851 -42.16
852 -42
853 -41.96
854 -41.92
855 -37.96
856 -33.88
857 -37.92
858 -37.92
859 -37.96
860 -29.68
861 -33.68
862 -37.48
863 -37.48
864 -37.48
865 -41.44
866 -45.4
867 -45.44
868 -41.36
869 -41.36
870 -41.4
871 -37.44
872 -37.44
873 -33.4
874 -33.4
875 -33.4
876 -41.44
877 -41.52
878 -41.68
879 -45.68
880 -45.64
881 -45.52
882 -41.56
883 -41.48
884 -41.48
885 -41.52
886 -41.56
887 -37.48
888 -41.52
889 -37.52
890 -37.6
891 -33.72
892 -37.72
893 -37.56
894 -41.36
895 -41.4
896 -41.28
897 -41.2
898 -41.28
899 -41.28
900 -37.36
901 -41.2
902 -45.04
903 -41.12
904 -41.12
905 -49
906 -45.04
907 -45.04
908 -41.2
909 -41.36
910 -29.56
911 -37.48
912 -33.52
913 -25.52
914 -29.68
915 -33.76
916 -33.8
917 -33.72
918 -33.56
919 -33.6
920 -41.4
921 -41.28
922 -33.28
923 -37.2
924 -41.2
925 -41.36
926 -33.48
927 -37.6
928 -37.88
929 -37.88
930 -42.12
931 -38.2
932 -38.24
933 -34.32
934 -34.4
935 -30.24
936 -34.32
937 -30.36
938 -30.44
939 -34.72
940 -34.48
941 -38.52
942 -42.64
943 -42.6
944 -46.72
945 -46.52
946 -46.52
947 -46.44
948 -42.36
949 -46.48
950 -46.48
951 -46.56
952 -42.64
953 -38.6
954 -38.4
955 -38.48
956 -42.36
957 -42.48
958 -42.4
959 -42.4
960 -42.4
961 -38.24
962 -42.32
963 -42.2
964 -38.16
965 -38.36
966 -34.48
967 -38.56
968 -38.56
969 -34.56
970 -42.4
971 -42.36
972 -42.28
973 -42.16
974 -42.16
975 -42.08
976 -42.04
977 -45.92
978 -45.92
979 -45.92
980 -45.76
981 -37.72
982 -41.88
983 -45.72
984 -41.88
985 -41.96
986 -42
987 -42.08
988 -42
989 -42.16
990 -42.36
991 -42.48
992 -42.72
993 -42.52
994 -42.52
995 -42.6
996 -42.48
997 -38.32
998 -38.4
999 -34.32
1000 -38.12
1001 -38.2
1002 -38.12
1003 -38.08
1004 -33.96
1005 -38.04
1006 -38.04
1007 -42.12
1008 -42.12
1009 -42.04
1010 -42.04
1011 -41.88
1012 -38
1013 -37.8
1014 -41.84
1015 -41.76
1016 -41.68
1017 -37.52
1018 -37.72
1019 -41.52
1020 -45.36
1021 -45.44
1022 -45.16
1023 -41.2
1024 -41.32
1025 -41.28
1026 -45.12
1027 -41.24
1028 -41.16
1029 -37.2
1030 -41.24
1031 -41.56
1032 -41.6
1033 -41.56
1034 -37.4
1035 -37.2
1036 -41.16
1037 -45.12
1038 -45.12
1039 -41.2
1040 -37.4
1041 -29.68
1042 -37.84
1043 -33.96
1044 -34
1045 -34.04
1046 -34
1047 -33.96
1048 -34
1049 -34.04
1050 -38.36
1051 -38.16
1052 -38.24
1053 -34.28
1054 -34.2
1055 -34.24
1056 -34.24
1057 -34.2
1058 -38.08
1059 -38.2
1060 -38.2
1061 -38.4
1062 -42.56
1063 -38.36
1064 -38.36
1065 -46.56
1066 -46.48
1067 -46.52
1068 -46.56
1069 -46.64
1070 -46.8
1071 -46.84
1072 -46.76
1073 -42.64
1074 -38.6
1075 -34.64
1076 -38.56
1077 -42.56
1078 -38.4
1079 -42.6
1080 -42.6
1081 -38.6
1082 -30.44
1083 -34.68
1084 -38.48
1085 -38.52
1086 -42.64
1087 -42.64
1088 -42.76
1089 -42.68
1090 -38.64
1091 -42.68
1092 -38.72
1093 -38.6
1094 -38.4
1095 -30.48
1096 -34.2
1097 -34.16
1098 -30.08
1099 -38.16
1100 -42.08
1101 -42.12
1102 -38.04
1103 -37.84
1104 -37.56
1105 -37.64
1106 -41.68
1107 -41.68
1108 -37.92
1109 -41.84
1110 -42
1111 -38
1112 -38.08
1113 -34.04
1114 -38
1115 -37.88
1116 -37.92
1117 -42.16
1118 -42.08
1119 -34.28
1120 -34.28
1121 -30.52
1122 -38.48
1123 -38.28
1124 -38.32
1125 -38.24
1126 -38.24
1127 -34.16
1128 -38.24
1129 -38.32
1130 -34.32
1131 -42.6
1132 -42.52
1133 -38.52
1134 -34.2
1135 -42.32
1136 -42.28
1137 -42.24
1138 -34.2
1139 -34.36
1140 -38.48
1141 -38.36
1142 -38.28
1143 -42.32
1144 -46.4
1145 -42.32
1146 -42.2
1147 -42.32
1148 -38.44
1149 -42.56
1150 -46.6
1151 -46.52
1152 -46.56
1153 -46.6
1154 -42.64
1155 -42.68
1156 -42.68
1157 -38.48
1158 -38.32
1159 -38.32
1160 -38.24
1161 -38.28
1162 -46.24
1163 -46.28
1164 -42.32
1165 -38.12
1166 -42
1167 -41.92
1168 -41.92
1169 -41.96
1170 -42
1171 -41.92
1172 -37.84
1173 -42.12
1174 -38.08
1175 -38.08
1176 -46.12
1177 -41.92
1178 -46.04
1179 -45.92
1180 -37.96
1181 -30.08
1182 -34.12
1183 -34
1184 -41.92
1185 -41.84
1186 -37.88
1187 -41.68
1188 -41.64
1189 -41.92
1190 -41.84
1191 -41.68
1192 -41.72
1193 -41.56
1194 -41.56
1195 -41.64
1196 -41.48
1197 -37.52
1198 -37.44
1199 -37.4
1200 -33.56
1201 -33.76
1202 -37.68
1203 -37.72
1204 -37.76
1205 -37.68
1206 -33.64
1207 -37.68
1208 -37.48
1209 -41.56
1210 -41.6
1211 -41.56
1212 -41.8
1213 -41.72
1214 -41.8
1215 -41.68
1216 -41.64
1217 -41.8
1218 -37.96
1219 -38
1220 -41.92
1221 -42.08
1222 -38
1223 -33.76
1224 -37.76
1225 -33.8
1226 -34.24
1227 -34
1228 -38
1229 -41.76
1230 -38
1231 -38.12
1232 -38.24
1233 -38.04
1234 -42.16
1235 -38.08
1236 -38.08
1237 -33.84
1238 -33.8
1239 -33.68
1240 -37.52
1241 -29.36
1242 -37.56
1243 -41.56
1244 -45.52
1245 -41.72
1246 -37.8
1247 -37.8
1248 -33.68
1249 -37.52
1250 -25.76
1251 -29.72
1252 -33.6
1253 -33.6
1254 -33.32
1255 -37.4
1256 -29.56
1257 -29.4
1258 -29.64
1259 -29.56
1260 -29.76
1261 -33.68
1262 -29.56
1263 -37.76
1264 -38
1265 -42
1266 -42
1267 -38
1268 -37.92
1269 -37.84
1270 -38.08
1271 -34.36
1272 -38.36
1273 -38.48
1274 -42.32
1275 -42.32
1276 -42.64
1277 -42.68
1278 -34.68
1279 -42.68
1280 -42.6
1281 -42.56
1282 -42.72
1283 -46.68
1284 -42.6
1285 -38.44
1286 -42.32
1287 -42.2
1288 -46.4
1289 -46.32
1290 -46.28
1291 -42.32
1292 -42.44
1293 -38.36
1294 -42.52
1295 -46.44
1296 -46.52
1297 -42.52
1298 -42.56
1299 -46.48
1300 -46.48
1301 -42.24
1302 -42.04
1303 -46.04
1304 -41.84
1305 -46.04
1306 -38.08
1307 -42.04
1308 -33.96
1309 -38.2
1310 -42.2
1311 -46.2
1312 -46.12
1313 -46.24
1314 -46.24
1315 -46.28
1316 -38.32
1317 -38.16
1318 -42.16
1319 -42.04
1320 -42.04
1321 -46.28
1322 -46.24
1323 -46.24
1324 -42.12
1325 -46.32
1326 -42.24
1327 -42.24
1328 -38.28
1329 -34.44
1330 -38.28
1331 -38.4
1332 -34.32
1333 -30.12
1334 -33.84
1335 -29.92
1336 -25.88
1337 -30.04
1338 -34.48
1339 -34.28
1340 -38.36
1341 -34.32
1342 -34.16
1343 -38.28
1344 -42.48
1345 -42.44
1346 -42.36
1347 -42.48
1348 -42.52
1349 -38.52
1350 -38.48
1351 -38.36
1352 -34.36
1353 -38.32
1354 -38.36
1355 -38.4
1356 -42.48
1357 -42.48
1358 -42.44
1359 -42.64
1360 -38.44
1361 -42.68
1362 -42.68
1363 -42.44
1364 -42.48
1365 -34.28
1366 -34.24
1367 -42.24
1368 -34.28
1369 -34.36
1370 -34.28
1371 -42.2
1372 -42.2
1373 -42.28
1374 -34.36
1375 -42.32
1376 -42.56
1377 -42.48
1378 -42.44
1379 -42.52
1380 -34.32
1381 -34.4
1382 -34.36
1383 -34.48
1384 -38.52
1385 -34.52
1386 -38.36
1387 -38.2
1388 -38.44
1389 -38.24
1390 -38.16
1391 -38.08
1392 -38.24
1393 -38.16
1394 -46.24
1395 -46.32
1396 -46.52
1397 -46.56
1398 -42.48
1399 -38.52
1400 -38.52
1401 -38.6
1402 -34.68
1403 -38.72
1404 -42.8
1405 -46.76
1406 -42.6
1407 -42.6
1408 -46.64
1409 -46.68
1410 -42.64
1411 -42.6
1412 -46.72
1413 -46.76
1414 -46.6
1415 -46.6
1416 -42.8
1417 -42.68
1418 -42.64
1419 -42.68
1420 -46.88
1421 -42.8
1422 -42.84
1423 -42.84
1424 -46.72
1425 -42.8
1426 -38.52
1427 -38.56
1428 -38.72
1429 -42.72
1430 -42.6
1431 -42.56
1432 -42.52
1433 -42.48
1434 -42.52
1435 -42.64
1436 -42.6
1437 -38.6
1438 -38.68
1439 -42.64
1440 -42.64
1441 -42.64
1442 -46.56
1443 -46.68
1444 -46.8
1445 -46.92
1446 -46.96
1447 -46.92
1448 -46.8
1449 -46.8
1450 -42.76
1451 -42.52
1452 -38.64
1453 -34.36
1454 -38.32
1455 -42.6
1456 -42.52
1457 -38.44
1458 -38.4
1459 -42.4
1460 -42.48
1461 -34.36
1462 -30.4
1463 -30.36
1464 -42.6
1465 -42.52
1466 -38.64
1467 -38.6
1468 -34.56
1469 -38.6
1470 -34.6
1471 -38.56
1472 -46.52
1473 -42.52
1474 -42.56
1475 -42.52
1476 -42.56
1477 -38.44
1478 -38.36
1479 -42.52
1480 -42.52
1481 -42.56
1482 -42.56
1483 -42.56
1484 -42.84
1485 -46.96
1486 -42.84
1487 -42.8
1488 -34.8
1489 -42.92
1490 -38.68
1491 -38.32
1492 -42.2
1493 -42.16
1494 -38.36
1495 -34.28
1496 -34.44
1497 -34.32
1498 -34.36
1499 -34.4
1500 -42.44
1501 -42.36
1502 -38.32
1503 -42.2
1504 -42.24
1505 -42
1506 -42.04
1507 -42.12
1508 -33.92
1509 -38
1510 -34.12
1511 -38
1512 -37.76
1513 -37.72
1514 -37.56
1515 -37.76
1516 -37.68
1517 -33.52
1518 -25.56
1519 -37.32
1520 -33.64
1521 -37.8
1522 -25.64
1523 -33.8
1524 -37.76
1525 -41.56
1526 -41.56
1527 -45.4
1528 -41.24
1529 -45.2
1530 -45.08
1531 -45.16
1532 -45.16
1533 -41.24
1534 -45.24
1535 -41.28
1536 -37.32
1537 -33.28
1538 -29.44
1539 -29.6
1540 -37.56
1541 -41.44
1542 -41.56
1543 -41.8
1544 -41.8
1545 -45.64
1546 -37.8
1547 -37.84
1548 -41.84
1549 -38.2
1550 -38.48
1551 -38.56
1552 -42.72
1553 -46.8
1554 -42.56
1555 -42.36
1556 -42.4
1557 -42.44
1558 -42.44
1559 -42.32
1560 -42.44
1561 -42.44
1562 -42.48
1563 -42.28
1564 -38.2
1565 -42
1566 -33.88
1567 -29.96
1568 -30.12
1569 -38.12
1570 -42.16
1571 -34.16
1572 -34.32
1573 -34.28
1574 -38.2
1575 -38.28
1576 -38.2
1577 -42.32
1578 -42.36
1579 -42.52
1580 -42.6
1581 -42.68
1582 -42.68
1583 -30.52
1584 -34.56
1585 -34.48
1586 -34.2
1587 -38.16
1588 -34.04
1589 -37.88
1590 -37.88
1591 -37.88
1592 -29.96
1593 -30
1594 -33.88
1595 -33.84
1596 -37.92
1597 -37.88
1598 -37.96
1599 -37.64
1600 -33.64
1601 -37.4
1602 -41.48
1603 -41.28
1604 -37.32
1605 -37.24
1606 -37.32
1607 -41.24
1608 -41.24
1609 -37.44
1610 -37.4
1611 -29.68
1612 -33.68
1613 -37.72
1614 -37.52
1615 -33.64
1616 -33.88
1617 -33.6
1618 -33.72
1619 -41.64
1620 -37.56
1621 -41.64
1622 -41.72
1623 -33.64
1624 -37.76
1625 -33.76
1626 -29.92
1627 -29.84
1628 -29.96
1629 -33.96
1630 -37.76
1631 -37.64
1632 -37.36
1633 -33.56
1634 -33.56
1635 -33.72
1636 -33.64
1637 -41.72
1638 -41.6
1639 -41.44
1640 -41.44
1641 -37.6
1642 -37.56
1643 -41.76
1644 -41.92
1645 -41.96
1646 -42
1647 -42
1648 -41.96
1649 -42.12
1650 -38.16
1651 -38.24
1652 -38.32
1653 -42.16
1654 -42.16
1655 -42.28
1656 -34.16
1657 -42.04
1658 -42.08
1659 -46.12
1660 -42.2
1661 -42.28
1662 -38.32
1663 -42.44
1664 -42.52
1665 -42.56
1666 -42.64
1667 -38.48
1668 -42.48
1669 -42.4
1670 -30.44
1671 -34.08
1672 -42.08
1673 -41.92
1674 -42.04
1675 -37.92
1676 -38
1677 -37.92
1678 -41.96
1679 -42
1680 -38.04
1681 -38.2
1682 -26.36
1683 -34.56
1684 -34.64
1685 -38.56
1686 -38.6
1687 -38.56
1688 -34.44
1689 -38.64
1690 -42.64
1691 -38.76
1692 -46.88
1693 -46.88
1694 -46.88
1695 -46.72
1696 -42.72
1697 -42.68
1698 -42.56
1699 -38.4
1700 -38.36
1701 -34.4
1702 -34.12
1703 -38.24
1704 -38.08
1705 -34.2
1706 -30.16
1707 -34.16
1708 -34.16
1709 -30.12
1710 -34.32
1711 -30.32
1712 -34.44
1713 -42.44
1714 -42.36
1715 -42.4
1716 -42.4
1717 -42.28
1718 -38.28
1719 -38.24
1720 -42.2
1721 -38.16
1722 -33.88
1723 -37.6
1724 -41.64
1725 -41.6
1726 -33.68
1727 -37.48
1728 -37.48
1729 -33.56
1730 -37.52
1731 -37.68
1732 -33.68
1733 -37.8
1734 -37.92
1735 -33.96
1736 -38.08
1737 -37.92
1738 -37.8
1739 -37.64
1740 -37.64
1741 -37.72
1742 -33.68
1743 -41.56
1744 -33.56
1745 -33.52
1746 -37.44
1747 -37.64
1748 -33.56
1749 -37.48
1750 -33.52
1751 -33.6
1752 -37.64
1753 -37.44
1754 -37.36
1755 -33.52
1756 -37.32
1757 -41.16
1758 -45.04
1759 -41.08
1760 -45.08
1761 -45.12
1762 -41.16
1763 -37.12
1764 -41.12
1765 -49
1766 -45.08
1767 -41.32
1768 -41.32
1769 -37.52
1770 -33.72
1771 -33.8
1772 -34
1773 -29.72
1774 -25.84
1775 -21.8
1776 -33.52
1777 -37.4
1778 -37.52
1779 -37.4
1780 -37.4
1781 -25.6
1782 -29.6
1783 -37.28
1784 -37.36
1785 -33.52
1786 -33.4
1787 -29.8
1788 -29.8
1789 -33.84
1790 -33.76
1791 -41.68
1792 -37.64
1793 -41.56
1794 -41.68
1795 -41.56
1796 -41.6
1797 -33.84
1798 -41.8
1799 -42
1800 -42
1801 -33.96
1802 -38.04
1803 -38.12
1804 -38.08
1805 -30.08
1806 -34.28
1807 -38.36
1808 -46.64
1809 -38.52
1810 -38.44
1811 -42.68
1812 -46.68
1813 -42.72
1814 -46.72
1815 -46.84
1816 -46.72
1817 -46.56
1818 -42.72
1819 -42.76
1820 -38.48
1821 -34.44
1822 -42.52
1823 -42.64
1824 -42.52
1825 -46.48
1826 -38.56
1827 -42.48
1828 -42.64
1829 -42.72
1830 -42.8
1831 -46.92
1832 -42.8
1833 -46.84
1834 -46.76
1835 -42.68
1836 -42.64
1837 -42.6
1838 -38.64
1839 -42.76
1840 -38.48
1841 -38.36
1842 -42.32
1843 -38.28
1844 -42.32
1845 -41.96
1846 -37.8
1847 -37.96
1848 -38.08
1849 -38
1850 -34.08
1851 -42
1852 -42.04
1853 -41.92
1854 -45.76
1855 -41.72
1856 -37.88
1857 -45.72
1858 -41.88
1859 -41.88
1860 -42
1861 -37.84
1862 -37.76
1863 -37.88
1864 -38.04
1865 -33.96
1866 -42.12
1867 -42
1868 -41.92
1869 -41.88
1870 -45.8
1871 -41.64
1872 -45.48
1873 -45.44
1874 -41.48
1875 -37.56
1876 -37.48
1877 -29.44
1878 -41.4
1879 -41.44
1880 -37.4
1881 -33.4
1882 -37.48
1883 -37.56
1884 -37.48
1885 -37.52
1886 -41.56
1887 -41.56
1888 -41.72
1889 -41.76
1890 -37.76
1891 -45.68
1892 -45.64
1893 -45.72
1894 -41.8
1895 -41.6
1896 -41.4
1897 -45.52
1898 -41.76
1899 -41.92
1900 -34.08
1901 -38.32
1902 -38.44
1903 -38.4
1904 -42.36
1905 -42.16
1906 -42.2
1907 -42.12
1908 -42.08
1909 -42
1910 -41.92
1911 -41.92
1912 -29.68
1913 -33.56
1914 -37.64
1915 -37.6
1916 -37.52
1917 -37.56
1918 -29.56
1919 -33.56
1920 -29.68
1921 -33.56
1922 -41.4
1923 -37.44
1924 -41.68
1925 -37.72
1926 -41.88
1927 -37.6
1928 -33.84
1929 -41.72
1930 -41.64
1931 -41.8
1932 -37.68
1933 -37.84
1934 -37.96
1935 -38.08
1936 -38.04
1937 -42.32
1938 -38.32
1939 -42.28
1940 -38.36
1941 -38.44
1942 -34.2
1943 -30.28
1944 -34.12
1945 -42.08
1946 -42.12
1947 -42.16
1948 -41.96
1949 -41.96
1950 -37.72
1951 -41.84
1952 -42.08
1953 -38.24
1954 -38.32
1955 -38.28
1956 -38.24
1957 -38.2
1958 -38.36
1959 -34.48
1960 -38.44
1961 -34.24
1962 -34.16
1963 -38.12
1964 -42.4
1965 -42.36
1966 -42.32
1967 -34.16
1968 -34.04
1969 -38.16
1970 -37.88
1971 -37.88
1972 -41.76
1973 -41.76
1974 -37.52
1975 -45.56
1976 -45.68
1977 -45.68
1978 -45.64
1979 -37.64
1980 -45.56
1981 -45.72
1982 -45.92
1983 -42.04
1984 -42.04
1985 -41.92
1986 -46
1987 -45.96
1988 -45.96
1989 -46
1990 -46.12
1991 -46.28
1992 -42.28
1993 -38.28
1994 -38.12
1995 -38.32
1996 -42.48
1997 -42.52
1998 -38.44
1999 -42.32
2000 -38.44
2001 -42.48
2002 -42.52
2003 -38.48
2004 -38.44
2005 -38.44
2006 -30.44
2007 -30.32
2008 -34.24
2009 -38.44
2010 -42.64
2011 -38.6
2012 -38.6
2013 -38.56
2014 -42.48
2015 -42.48
2016 -38.52
2017 -42.52
2018 -42.64
2019 -34.44
2020 -38.64
2021 -42.72
2022 -34.52
2023 -38.6
2024 -42.48
2025 -42.36
2026 -42.24
2027 -42.32
2028 -42.4
2029 -42.48
2030 -42.48
2031 -42.72
2032 -46.8
2033 -38.72
2034 -34.6
2035 -38.6
2036 -38.52
2037 -38.6
2038 -38.44
2039 -38.48
2040 -42.52
2041 -42.28
2042 -30.48
2043 -38.52
2044 -38.36
2045 -38.56
2046 -38.32
2047 -38.36
2048 -42.52
2049 -42.4
2050 -38.44
2051 -34.36
2052 -34.32
2053 -38.32
2054 -38.12
2055 -42.36
2056 -42.32
2057 -42.28
2058 -42.36
2059 -34.16
2060 -38.36
2061 -42.44
2062 -38.48
2063 -38.44
2064 -34.4
2065 -42.64
2066 -42.44
2067 -42.44
2068 -42.32
2069 -42.44
2070 -42.56
2071 -42.52
2072 -42.52
2073 -42.64
2074 -42.68
2075 -46.72
2076 -46.8
2077 -46.88
2078 -42.8
2079 -46.92
2080 -38.76
2081 -42.88
2082 -46.72
2083 -42.6
2084 -38.64
2085 -46.76
2086 -46.6
2087 -46.68
2088 -46.6
2089 -46.52
2090 -46.44
2091 -42.44
2092 -42.36
2093 -42.48
2094 -42.48
2095 -46.56
2096 -46.52
2097 -46.44
2098 -42.2
2099 -42.32
2100 -46.2
2101 -46.2
2102 -46.24
2103 -46.28
2104 -42.28
2105 -46.36
2106 -42.4
2107 -38.36
2108 -38.24
2109 -42.48
2110 -42.52
2111 -46.56
2112 -46.56
2113 -46.64
2114 -42.56
2115 -42.76
2116 -42.64
2117 -38.64
2118 -42.8
2119 -46.88
2120 -42.88
2121 -42.92
2122 -42.68
2123 -46.88
2124 -46.88
2125 -46.84
2126 -42.68
2127 -46.6
2128 -46.64
2129 -42.44
2130 -38.16
2131 -42.12
2132 -42.16
2133 -42.08
2134 -38.2
2135 -38.44
2136 -46.52
2137 -46.56
2138 -46.6
2139 -46.52
2140 -46.56
2141 -38.48
2142 -34.32
2143 -26.28
2144 -26.2
2145 -30.28
2146 -34.52
2147 -34.24
2148 -38.44
2149 -38.48
2150 -38.48
2151 -38.48
2152 -42.28
2153 -42.36
2154 -42.36
2155 -34.48
2156 -38.52
2157 -46.84
2158 -46.84
2159 -42.76
2160 -38.84
2161 -46.88
2162 -42.88
2163 -42.88
2164 -42.88
2165 -38.72
2166 -38.64
2167 -38.76
2168 -38.72
2169 -38.68
2170 -38.6
2171 -38.6
2172 -38.76
2173 -42.68
2174 -42.76
2175 -38.6
2176 -38.6
2177 -46.72
2178 -42.68
2179 -38.72
2180 -38.68
2181 -38.56
2182 -38.56
2183 -34.48
2184 -34.56
2185 -30.28
2186 -38.4
2187 -38.4
2188 -34.36
2189 -38.32
2190 -38.24
2191 -38.32
2192 -38.44
2193 -38.28
2194 -38.44
2195 -34.32
2196 -30.16
2197 -38.12
2198 -38.2
2199 -38.24
2200 -38.08
2201 -37.96
2202 -38
2203 -41.72
2204 -41.88
2205 -37.76
2206 -41.84
2207 -41.84
2208 -41.84
2209 -41.96
2210 -42
2211 -38.24
2212 -34.2
2213 -26.04
2214 -30.16
2215 -29.88
2216 -30.08
2217 -33.96
2218 -34.36
2219 -34.32
2220 -34.44
2221 -38.56
2222 -42.64
2223 -42.52
2224 -42.48
2225 -34.52
2226 -30.36
2227 -30.2
2228 -30.08
2229 -30.16
2230 -30.24
2231 -30.16
2232 -29.88
2233 -37.64
2234 -37.84
2235 -38.04
2236 -38.08
2237 -38
2238 -38.2
2239 -38.24
2240 -34.24
2241 -34.4
2242 -42.44
2243 -38.72
2244 -42.84
2245 -42.76
2246 -46.8
2247 -46.8
2248 -46.76
2249 -42.64
2250 -42.72
2251 -42.6
2252 -42.4
2253 -42.4
2254 -42.64
2255 -42.6
2256 -42.6
2257 -38.56
2258 -34.4
2259 -34.28
2260 -34.36
2261 -34.32
2262 -38.28
2263 -38.32
2264 -42.28
2265 -42.44
2266 -42.28
2267 -42.4
2268 -38.36
2269 -38.52
2270 -38.56
2271 -38.4
2272 -42.4
2273 -42.2
2274 -42.16
2275 -34.08
2276 -34.04
2277 -33.88
2278 -38.04
2279 -34.12
2280 -34.2
2281 -37.88
2282 -37.8
2283 -37.72
2284 -37.72
2285 -33.84
2286 -33.76
2287 -42
2288 -42.08
2289 -42
2290 -37.88
2291 -41.92
2292 -41.88
2293 -37.88
2294 -37.92
2295 -37.96
2296 -33.96
2297 -41.8
2298 -37.88
2299 -37.92
2300 -38
2301 -37.76
2302 -37.8
2303 -38.04
2304 -37.92
2305 -38
2306 -37.88
2307 -37.64
2308 -41.44
2309 -37.4
2310 -33.4
2311 -37.44
2312 -37.4
2313 -41.24
2314 -41.16
2315 -41.2
2316 -45.04
2317 -45.08
2318 -45.04
2319 -41.16
2320 -41.24
2321 -41.28
2322 -41.16
2323 -41.24
2324 -41.4
2325 -37.44
2326 -37.44
2327 -37.48
2328 -37.64
2329 -37.56
2330 -37.56
2331 -33.8
2332 -33.48
2333 -33.48
2334 -41.44
2335 -41.52
2336 -37.32
2337 -33.56
2338 -37.6
2339 -37.48
2340 -37.8
2341 -37.92
2342 -42
2343 -37.84
2344 -37.8
2345 -37.84
2346 -29.96
2347 -37.88
2348 -37.84
2349 -37.84
2350 -38
2351 -37.8
2352 -37.88
2353 -37.76
2354 -37.8
2355 -37.72
2356 -38.08
2357 -38.04
2358 -34.04
2359 -38
2360 -37.96
2361 -37.84
2362 -33.96
2363 -34
2364 -33.92
2365 -37.84
2366 -37.68
2367 -37.76
2368 -37.72
2369 -41.52
2370 -41.4
2371 -41.32
2372 -41.32
2373 -45.32
2374 -37.48
2375 -41.44
2376 -37.68
2377 -33.64
2378 -33.64
2379 -37.96
2380 -37.96
2381 -37.96
2382 -38.04
2383 -34.2
2384 -34.16
2385 -30.04
2386 -38.12
2387 -42.2
2388 -42.04
2389 -42.2
2390 -42.32
2391 -42.36
2392 -42.48
2393 -38.28
2394 -42.16
2395 -38.28
2396 -42.08
2397 -42.2
2398 -42.36
2399 -42.32
2400 -42.48
2401 -42.6
2402 -46.52
2403 -42.72
2404 -34.56
2405 -38.68
2406 -42.76
2407 -46.8
2408 -46.96
2409 -51
2410 -51
2411 -51
2412 -51
2413 -46.84
2414 -46.92
2415 -42.84
2416 -38.6
2417 -38.52
2418 -34.44
2419 -26.32
2420 -38.28
2421 -38.28
2422 -38.36
2423 -38.12
2424 -38.08
2425 -33.88
2426 -29.72
2427 -29.92
2428 -30.08
2429 -26.24
2430 -30.12
2431 -34.12
2432 -38.04
2433 -38.12
2434 -37.92
2435 -38.08
2436 -38.08
2437 -38.08
2438 -37.88
2439 -37.88
2440 -41.72
2441 -37.6
2442 -41.56
2443 -41.36
2444 -41.28
2445 -37.24
2446 -41.24
2447 -45.2
2448 -45.08
2449 -41.08
2450 -41.16
2451 -41.08
2452 -41.2
2453 -37.44
2454 -37.48
2455 -29.64
2456 -25.44
2457 -29.56
2458 -29.6
2459 -37.64
2460 -33.52
2461 -33.44
2462 -33.36
2463 -41.2
2464 -45.24
2465 -41.2
2466 -41.44
2467 -41.24
2468 -37.4
2469 -41.44
2470 -37.44
2471 -37.44
2472 -41.44
2473 -33.32
2474 -37.32
2475 -37.52
2476 -33.6
2477 -33.84
2478 -37.92
2479 -37.84
2480 -37.68
2481 -33.84
2482 -37.8
2483 -29.92
2484 -29.84
2485 -34.08
2486 -34.08
2487 -34.12
2488 -34.08
2489 -34.12
2490 -30.2
2491 -38.24
2492 -38.36
2493 -38.28
2494 -38.04
2495 -37.96
2496 -37.88
2497 -37.76
2498 -37.8
2499 -41.68
2500 -41.6
2501 -41.76
2502 -37.64
2503 -37.68
2504 -37.8
2505 -33.96
2506 -37.88
2507 -34.2
2508 -38.36
2509 -38.28
2510 -38.52
2511 -34.44
2512 -34.36
2513 -34.36
2514 -33.92
2515 -37.8
2516 -37.92
2517 -37.76
2518 -37.92
2519 -38.12
2520 -37.96
2521 -41.76
2522 -41.56
2523 -45.44
2524 -45.4
2525 -41.64
2526 -41.44
2527 -41.56
2528 -37.6
2529 -37.52
2530 -37.4
2531 -37.56
2532 -33.8
2533 -29.88
2534 -33.68
2535 -33.76
2536 -29.8
2537 -29.76
2538 -37.6
2539 -41.68
2540 -41.76
2541 -41.88
2542 -42.08
2543 -42.16
2544 -42.24
2545 -42.12
2546 -41.96
2547 -38.12
2548 -38.2
2549 -38.16
2550 -38.28
2551 -38.08
2552 -34.08
2553 -33.76
2554 -37.8
2555 -41.76
2556 -41.72
2557 -41.64
2558 -33.92
2559 -34.04
2560 -30.32
2561 -34.28
2562 -30.4
2563 -34.24
2564 -34.16
2565 -34.28
2566 -38.4
2567 -38.32
2568 -38.36
2569 -38.12
2570 -33.92
2571 -34.04
2572 -38.16
2573 -42.08
2574 -33.96
2575 -37.88
2576 -41.84
2577 -34
2578 -38.08
2579 -38.04
2580 -34.16
2581 -34.2
2582 -34.28
2583 -38.28
2584 -38.24
2585 -42.08
2586 -42.04
2587 -42.16
2588 -42.28
2589 -42.04
2590 -42.12
2591 -46.2
2592 -46.16
2593 -46.24
2594 -46.28
2595 -46.24
2596 -46.28
2597 -46.24
2598 -42.36
2599 -42.52
2600 -38.36
2601 -42.4
2602 -38.32
2603 -46.44
2604 -46.32
2605 -46.4
2606 -38.28
2607 -42.28
2608 -46.16
2609 -46.2
2610 -42.2
2611 -42.08
2612 -38
2613 -42.12
2614 -38.2
2615 -38.12
2616 -38
2617 -38.08
2618 -42.04
2619 -45.96
2620 -42
2621 -37.96
2622 -37.84
2623 -34
2624 -38
2625 -34.12
2626 -34.36
2627 -38.36
2628 -34.32
2629 -38.4
2630 -38.52
2631 -38.64
2632 -38.72
2633 -38.76
2634 -38.52
2635 -38.36
2636 -42.32
2637 -38.24
2638 -38.24
2639 -42
2640 -38
2641 -38.12
2642 -38.04
2643 -37.88
2644 -33.8
2645 -37.72
2646 -33.68
2647 -33.64
2648 -25.92
2649 -37.96
2650 -37.88
2651 -37.8
2652 -37.6
2653 -33.68
2654 -29.8
2655 -29.92
2656 -38.08
2657 -38.12
2658 -38
2659 -41.84
2660 -38
2661 -42.08
2662 -46.08
2663 -42.12
2664 -38.28
2665 -34.16
2666 -33.96
2667 -34.08
2668 -34
2669 -33.92
2670 -33.88
2671 -37.92
2672 -37.84
2673 -37.8
2674 -41.8
2675 -41.8
2676 -41.88
2677 -42.08
2678 -38.08
2679 -42.08
2680 -42.16
2681 -38.16
2682 -46.44
2683 -46.56
2684 -46.52
2685 -46.64
2686 -46.6
2687 -46.72
2688 -42.64
2689 -42.8
2690 -38.68
2691 -42.6
2692 -42.56
2693 -42.64
2694 -38.52
2695 -34.52
2696 -38.64
2697 -42.76
2698 -42.68
2699 -38.52
2700 -38.6
2701 -38.36
2702 -38.32
2703 -42.32
2704 -42.32
2705 -42.48
2706 -42.48
2707 -42.52
2708 -42.56
2709 -42.4
2710 -38.52
2711 -42.4
2712 -42.44
2713 -38.36
2714 -38.28
2715 -38.36
2716 -42.56
2717 -42.6
2718 -42.56
2719 -46.56
2720 -46.64
2721 -38.48
2722 -42.52
2723 -42.4
2724 -42.28
2725 -42.36
2726 -42.48
2727 -38.48
2728 -42.56
2729 -42.68
2730 -42.68
2731 -42.68
2732 -42.68
2733 -38.4
2734 -38.36
2735 -42.44
2736 -46.68
2737 -46.72
2738 -46.64
2739 -46.64
2740 -42.56
2741 -38.56
2742 -38.48
2743 -38.6
2744 -34.56
2745 -34.6
2746 -38.72
2747 -42.84
2748 -42.84
2749 -38.76
2750 -42.52
2751 -46.68
2752 -46.84
2753 -46.92
2754 -46.88
2755 -46.92
2756 -46.96
2757 -46.92
2758 -38.88
2759 -42.8
2760 -42.84
2761 -46.88
2762 -46.84
2763 -42.76
2764 -46.84
2765 -46.8
2766 -42.8
2767 -42.72
2768 -42.76
2769 -42.64
2770 -42.56
2771 -42.56
2772 -46.4
2773 -42.28
2774 -42.44
2775 -42.36
2776 -42.24
2777 -46.2
2778 -42.32
2779 -46.28
2780 -46.2
2781 -46.08
2782 -46.08
2783 -46.16
2784 -42.08
2785 -46.12
2786 -46.24
2787 -46.32
2788 -42.44
2789 -38.4
2790 -34.12
2791 -38.32
2792 -42.24
2793 -46.16
2794 -46.32
2795 -46.16
2796 -46.08
2797 -41.96
2798 -38.08
2799 -33.76
2800 -29.84
2801 -33.56
2802 -33.44
2803 -33.36
2804 -37.2
2805 -45.08
2806 -45.2
2807 -45.36
2808 -45.28
2809 -41.4
2810 -37.64
2811 -37.8
2812 -41.96
2813 -41.88
2814 -42.04
2815 -38.2
2816 -34.32
2817 -30.2
2818 -30.16
2819 -30.2
2820 -34.24
2821 -38.32
2822 -42.16
2823 -38.08
2824 -38
2825 -34.28
2826 -34.4
2827 -42.76
2828 -46.84
2829 -46.76
2830 -42.64
2831 -46.64
2832 -42.68
2833 -46.76
2834 -46.76
2835 -46.68
2836 -46.76
2837 -46.8
2838 -42.68
2839 -42.68
2840 -38.48
2841 -42.68
2842 -42.6
2843 -42.72
2844 -46.76
2845 -46.68
2846 -42.56
2847 -42.48
2848 -42.48
2849 -34.44
2850 -38.28
2851 -42.28
2852 -42.24
2853 -38.28
2854 -38.36
2855 -42.4
2856 -42.56
2857 -38.44
2858 -34.44
2859 -34.52
2860 -30.6
2861 -34.4
2862 -38.28
2863 -38.6
2864 -38.48
2865 -42.52
2866 -34.64
2867 -38.6
2868 -42.48
2869 -42.44
2870 -42.48
2871 -38.32
2872 -42.12
2873 -42.28
2874 -42.36
2875 -42.24
2876 -30.24
2877 -34.24
2878 -34.16
2879 -34.08
2880 -38.16
2881 -38.16
2882 -38.28
2883 -42.48
2884 -42.32
2885 -42.28
2886 -42.36
2887 -38.2
2888 -42.2
2889 -42.08
2890 -42
2891 -41.96
2892 -41.96
2893 -41.88
2894 -41.84
2895 -41.8
2896 -37.68
2897 -41.72
2898 -41.56
2899 -41.8
2900 -34
2901 -38.04
2902 -38.2
2903 -37.96
2904 -41.88
2905 -41.88
2906 -33.8
2907 -41.8
2908 -41.88
2909 -37.8
2910 -41.64
2911 -41.64
2912 -37.72
2913 -37.84
2914 -37.76
2915 -34
2916 -37.92
2917 -41.8
2918 -41.84
2919 -41.8
2920 -41.8
2921 -41.84
2922 -45.72
2923 -45.76
2924 -45.64
2925 -45.6
2926 -41.76
2927 -41.64
2928 -37.72
2929 -41.48
2930 -41.48
2931 -37.76
2932 -37.8
2933 -37.92
2934 -33.96
2935 -38
2936 -34.04
2937 -33.88
2938 -33.68
2939 -37.52
2940 -37.6
2941 -33.72
2942 -37.8
2943 -37.84
2944 -41.88
2945 -41.92
2946 -41.96
2947 -38.16
2948 -42.12
2949 -42.04
2950 -42.16
2951 -42.12
2952 -42.16
2953 -42.28
2954 -42.36
2955 -42.44
2956 -42.48
2957 -42.48
2958 -46.36
2959 -46.28
2960 -46.28
2961 -46.12
2962 -42
2963 -46.04
2964 -42
2965 -46.04
2966 -45.96
2967 -42.08
2968 -42.2
2969 -38.28
2970 -38.44
2971 -38.52
2972 -38.48
2973 -42.64
2974 -38.44
2975 -42.48
2976 -38.48
2977 -42.64
2978 -42.76
2979 -42.72
2980 -42.72
2981 -42.72
2982 -38.64
2983 -42.56
2984 -42.64
2985 -42.48
2986 -38.6
2987 -42.48
2988 -42.44
2989 -38.68
2990 -42.64
2991 -46.6
2992 -46.52
2993 -46.4
2994 -46.44
2995 -38.44
2996 -38.56
2997 -34.44
2998 -38.24
2999 -34.24
3000 -38.24
3001 -30.04
3002 -29.92
3003 -34.04
3004 -37.8
3005 -37.8
3006 -33.68
3007 -37.56
3008 -41.56
3009 -41.68
3010 -37.76
3011 -37.76
3012 -37.72
3013 -41.64
3014 -41.76
3015 -41.84
3016 -33.88
3017 -42
3018 -42.16
3019 -42.24
3020 -38.04
3021 -42.2
3022 -42
3023 -41.96
3024 -34.2
3025 -34.04
3026 -34.16
3027 -38.04
3028 -33.92
3029 -30.12
3030 -42.04
3031 -38.12
3032 -37.96
3033 -34
3034 -30.08
3035 -34
3036 -37.6
3037 -33.76
3038 -33.96
3039 -33.8
3040 -37.68
3041 -33.76
3042 -37.76
3043 -37.92
3044 -37.8
3045 -37.8
3046 -41.64
3047 -41.6
3048 -37.88
3049 -37.8
3050 -33.88
3051 -37.88
3052 -38
3053 -33.84
3054 -30.04
3055 -42.16
3056 -42.28
3057 -42
3058 -33.96
3059 -38
3060 -38.08
3061 -38.2
3062 -38.36
3063 -42.44
3064 -42.36
3065 -42.48
3066 -38.36
3067 -38.48
3068 -38.4
3069 -38.36
3070 -34.16
3071 -42.4
3072 -42.44
3073 -42.48
3074 -42.4
3075 -38.36
3076 -34.2
3077 -42.2
3078 -42.32
3079 -46.44
3080 -46.4
3081 -42.32
3082 -38.4
3083 -38.56
3084 -38.28
3085 -38.48
3086 -38.4
3087 -42.52
3088 -42.52
3089 -38.44
3090 -42.56
3091 -34.28
3092 -30.16
3093 -34
3094 -33.88
3095 -33.8
3096 -37.92
3097 -34.08
3098 -34.12
3099 -30.2
3100 -38.2
3101 -42.16
3102 -42.32
3103 -34.24
3104 -38.28
3105 -38.24
3106 -38.08
3107 -38.04
3108 -38.12
3109 -34.12
3110 -34.44
3111 -38.32
3112 -38.32
3113 -38.36
3114 -38.4
3115 -38.36
3116 -34.48
3117 -38.6
3118 -34.56
3119 -34.56
3120 -34.56
3121 -34.52
3122 -34.64
3123 -34.52
3124 -34.48
3125 -26.36
3126 -38.56
3127 -42.56
3128 -42.56
3129 -38.72
3130 -46.76
3131 -46.8
3132 -46.72
3133 -46.8
3134 -42.64
3135 -42.52
3136 -34.36
3137 -34.4
3138 -42.32
3139 -42.4
3140 -42.28
3141 -38.16
3142 -37.92
3143 -37.8
3144 -41.88
3145 -37.8
3146 -41.64
3147 -41.72
3148 -41.48
3149 -41.48
3150 -41.68
3151 -37.56
3152 -41.52
3153 -41.56
3154 -33.64
3155 -33.44
3156 -33.52
3157 -37.52
3158 -37.56
3159 -37.48
3160 -41.36
3161 -41.28
3162 -41.32
3163 -37.6
3164 -37.6
3165 -41.6
3166 -45.48
3167 -41.44
3168 -41.44
3169 -45.4
3170 -45.36
3171 -45.44
3172 -45.52
3173 -37.6
3174 -45.76
3175 -45.68
3176 -37.76
3177 -37.84
3178 -33.76
3179 -41.96
3180 -42.04
3181 -38.2
3182 -42.36
3183 -38.36
3184 -42.6
3185 -42.64
3186 -42.64
3187 -46.68
3188 -46.8
3189 -42.8
3190 -46.96
3191 -46.88
3192 -46.88
3193 -46.76
3194 -46.6
3195 -42.56
3196 -42.6
3197 -42.52
3198 -42.64
3199 -42.64
3200 -42.72
3201 -46.8
3202 -46.92
3203 -46.92
3204 -42.92
3205 -42.8
3206 -46.8
3207 -42.84
3208 -42.88
3209 -42.84
3210 -42.68
3211 -42.44
3212 -42.2
3213 -42.36
3214 -42.44
3215 -38.04
3216 -42.2
3217 -38.32
3218 -38.36
3219 -38.36
3220 -42.48
3221 -42.6
3222 -42.44
3223 -42.44
3224 -38.36
3225 -42.48
3226 -38.56
3227 -42.6
3228 -38.44
3229 -38.4
3230 -38.44
3231 -38.6
3232 -42.52
3233 -42.48
3234 -42.56
3235 -38.48
3236 -42.68
3237 -38.6
3238 -38.52
3239 -42.48
3240 -38.28
3241 -38.32
3242 -38.12
3243 -38.08
3244 -38.28
3245 -38.4
3246 -38.52
3247 -34.6
3248 -34.6
3249 -38.48
3250 -38.6
3251 -42.64
3252 -42.52
3253 -42.48
3254 -38.6
3255 -38.48
3256 -38.68
3257 -42.8
3258 -46.84
3259 -46.8
3260 -46.84
3261 -42.84
3262 -46.92
3263 -51
3264 -51
3265 -51
3266 -51
3267 -51
3268 -51
3269 -46.96
3270 -51
3271 -46.96
3272 -42.84
3273 -38.68
3274 -42.6
3275 -38.2
3276 -34.24
3277 -38.56
3278 -34.72
3279 -38.76
3280 -38.8
3281 -38.72
3282 -42.6
3283 -38.6
3284 -42.8
3285 -42.64
3286 -38.52
3287 -38.56
3288 -42.6
3289 -38.72
3290 -42.64
3291 -42.72
3292 -38.52
3293 -38.44
3294 -42.52
3295 -42.4
3296 -42.4
3297 -42.36
3298 -42.28
3299 -42.16
3300 -38.2
3301 -41.96
3302 -42
3303 -34.2
3304 -30.16
3305 -38.16
3306 -38.2
3307 -34.08
3308 -42.04
3309 -41.92
3310 -42.08
3311 -34.16
3312 -38.44
3313 -42.32
3314 -34.28
3315 -26.2
3316 -30.12
3317 -34.28
3318 -38.28
3319 -34.32
3320 -42.08
3321 -38.28
3322 -42.12
3323 -38.08
3324 -37.72
3325 -29.64
3326 -33.72
3327 -33.8
3328 -37.8
3329 -33.76
3330 -33.72
3331 -33.6
3332 -33.64
3333 -37.72
3334 -37.96
3335 -37.96
3336 -33.92
3337 -33.92
3338 -29.96
3339 -29.72
3340 -33.88
3341 -37.56
3342 -33.64
3343 -33.72
3344 -33.72
3345 -37.52
3346 -33.48
3347 -37.56
3348 -37.56
3349 -41.48
3350 -41.6
3351 -37.36
3352 -37.32
3353 -41.36
3354 -41.4
3355 -41.48
3356 -41.48
3357 -41.56
3358 -33.44
3359 -33.4
3360 -45.24
3361 -41.24
3362 -41.32
3363 -41.36
3364 -41.52
3365 -37.76
3366 -33.88
3367 -38
3368 -33.84
3369 -37.64
3370 -37.92
3371 -37.56
3372 -33.48
3373 -33.56
3374 -37.64
3375 -37.8
3376 -37.72
3377 -37.72
3378 -37.52
3379 -41.44
3380 -41.36
3381 -41.48
3382 -41.4
3383 -45.4
3384 -45.28
3385 -45.32
3386 -41.52
3387 -41.56
3388 -41.64
3389 -37.72
3390 -41.72
3391 -41.92
3392 -38
3393 -38.32
3394 -38.28
3395 -38.36
3396 -34.32
3397 -38.12
3398 -38.12
3399 -38.2
3400 -34.28
3401 -34.36
3402 -34.4
3403 -38.64
3404 -38.52
3405 -38.44
3406 -38.52
3407 -38.48
3408 -38.36
3409 -38.48
3410 -34.48
3411 -38.44
3412 -42.64
3413 -38.4
3414 -34.24
3415 -26.08
3416 -34.12
3417 -30.12
3418 -34.12
3419 -34.2
3420 -34.04
3421 -29.88
3422 -30.2
3423 -29.64
3424 -33.8
3425 -34
3426 -38.12
3427 -38
3428 -34.28
3429 -34.24
3430 -34.32
3431 -34.48
3432 -34.4
3433 -34.48
3434 -34.44
3435 -34.16
3436 -29.88
3437 -29.96
3438 -33.8
3439 -37.8
3440 -33.96
3441 -29.96
3442 -38.28
3443 -38.24
3444 -34.08
3445 -38.12
3446 -38.12
3447 -34
3448 -33.92
3449 -33.88
3450 -37.88
3451 -38.04
3452 -46
3453 -46
3454 -42
3455 -33.92
3456 -37.8
3457 -33.68
3458 -37.72
3459 -37.92
3460 -38.04
3461 -34.12
3462 -38.24
3463 -38.36
3464 -38.24
3465 -38.36
3466 -42.52
3467 -38.6
3468 -42.56
3469 -42.64
3470 -42.56
3471 -42.44
3472 -42.52
3473 -42.44
3474 -42.44
3475 -42.4
3476 -42.28
3477 -42.36
3478 -42.32
3479 -42.2
3480 -42
3481 -42.04
3482 -38.16
3483 -46.08
3484 -46.08
3485 -45.96
3486 -46
3487 -42.08
3488 -42.28
3489 -42.16
3490 -46.24
3491 -46.08
3492 -42.04
3493 -42.08
3494 -38
3495 -37.92
3496 -37.92
3497 -37.96
3498 -37.96
3499 -37.8
3500 -37.84
3501 -33.84
3502 -41.96
3503 -41.88
3504 -45.56
3505 -45.68
3506 -45.64
3507 -45.6
3508 -41.64
3509 -41.72
3510 -41.76
3511 -37.68
3512 -41.64
3513 -41.68
3514 -45.8
3515 -41.92
3516 -37.92
3517 -30.08
3518 -30.04
3519 -34.12
3520 -34.04
3521 -33.92
3522 -41.88
3523 -41.8
3524 -33.92
3525 -37.64
3526 -41.6
3527 -41.56
3528 -33.44
3529 -37.32
3530 -37.56
3531 -37.64
3532 -33.48
3533 -33.56
3534 -33.64
3535 -37.84
3536 -37.92
3537 -38.08
3538 -38.24
3539 -38.24
3540 -38.48
3541 -38.44
3542 -38.44
3543 -38.56
3544 -34.48
3545 -38.36
3546 -38.36
3547 -42.4
3548 -46.4
3549 -46.48
3550 -42.6
3551 -42.64
3552 -42.52
3553 -42.4
3554 -42.28
3555 -42.32
3556 -42.28
3557 -38.28
3558 -38.2
3559 -38.24
3560 -34.2
3561 -38.48
3562 -42.52
3563 -38.64
3564 -42.8
3565 -46.8
3566 -46.56
3567 -46.56
3568 -42.64
3569 -42.8
3570 -46.84
3571 -46.88
3572 -46.92
3573 -46.96
3574 -46.92
3575 -46.92
3576 -46.96
3577 -51
3578 -51
3579 -51
3580 -51
3581 -46.96
3582 -46.96
3583 -51
3584 -46.88
3585 -51
3586 -51
3587 -51
3588 -51
3589 -51
3590 -46.96
3591 -46.84
3592 -46.92
3593 -46.96
3594 -51
3595 -46.96
3596 -46.96
3597 -51
3598 -51
3599 -51
3600 -42.92
3601 -42.76
3602 -42.56
3603 -42.72
3604 -42.68
3605 -46.72
3606 -46.68
3607 -42.52
3608 -34.28
3609 -38.36
3610 -42.44
3611 -42.2
3612 -42.16
3613 -42.12
3614 -42.04
3615 -42.12
3616 -42.12
3617 -37.96
3618 -41.84
3619 -41.88
3620 -41.88
3621 -41.96
3622 -42
3623 -46.12
3624 -46.12
3625 -46.04
3626 -42.04
3627 -42.04
3628 -42.16
3629 -42.16
3630 -38.2
3631 -34.32
3632 -30.56
3633 -42.64
3634 -42.6
3635 -42.4
3636 -38.4
3637 -46.48
3638 -46.48
3639 -46.64
3640 -42.64
3641 -38.64
3642 -34.72
3643 -38.76
3644 -38.6
3645 -30.4
3646 -34.36
3647 -34.4
3648 -38.28
3649 -38.36
3650 -42.52
3651 -42.44
3652 -38.52
3653 -38.48
3654 -42.48
3655 -38.52
3656 -34.48
3657 -42.56
3658 -46.64
3659 -42.52
3660 -42.44
3661 -42.52
3662 -42.52
3663 -42.6
3664 -46.72
3665 -46.76
3666 -46.76
3667 -46.76
3668 -46.76
3669 -42.64
3670 -42.68
3671 -42.56
3672 -42.6
3673 -38.56
3674 -42.76
3675 -42.84
3676 -42.88
3677 -42.72
3678 -38.68
3679 -42.8
3680 -38.68
3681 -42.72
3682 -42.8
3683 -38.76
3684 -38.84
3685 -38.76
3686 -38.76
3687 -38.68
3688 -42.6
3689 -42.4
3690 -42.44
3691 -42.36
3692 -46.4
3693 -42.32
3694 -42.52
3695 -46.6
3696 -46.6
3697 -46.4
3698 -46.32
3699 -46.36
3700 -42.4
3701 -46.32
3702 -46.28
3703 -42.16
3704 -41.96
3705 -33.8
3706 -33.64
3707 -33.64
3708 -33.64
3709 -37.52
3710 -45.52
3711 -41.52
3712 -41.56
3713 -37.44
3714 -45.36
3715 -37.44
3716 -33.56
3717 -33.32
3718 -37.32
3719 -41.2
3720 -45.08
3721 -45.04
3722 -45.04
3723 -45.08
3724 -37.12
3725 -41.16
3726 -37.36
3727 -41.24
3728 -37.32
3729 -41.2
3730 -41.28
3731 -45.04
3732 -41.12
3733 -49
3734 -41.16
3735 -37.32
3736 -41.2
3737 -37.44
3738 -41.32
3739 -41.4
3740 -37.24
3741 -41.4
3742 -37.36
3743 -33.48
3744 -37.52
3745 -33.56
3746 -37.4
3747 -41.32
3748 -41.32
3749 -41.28
3750 -41.36
3751 -37.32
3752 -37.4
3753 -37.36
3754 -37.52
3755 -37.72
3756 -37.64
3757 -34
3758 -34
3759 -30.08
3760 -34.08
3761 -29.96
3762 -37.64
3763 -37.76
3764 -41.36
3765 -37.52
3766 -37.68
3767 -37.68
3768 -37.68
3769 -33.72
3770 -37.92
3771 -34.04
3772 -34.2
3773 -38.2
3774 -38.28
3775 -46.2
3776 -46.08
3777 -46.04
3778 -41.96
3779 -41.68
3780 -41.88
3781 -41.92
3782 -41.8
3783 -37.68
3784 -37.72
3785 -37.92
3786 -38
3787 -42.04
3788 -42.04
3789 -42.28
3790 -42.16
3791 -38.28
3792 -38.32
3793 -46.52
3794 -42.64
3795 -42.6
3796 -42.4
3797 -42.4
3798 -42.36
3799 -46.56
3800 -42.6
3801 -46.56
3802 -46.4
3803 -42.52
3804 -42.56
3805 -46.6
3806 -46.68
3807 -46.64
3808 -46.68
3809 -46.56
3810 -46.56
3811 -46.64
3812 -46.68
3813 -42.76
3814 -42.76
3815 -42.72
3816 -42.64
3817 -42.64
3818 -34.6
3819 -34.52
3820 -30.4
3821 -30.32
3822 -34.2
3823 -38.16
3824 -37.96
3825 -37.8
3826 -41.64
3827 -33.88
3828 -33.92
3829 -41.76
3830 -41.76
3831 -37.88
3832 -38.04
3833 -37.84
3834 -37.92
3835 -42.12
3836 -38.08
3837 -37.84
3838 -26.04
3839 -21.72
3840 -33.64
3841 -37.84
3842 -37.96
3843 -38.04
3844 -33.92
3845 -33.64
3846 -37.72
3847 -37.6
3848 -41.56
3849 -37.56
3850 -33.64
3851 -37.84
3852 -33.88
3853 -38.08
3854 -38.08
3855 -42.12
3856 -42.08
3857 -42.2
3858 -42.28
3859 -42.24
3860 -42.16
3861 -37.96
3862 -37.92
3863 -37.92
3864 -33.88
3865 -37.88
3866 -42.04
3867 -42.08
3868 -42.16
3869 -38.16
3870 -42.36
3871 -38.4
3872 -38.4
3873 -38.4
3874 -34.32
3875 -34.44
3876 -38.24
3877 -38.2
3878 -34.36
3879 -34.36
3880 -34.32
3881 -38.48
3882 -42.48
3883 -42.44
3884 -42.4
3885 -42.56
3886 -34.6
3887 -34.52
3888 -34.52
3889 -38.8
3890 -38.8
3891 -42.76
3892 -38.64
3893 -38.56
3894 -38.36
3895 -42.24
3896 -42.2
3897 -42.08
3898 -41.96
3899 -42.08
3900 -42.08
3901 -45.96
3902 -45.96
3903 -42.16
3904 -42.28
3905 -42.24
3906 -34.36
3907 -38.24
3908 -42.32
3909 -42.28
3910 -42.08
3911 -42.12
3912 -42.2
3913 -37.96
3914 -37.96
3915 -42.16
3916 -41.92
3917 -33.84
3918 -34.04
3919 -38.2
3920 -42.04
3921 -41.88
3922 -41.96
3923 -42.2
3924 -38.12
3925 -37.96
3926 -34.12
3927 -34.2
3928 -38.08
3929 -38.24
3930 -38.32
3931 -42.44
3932 -38.32
3933 -34
3934 -38.24
3935 -42.4
3936 -42.4
3937 -42.4
3938 -42.56
3939 -42.56
3940 -42.68
3941 -42.76
3942 -42.8
3943 -46.8
3944 -46.72
3945 -46.88
3946 -46.84
3947 -46.84
3948 -42.84
3949 -42.76
3950 -46.84
3951 -51
3952 -51
3953 -51
3954 -46.96
3955 -51
3956 -51
3957 -46.88
3958 -42.76
3959 -42.48
3960 -38.36
3961 -34.04
3962 -33.84
3963 -29.8
3964 -33.64
3965 -29.64
3966 -37.28
3967 -37.32
3968 -41.28
3969 -45.2
3970 -45.24
3971 -45.28
3972 -45.2
3973 -45.12
3974 -45.2
3975 -45.2
3976 -45.12
3977 -45.2
3978 -41.28
3979 -41.24
3980 -41.36
3981 -41.28
3982 -41.32
3983 -41.24
3984 -37.2
3985 -41.2
3986 -41.24
3987 -41.24
3988 -37.44
3989 -41.44
3990 -37.64
3991 -41.72
3992 -41.68
3993 -41.96
3994 -33.92
3995 -37.8
3996 -37.64
3997 -37.68
3998 -37.76
3999 -37.72
4000 -33.72
4001 -33.72
4002 -29.88
4003 -29.96
4004 -30.16
4005 -30.24
4006 -25.72
4007 -33.76
4008 -33.96
4009 -33.92
4010 -37.8
4011 -33.92
4012 -33.8
4013 -33.92
4014 -33.96
4015 -33.84
4016 -34.04
4017 -34.32
4018 -34.2
4019 -30.16
4020 -33.92
4021 -37.96
4022 -38
4023 -37.6
4024 -29.56
4025 -41.72
4026 -37.84
4027 -37.68
4028 -37.64
4029 -37.48
4030 -37.28
4031 -41.28
4032 -37.4
4033 -37.36
4034 -37.44
4035 -41.36
4036 -41.36
4037 -41.56
4038 -37.28
4039 -41.28
4040 -45.4
4041 -37.6
4042 -37.64
4043 -37.56
4044 -37.52
4045 -37.52
4046 -37.4
4047 -37.56
4048 -37.32
4049 -37.36
4050 -33.32
4051 -37.28
4052 -33.52
4053 -33.68
4054 -37.8
4055 -37.84
4056 -37.92
4057 -37.92
4058 -38.12
4059 -34.32
4060 -34.32
4061 -34.2
4062 -38.16
4063 -42.4
4064 -42.36
4065 -42.28
4066 -38.2
4067 -38.24
4068 -38.36
4069 -38.24
4070 -38.32
4071 -42.24
4072 -42.4
4073 -38.36
4074 -42.48
4075 -42.64
4076 -46.68
4077 -46.72
4078 -46.56
4079 -42.44
4080 -42.24
4081 -38
4082 -37.96
4083 -38
4084 -37.96
4085 -33.8
4086 -33.56
4087 -37.64
4088 -37.52
4089 -37.92
4090 -37.84
4091 -37.8
4092 -37.76
4093 -33.8
4094 -29.84
4095 -26.24
4096 -38.24
4097 -38.12
4098 -42
4099 -42
4100 -37.88
4101 -42.12
4102 -42.2
4103 -42.04
4104 -34.16
4105 -41.96
4106 -42.12
4107 -46.24
4108 -42.12
4109 -46.08
4110 -41.96
4111 -46.12
4112 -46.2
4113 -42.16
4114 -42.24
4115 -38.24
4116 -41.96
4117 -37.96
4118 -33.92
4119 -33.96
4120 -38.08
4121 -38.16
4122 -38.16
4123 -38.24
4124 -38.56
4125 -38.56
4126 -42.68
4127 -42.64
4128 -38.64
4129 -42.68
4130 -42.8
4131 -42.84
4132 -46.76
4133 -46.8
4134 -42.72
4135 -46.92
4136 -46.92
4137 -46.96
4138 -46.96
4139 -46.84
4140 -46.84
4141 -46.76
4142 -46.6
4143 -42.52
4144 -42.6
4145 -34.48
4146 -38.6
4147 -38.64
4148 -38.4
4149 -42.4
4150 -46.56
4151 -42.64
4152 -38.56
4153 -42.68
4154 -42.8
4155 -42.8
4156 -46.84
4157 -46.76
4158 -46.72
4159 -42.68
4160 -42.56
4161 -38.4
4162 -34.32
4163 -42.16
4164 -38.2
4165 -42.2
4166 -42.28
4167 -42.44
4168 -38.48
4169 -42.56
4170 -42.56
4171 -42.48
4172 -46.52
4173 -46.48
4174 -46.48
4175 -38.44
4176 -42.56
4177 -42.52
4178 -42.64
4179 -42.8
4180 -38.72
4181 -38.6
4182 -38.64
4183 -38.36
4184 -38.44
4185 -26
4186 -29.88
4187 -38.08
4188 -34.24
4189 -30.36
4190 -34.4
4191 -38.08
4192 -37.8
4193 -33.76
4194 -26.12
4195 -30.4
4196 -26.2
4197 -38
4198 -34.2
4199 -34.32
4200 -38.32
4201 -34.4
4202 -38.52
4203 -42.64
4204 -42.64
4205 -38.52
4206 -38.2
4207 -42.4
4208 -42.44
4209 -34.2
4210 -30
4211 -30.12
4212 -38.04
4213 -33.76
4214 -37.8
4215 -33.52
4216 -37.48
4217 -45.56
4218 -45.64
4219 -45.64
4220 -41.68
4221 -33.64
4222 -33.72
4223 -33.72
4224 -33.68
4225 -33.84
4226 -33.76
4227 -37.68
4228 -37.88
4229 -37.68
4230 -41.64
4231 -37.56
4232 -41.52
4233 -41.6
4234 -41.84
4235 -41.84
4236 -41.92
4237 -46.08
4238 -42.24
4239 -46.28
4240 -46.24
4241 -42.28
4242 -34.24
4243 -38.2
4244 -38.12
4245 -42.12
4246 -42.04
4247 -34.16
4248 -34.12
4249 -38.2
4250 -42.12
4251 -37.84
4252 -41.92
4253 -42.04
4254 -41.8
4255 -37.56
4256 -33.68
4257 -33.76
4258 -37.92
4259 -42
4260 -38
4261 -41.84
4262 -41.76
4263 -41.76
4264 -41.72
4265 -37.8
4266 -37.8
4267 -37.84
4268 -37.8
4269 -38
4270 -37.72
4271 -41.76
4272 -37.88
4273 -37.88
4274 -30.12
4275 -38.36
4276 -38.32
4277 -42.36
4278 -42.28
4279 -42.28
4280 -34
4281 -41.84
4282 -34.32
4283 -34.24
4284 -34.24
4285 -38.2
4286 -38.32
4287 -42.4
4288 -42.48
4289 -46.6
4290 -46.6
4291 -46.6
4292 -42.64
4293 -42.76
4294 -46.6
4295 -42.56
4296 -38.56
4297 -38.28
4298 -38.4
4299 -46.64
4300 -46.44
4301 -38.32
4302 -38.2
4303 -38.16
4304 -38.12
4305 -38.08
4306 -38.16
4307 -38.24
4308 -42.48
4309 -42.52
4310 -42.44
4311 -42.56
4312 -42.52
4313 -42.4
4314 -42.2
4315 -38.08
4316 -42
4317 -42.16
4318 -42.48
4319 -42.56
4320 -38.44
4321 -42.4
4322 -42.32
4323 -38.56
4324 -42.6
4325 -34.44
4326 -38.52
4327 -42.56
4328 -42.6
4329 -38.6
4330 -38.76
4331 -38.68
4332 -38.4
4333 -34.36
4334 -42.36
4335 -42.32
4336 -38.12
4337 -34.12
4338 -30
4339 -38.16
4340 -34.36
4341 -38.4
4342 -38.24
4343 -38.12
4344 -37.88
4345 -41.84
4346 -37.88
4347 -37.96
4348 -37.72
4349 -37.92
4350 -34.04
4351 -38.24
4352 -34.24
4353 -34.12
4354 -34.04
4355 -34.04
4356 -30.08
4357 -30.16
4358 -34.16
4359 -34.32
4360 -38.2
4361 -38.36
4362 -42.48
4363 -38.16
4364 -42.12
4365 -38.12
4366 -42.16
4367 -38.16
4368 -34.28
4369 -38.32
4370 -38.36
4371 -42.36
4372 -42.28
4373 -42.12
4374 -42.2
4375 -46.12
4376 -46.16
4377 -42.12
4378 -37.92
4379 -42.08
4380 -42.04
4381 -41.92
4382 -37.84
4383 -37.96
4384 -34.04
4385 -34.04
4386 -42.16
4387 -42.16
4388 -42.24
4389 -42.16
4390 -38
4391 -37.88
4392 -33.88
4393 -34
4394 -34.12
4395 -38.04
4396 -38
4397 -34.24
4398 -38.16
4399 -38.2
4400 -38.04
4401 -38
4402 -37.96
4403 -37.96
4404 -29.96
4405 -34.2
4406 -38.36
4407 -34.36
4408 -34.32
4409 -30.2
4410 -30.2
4411 -34.16
4412 -30.12
4413 -34.2
4414 -34.28
4415 -34.44
4416 -38.44
4417 -42.56
4418 -42.48
4419 -42.6
4420 -46.8
4421 -46.72
4422 -46.76
4423 -42.68
4424 -46.6
4425 -42.6
4426 -42.64
4427 -42.72
4428 -42.8
4429 -46.92
4430 -42.8
4431 -42.8
4432 -42.84
4433 -46.88
4434 -34.64
4435 -38.6
4436 -38.68
4437 -42.84
4438 -42.92
4439 -42.88
4440 -38.68
4441 -38.76
4442 -42.68
4443 -42.88
4444 -46.84
4445 -42.84
4446 -42.76
4447 -42.84
4448 -46.92
4449 -38.84
4450 -42.8
4451 -42.68
4452 -42.6
4453 -42.32
4454 -42.32
4455 -42.36
4456 -38.44
4457 -42.36
4458 -38
4459 -37.96
4460 -41.88
4461 -41.76
4462 -41.72
4463 -41.68
4464 -41.68
4465 -41.72
4466 -41.68
4467 -33.8
4468 -41.8
4469 -41.76
4470 -37.72
4471 -37.44
4472 -41.72
4473 -41.72
4474 -38
4475 -37.96
4476 -38.04
4477 -38.2
4478 -34.36
4479 -30.04
4480 -34.28
4481 -42.56
4482 -38.4
4483 -34.28
4484 -38.12
4485 -38.16
4486 -38.32
4487 -42.6
4488 -46.72
4489 -46.8
4490 -46.76
4491 -46.88
4492 -42.84
4493 -42.84
4494 -38.72
4495 -38.72
4496 -38.76
4497 -34.48
4498 -38.16
4499 -38.4
4500 -42.64
4501 -38.56
4502 -34.4
4503 -34.12
4504 -38.12
4505 -38.28
4506 -42.4
4507 -38.2
4508 -34.16
4509 -34.16
4510 -30.2
4511 -29.92
4512 -34.36
4513 -34.44
4514 -34.24
4515 -38.28
4516 -38.28
4517 -38.32
4518 -38.36
4519 -34.2
4520 -38.12
4521 -38.08
4522 -42.04
4523 -42.08
4524 -42.12
4525 -38.36
4526 -38.48
4527 -38.36
4528 -42.28
4529 -42.52
4530 -38.44
4531 -38.44
4532 -34.44
4533 -38.44
4534 -42.44
4535 -38.52
4536 -42.4
4537 -38.4
4538 -34.28
4539 -38.24
4540 -34.2
4541 -38.28
4542 -38.28
4543 -42.36
4544 -34.32
4545 -34.36
4546 -38.48
4547 -42.44
4548 -42.68
4549 -42.6
4550 -42.6
4551 -38.52
4552 -38.44
4553 -34.44
4554 -38.16
4555 -38.2
4556 -30.2
4557 -34.16
4558 -38.4
4559 -38.56
4560 -42.44
4561 -42.32
4562 -42.28
4563 -46.36
4564 -46.4
4565 -46.4
4566 -46.48
4567 -46.56
4568 -46.6
4569 -42.44
4570 -42.68
4571 -42.6
4572 -42.6
4573 -38.72
4574 -38.4
4575 -42.44
4576 -42.52
4577 -42.56
4578 -42.72
4579 -46.88
4580 -42.84
4581 -34.68
4582 -34.36
4583 -38.48
4584 -38.52
4585 -38.52
4586 -42.68
4587 -46.84
4588 -42.72
4589 -42.8
4590 -42.88
4591 -42.88
4592 -38.72
4593 -42.84
4594 -46.88
4595 -42.84
4596 -42.8
4597 -42.8
4598 -46.72
4599 -46.84
4600 -42.8
4601 -42.84
4602 -42.88
4603 -46.96
4604 -46.96
4605 -46.88
4606 -42.88
4607 -46.88
4608 -42.88
4609 -46.68
4610 -46.56
4611 -46.6
4612 -42.6
4613 -42.56
4614 -42.64
4615 -38.64
4616 -42.72
4617 -38.4
4618 -42.56
4619 -42.48
4620 -42.44
4621 -42.36
4622 -42.4
4623 -42.44
4624 -42.36
4625 -38.32
4626 -42.36
4627 -42.28
4628 -42.28
4629 -38.4
4630 -38.36
4631 -42.6
4632 -38.44
4633 -38.48
4634 -42.64
4635 -42.72
4636 -42.64
4637 -42.72
4638 -46.84
4639 -42.92
4640 -42.84
4641 -38.76
4642 -38.64
4643 -42.64
4644 -42.64
4645 -38.48
4646 -38.68
4647 -42.88
4648 -34.72
4649 -46.88
4650 -42.92
4651 -46.92
4652 -46.96
4653 -38.72
4654 -34.68
4655 -34.6
4656 -38.44
4657 -38.68
4658 -42.76
4659 -42.68
4660 -42.84
4661 -38.72
4662 -34.68
4663 -34.48
4664 -34.28
4665 -34.56
4666 -34.48
4667 -34.4
4668 -34.36
4669 -30.24
4670 -26.2
4671 -30.28
4672 -38.32
4673 -42.32
4674 -42.32
4675 -42.4
4676 -46.56
4677 -46.56
4678 -46.36
4679 -46.44
4680 -42.44
4681 -46.32
4682 -46.24
4683 -42.12
4684 -42.08
4685 -42.12
4686 -42.24
4687 -38.12
4688 -42.32
4689 -42.24
4690 -42.32
4691 -42.36
4692 -42.4
4693 -42.32
4694 -42.36
4695 -42.24
4696 -42.04
4697 -37.92
4698 -38.16
4699 -38.2
4700 -37.96
4701 -37.96
4702 -37.96
4703 -38.16
4704 -38.28
4705 -38.32
4706 -38.36
4707 -38.48
4708 -38.16
4709 -38.24
4710 -34.28
4711 -38.2
4712 -38.32
4713 -34.56
4714 -34.32
4715 -34.12
4716 -33.96
4717 -38.04
4718 -38.16
4719 -38.2
4720 -38.08
4721 -34.24
4722 -38.24
4723 -38.28
4724 -38.24
4725 -38.24
4726 -38.28
4727 -38.4
4728 -38.12
4729 -38.28
4730 -38.36
4731 -42.52
4732 -42.52
4733 -42.44
4734 -42.32
4735 -42.32
4736 -42.36
4737 -42.32
4738 -42.32
4739 -34.24
4740 -30.16
4741 -30.04
4742 -33.92
4743 -33.96
4744 -42.04
4745 -37.88
4746 -37.92
4747 -33.84
4748 -37.76
4749 -41.92
4750 -41.88
4751 -42.12
4752 -42.28
4753 -38.36
4754 -30.48
4755 -34.48
4756 -30.44
4757 -34.44
4758 -34.44
4759 -34.2
4760 -34.08
4761 -34.08
4762 -34.12
4763 -26.12
4764 -30.24
4765 -30.36
4766 -34.36
4767 -30.16
4768 -34.04
4769 -34.04
4770 -37.72
4771 -33.84
4772 -33.92
4773 -34.04
4774 -34.24
4775 -30.44
4776 -30.16
4777 -30.12
4778 -30.28
4779 -30.32
4780 -38.28
4781 -34.08
4782 -42
4783 -33.92
4784 -33.88
4785 -33.76
4786 -41.76
4787 -41.88
4788 -41.88
4789 -38
4790 -37.96
4791 -41.96
4792 -41.8
4793 -37.72
4794 -41.8
4795 -41.8
4796 -45.76
4797 -33.76
4798 -33.92
4799 -42.12
4800 -41.84
4801 -45.72
4802 -45.68
4803 -45.76
4804 -45.76
4805 -41.84
4806 -37.76
4807 -41.64
4808 -41.76
4809 -41.64
4810 -41.64
4811 -45.44
4812 -33.64
4813 -37.56
4814 -37.48
4815 -37.48
4816 -33.68
4817 -41.52
4818 -41.44
4819 -41.32
4820 -41.4
4821 -41.52
4822 -41.56
4823 -41.56
4824 -41.48
4825 -41.44
4826 -41.48
4827 -41.44
4828 -41.32
4829 -37.4
4830 -33.4
4831 -37.32
4832 -41.44
4833 -45.32
4834 -45.2
4835 -45.28
4836 -45.24
4837 -45.36
4838 -45.44
4839 -45.56
4840 -45.56
4841 -45.64
4842 -45.68
4843 -45.68
4844 -37.6
4845 -41.56
4846 -41.52
4847 -45.4
4848 -45.4
4849 -45.44
4850 -45.4
4851 -45.44
4852 -41.4
4853 -37.48
4854 -41.44
4855 -41.4
4856 -41.4
4857 -37.28
4858 -37.44
4859 -33.48
4860 -41.32
4861 -37.52
4862 -41.36
4863 -37.44
4864 -33.64
4865 -37.56
4866 -37.64
4867 -37.72
4868 -41.8
4869 -42
4870 -38.04
4871 -37.72
4872 -33.72
4873 -29.72
4874 -41.64
4875 -41.64
4876 -41.6
4877 -41.72
4878 -37.84
4879 -37.72
4880 -37.96
4881 -37.76
4882 -37.8
4883 -33.8
4884 -29.8
4885 -25.96
4886 -34.04
4887 -37.92
4888 -38.08
4889 -34.12
4890 -38.36
4891 -34.2
4892 -34.2
4893 -38
4894 -37.88
4895 -41.64
4896 -41.56
4897 -41.6
4898 -37.56
4899 -41.56
4900 -37.68
4901 -33.84
4902 -29.92
4903 -38.28
4904 -30.16
4905 -37.96
4906 -37.96
4907 -37.68
4908 -41.6
4909 -41.84
4910 -41.88
4911 -38.04
4912 -38.04
4913 -34.04
4914 -38.16
4915 -34.4
4916 -34.32
4917 -34.16
4918 -30.12
4919 -30.36
4920 -29.92
4921 -29.92
4922 -25.88
4923 -30.08
4924 -25.96
4925 -30.04
4926 -34.08
4927 -34
4928 -38.32
4929 -38.36
4930 -38.32
4931 -38.4
4932 -38.4
4933 -38.36
4934 -42.24
4935 -42.24
4936 -38.08
4937 -46.24
4938 -46.2
4939 -46.28
4940 -46.4
4941 -46.52
4942 -42.36
4943 -42.36
4944 -38.12
4945 -30.16
4946 -34.16
4947 -30.04
4948 -38.04
4949 -38.28
4950 -42.32
4951 -42.36
4952 -38.44
4953 -38.4
4954 -34.28
4955 -34.24
4956 -38.36
4957 -38.08
4958 -38.04
4959 -38.08
4960 -38.08
4961 -38.24
4962 -42.48
4963 -38.36
4964 -38.12
4965 -25.96
4966 -30.24
4967 -30.2
4968 -34.32
4969 -34.28
4970 -34.24
4971 -34.2
4972 -34.12
4973 -34.08
4974 -42.4
4975 -42.52
4976 -42.36
4977 -38.28
4978 -38.36
4979 -38.36
4980 -42.44
4981 -42.28
4982 -42.52
4983 -30.52
4984 -30.52
4985 -30.36
4986 -30.36
4987 -34.52
4988 -42.52
4989 -34.44
4990 -34.56
4991 -34.48
4992 -30.24
4993 -38.28
4994 -34.24
4995 -26.24
4996 -22.16
4997 -26.08
4998 -25.96
4999 -29.88
5000 -34.04
