1 36
2 64
3 16
4 144
5 100
6 16
7 144
8 400
9 324
10 100
11 16
12 36
13 256
14 64
15 4
16 64
17 100
18 144
19 144
20 100
21 36
22 16
23 144
24 144
25 100
26 16
27 0
28 16
29 4
30 64
31 36
32 36
33 100
34 144
35 484
36 676
37 144
38 256
39 784
40 400
41 1156
42 1444
43 1764
44 1936
45 2116
46 1936
47 2304
48 2500
49 2500
50 2500
51 2304
52 2500
53 1600
54 1156
55 576
56 784
57 784
58 900
59 676
60 400
61 196
62 256
63 400
64 196
65 324
66 324
67 64
68 16
69 4
70 4
71 4
72 64
73 64
74 100
75 64
76 144
77 324
78 196
79 144
80 100
81 256
82 576
83 484
84 324
85 196
86 144
87 400
88 576
89 576
90 324
91 324
92 144
93 676
94 1024
95 576
96 400
97 400
98 484
99 324
100 400
101 400
102 324
103 576
104 144
105 144
106 256
107 324
108 676
109 676
110 576
111 100
112 36
113 100
114 144
115 64
116 0
117 196
118 324
119 400
120 196
121 144
122 144
123 256
124 576
125 576
126 676
127 900
128 784
129 324
130 256
131 400
132 784
133 400
134 100
135 0
136 4
137 4
138 16
139 100
140 100
141 100
142 324
143 324
144 100
145 36
146 64
147 36
148 100
149 4
150 64
151 4
152 4
153 4
154 64
155 36
156 36
157 4
158 64
159 144
160 64
161 36
162 36
163 16
164 36
165 100
166 196
167 100
168 324
169 576
170 400
171 1296
172 1024
173 484
174 576
175 144
176 16
177 4
178 16
179 16
180 144
181 400
182 256
183 576
184 576
185 784
186 484
187 400
188 256
189 484
190 256
191 256
192 196
193 0
194 0
195 4
196 4
197 16
198 0
199 16
200 0
201 4
202 4
203 16
204 16
205 16
206 196
207 400
208 256
209 784
210 900
211 676
212 784
213 576
214 576
215 484
216 576
217 484
218 484
219 576
220 676
221 1156
222 900
223 576
224 576
225 484
226 324
227 324
228 196
229 64
230 16
231 16
232 36
233 16
234 100
235 144
236 576
237 196
238 196
239 64
240 144
241 256
242 256
243 144
244 64
245 64
246 16
247 36
248 196
249 144
250 144
251 64
252 16
253 4
254 36
255 100
256 16
257 100
258 484
259 144
260 64
261 64
262 64
263 64
264 36
265 4
266 0
267 0
268 36
269 144
270 144
271 16
272 16
273 64
274 144
275 196
276 4
277 64
278 4
279 16
280 144
281 144
282 16
283 4
284 16
285 16
286 0
287 0
288 4
289 36
290 100
291 64
292 64
293 144
294 36
295 4
296 64
297 324
298 484
299 784
300 900
301 900
302 196
303 100
304 4
305 16
306 64
307 100
308 100
309 144
310 16
311 196
312 576
313 324
314 100
315 256
316 64
317 196
318 196
319 64
320 256
321 400
322 576
323 484
324 324
325 324
326 576
327 100
328 16
329 64
330 4
331 64
332 4
333 4
334 100
335 36
336 4
337 4
338 64
339 256
340 144
341 100
342 36
343 100
344 4
345 36
346 36
347 64
348 100
349 144
350 256
351 400
352 484
353 784
354 324
355 256
356 144
357 100
358 64
359 4
360 144
361 256
362 144
363 4
364 64
365 144
366 144
367 256
368 256
369 324
370 144
371 16
372 64
373 64
374 36
375 64
376 36
377 36
378 0
379 4
380 64
381 4
382 0
383 16
384 64
385 16
386 16
387 144
388 256
389 676
390 676
391 36
392 196
393 256
394 576
395 676
396 576
397 196
398 324
399 324
400 324
401 144
402 484
403 484
404 324
405 484
406 784
407 1024
408 1156
409 1600
410 1156
411 1024
412 676
413 576
414 676
415 324
416 400
417 576
418 784
419 900
420 676
421 784
422 676
423 576
424 676
425 484
426 576
427 400
428 400
429 324
430 484
431 576
432 576
433 484
434 400
435 100
436 36
437 64
438 100
439 36
440 64
441 36
442 4
443 144
444 36
445 196
446 324
447 576
448 196
449 676
450 576
451 484
452 484
453 676
454 676
455 144
456 196
457 100
458 100
459 196
460 144
461 100
462 676
463 576
464 576
465 576
466 400
467 784
468 256
469 256
470 576
471 576
472 400
473 900
474 900
475 1296
476 1764
477 1444
478 1764
479 1600
480 1764
481 1764
482 1296
483 1444
484 1156
485 900
486 484
487 64
488 4
489 4
490 324
491 256
492 4
493 144
494 16
495 4
496 16
497 144
498 144
499 0
500 64
501 100
502 64
503 64
504 676
505 1024
506 576
507 784
508 676
509 484
510 576
511 676
512 400
513 676
514 676
515 1156
516 900
517 784
518 256
519 100
520 144
521 324
522 784
523 784
524 324
525 1024
526 1444
527 1936
528 2116
529 1444
530 1024
531 900
532 1024
533 784
534 784
535 1296
536 900
537 324
538 100
539 16
540 4
541 0
542 36
543 196
544 196
545 64
546 144
547 100
548 196
549 144
550 256
551 576
552 676
553 1024
554 400
555 400
556 676
557 1024
558 1024
559 1024
560 1156
561 1444
562 1156
563 1764
564 2304
565 2116
566 1764
567 2116
568 2116
569 1600
570 1296
571 1296
572 1296
573 900
574 1156
575 1600
576 1444
577 1156
578 784
579 900
580 484
581 64
582 100
583 256
584 676
585 784
586 676
587 576
588 676
589 676
590 1024
591 576
592 576
593 484
594 484
595 324
596 144
597 324
598 256
599 324
600 400
601 324
602 36
603 100
604 144
605 196
606 256
607 144
608 196
609 256
610 256
611 256
612 196
613 784
614 676
615 576
616 256
617 484
618 1600
619 1600
620 1024
621 576
622 400
623 784
624 400
625 400
626 676
627 324
628 0
629 4
630 64
631 36
632 0
633 16
634 4
635 36
636 64
637 0
638 16
639 16
640 100
641 4
642 0
643 256
644 324
645 784
646 1296
647 784
648 576
649 100
650 196
651 144
652 576
653 400
654 400
655 484
656 100
657 256
658 144
659 4
660 16
661 484
662 676
663 676
664 1024
665 1024
666 784
667 900
668 676
669 900
670 484
671 784
672 576
673 1600
674 1444
675 1444
676 1444
677 1600
678 1936
679 2500
680 2500
681 2500
682 1936
683 1444
684 900
685 900
686 784
687 484
688 256
689 256
690 144
691 256
692 484
693 576
694 576
695 900
696 1296
697 676
698 400
699 36
700 144
701 256
702 576
703 400
704 900
705 484
706 324
707 576
708 400
709 676
710 576
711 1444
712 784
713 900
714 400
715 256
716 576
717 324
718 1024
719 900
720 576
721 196
722 64
723 36
724 64
725 64
726 144
727 196
728 100
729 400
730 576
731 484
732 196
733 484
734 324
735 144
736 324
737 144
738 484
739 400
740 196
741 576
742 196
743 196
744 144
745 144
746 144
747 324
748 64
749 256
750 400
751 676
752 784
753 676
754 1296
755 900
756 676
757 676
758 1444
759 1444
760 1936
761 1296
762 1024
763 1444
764 1296
765 1764
766 1444
767 1600
768 1444
769 576
770 784
771 256
772 16
773 4
774 144
775 16
776 64
777 16
778 196
779 36
780 4
781 0
782 4
783 16
784 16
785 64
786 196
787 196
788 256
789 576
790 196
791 144
792 100
793 144
794 100
795 484
796 1024
797 784
798 676
799 784
800 900
801 1156
802 1296
803 2304
804 2116
805 1600
806 1024
807 484
808 676
809 900
810 1156
811 1296
812 1600
813 1936
814 1156
815 1600
816 1156
817 1296
818 1444
819 1444
820 900
821 1024
822 676
823 576
824 900
825 900
826 1156
827 1444
828 1764
829 1764
830 1936
831 2500
832 2500
833 2500
834 2116
835 1296
836 1444
837 484
838 484
839 400
840 400
841 324
842 324
843 196
844 144
845 324
846 196
847 36
848 4
849 4
850 16
851 64
852 0
853 4
854 16
855 4
856 36
857 16
858 16
859 4
860 256
861 256
862 676
863 676
864 676
865 784
866 900
867 784
868 1024
869 1024
870 900
871 784
872 784
873 900
874 900
875 900
876 784
877 576
878 256
879 256
880 324
881 576
882 484
883 676
884 676
885 576
886 484
887 676
888 576
889 576
890 400
891 196
892 196
893 484
894 1024
895 900
896 1296
897 1600
898 1296
899 1296
900 1024
901 1600
902 2304
903 1936
904 1936
905 2500
906 2304
907 2304
908 1600
909 1024
910 484
911 676
912 576
913 576
914 256
915 144
916 100
917 196
918 484
919 400
920 900
921 1296
922 1296
923 1600
924 1600
925 1024
926 676
927 400
928 36
929 36
930 36
931 100
932 144
933 256
934 400
935 144
936 256
937 324
938 484
939 1296
940 576
941 676
942 1024
943 900
944 1296
945 676
946 676
947 484
948 324
949 576
950 576
951 784
952 1024
953 900
954 400
955 576
956 324
957 576
958 400
959 400
960 400
961 144
962 256
963 100
964 64
965 324
966 576
967 784
968 784
969 784
970 400
971 324
972 196
973 64
974 64
975 16
976 4
977 16
978 16
979 16
980 144
981 196
982 36
983 196
984 36
985 4
986 0
987 16
988 0
989 64
990 324
991 576
992 1296
993 676
994 676
995 900
996 576
997 256
998 400
999 256
1000 36
1001 100
1002 36
1003 16
1004 4
1005 4
1006 4
1007 36
1008 36
1009 4
1010 4
1011 36
1012 0
1013 100
1014 64
1015 144
1016 256
1017 576
1018 196
1019 576
1020 1024
1021 784
1022 1764
1023 1600
1024 1156
1025 1296
1026 1936
1027 1444
1028 1764
1029 1600
1030 1444
1031 484
1032 400
1033 484
1034 900
1035 1600
1036 1764
1037 1936
1038 1936
1039 1600
1040 900
1041 256
1042 64
1043 4
1044 0
1045 4
1046 0
1047 4
1048 0
1049 4
1050 324
1051 64
1052 144
1053 196
1054 100
1055 144
1056 144
1057 100
1058 16
1059 100
1060 100
1061 400
1062 784
1063 324
1064 324
1065 784
1066 576
1067 676
1068 784
1069 1024
1070 1600
1071 1764
1072 1444
1073 1024
1074 900
1075 1024
1076 784
1077 784
1078 400
1079 900
1080 900
1081 900
1082 484
1083 1156
1084 576
1085 676
1086 1024
1087 1024
1088 1444
1089 1156
1090 1024
1091 1156
1092 1296
1093 900
1094 400
1095 576
1096 100
1097 64
1098 16
1099 64
1100 16
1101 36
1102 4
1103 64
1104 484
1105 324
1106 256
1107 256
1108 16
1109 64
1110 0
1111 0
1112 16
1113 4
1114 0
1115 36
1116 16
1117 64
1118 16
1119 196
1120 196
1121 676
1122 576
1123 196
1124 256
1125 144
1126 144
1127 64
1128 144
1129 256
1130 256
1131 900
1132 676
1133 676
1134 100
1135 256
1136 196
1137 144
1138 100
1139 324
1140 576
1141 324
1142 196
1143 256
1144 400
1145 256
1146 100
1147 256
1148 484
1149 784
1150 900
1151 676
1152 784
1153 900
1154 1024
1155 1156
1156 1156
1157 576
1158 256
1159 256
1160 144
1161 196
1162 144
1163 196
1164 256
1165 36
1166 0
1167 16
1168 16
1169 4
1170 0
1171 16
1172 64
1173 36
1174 16
1175 16
1176 36
1177 16
1178 4
1179 16
1180 4
1181 16
1182 36
1183 0
1184 16
1185 64
1186 36
1187 256
1188 324
1189 16
1190 64
1191 256
1192 196
1193 484
1194 484
1195 324
1196 676
1197 576
1198 784
1199 900
1200 484
1201 144
1202 256
1203 196
1204 144
1205 256
1206 324
1207 256
1208 676
1209 484
1210 400
1211 484
1212 100
1213 196
1214 100
1215 256
1216 324
1217 100
1218 4
1219 0
1220 16
1221 16
1222 0
1223 144
1224 144
1225 100
1226 144
1227 0
1228 0
1229 144
1230 0
1231 36
1232 144
1233 4
1234 64
1235 16
1236 16
1237 64
1238 100
1239 256
1240 576
1241 1024
1242 484
1243 484
1244 576
1245 196
1246 100
1247 100
1248 256
1249 576
1250 144
1251 196
1252 400
1253 400
1254 1156
1255 900
1256 484
1257 900
1258 324
1259 484
1260 144
1261 256
1262 484
1263 144
1264 0
1265 0
1266 0
1267 0
1268 16
1269 64
1270 16
1271 324
1272 324
1273 576
1274 256
1275 256
1276 1024
1277 1156
1278 1156
1279 1156
1280 900
1281 784
1282 1296
1283 1156
1284 900
1285 484
1286 256
1287 100
1288 400
1289 256
1290 196
1291 256
1292 484
1293 324
1294 676
1295 484
1296 676
1297 676
1298 784
1299 576
1300 576
1301 144
1302 4
1303 4
1304 64
1305 4
1306 16
1307 4
1308 4
1309 100
1310 100
1311 100
1312 36
1313 144
1314 144
1315 196
1316 256
1317 64
1318 64
1319 4
1320 4
1321 196
1322 144
1323 144
1324 36
1325 256
1326 144
1327 144
1328 196
1329 484
1330 196
1331 400
1332 256
1333 36
1334 64
1335 16
1336 36
1337 4
1338 576
1339 196
1340 324
1341 256
1342 64
1343 196
1344 576
1345 484
1346 324
1347 576
1348 676
1349 676
1350 576
1351 324
1352 324
1353 256
1354 324
1355 400
1356 576
1357 576
1358 484
1359 1024
1360 484
1361 1156
1362 1156
1363 484
1364 576
1365 196
1366 144
1367 144
1368 196
1369 324
1370 196
1371 100
1372 100
1373 196
1374 324
1375 256
1376 784
1377 576
1378 484
1379 676
1380 256
1381 400
1382 324
1383 576
1384 676
1385 676
1386 324
1387 100
1388 484
1389 144
1390 64
1391 16
1392 144
1393 64
1394 144
1395 256
1396 676
1397 784
1398 576
1399 676
1400 676
1401 900
1402 1156
1403 1296
1404 1600
1405 1444
1406 900
1407 900
1408 1024
1409 1156
1410 1024
1411 900
1412 1296
1413 1444
1414 900
1415 900
1416 1600
1417 1156
1418 1024
1419 1156
1420 1936
1421 1600
1422 1764
1423 1764
1424 1296
1425 1600
1426 676
1427 784
1428 1296
1429 1296
1430 900
1431 784
1432 676
1433 576
1434 676
1435 1024
1436 900
1437 900
1438 1156
1439 1024
1440 1024
1441 1024
1442 784
1443 1156
1444 1600
1445 2116
1446 2304
1447 2116
1448 1600
1449 1600
1450 1444
1451 676
1452 1024
1453 324
1454 256
1455 900
1456 676
1457 484
1458 400
1459 400
1460 576
1461 324
1462 400
1463 324
1464 900
1465 676
1466 1024
1467 900
1468 784
1469 900
1470 900
1471 784
1472 676
1473 676
1474 784
1475 676
1476 784
1477 484
1478 324
1479 676
1480 676
1481 784
1482 784
1483 784
1484 1764
1485 2304
1486 1764
1487 1600
1488 1600
1489 2116
1490 1156
1491 256
1492 100
1493 64
1494 324
1495 196
1496 484
1497 256
1498 324
1499 400
1500 484
1501 324
1502 256
1503 100
1504 144
1505 0
1506 4
1507 36
1508 16
1509 0
1510 36
1511 0
1512 144
1513 196
1514 484
1515 144
1516 256
1517 576
1518 484
1519 1156
1520 324
1521 100
1522 324
1523 100
1524 144
1525 484
1526 484
1527 900
1528 1444
1529 1600
1530 2116
1531 1764
1532 1764
1533 1444
1534 1444
1535 1296
1536 1156
1537 1296
1538 784
1539 400
1540 484
1541 784
1542 484
1543 100
1544 100
1545 324
1546 100
1547 64
1548 64
1549 100
1550 576
1551 784
1552 1296
1553 1600
1554 784
1555 324
1556 400
1557 484
1558 484
1559 256
1560 484
1561 484
1562 576
1563 196
1564 100
1565 0
1566 36
1567 4
1568 36
1569 36
1570 64
1571 64
1572 256
1573 196
1574 100
1575 196
1576 100
1577 256
1578 324
1579 676
1580 900
1581 1156
1582 1156
1583 676
1584 784
1585 576
1586 100
1587 64
1588 4
1589 36
1590 36
1591 36
1592 4
1593 0
1594 36
1595 64
1596 16
1597 36
1598 4
1599 324
1600 324
1601 900
1602 676
1603 1296
1604 1156
1605 1444
1606 1156
1607 1444
1608 1444
1609 784
1610 900
1611 256
1612 256
1613 196
1614 576
1615 324
1616 36
1617 400
1618 196
1619 324
1620 484
1621 324
1622 196
1623 324
1624 144
1625 144
1626 16
1627 64
1628 4
1629 4
1630 144
1631 324
1632 1024
1633 484
1634 484
1635 196
1636 324
1637 196
1638 400
1639 784
1640 784
1641 400
1642 484
1643 144
1644 16
1645 4
1646 0
1647 0
1648 4
1649 36
1650 64
1651 144
1652 256
1653 64
1654 64
1655 196
1656 64
1657 4
1658 16
1659 36
1660 100
1661 196
1662 256
1663 484
1664 676
1665 784
1666 1024
1667 576
1668 576
1669 400
1670 484
1671 16
1672 16
1673 16
1674 4
1675 16
1676 0
1677 16
1678 4
1679 0
1680 4
1681 100
1682 324
1683 784
1684 1024
1685 784
1686 900
1687 784
1688 484
1689 1024
1690 1024
1691 1444
1692 1936
1693 1936
1694 1936
1695 1296
1696 1296
1697 1156
1698 784
1699 400
1700 324
1701 400
1702 36
1703 144
1704 16
1705 100
1706 64
1707 64
1708 64
1709 36
1710 256
1711 256
1712 484
1713 484
1714 324
1715 400
1716 400
1717 196
1718 196
1719 144
1720 100
1721 64
1722 36
1723 400
1724 324
1725 400
1726 256
1727 676
1728 676
1729 484
1730 576
1731 256
1732 256
1733 100
1734 16
1735 4
1736 16
1737 16
1738 100
1739 324
1740 324
1741 196
1742 256
1743 484
1744 484
1745 576
1746 784
1747 324
1748 484
1749 676
1750 576
1751 400
1752 324
1753 784
1754 1024
1755 576
1756 1156
1757 1764
1758 2304
1759 2116
1760 2116
1761 1936
1762 1764
1763 1936
1764 1936
1765 2500
1766 2116
1767 1156
1768 1156
1769 576
1770 196
1771 100
1772 0
1773 196
1774 64
1775 100
1776 576
1777 900
1778 576
1779 900
1780 900
1781 400
1782 400
1783 1296
1784 1024
1785 576
1786 900
1787 100
1788 100
1789 64
1790 144
1791 256
1792 324
1793 484
1794 256
1795 484
1796 400
1797 64
1798 100
1799 0
1800 0
1801 4
1802 4
1803 36
1804 16
1805 16
1806 196
1807 324
1808 1024
1809 676
1810 484
1811 1156
1812 1156
1813 1296
1814 1296
1815 1764
1816 1296
1817 784
1818 1296
1819 1444
1820 576
1821 484
1822 676
1823 1024
1824 676
1825 576
1826 784
1827 576
1828 1024
1829 1296
1830 1600
1831 2116
1832 1600
1833 1764
1834 1444
1835 1156
1836 1024
1837 900
1838 1024
1839 1444
1840 576
1841 324
1842 256
1843 196
1844 256
1845 4
1846 100
1847 4
1848 16
1849 0
1850 16
1851 0
1852 4
1853 16
1854 144
1855 196
1856 36
1857 196
1858 36
1859 36
1860 0
1861 64
1862 144
1863 36
1864 4
1865 4
1866 36
1867 0
1868 16
1869 36
1870 100
1871 324
1872 676
1873 784
1874 676
1875 484
1876 676
1877 784
1878 900
1879 784
1880 900
1881 900
1882 676
1883 484
1884 676
1885 576
1886 484
1887 484
1888 196
1889 144
1890 144
1891 256
1892 324
1893 196
1894 100
1895 400
1896 900
1897 576
1898 144
1899 16
1900 16
1901 256
1902 484
1903 400
1904 324
1905 64
1906 100
1907 36
1908 16
1909 0
1910 16
1911 16
1912 256
1913 484
1914 324
1915 400
1916 576
1917 484
1918 484
1919 484
1920 256
1921 484
1922 900
1923 784
1924 256
1925 196
1926 36
1927 400
1928 64
1929 196
1930 324
1931 100
1932 256
1933 64
1934 4
1935 16
1936 4
1937 256
1938 256
1939 196
1940 324
1941 484
1942 100
1943 196
1944 36
1945 16
1946 36
1947 64
1948 4
1949 4
1950 196
1951 64
1952 16
1953 144
1954 256
1955 196
1956 144
1957 100
1958 324
1959 576
1960 484
1961 144
1962 64
1963 36
1964 400
1965 324
1966 256
1967 64
1968 4
1969 64
1970 36
1971 36
1972 144
1973 144
1974 576
1975 484
1976 256
1977 256
1978 324
1979 324
1980 484
1981 196
1982 16
1983 4
1984 4
1985 16
1986 0
1987 4
1988 4
1989 0
1990 36
1991 196
1992 196
1993 196
1994 36
1995 256
1996 576
1997 676
1998 484
1999 256
2000 484
2001 576
2002 676
2003 576
2004 484
2005 484
2006 484
2007 256
2008 144
2009 484
2010 1024
2011 900
2012 900
2013 784
2014 576
2015 576
2016 676
2017 676
2018 1024
2019 484
2020 1024
2021 1296
2022 676
2023 900
2024 576
2025 324
2026 144
2027 256
2028 400
2029 576
2030 576
2031 1296
2032 1600
2033 1296
2034 900
2035 900
2036 676
2037 900
2038 484
2039 576
2040 676
2041 196
2042 576
2043 676
2044 324
2045 784
2046 256
2047 324
2048 676
2049 400
2050 484
2051 324
2052 256
2053 256
2054 36
2055 324
2056 256
2057 196
2058 324
2059 64
2060 324
2061 484
2062 576
2063 484
2064 400
2065 1024
2066 484
2067 484
2068 256
2069 484
2070 784
2071 676
2072 676
2073 1024
2074 1156
2075 1296
2076 1600
2077 1936
2078 1600
2079 2116
2080 1444
2081 1936
2082 1296
2083 900
2084 1024
2085 1444
2086 900
2087 1156
2088 900
2089 676
2090 484
2091 484
2092 324
2093 576
2094 576
2095 784
2096 676
2097 484
2098 100
2099 256
2100 100
2101 100
2102 144
2103 196
2104 196
2105 324
2106 400
2107 324
2108 144
2109 576
2110 676
2111 784
2112 784
2113 1024
2114 784
2115 1444
2116 1024
2117 1024
2118 1600
2119 1936
2120 1936
2121 2116
2122 1156
2123 1936
2124 1936
2125 1764
2126 1156
2127 900
2128 1024
2129 484
2130 64
2131 36
2132 64
2133 16
2134 100
2135 484
2136 676
2137 784
2138 900
2139 676
2140 784
2141 576
2142 256
2143 196
2144 100
2145 196
2146 676
2147 144
2148 484
2149 576
2150 576
2151 576
2152 196
2153 324
2154 324
2155 576
2156 676
2157 1764
2158 1764
2159 1444
2160 1764
2161 1936
2162 1936
2163 1936
2164 1936
2165 1296
2166 1024
2167 1444
2168 1296
2169 1156
2170 900
2171 900
2172 1444
2173 1156
2174 1444
2175 900
2176 900
2177 1296
2178 1156
2179 1296
2180 1156
2181 784
2182 784
2183 576
2184 784
2185 196
2186 400
2187 400
2188 324
2189 256
2190 144
2191 256
2192 484
2193 196
2194 484
2195 256
2196 64
2197 36
2198 100
2199 144
2200 16
2201 4
2202 0
2203 196
2204 36
2205 144
2206 64
2207 64
2208 64
2209 4
2210 0
2211 144
2212 100
2213 4
2214 64
2215 36
2216 16
2217 4
2218 324
2219 256
2220 484
2221 784
2222 1024
2223 676
2224 576
2225 676
2226 324
2227 100
2228 16
2229 64
2230 144
2231 64
2232 36
2233 324
2234 64
2235 4
2236 16
2237 0
2238 100
2239 144
2240 144
2241 400
2242 484
2243 1296
2244 1764
2245 1444
2246 1600
2247 1600
2248 1444
2249 1024
2250 1296
2251 900
2252 400
2253 400
2254 1024
2255 900
2256 900
2257 784
2258 400
2259 196
2260 324
2261 256
2262 196
2263 256
2264 196
2265 484
2266 196
2267 400
2268 324
2269 676
2270 784
2271 400
2272 400
2273 100
2274 64
2275 16
2276 4
2277 36
2278 4
2279 36
2280 100
2281 36
2282 100
2283 196
2284 196
2285 64
2286 144
2287 0
2288 16
2289 0
2290 36
2291 16
2292 36
2293 36
2294 16
2295 4
2296 4
2297 100
2298 36
2299 16
2300 0
2301 144
2302 100
2303 4
2304 16
2305 0
2306 36
2307 324
2308 784
2309 900
2310 900
2311 784
2312 900
2313 1444
2314 1764
2315 1600
2316 2304
2317 2116
2318 2304
2319 1764
2320 1444
2321 1296
2322 1764
2323 1444
2324 900
2325 784
2326 784
2327 676
2328 324
2329 484
2330 484
2331 100
2332 676
2333 676
2334 784
2335 576
2336 1156
2337 484
2338 400
2339 676
2340 100
2341 16
2342 0
2343 64
2344 100
2345 64
2346 4
2347 36
2348 64
2349 64
2350 0
2351 100
2352 36
2353 144
2354 100
2355 196
2356 16
2357 4
2358 4
2359 0
2360 4
2361 64
2362 4
2363 0
2364 16
2365 64
2366 256
2367 144
2368 196
2369 576
2370 900
2371 1156
2372 1156
2373 1156
2374 676
2375 784
2376 256
2377 324
2378 324
2379 4
2380 4
2381 4
2382 4
2383 100
2384 64
2385 4
2386 36
2387 100
2388 4
2389 100
2390 256
2391 324
2392 576
2393 196
2394 64
2395 196
2396 16
2397 100
2398 324
2399 256
2400 576
2401 900
2402 676
2403 1296
2404 784
2405 1156
2406 1444
2407 1600
2408 2304
2409 2500
2410 2500
2411 2500
2412 2500
2413 1764
2414 2116
2415 1764
2416 900
2417 676
2418 484
2419 256
2420 196
2421 196
2422 324
2423 36
2424 16
2425 36
2426 196
2427 16
2428 16
2429 144
2430 36
2431 36
2432 4
2433 36
2434 16
2435 16
2436 16
2437 16
2438 36
2439 36
2440 196
2441 400
2442 484
2443 1024
2444 1296
2445 1444
2446 1444
2447 1600
2448 2116
2449 2116
2450 1764
2451 2116
2452 1600
2453 784
2454 676
2455 324
2456 784
2457 484
2458 400
2459 324
2460 576
2461 784
2462 1024
2463 1600
2464 1444
2465 1600
2466 784
2467 1444
2468 900
2469 784
2470 784
2471 784
2472 784
2473 1156
2474 1156
2475 576
2476 400
2477 64
2478 16
2479 64
2480 256
2481 64
2482 100
2483 16
2484 64
2485 16
2486 16
2487 36
2488 16
2489 36
2490 100
2491 144
2492 324
2493 196
2494 4
2495 4
2496 36
2497 144
2498 100
2499 256
2500 400
2501 144
2502 324
2503 256
2504 100
2505 4
2506 36
2507 100
2508 324
2509 196
2510 676
2511 484
2512 324
2513 324
2514 16
2515 100
2516 16
2517 144
2518 16
2519 36
2520 4
2521 144
2522 484
2523 784
2524 900
2525 324
2526 784
2527 484
2528 400
2529 576
2530 900
2531 484
2532 100
2533 36
2534 256
2535 144
2536 100
2537 144
2538 400
2539 256
2540 144
2541 36
2542 16
2543 64
2544 144
2545 36
2546 4
2547 36
2548 100
2549 64
2550 196
2551 16
2552 16
2553 144
2554 100
2555 144
2556 196
2557 324
2558 16
2559 4
2560 256
2561 196
2562 400
2563 144
2564 64
2565 196
2566 400
2567 256
2568 324
2569 36
2570 16
2571 4
2572 64
2573 16
2574 4
2575 36
2576 64
2577 0
2578 16
2579 4
2580 64
2581 100
2582 196
2583 196
2584 144
2585 16
2586 4
2587 64
2588 196
2589 4
2590 36
2591 100
2592 64
2593 144
2594 196
2595 144
2596 196
2597 144
2598 324
2599 676
2600 324
2601 400
2602 256
2603 484
2604 256
2605 400
2606 196
2607 196
2608 64
2609 100
2610 100
2611 16
2612 0
2613 36
2614 100
2615 36
2616 0
2617 16
2618 4
2619 4
2620 0
2621 4
2622 64
2623 0
2624 0
2625 36
2626 324
2627 324
2628 256
2629 400
2630 676
2631 1024
2632 1296
2633 1444
2634 676
2635 324
2636 256
2637 144
2638 144
2639 0
2640 0
2641 36
2642 4
2643 36
2644 100
2645 196
2646 256
2647 324
2648 16
2649 4
2650 36
2651 100
2652 400
2653 256
2654 100
2655 16
2656 16
2657 36
2658 0
2659 64
2660 0
2661 16
2662 16
2663 36
2664 196
2665 64
2666 4
2667 16
2668 0
2669 16
2670 36
2671 16
2672 64
2673 100
2674 100
2675 100
2676 36
2677 16
2678 16
2679 16
2680 64
2681 64
2682 484
2683 784
2684 676
2685 1024
2686 900
2687 1296
2688 1024
2689 1600
2690 1156
2691 900
2692 784
2693 1024
2694 676
2695 676
2696 1024
2697 1444
2698 1156
2699 676
2700 900
2701 324
2702 256
2703 256
2704 256
2705 576
2706 576
2707 676
2708 784
2709 400
2710 676
2711 400
2712 484
2713 324
2714 196
2715 324
2716 784
2717 900
2718 784
2719 784
2720 1024
2721 576
2722 676
2723 400
2724 196
2725 324
2726 576
2727 576
2728 784
2729 1156
2730 1156
2731 1156
2732 1156
2733 400
2734 324
2735 484
2736 1156
2737 1296
2738 1024
2739 1024
2740 784
2741 784
2742 576
2743 900
2744 784
2745 900
2746 1296
2747 1764
2748 1764
2749 1444
2750 676
2751 1156
2752 1764
2753 2116
2754 1936
2755 2116
2756 2304
2757 2116
2758 1936
2759 1600
2760 1764
2761 1936
2762 1764
2763 1444
2764 1764
2765 1600
2766 1600
2767 1296
2768 1444
2769 1024
2770 784
2771 784
2772 400
2773 196
2774 484
2775 324
2776 144
2777 100
2778 256
2779 196
2780 100
2781 16
2782 16
2783 64
2784 16
2785 36
2786 144
2787 256
2788 484
2789 400
2790 36
2791 256
2792 144
2793 64
2794 256
2795 64
2796 16
2797 4
2798 16
2799 144
2800 64
2801 484
2802 784
2803 1024
2804 1600
2805 2116
2806 1600
2807 1024
2808 1296
2809 900
2810 324
2811 100
2812 4
2813 36
2814 4
2815 100
2816 256
2817 100
2818 64
2819 100
2820 144
2821 256
2822 64
2823 16
2824 0
2825 196
2826 400
2827 1444
2828 1764
2829 1444
2830 1024
2831 1024
2832 1156
2833 1444
2834 1444
2835 1156
2836 1444
2837 1600
2838 1156
2839 1156
2840 576
2841 1156
2842 900
2843 1296
2844 1444
2845 1156
2846 784
2847 576
2848 576
2849 484
2850 196
2851 196
2852 144
2853 196
2854 324
2855 400
2856 784
2857 484
2858 484
2859 676
2860 900
2861 400
2862 196
2863 900
2864 576
2865 676
2866 1024
2867 900
2868 576
2869 484
2870 576
2871 256
2872 36
2873 196
2874 324
2875 144
2876 144
2877 144
2878 64
2879 16
2880 64
2881 64
2882 196
2883 576
2884 256
2885 196
2886 324
2887 100
2888 100
2889 16
2890 0
2891 4
2892 4
2893 36
2894 64
2895 100
2896 256
2897 196
2898 484
2899 100
2900 0
2901 4
2902 100
2903 4
2904 36
2905 36
2906 100
2907 100
2908 36
2909 100
2910 324
2911 324
2912 196
2913 64
2914 144
2915 0
2916 16
2917 100
2918 64
2919 100
2920 100
2921 64
2922 196
2923 144
2924 324
2925 400
2926 144
2927 324
2928 196
2929 676
2930 676
2931 144
2932 100
2933 16
2934 4
2935 0
2936 4
2937 36
2938 256
2939 576
2940 400
2941 196
2942 100
2943 64
2944 36
2945 16
2946 4
2947 64
2948 36
2949 4
2950 64
2951 36
2952 64
2953 196
2954 324
2955 484
2956 576
2957 576
2958 324
2959 196
2960 196
2961 36
2962 0
2963 4
2964 0
2965 4
2966 4
2967 16
2968 100
2969 196
2970 484
2971 676
2972 576
2973 1024
2974 484
2975 576
2976 576
2977 1024
2978 1444
2979 1296
2980 1296
2981 1296
2982 1024
2983 784
2984 1024
2985 576
2986 900
2987 576
2988 484
2989 1156
2990 1024
2991 900
2992 676
2993 400
2994 484
2995 484
2996 784
2997 484
2998 144
2999 144
3000 144
3001 4
3002 16
3003 4
3004 100
3005 100
3006 256
3007 484
3008 484
3009 256
3010 144
3011 144
3012 196
3013 324
3014 144
3015 64
3016 36
3017 0
3018 64
3019 144
3020 4
3021 100
3022 0
3023 4
3024 100
3025 4
3026 64
3027 4
3028 16
3029 36
3030 4
3031 36
3032 4
3033 0
3034 16
3035 0
3036 400
3037 144
3038 4
3039 100
3040 256
3041 144
3042 144
3043 16
3044 100
3045 100
3046 324
3047 400
3048 36
3049 100
3050 36
3051 36
3052 0
3053 64
3054 4
3055 64
3056 196
3057 0
3058 4
3059 0
3060 16
3061 100
3062 324
3063 484
3064 324
3065 576
3066 324
3067 576
3068 400
3069 324
3070 64
3071 400
3072 484
3073 576
3074 400
3075 324
3076 100
3077 100
3078 256
3079 484
3080 400
3081 256
3082 400
3083 784
3084 196
3085 576
3086 400
3087 676
3088 676
3089 484
3090 784
3091 196
3092 64
3093 0
3094 36
3095 100
3096 16
3097 16
3098 36
3099 100
3100 100
3101 64
3102 256
3103 144
3104 196
3105 144
3106 16
3107 4
3108 36
3109 36
3110 484
3111 256
3112 256
3113 324
3114 400
3115 324
3116 576
3117 900
3118 784
3119 784
3120 784
3121 676
3122 1024
3123 676
3124 576
3125 324
3126 784
3127 784
3128 784
3129 1296
3130 1444
3131 1600
3132 1296
3133 1600
3134 1024
3135 676
3136 324
3137 400
3138 256
3139 400
3140 196
3141 64
3142 16
3143 100
3144 36
3145 100
3146 324
3147 196
3148 676
3149 676
3150 256
3151 484
3152 576
3153 484
3154 324
3155 784
3156 576
3157 576
3158 484
3159 676
3160 1024
3161 1296
3162 1156
3163 400
3164 400
3165 400
3166 676
3167 784
3168 784
3169 900
3170 1024
3171 784
3172 576
3173 400
3174 144
3175 256
3176 144
3177 64
3178 144
3179 4
3180 4
3181 100
3182 324
3183 324
3184 900
3185 1024
3186 1024
3187 1156
3188 1600
3189 1600
3190 2304
3191 1936
3192 1936
3193 1444
3194 900
3195 784
3196 900
3197 676
3198 1024
3199 1024
3200 1296
3201 1600
3202 2116
3203 2116
3204 2116
3205 1600
3206 1600
3207 1764
3208 1936
3209 1764
3210 1156
3211 484
3212 100
3213 324
3214 484
3215 4
3216 100
3217 256
3218 324
3219 324
3220 576
3221 900
3222 484
3223 484
3224 324
3225 576
3226 784
3227 900
3228 484
3229 400
3230 484
3231 900
3232 676
3233 576
3234 784
3235 576
3236 1156
3237 900
3238 676
3239 576
3240 196
3241 256
3242 36
3243 16
3244 196
3245 400
3246 676
3247 900
3248 900
3249 576
3250 900
3251 1024
3252 676
3253 576
3254 900
3255 576
3256 1156
3257 1600
3258 1764
3259 1600
3260 1764
3261 1764
3262 2116
3263 2500
3264 2500
3265 2500
3266 2500
3267 2500
3268 2500
3269 2304
3270 2500
3271 2304
3272 1764
3273 1156
3274 900
3275 100
3276 144
3277 784
3278 1296
3279 1444
3280 1600
3281 1296
3282 900
3283 900
3284 1600
3285 1024
3286 676
3287 784
3288 900
3289 1296
3290 1024
3291 1296
3292 676
3293 484
3294 676
3295 400
3296 400
3297 324
3298 196
3299 64
3300 100
3301 4
3302 0
3303 100
3304 64
3305 64
3306 100
3307 16
3308 4
3309 16
3310 16
3311 64
3312 484
3313 256
3314 196
3315 100
3316 36
3317 196
3318 196
3319 256
3320 16
3321 196
3322 36
3323 16
3324 196
3325 324
3326 196
3327 100
3328 100
3329 144
3330 196
3331 400
3332 324
3333 196
3334 4
3335 4
3336 16
3337 16
3338 4
3339 196
3340 36
3341 484
3342 324
3343 196
3344 196
3345 576
3346 676
3347 484
3348 484
3349 676
3350 400
3351 1024
3352 1156
3353 1024
3354 900
3355 676
3356 676
3357 484
3358 784
3359 900
3360 1444
3361 1444
3362 1156
3363 1024
3364 576
3365 144
3366 36
3367 0
3368 64
3369 324
3370 16
3371 484
3372 676
3373 484
3374 324
3375 100
3376 196
3377 196
3378 576
3379 784
3380 1024
3381 676
3382 900
3383 900
3384 1296
3385 1156
3386 576
3387 484
3388 324
3389 196
3390 196
3391 16
3392 0
3393 256
3394 196
3395 324
3396 256
3397 36
3398 36
3399 100
3400 196
3401 324
3402 400
3403 1024
3404 676
3405 484
3406 676
3407 576
3408 324
3409 576
3410 576
3411 484
3412 1024
3413 400
3414 144
3415 16
3416 36
3417 36
3418 36
3419 100
3420 4
3421 36
3422 100
3423 324
3424 100
3425 0
3426 36
3427 0
3428 196
3429 144
3430 256
3431 576
3432 400
3433 576
3434 484
3435 64
3436 36
3437 4
3438 100
3439 100
3440 4
3441 4
3442 196
3443 144
3444 16
3445 36
3446 36
3447 0
3448 16
3449 36
3450 36
3451 4
3452 0
3453 0
3454 0
3455 16
3456 100
3457 256
3458 196
3459 16
3460 4
3461 36
3462 144
3463 324
3464 144
3465 324
3466 676
3467 900
3468 784
3469 1024
3470 784
3471 484
3472 676
3473 484
3474 484
3475 400
3476 196
3477 324
3478 256
3479 100
3480 0
3481 4
3482 64
3483 16
3484 16
3485 4
3486 0
3487 16
3488 196
3489 64
3490 144
3491 16
3492 4
3493 16
3494 0
3495 16
3496 16
3497 4
3498 4
3499 100
3500 64
3501 64
3502 4
3503 36
3504 484
3505 256
3506 324
3507 400
3508 324
3509 196
3510 144
3511 256
3512 324
3513 256
3514 100
3515 16
3516 16
3517 16
3518 4
3519 36
3520 4
3521 16
3522 36
3523 100
3524 16
3525 324
3526 400
3527 484
3528 784
3529 1156
3530 484
3531 324
3532 676
3533 484
3534 324
3535 64
3536 16
3537 16
3538 144
3539 144
3540 576
3541 484
3542 484
3543 784
3544 576
3545 324
3546 324
3547 400
3548 400
3549 576
3550 900
3551 1024
3552 676
3553 400
3554 196
3555 256
3556 196
3557 196
3558 100
3559 144
3560 100
3561 576
3562 676
3563 1024
3564 1600
3565 1600
3566 784
3567 784
3568 1024
3569 1600
3570 1764
3571 1936
3572 2116
3573 2304
3574 2116
3575 2116
3576 2304
3577 2500
3578 2500
3579 2500
3580 2500
3581 2304
3582 2304
3583 2500
3584 1936
3585 2500
3586 2500
3587 2500
3588 2500
3589 2500
3590 2304
3591 1764
3592 2116
3593 2304
3594 2500
3595 2304
3596 2304
3597 2500
3598 2500
3599 2500
3600 2116
3601 1444
3602 784
3603 1296
3604 1156
3605 1296
3606 1156
3607 676
3608 196
3609 324
3610 484
3611 100
3612 64
3613 36
3614 4
3615 36
3616 36
3617 4
3618 64
3619 36
3620 36
3621 4
3622 0
3623 36
3624 36
3625 4
3626 4
3627 4
3628 64
3629 64
3630 100
3631 256
3632 784
3633 1024
3634 900
3635 400
3636 400
3637 576
3638 576
3639 1024
3640 1024
3641 1024
3642 1296
3643 1444
3644 900
3645 400
3646 324
3647 400
3648 196
3649 324
3650 676
3651 484
3652 676
3653 576
3654 576
3655 676
3656 576
3657 784
3658 1024
3659 676
3660 484
3661 676
3662 676
3663 900
3664 1296
3665 1444
3666 1444
3667 1444
3668 1444
3669 1024
3670 1156
3671 784
3672 900
3673 784
3674 1444
3675 1764
3676 1936
3677 1296
3678 1156
3679 1600
3680 1156
3681 1296
3682 1600
3683 1444
3684 1764
3685 1444
3686 1444
3687 1156
3688 900
3689 400
3690 484
3691 324
3692 400
3693 256
3694 676
3695 900
3696 900
3697 400
3698 256
3699 324
3700 400
3701 256
3702 196
3703 64
3704 4
3705 100
3706 324
3707 324
3708 324
3709 576
3710 576
3711 576
3712 484
3713 784
3714 1024
3715 784
3716 484
3717 1156
3718 1156
3719 1600
3720 2116
3721 2304
3722 2304
3723 2116
3724 1936
3725 1764
3726 1024
3727 1444
3728 1156
3729 1600
3730 1296
3731 2304
3732 1936
3733 2500
3734 1764
3735 1156
3736 1600
3737 784
3738 1156
3739 900
3740 1444
3741 900
3742 1024
3743 676
3744 576
3745 484
3746 900
3747 1156
3748 1156
3749 1296
3750 1024
3751 1156
3752 900
3753 1024
3754 576
3755 196
3756 324
3757 0
3758 0
3759 16
3760 16
3761 4
3762 324
3763 144
3764 1024
3765 576
3766 256
3767 256
3768 256
3769 196
3770 16
3771 4
3772 100
3773 100
3774 196
3775 100
3776 16
3777 4
3778 4
3779 256
3780 36
3781 16
3782 100
3783 256
3784 196
3785 16
3786 0
3787 4
3788 4
3789 196
3790 64
3791 196
3792 256
3793 676
3794 1024
3795 900
3796 400
3797 400
3798 324
3799 784
3800 900
3801 784
3802 400
3803 676
3804 784
3805 900
3806 1156
3807 1024
3808 1156
3809 784
3810 784
3811 1024
3812 1156
3813 1444
3814 1444
3815 1296
3816 1024
3817 1024
3818 900
3819 676
3820 400
3821 256
3822 100
3823 64
3824 4
3825 100
3826 324
3827 36
3828 16
3829 144
3830 144
3831 36
3832 4
3833 64
3834 16
3835 36
3836 16
3837 64
3838 4
3839 196
3840 324
3841 64
3842 4
3843 4
3844 16
3845 324
3846 196
3847 400
3848 484
3849 484
3850 324
3851 64
3852 36
3853 16
3854 16
3855 36
3856 16
3857 100
3858 196
3859 144
3860 64
3861 4
3862 16
3863 16
3864 36
3865 36
3866 4
3867 16
3868 64
3869 64
3870 324
3871 400
3872 400
3873 400
3874 256
3875 484
3876 144
3877 100
3878 324
3879 324
3880 256
3881 576
3882 576
3883 484
3884 400
3885 784
3886 900
3887 676
3888 676
3889 1600
3890 1600
3891 1444
3892 1024
3893 784
3894 324
3895 144
3896 100
3897 16
3898 4
3899 16
3900 16
3901 4
3902 4
3903 64
3904 196
3905 144
3906 324
3907 144
3908 256
3909 196
3910 16
3911 36
3912 100
3913 4
3914 4
3915 64
3916 16
3917 64
3918 4
3919 100
3920 4
3921 36
3922 4
3923 100
3924 36
3925 4
3926 36
3927 100
3928 16
3929 144
3930 256
3931 484
3932 256
3933 0
3934 144
3935 400
3936 400
3937 400
3938 784
3939 784
3940 1156
3941 1444
3942 1600
3943 1600
3944 1296
3945 1936
3946 1764
3947 1764
3948 1764
3949 1444
3950 1764
3951 2500
3952 2500
3953 2500
3954 2304
3955 2500
3956 2500
3957 1936
3958 1444
3959 576
3960 324
3961 4
3962 64
3963 100
3964 324
3965 324
3966 1296
3967 1156
3968 1296
3969 1600
3970 1444
3971 1296
3972 1600
3973 1936
3974 1600
3975 1600
3976 1936
3977 1600
3978 1296
3979 1444
3980 1024
3981 1296
3982 1156
3983 1444
3984 1600
3985 1600
3986 1444
3987 1444
3988 784
3989 784
3990 324
3991 196
3992 256
3993 4
3994 16
3995 100
3996 324
3997 256
3998 144
3999 196
4000 196
4001 196
4002 36
4003 4
4004 64
4005 144
4006 196
4007 144
4008 4
4009 16
4010 100
4011 16
4012 100
4013 16
4014 4
4015 64
4016 4
4017 256
4018 100
4019 64
4020 16
4021 4
4022 0
4023 400
4024 484
4025 196
4026 64
4027 256
4028 324
4029 676
4030 1296
4031 1296
4032 900
4033 1024
4034 784
4035 1024
4036 1024
4037 484
4038 1296
4039 1296
4040 900
4041 400
4042 324
4043 484
4044 576
4045 576
4046 900
4047 484
4048 1156
4049 1024
4050 1156
4051 1296
4052 576
4053 256
4054 100
4055 64
4056 16
4057 16
4058 36
4059 256
4060 256
4061 100
4062 64
4063 400
4064 324
4065 196
4066 100
4067 144
4068 324
4069 144
4070 256
4071 144
4072 400
4073 324
4074 576
4075 1024
4076 1156
4077 1296
4078 784
4079 484
4080 144
4081 0
4082 4
4083 0
4084 4
4085 100
4086 484
4087 324
4088 576
4089 16
4090 64
4091 100
4092 144
4093 100
4094 64
4095 144
4096 144
4097 36
4098 0
4099 0
4100 36
4101 36
4102 100
4103 4
4104 64
4105 4
4106 36
4107 144
4108 36
4109 16
4110 4
4111 36
4112 100
4113 64
4114 144
4115 144
4116 4
4117 4
4118 16
4119 4
4120 16
4121 64
4122 64
4123 144
4124 784
4125 784
4126 1156
4127 1024
4128 1024
4129 1156
4130 1600
4131 1764
4132 1444
4133 1600
4134 1296
4135 2116
4136 2116
4137 2304
4138 2304
4139 1764
4140 1764
4141 1444
4142 900
4143 676
4144 900
4145 576
4146 900
4147 1024
4148 400
4149 400
4150 784
4151 1024
4152 784
4153 1156
4154 1600
4155 1600
4156 1764
4157 1444
4158 1296
4159 1156
4160 784
4161 400
4162 256
4163 64
4164 100
4165 100
4166 196
4167 484
4168 576
4169 784
4170 784
4171 576
4172 676
4173 576
4174 576
4175 484
4176 784
4177 676
4178 1024
4179 1600
4180 1296
4181 900
4182 1024
4183 324
4184 484
4185 0
4186 36
4187 16
4188 144
4189 324
4190 400
4191 16
4192 100
4193 144
4194 36
4195 400
4196 100
4197 0
4198 100
4199 256
4200 256
4201 400
4202 676
4203 1024
4204 1024
4205 676
4206 100
4207 400
4208 484
4209 100
4210 0
4211 36
4212 4
4213 144
4214 100
4215 576
4216 676
4217 484
4218 324
4219 324
4220 256
4221 324
4222 196
4223 196
4224 256
4225 64
4226 144
4227 256
4228 36
4229 256
4230 324
4231 484
4232 576
4233 400
4234 64
4235 64
4236 16
4237 16
4238 144
4239 196
4240 144
4241 196
4242 144
4243 100
4244 36
4245 36
4246 4
4247 64
4248 36
4249 100
4250 36
4251 64
4252 16
4253 4
4254 100
4255 484
4256 256
4257 144
4258 16
4259 0
4260 0
4261 64
4262 144
4263 144
4264 196
4265 100
4266 100
4267 64
4268 100
4269 0
4270 196
4271 144
4272 36
4273 36
4274 36
4275 324
4276 256
4277 324
4278 196
4279 196
4280 0
4281 64
4282 256
4283 144
4284 144
4285 100
4286 256
4287 400
4288 576
4289 900
4290 900
4291 900
4292 1024
4293 1444
4294 900
4295 784
4296 784
4297 196
4298 400
4299 1024
4300 484
4301 256
4302 100
4303 64
4304 36
4305 16
4306 64
4307 144
4308 576
4309 676
4310 484
4311 784
4312 676
4313 400
4314 100
4315 16
4316 0
4317 64
4318 576
4319 784
4320 484
4321 400
4322 256
4323 784
4324 900
4325 484
4326 676
4327 784
4328 900
4329 900
4330 1444
4331 1156
4332 400
4333 324
4334 324
4335 256
4336 36
4337 36
4338 0
4339 64
4340 324
4341 400
4342 144
4343 36
4344 36
4345 64
4346 36
4347 4
4348 196
4349 16
4350 4
4351 144
4352 144
4353 36
4354 4
4355 4
4356 16
4357 64
4358 64
4359 256
4360 100
4361 324
4362 576
4363 64
4364 36
4365 36
4366 64
4367 64
4368 196
4369 256
4370 324
4371 324
4372 196
4373 36
4374 100
4375 36
4376 64
4377 36
4378 16
4379 16
4380 4
4381 16
4382 64
4383 4
4384 4
4385 4
4386 64
4387 64
4388 144
4389 64
4390 0
4391 36
4392 36
4393 0
4394 36
4395 4
4396 0
4397 144
4398 64
4399 100
4400 4
4401 0
4402 4
4403 4
4404 4
4405 100
4406 324
4407 324
4408 256
4409 100
4410 100
4411 64
4412 36
4413 100
4414 196
4415 484
4416 484
4417 784
4418 576
4419 900
4420 1600
4421 1296
4422 1444
4423 1156
4424 900
4425 900
4426 1024
4427 1296
4428 1600
4429 2116
4430 1600
4431 1600
4432 1764
4433 1936
4434 1024
4435 900
4436 1156
4437 1764
4438 2116
4439 1936
4440 1156
4441 1444
4442 1156
4443 1936
4444 1764
4445 1764
4446 1444
4447 1764
4448 2116
4449 1764
4450 1600
4451 1156
4452 900
4453 256
4454 256
4455 324
4456 484
4457 324
4458 0
4459 4
4460 36
4461 144
4462 196
4463 256
4464 256
4465 196
4466 256
4467 100
4468 100
4469 144
4470 196
4471 784
4472 196
4473 196
4474 0
4475 4
4476 4
4477 100
4478 324
4479 4
4480 196
4481 784
4482 400
4483 196
4484 36
4485 64
4486 256
4487 900
4488 1296
4489 1600
4490 1444
4491 1936
4492 1764
4493 1764
4494 1296
4495 1296
4496 1444
4497 576
4498 64
4499 400
4500 1024
4501 784
4502 400
4503 36
4504 36
4505 196
4506 400
4507 100
4508 64
4509 64
4510 100
4511 16
4512 324
4513 484
4514 144
4515 196
4516 196
4517 256
4518 324
4519 100
4520 36
4521 16
4522 4
4523 16
4524 36
4525 324
4526 576
4527 324
4528 196
4529 676
4530 484
4531 484
4532 484
4533 484
4534 484
4535 676
4536 400
4537 400
4538 196
4539 144
4540 100
4541 196
4542 196
4543 324
4544 256
4545 324
4546 576
4547 484
4548 1156
4549 900
4550 900
4551 676
4552 484
4553 484
4554 64
4555 100
4556 100
4557 64
4558 400
4559 784
4560 484
4561 256
4562 196
4563 324
4564 400
4565 400
4566 576
4567 784
4568 900
4569 484
4570 1156
4571 900
4572 900
4573 1296
4574 400
4575 484
4576 676
4577 784
4578 1296
4579 1936
4580 1764
4581 1156
4582 324
4583 576
4584 676
4585 676
4586 1156
4587 1764
4588 1296
4589 1600
4590 1936
4591 1936
4592 1296
4593 1764
4594 1936
4595 1764
4596 1600
4597 1600
4598 1296
4599 1764
4600 1600
4601 1764
4602 1936
4603 2304
4604 2304
4605 1936
4606 1936
4607 1936
4608 1936
4609 1156
4610 784
4611 900
4612 900
4613 784
4614 1024
4615 1024
4616 1296
4617 400
4618 784
4619 576
4620 484
4621 324
4622 400
4623 484
4624 324
4625 256
4626 324
4627 196
4628 196
4629 400
4630 324
4631 900
4632 484
4633 576
4634 1024
4635 1296
4636 1024
4637 1296
4638 1764
4639 2116
4640 1764
4641 1444
4642 1024
4643 1024
4644 1024
4645 576
4646 1156
4647 1936
4648 1296
4649 1936
4650 2116
4651 2116
4652 2304
4653 1296
4654 1156
4655 900
4656 484
4657 1156
4658 1444
4659 1156
4660 1764
4661 1296
4662 1156
4663 576
4664 196
4665 784
4666 576
4667 400
4668 324
4669 144
4670 100
4671 196
4672 256
4673 256
4674 256
4675 400
4676 784
4677 784
4678 324
4679 484
4680 484
4681 256
4682 144
4683 36
4684 16
4685 36
4686 144
4687 36
4688 256
4689 144
4690 256
4691 324
4692 400
4693 256
4694 324
4695 144
4696 4
4697 16
4698 64
4699 100
4700 4
4701 4
4702 4
4703 64
4704 196
4705 256
4706 324
4707 576
4708 64
4709 144
4710 196
4711 100
4712 256
4713 784
4714 256
4715 36
4716 4
4717 4
4718 64
4719 100
4720 16
4721 144
4722 144
4723 196
4724 144
4725 144
4726 196
4727 400
4728 36
4729 196
4730 324
4731 676
4732 676
4733 484
4734 256
4735 256
4736 324
4737 256
4738 256
4739 144
4740 64
4741 4
4742 16
4743 4
4744 4
4745 36
4746 16
4747 64
4748 144
4749 16
4750 36
4751 36
4752 196
4753 324
4754 576
4755 576
4756 484
4757 484
4758 484
4759 100
4760 16
4761 16
4762 36
4763 36
4764 144
4765 324
4766 324
4767 64
4768 4
4769 4
4770 196
4771 64
4772 16
4773 4
4774 144
4775 484
4776 64
4777 36
4778 196
4779 256
4780 196
4781 16
4782 0
4783 16
4784 36
4785 144
4786 144
4787 36
4788 36
4789 0
4790 4
4791 4
4792 100
4793 196
4794 100
4795 100
4796 144
4797 144
4798 16
4799 36
4800 64
4801 196
4802 256
4803 144
4804 144
4805 64
4806 144
4807 324
4808 144
4809 324
4810 324
4811 784
4812 324
4813 484
4814 676
4815 676
4816 256
4817 576
4818 784
4819 1156
4820 900
4821 576
4822 484
4823 484
4824 676
4825 784
4826 676
4827 784
4828 1156
4829 900
4830 900
4831 1156
4832 784
4833 1156
4834 1600
4835 1296
4836 1444
4837 1024
4838 784
4839 484
4840 484
4841 324
4842 256
4843 256
4844 400
4845 484
4846 576
4847 900
4848 900
4849 784
4850 900
4851 784
4852 900
4853 676
4854 784
4855 900
4856 900
4857 1296
4858 784
4859 676
4860 1156
4861 576
4862 1024
4863 784
4864 324
4865 484
4866 324
4867 196
4868 100
4869 0
4870 4
4871 196
4872 196
4873 196
4874 324
4875 324
4876 400
4877 196
4878 64
4879 196
4880 4
4881 144
4882 100
4883 100
4884 100
4885 4
4886 4
4887 16
4888 16
4889 36
4890 324
4891 100
4892 100
4893 0
4894 36
4895 324
4896 484
4897 400
4898 484
4899 484
4900 256
4901 64
4902 16
4903 196
4904 64
4905 4
4906 4
4907 256
4908 400
4909 64
4910 36
4911 4
4912 4
4913 4
4914 64
4915 400
4916 256
4917 64
4918 36
4919 324
4920 16
4921 16
4922 36
4923 16
4924 4
4925 4
4926 16
4927 0
4928 256
4929 324
4930 256
4931 400
4932 400
4933 324
4934 144
4935 144
4936 16
4937 144
4938 100
4939 196
4940 400
4941 676
4942 324
4943 324
4944 36
4945 64
4946 64
4947 4
4948 4
4949 196
4950 256
4951 324
4952 484
4953 400
4954 196
4955 144
4956 324
4957 16
4958 4
4959 16
4960 16
4961 144
4962 576
4963 324
4964 36
4965 4
4966 144
4967 100
4968 256
4969 196
4970 144
4971 100
4972 36
4973 16
4974 400
4975 676
4976 324
4977 196
4978 324
4979 324
4980 484
4981 196
4982 676
4983 676
4984 676
4985 324
4986 324
4987 676
4988 676
4989 484
4990 784
4991 576
4992 144
4993 196
4994 144
4995 144
4996 64
4997 16
4998 4
4999 36
5000 4
