1 -6
2 -8
3 4
4 12
5 10
6 4
7 12
8 20
9 18
10 10
11 4
12 6
13 16
14 8
15 2
16 8
17 10
18 12
19 12
20 10
21 6
22 4
23 -12
24 -12
25 -10
26 -4
27 0
28 4
29 2
30 8
31 6
32 6
33 10
34 12
35 22
36 26
37 12
38 16
39 28
40 20
41 34
42 38
43 42
44 44
45 46
46 44
47 48
48 50
49 50
50 50
51 48
52 50
53 40
54 34
55 24
56 28
57 28
58 30
59 26
60 20
61 14
62 16
63 20
64 14
65 18
66 18
67 8
68 -4
69 -2
70 -2
71 -2
72 8
73 8
74 -10
75 -8
76 -12
77 -18
78 -14
79 -12
80 -10
81 -16
82 -24
83 -22
84 -18
85 -14
86 -12
87 -20
88 -24
89 -24
90 -18
91 -18
92 -12
93 -26
94 -32
95 -24
96 -20
97 -20
98 -22
99 -18
100 -20
101 -20
102 -18
103 -24
104 -12
105 -12
106 -16
107 -18
108 -26
109 -26
110 -24
111 -10
112 -6
113 -10
114 -12
115 -8
116 0
117 14
118 18
119 20
120 14
121 12
122 12
123 16
124 24
125 24
126 26
127 30
128 28
129 18
130 16
131 20
132 28
133 20
134 10
135 0
136 2
137 2
138 4
139 10
140 10
141 10
142 18
143 18
144 10
145 6
146 8
147 6
148 10
149 2
150 8
151 2
152 2
153 -2
154 -8
155 -6
156 -6
157 -2
158 -8
159 -12
160 -8
161 -6
162 -6
163 -4
164 6
165 10
166 14
167 10
168 18
169 24
170 20
171 36
172 32
173 22
174 24
175 12
176 4
177 -2
178 -4
179 -4
180 -12
181 -20
182 -16
183 -24
184 -24
185 -28
186 -22
187 -20
188 -16
189 -22
190 -16
191 -16
192 -14
193 0
194 0
195 -2
196 2
197 4
198 0
199 4
200 0
201 -2
202 2
203 4
204 -4
205 -4
206 -14
207 -20
208 -16
209 -28
210 -30
211 -26
212 -28
213 -24
214 -24
215 -22
216 -24
217 -22
218 -22
219 -24
220 -26
221 -34
222 -30
223 -24
224 -24
225 -22
226 -18
227 -18
228 -14
229 -8
230 -4
231 4
232 6
233 4
234 10
235 12
236 24
237 14
238 14
239 8
240 12
241 16
242 16
243 12
244 8
245 8
246 4
247 -6
248 -14
249 -12
250 -12
251 -8
252 -4
253 -2
254 6
255 10
256 -4
257 10
258 22
259 12
260 8
261 8
262 8
263 8
264 6
265 2
266 0
267 0
268 -6
269 -12
270 -12
271 -4
272 4
273 8
274 12
275 14
276 -2
277 -8
278 -2
279 4
280 12
281 12
282 4
283 2
284 4
285 4
286 0
287 0
288 2
289 -6
290 -10
291 -8
292 -8
293 -12
294 -6
295 2
296 8
297 18
298 22
299 28
300 30
301 30
302 14
303 10
304 2
305 -4
306 8
307 10
308 10
309 12
310 4
311 14
312 24
313 18
314 10
315 16
316 8
317 14
318 14
319 8
320 16
321 20
322 24
323 22
324 18
325 18
326 24
327 10
328 4
329 8
330 2
331 8
332 -2
333 -2
334 -10
335 -6
336 -2
337 -2
338 -8
339 -16
340 -12
341 -10
342 -6
343 -10
344 2
345 6
346 6
347 8
348 10
349 12
350 16
351 20
352 22
353 28
354 18
355 16
356 12
357 10
358 8
359 2
360 12
361 16
362 12
363 -2
364 8
365 12
366 12
367 16
368 16
369 18
370 12
371 4
372 8
373 8
374 6
375 8
376 6
377 6
378 0
379 2
380 -8
381 -2
382 0
383 -4
384 -8
385 -4
386 -4
387 12
388 16
389 26
390 26
391 6
392 14
393 16
394 24
395 26
396 24
397 14
398 18
399 18
400 18
401 12
402 22
403 22
404 18
405 22
406 28
407 32
408 34
409 40
410 34
411 32
412 26
413 24
414 26
415 18
416 20
417 24
418 28
419 30
420 26
421 28
422 26
423 24
424 26
425 22
426 24
427 20
428 20
429 18
430 22
431 24
432 24
433 22
434 20
435 10
436 6
437 8
438 10
439 6
440 8
441 6
442 2
443 12
444 6
445 14
446 18
447 24
448 14
449 26
450 24
451 22
452 22
453 26
454 26
455 12
456 14
457 10
458 10
459 14
460 12
461 10
462 26
463 24
464 24
465 24
466 20
467 28
468 16
469 16
470 24
471 24
472 20
473 30
474 30
475 36
476 42
477 38
478 42
479 40
480 42
481 42
482 36
483 38
484 34
485 30
486 22
487 8
488 -2
489 -2
490 -18
491 -16
492 -2
493 -12
494 -4
495 -2
496 -4
497 12
498 12
499 0
500 8
501 10
502 8
503 8
504 26
505 32
506 24
507 28
508 26
509 22
510 24
511 26
512 20
513 26
514 26
515 34
516 30
517 28
518 16
519 10
520 12
521 18
522 28
523 28
524 18
525 32
526 38
527 44
528 46
529 38
530 32
531 30
532 32
533 28
534 28
535 36
536 30
537 18
538 10
539 4
540 2
541 0
542 6
543 14
544 14
545 8
546 12
547 10
548 14
549 12
550 16
551 24
552 26
553 32
554 20
555 20
556 26
557 32
558 32
559 32
560 34
561 38
562 34
563 42
564 48
565 46
566 42
567 46
568 46
569 40
570 36
571 36
572 36
573 30
574 34
575 40
576 38
577 34
578 28
579 30
580 22
581 8
582 10
583 16
584 26
585 28
586 26
587 24
588 26
589 26
590 32
591 24
592 24
593 22
594 22
595 18
596 12
597 18
598 16
599 18
600 20
601 18
602 6
603 10
604 12
605 14
606 16
607 12
608 14
609 16
610 16
611 16
612 14
613 28
614 26
615 24
616 16
617 22
618 40
619 40
620 32
621 24
622 20
623 28
624 20
625 20
626 26
627 18
628 0
629 2
630 8
631 6
632 0
633 4
634 -2
635 -6
636 -8
637 0
638 -4
639 -4
640 -10
641 -2
642 0
643 16
644 18
645 28
646 36
647 28
648 24
649 10
650 14
651 12
652 24
653 20
654 20
655 22
656 10
657 16
658 12
659 -2
660 4
661 22
662 26
663 26
664 32
665 32
666 28
667 30
668 26
669 30
670 22
671 28
672 24
673 40
674 38
675 38
676 38
677 40
678 44
679 50
680 50
681 50
682 44
683 38
684 30
685 30
686 28
687 22
688 16
689 16
690 12
691 16
692 22
693 24
694 24
695 30
696 36
697 26
698 20
699 6
700 12
701 16
702 24
703 20
704 30
705 22
706 18
707 24
708 20
709 26
710 24
711 38
712 28
713 30
714 20
715 16
716 24
717 18
718 32
719 30
720 24
721 14
722 8
723 6
724 -8
725 -8
726 -12
727 -14
728 -10
729 -20
730 -24
731 -22
732 -14
733 -22
734 -18
735 -12
736 -18
737 -12
738 -22
739 -20
740 -14
741 -24
742 -14
743 -14
744 -12
745 -12
746 -12
747 -18
748 -8
749 -16
750 -20
751 -26
752 -28
753 -26
754 -36
755 -30
756 -26
757 -26
758 -38
759 -38
760 -44
761 -36
762 -32
763 -38
764 -36
765 -42
766 -38
767 -40
768 -38
769 -24
770 -28
771 -16
772 -4
773 2
774 -12
775 -4
776 8
777 -4
778 14
779 -6
780 2
781 0
782 2
783 4
784 4
785 8
786 14
787 14
788 16
789 24
790 14
791 12
792 10
793 12
794 10
795 22
796 32
797 28
798 26
799 28
800 30
801 34
802 36
803 48
804 46
805 40
806 32
807 22
808 26
809 30
810 34
811 36
812 40
813 44
814 34
815 40
816 34
817 36
818 38
819 38
820 30
821 32
822 26
823 24
824 30
825 30
826 34
827 38
828 42
829 42
830 44
831 50
832 50
833 50
834 46
835 36
836 38
837 22
838 22
839 20
840 20
841 18
842 18
843 14
844 12
845 18
846 14
847 6
848 2
849 -2
850 4
851 8
852 0
853 -2
854 -4
855 -2
856 -6
857 -4
858 -4
859 -2
860 -16
861 -16
862 -26
863 -26
864 -26
865 -28
866 -30
867 -28
868 -32
869 -32
870 -30
871 -28
872 -28
873 -30
874 -30
875 -30
876 -28
877 -24
878 -16
879 -16
880 -18
881 -24
882 -22
883 -26
884 -26
885 -24
886 -22
887 -26
888 -24
889 -24
890 -20
891 -14
892 -14
893 -22
894 -32
895 -30
896 -36
897 -40
898 -36
899 -36
900 -32
901 -40
902 -48
903 -44
904 -44
905 -50
906 -48
907 -48
908 -40
909 -32
910 -22
911 -26
912 -24
913 -24
914 -16
915 -12
916 -10
917 -14
918 -22
919 -20
920 -30
921 -36
922 -36
923 -40
924 -40
925 -32
926 -26
927 -20
928 -6
929 -6
930 6
931 10
932 12
933 16
934 20
935 12
936 16
937 18
938 22
939 36
940 24
941 26
942 32
943 30
944 36
945 26
946 26
947 22
948 18
949 24
950 24
951 28
952 32
953 30
954 20
955 24
956 18
957 24
958 20
959 20
960 20
961 12
962 16
963 10
964 8
965 18
966 24
967 28
968 28
969 28
970 20
971 18
972 14
973 8
974 8
975 4
976 2
977 -4
978 -4
979 -4
980 -12
981 -14
982 -6
983 -14
984 -6
985 -2
986 0
987 4
988 0
989 8
990 18
991 24
992 36
993 26
994 26
995 30
996 24
997 16
998 20
999 16
1000 6
1001 10
1002 6
1003 4
1004 -2
1005 2
1006 2
1007 6
1008 6
1009 2
1010 2
1011 -6
1012 0
1013 -10
1014 -8
1015 -12
1016 -16
1017 -24
1018 -14
1019 -24
1020 -32
1021 -28
1022 -42
1023 -40
1024 -34
1025 -36
1026 -44
1027 -38
1028 -42
1029 -40
1030 -38
1031 -22
1032 -20
1033 -22
1034 -30
1035 -40
1036 -42
1037 -44
1038 -44
1039 -40
1040 -30
1041 -16
1042 -8
1043 -2
1044 0
1045 2
1046 0
1047 -2
1048 0
1049 2
1050 18
1051 8
1052 12
1053 14
1054 10
1055 12
1056 12
1057 10
1058 4
1059 10
1060 10
1061 20
1062 28
1063 18
1064 18
1065 28
1066 24
1067 26
1068 28
1069 32
1070 40
1071 42
1072 38
1073 32
1074 30
1075 32
1076 28
1077 28
1078 20
1079 30
1080 30
1081 30
1082 22
1083 34
1084 24
1085 26
1086 32
1087 32
1088 38
1089 34
1090 32
1091 34
1092 36
1093 30
1094 20
1095 24
1096 10
1097 8
1098 4
1099 8
1100 4
1101 6
1102 2
1103 -8
1104 -22
1105 -18
1106 -16
1107 -16
1108 -4
1109 -8
1110 0
1111 0
1112 4
1113 2
1114 0
1115 -6
1116 -4
1117 8
1118 4
1119 14
1120 14
1121 26
1122 24
1123 14
1124 16
1125 12
1126 12
1127 8
1128 12
1129 16
1130 16
1131 30
1132 26
1133 26
1134 10
1135 16
1136 14
1137 12
1138 10
1139 18
1140 24
1141 18
1142 14
1143 16
1144 20
1145 16
1146 10
1147 16
1148 22
1149 28
1150 30
1151 26
1152 28
1153 30
1154 32
1155 34
1156 34
1157 24
1158 16
1159 16
1160 12
1161 14
1162 12
1163 14
1164 16
1165 6
1166 0
1167 -4
1168 -4
1169 -2
1170 0
1171 -4
1172 -8
1173 6
1174 4
1175 4
1176 6
1177 -4
1178 2
1179 -4
1180 -2
1181 4
1182 6
1183 0
1184 -4
1185 -8
1186 -6
1187 -16
1188 -18
1189 -4
1190 -8
1191 -16
1192 -14
1193 -22
1194 -22
1195 -18
1196 -26
1197 -24
1198 -28
1199 -30
1200 -22
1201 -12
1202 -16
1203 -14
1204 -12
1205 -16
1206 -18
1207 -16
1208 -26
1209 -22
1210 -20
1211 -22
1212 -10
1213 -14
1214 -10
1215 -16
1216 -18
1217 -10
1218 -2
1219 0
1220 -4
1221 4
1222 0
1223 -12
1224 -12
1225 -10
1226 12
1227 0
1228 0
1229 -12
1230 0
1231 6
1232 12
1233 2
1234 8
1235 4
1236 4
1237 -8
1238 -10
1239 -16
1240 -24
1241 -32
1242 -22
1243 -22
1244 -24
1245 -14
1246 -10
1247 -10
1248 -16
1249 -24
1250 -12
1251 -14
1252 -20
1253 -20
1254 -34
1255 -30
1256 -22
1257 -30
1258 -18
1259 -22
1260 -12
1261 -16
1262 -22
1263 -12
1264 0
1265 0
1266 0
1267 0
1268 -4
1269 -8
1270 4
1271 18
1272 18
1273 24
1274 16
1275 16
1276 32
1277 34
1278 34
1279 34
1280 30
1281 28
1282 36
1283 34
1284 30
1285 22
1286 16
1287 10
1288 20
1289 16
1290 14
1291 16
1292 22
1293 18
1294 26
1295 22
1296 26
1297 26
1298 28
1299 24
1300 24
1301 12
1302 2
1303 2
1304 -8
1305 2
1306 4
1307 2
1308 -2
1309 10
1310 10
1311 10
1312 6
1313 12
1314 12
1315 14
1316 16
1317 8
1318 8
1319 2
1320 2
1321 14
1322 12
1323 12
1324 6
1325 16
1326 12
1327 12
1328 14
1329 22
1330 14
1331 20
1332 16
1333 6
1334 -8
1335 -4
1336 -6
1337 2
1338 24
1339 14
1340 18
1341 16
1342 8
1343 14
1344 24
1345 22
1346 18
1347 24
1348 26
1349 26
1350 24
1351 18
1352 18
1353 16
1354 18
1355 20
1356 24
1357 24
1358 22
1359 32
1360 22
1361 34
1362 34
1363 22
1364 24
1365 14
1366 12
1367 12
1368 14
1369 18
1370 14
1371 10
1372 10
1373 14
1374 18
1375 16
1376 28
1377 24
1378 22
1379 26
1380 16
1381 20
1382 18
1383 24
1384 26
1385 26
1386 18
1387 10
1388 22
1389 12
1390 8
1391 4
1392 12
1393 8
1394 12
1395 16
1396 26
1397 28
1398 24
1399 26
1400 26
1401 30
1402 34
1403 36
1404 40
1405 38
1406 30
1407 30
1408 32
1409 34
1410 32
1411 30
1412 36
1413 38
1414 30
1415 30
1416 40
1417 34
1418 32
1419 34
1420 44
1421 40
1422 42
1423 42
1424 36
1425 40
1426 26
1427 28
1428 36
1429 36
1430 30
1431 28
1432 26
1433 24
1434 26
1435 32
1436 30
1437 30
1438 34
1439 32
1440 32
1441 32
1442 28
1443 34
1444 40
1445 46
1446 48
1447 46
1448 40
1449 40
1450 38
1451 26
1452 32
1453 18
1454 16
1455 30
1456 26
1457 22
1458 20
1459 20
1460 24
1461 18
1462 20
1463 18
1464 30
1465 26
1466 32
1467 30
1468 28
1469 30
1470 30
1471 28
1472 26
1473 26
1474 28
1475 26
1476 28
1477 22
1478 18
1479 26
1480 26
1481 28
1482 28
1483 28
1484 42
1485 48
1486 42
1487 40
1488 40
1489 46
1490 34
1491 16
1492 10
1493 8
1494 18
1495 14
1496 22
1497 16
1498 18
1499 20
1500 22
1501 18
1502 16
1503 10
1504 12
1505 0
1506 2
1507 6
1508 -4
1509 0
1510 6
1511 0
1512 -12
1513 -14
1514 -22
1515 -12
1516 -16
1517 -24
1518 -22
1519 -34
1520 -18
1521 -10
1522 -18
1523 -10
1524 -12
1525 -22
1526 -22
1527 -30
1528 -38
1529 -40
1530 -46
1531 -42
1532 -42
1533 -38
1534 -38
1535 -36
1536 -34
1537 -36
1538 -28
1539 -20
1540 -22
1541 -28
1542 -22
1543 -10
1544 -10
1545 -18
1546 -10
1547 -8
1548 -8
1549 10
1550 24
1551 28
1552 36
1553 40
1554 28
1555 18
1556 20
1557 22
1558 22
1559 16
1560 22
1561 22
1562 24
1563 14
1564 10
1565 0
1566 -6
1567 -2
1568 6
1569 6
1570 8
1571 8
1572 16
1573 14
1574 10
1575 14
1576 10
1577 16
1578 18
1579 26
1580 30
1581 34
1582 34
1583 26
1584 28
1585 24
1586 10
1587 8
1588 2
1589 -6
1590 -6
1591 -6
1592 -2
1593 0
1594 -6
1595 -8
1596 -4
1597 -6
1598 -2
1599 -18
1600 -18
1601 -30
1602 -26
1603 -36
1604 -34
1605 -38
1606 -34
1607 -38
1608 -38
1609 -28
1610 -30
1611 -16
1612 -16
1613 -14
1614 -24
1615 -18
1616 -6
1617 -20
1618 -14
1619 -18
1620 -22
1621 -18
1622 -14
1623 -18
1624 -12
1625 -12
1626 -4
1627 -8
1628 -2
1629 -2
1630 -12
1631 -18
1632 -32
1633 -22
1634 -22
1635 -14
1636 -18
1637 -14
1638 -20
1639 -28
1640 -28
1641 -20
1642 -22
1643 -12
1644 -4
1645 -2
1646 0
1647 0
1648 -2
1649 6
1650 8
1651 12
1652 16
1653 8
1654 8
1655 14
1656 8
1657 2
1658 4
1659 6
1660 10
1661 14
1662 16
1663 22
1664 26
1665 28
1666 32
1667 24
1668 24
1669 20
1670 22
1671 4
1672 4
1673 -4
1674 2
1675 -4
1676 0
1677 -4
1678 -2
1679 0
1680 2
1681 10
1682 18
1683 28
1684 32
1685 28
1686 30
1687 28
1688 22
1689 32
1690 32
1691 38
1692 44
1693 44
1694 44
1695 36
1696 36
1697 34
1698 28
1699 20
1700 18
1701 20
1702 6
1703 12
1704 4
1705 10
1706 8
1707 8
1708 8
1709 6
1710 16
1711 16
1712 22
1713 22
1714 18
1715 20
1716 20
1717 14
1718 14
1719 12
1720 10
1721 8
1722 -6
1723 -20
1724 -18
1725 -20
1726 -16
1727 -26
1728 -26
1729 -22
1730 -24
1731 -16
1732 -16
1733 -10
1734 -4
1735 -2
1736 4
1737 -4
1738 -10
1739 -18
1740 -18
1741 -14
1742 -16
1743 -22
1744 -22
1745 -24
1746 -28
1747 -18
1748 -22
1749 -26
1750 -24
1751 -20
1752 -18
1753 -28
1754 -32
1755 -24
1756 -34
1757 -42
1758 -48
1759 -46
1760 -46
1761 -44
1762 -42
1763 -44
1764 -44
1765 -50
1766 -46
1767 -34
1768 -34
1769 -24
1770 -14
1771 -10
1772 0
1773 -14
1774 -8
1775 -10
1776 -24
1777 -30
1778 -24
1779 -30
1780 -30
1781 -20
1782 -20
1783 -36
1784 -32
1785 -24
1786 -30
1787 -10
1788 -10
1789 -8
1790 -12
1791 -16
1792 -18
1793 -22
1794 -16
1795 -22
1796 -20
1797 -8
1798 -10
1799 0
1800 0
1801 -2
1802 2
1803 6
1804 4
1805 4
1806 14
1807 18
1808 32
1809 26
1810 22
1811 34
1812 34
1813 36
1814 36
1815 42
1816 36
1817 28
1818 36
1819 38
1820 24
1821 22
1822 26
1823 32
1824 26
1825 24
1826 28
1827 24
1828 32
1829 36
1830 40
1831 46
1832 40
1833 42
1834 38
1835 34
1836 32
1837 30
1838 32
1839 38
1840 24
1841 18
1842 16
1843 14
1844 16
1845 -2
1846 -10
1847 -2
1848 4
1849 0
1850 4
1851 0
1852 2
1853 -4
1854 -12
1855 -14
1856 -6
1857 -14
1858 -6
1859 -6
1860 0
1861 -8
1862 -12
1863 -6
1864 2
1865 -2
1866 6
1867 0
1868 -4
1869 -6
1870 -10
1871 -18
1872 -26
1873 -28
1874 -26
1875 -22
1876 -26
1877 -28
1878 -30
1879 -28
1880 -30
1881 -30
1882 -26
1883 -22
1884 -26
1885 -24
1886 -22
1887 -22
1888 -14
1889 -12
1890 -12
1891 -16
1892 -18
1893 -14
1894 -10
1895 -20
1896 -30
1897 -24
1898 -12
1899 -4
1900 4
1901 16
1902 22
1903 20
1904 18
1905 8
1906 10
1907 6
1908 4
1909 0
1910 -4
1911 -4
1912 -16
1913 -22
1914 -18
1915 -20
1916 -24
1917 -22
1918 -22
1919 -22
1920 -16
1921 -22
1922 -30
1923 -28
1924 -16
1925 -14
1926 -6
1927 -20
1928 -8
1929 -14
1930 -18
1931 -10
1932 -16
1933 -8
1934 -2
1935 4
1936 2
1937 16
1938 16
1939 14
1940 18
1941 22
1942 10
1943 14
1944 6
1945 4
1946 6
1947 8
1948 -2
1949 -2
1950 -14
1951 -8
1952 4
1953 12
1954 16
1955 14
1956 12
1957 10
1958 18
1959 24
1960 22
1961 12
1962 8
1963 6
1964 20
1965 18
1966 16
1967 8
1968 2
1969 8
1970 -6
1971 -6
1972 -12
1973 -12
1974 -24
1975 -22
1976 -16
1977 -16
1978 -18
1979 -18
1980 -22
1981 -14
1982 -4
1983 2
1984 2
1985 -4
1986 0
1987 -2
1988 -2
1989 0
1990 6
1991 14
1992 14
1993 14
1994 6
1995 16
1996 24
1997 26
1998 22
1999 16
2000 22
2001 24
2002 26
2003 24
2004 22
2005 22
2006 22
2007 16
2008 12
2009 22
2010 32
2011 30
2012 30
2013 28
2014 24
2015 24
2016 26
2017 26
2018 32
2019 22
2020 32
2021 36
2022 26
2023 30
2024 24
2025 18
2026 12
2027 16
2028 20
2029 24
2030 24
2031 36
2032 40
2033 36
2034 30
2035 30
2036 26
2037 30
2038 22
2039 24
2040 26
2041 14
2042 24
2043 26
2044 18
2045 28
2046 16
2047 18
2048 26
2049 20
2050 22
2051 18
2052 16
2053 16
2054 6
2055 18
2056 16
2057 14
2058 18
2059 8
2060 18
2061 22
2062 24
2063 22
2064 20
2065 32
2066 22
2067 22
2068 16
2069 22
2070 28
2071 26
2072 26
2073 32
2074 34
2075 36
2076 40
2077 44
2078 40
2079 46
2080 38
2081 44
2082 36
2083 30
2084 32
2085 38
2086 30
2087 34
2088 30
2089 26
2090 22
2091 22
2092 18
2093 24
2094 24
2095 28
2096 26
2097 22
2098 10
2099 16
2100 10
2101 10
2102 12
2103 14
2104 14
2105 18
2106 20
2107 18
2108 12
2109 24
2110 26
2111 28
2112 28
2113 32
2114 28
2115 38
2116 32
2117 32
2118 40
2119 44
2120 44
2121 46
2122 34
2123 44
2124 44
2125 42
2126 34
2127 30
2128 32
2129 22
2130 8
2131 6
2132 8
2133 4
2134 10
2135 22
2136 26
2137 28
2138 30
2139 26
2140 28
2141 24
2142 16
2143 14
2144 10
2145 14
2146 26
2147 12
2148 22
2149 24
2150 24
2151 24
2152 14
2153 18
2154 18
2155 24
2156 26
2157 42
2158 42
2159 38
2160 42
2161 44
2162 44
2163 44
2164 44
2165 36
2166 32
2167 38
2168 36
2169 34
2170 30
2171 30
2172 38
2173 34
2174 38
2175 30
2176 30
2177 36
2178 34
2179 36
2180 34
2181 28
2182 28
2183 24
2184 28
2185 14
2186 20
2187 20
2188 18
2189 16
2190 12
2191 16
2192 22
2193 14
2194 22
2195 16
2196 8
2197 6
2198 10
2199 12
2200 4
2201 -2
2202 0
2203 -14
2204 -6
2205 -12
2206 -8
2207 -8
2208 -8
2209 -2
2210 0
2211 12
2212 10
2213 2
2214 8
2215 -6
2216 4
2217 -2
2218 18
2219 16
2220 22
2221 28
2222 32
2223 26
2224 24
2225 26
2226 18
2227 10
2228 4
2229 8
2230 12
2231 8
2232 -6
2233 -18
2234 -8
2235 2
2236 4
2237 0
2238 10
2239 12
2240 12
2241 20
2242 22
2243 36
2244 42
2245 38
2246 40
2247 40
2248 38
2249 32
2250 36
2251 30
2252 20
2253 20
2254 32
2255 30
2256 30
2257 28
2258 20
2259 14
2260 18
2261 16
2262 14
2263 16
2264 14
2265 22
2266 14
2267 20
2268 18
2269 26
2270 28
2271 20
2272 20
2273 10
2274 8
2275 4
2276 2
2277 -6
2278 2
2279 6
2280 10
2281 -6
2282 -10
2283 -14
2284 -14
2285 -8
2286 -12
2287 0
2288 4
2289 0
2290 -6
2291 -4
2292 -6
2293 -6
2294 -4
2295 -2
2296 -2
2297 -10
2298 -6
2299 -4
2300 0
2301 -12
2302 -10
2303 2
2304 -4
2305 0
2306 -6
2307 -18
2308 -28
2309 -30
2310 -30
2311 -28
2312 -30
2313 -38
2314 -42
2315 -40
2316 -48
2317 -46
2318 -48
2319 -42
2320 -38
2321 -36
2322 -42
2323 -38
2324 -30
2325 -28
2326 -28
2327 -26
2328 -18
2329 -22
2330 -22
2331 -10
2332 -26
2333 -26
2334 -28
2335 -24
2336 -34
2337 -22
2338 -20
2339 -26
2340 -10
2341 -4
2342 0
2343 -8
2344 -10
2345 -8
2346 -2
2347 -6
2348 -8
2349 -8
2350 0
2351 -10
2352 -6
2353 -12
2354 -10
2355 -14
2356 4
2357 2
2358 2
2359 0
2360 -2
2361 -8
2362 -2
2363 0
2364 -4
2365 -8
2366 -16
2367 -12
2368 -14
2369 -24
2370 -30
2371 -34
2372 -34
2373 -34
2374 -26
2375 -28
2376 -16
2377 -18
2378 -18
2379 -2
2380 -2
2381 -2
2382 2
2383 10
2384 8
2385 2
2386 6
2387 10
2388 2
2389 10
2390 16
2391 18
2392 24
2393 14
2394 8
2395 14
2396 4
2397 10
2398 18
2399 16
2400 24
2401 30
2402 26
2403 36
2404 28
2405 34
2406 38
2407 40
2408 48
2409 50
2410 50
2411 50
2412 50
2413 42
2414 46
2415 42
2416 30
2417 26
2418 22
2419 16
2420 14
2421 14
2422 18
2423 6
2424 4
2425 -6
2426 -14
2427 -4
2428 4
2429 12
2430 6
2431 6
2432 2
2433 6
2434 -4
2435 4
2436 4
2437 4
2438 -6
2439 -6
2440 -14
2441 -20
2442 -22
2443 -32
2444 -36
2445 -38
2446 -38
2447 -40
2448 -46
2449 -46
2450 -42
2451 -46
2452 -40
2453 -28
2454 -26
2455 -18
2456 -28
2457 -22
2458 -20
2459 -18
2460 -24
2461 -28
2462 -32
2463 -40
2464 -38
2465 -40
2466 -28
2467 -38
2468 -30
2469 -28
2470 -28
2471 -28
2472 -28
2473 -34
2474 -34
2475 -24
2476 -20
2477 -8
2478 -4
2479 -8
2480 -16
2481 -8
2482 -10
2483 -4
2484 -8
2485 4
2486 4
2487 6
2488 4
2489 6
2490 10
2491 12
2492 18
2493 14
2494 2
2495 -2
2496 -6
2497 -12
2498 -10
2499 -16
2500 -20
2501 -12
2502 -18
2503 -16
2504 -10
2505 -2
2506 -6
2507 10
2508 18
2509 14
2510 26
2511 22
2512 18
2513 18
2514 -4
2515 -10
2516 -4
2517 -12
2518 -4
2519 6
2520 -2
2521 -12
2522 -22
2523 -28
2524 -30
2525 -18
2526 -28
2527 -22
2528 -20
2529 -24
2530 -30
2531 -22
2532 -10
2533 -6
2534 -16
2535 -12
2536 -10
2537 -12
2538 -20
2539 -16
2540 -12
2541 -6
2542 4
2543 8
2544 12
2545 6
2546 -2
2547 6
2548 10
2549 8
2550 14
2551 4
2552 4
2553 -12
2554 -10
2555 -12
2556 -14
2557 -18
2558 -4
2559 2
2560 16
2561 14
2562 20
2563 12
2564 8
2565 14
2566 20
2567 16
2568 18
2569 6
2570 -4
2571 2
2572 8
2573 4
2574 -2
2575 -6
2576 -8
2577 0
2578 4
2579 2
2580 8
2581 10
2582 14
2583 14
2584 12
2585 4
2586 2
2587 8
2588 14
2589 2
2590 6
2591 10
2592 8
2593 12
2594 14
2595 12
2596 14
2597 12
2598 18
2599 26
2600 18
2601 20
2602 16
2603 22
2604 16
2605 20
2606 14
2607 14
2608 8
2609 10
2610 10
2611 4
2612 0
2613 6
2614 10
2615 6
2616 0
2617 4
2618 2
2619 -2
2620 0
2621 -2
2622 -8
2623 0
2624 0
2625 6
2626 18
2627 18
2628 16
2629 20
2630 26
2631 32
2632 36
2633 38
2634 26
2635 18
2636 16
2637 12
2638 12
2639 0
2640 0
2641 6
2642 2
2643 -6
2644 -10
2645 -14
2646 -16
2647 -18
2648 -4
2649 -2
2650 -6
2651 -10
2652 -20
2653 -16
2654 -10
2655 -4
2656 4
2657 6
2658 0
2659 -8
2660 0
2661 4
2662 4
2663 6
2664 14
2665 8
2666 -2
2667 4
2668 0
2669 -4
2670 -6
2671 -4
2672 -8
2673 -10
2674 -10
2675 -10
2676 -6
2677 4
2678 4
2679 4
2680 8
2681 8
2682 22
2683 28
2684 26
2685 32
2686 30
2687 36
2688 32
2689 40
2690 34
2691 30
2692 28
2693 32
2694 26
2695 26
2696 32
2697 38
2698 34
2699 26
2700 30
2701 18
2702 16
2703 16
2704 16
2705 24
2706 24
2707 26
2708 28
2709 20
2710 26
2711 20
2712 22
2713 18
2714 14
2715 18
2716 28
2717 30
2718 28
2719 28
2720 32
2721 24
2722 26
2723 20
2724 14
2725 18
2726 24
2727 24
2728 28
2729 34
2730 34
2731 34
2732 34
2733 20
2734 18
2735 22
2736 34
2737 36
2738 32
2739 32
2740 28
2741 28
2742 24
2743 30
2744 28
2745 30
2746 36
2747 42
2748 42
2749 38
2750 26
2751 34
2752 42
2753 46
2754 44
2755 46
2756 48
2757 46
2758 44
2759 40
2760 42
2761 44
2762 42
2763 38
2764 42
2765 40
2766 40
2767 36
2768 38
2769 32
2770 28
2771 28
2772 20
2773 14
2774 22
2775 18
2776 12
2777 10
2778 16
2779 14
2780 10
2781 4
2782 4
2783 8
2784 4
2785 6
2786 12
2787 16
2788 22
2789 20
2790 6
2791 16
2792 12
2793 8
2794 16
2795 8
2796 4
2797 -2
2798 4
2799 -12
2800 -8
2801 -22
2802 -28
2803 -32
2804 -40
2805 -46
2806 -40
2807 -32
2808 -36
2809 -30
2810 -18
2811 -10
2812 -2
2813 -6
2814 2
2815 10
2816 16
2817 10
2818 8
2819 10
2820 12
2821 16
2822 8
2823 4
2824 0
2825 14
2826 20
2827 38
2828 42
2829 38
2830 32
2831 32
2832 34
2833 38
2834 38
2835 34
2836 38
2837 40
2838 34
2839 34
2840 24
2841 34
2842 30
2843 36
2844 38
2845 34
2846 28
2847 24
2848 24
2849 22
2850 14
2851 14
2852 12
2853 14
2854 18
2855 20
2856 28
2857 22
2858 22
2859 26
2860 30
2861 20
2862 14
2863 30
2864 24
2865 26
2866 32
2867 30
2868 24
2869 22
2870 24
2871 16
2872 6
2873 14
2874 18
2875 12
2876 12
2877 12
2878 8
2879 4
2880 8
2881 8
2882 14
2883 24
2884 16
2885 14
2886 18
2887 10
2888 10
2889 4
2890 0
2891 -2
2892 -2
2893 -6
2894 -8
2895 -10
2896 -16
2897 -14
2898 -22
2899 -10
2900 0
2901 2
2902 10
2903 -2
2904 -6
2905 -6
2906 -10
2907 -10
2908 -6
2909 -10
2910 -18
2911 -18
2912 -14
2913 -8
2914 -12
2915 0
2916 -4
2917 -10
2918 -8
2919 -10
2920 -10
2921 -8
2922 -14
2923 -12
2924 -18
2925 -20
2926 -12
2927 -18
2928 -14
2929 -26
2930 -26
2931 -12
2932 -10
2933 -4
2934 -2
2935 0
2936 2
2937 -6
2938 -16
2939 -24
2940 -20
2941 -14
2942 -10
2943 -8
2944 -6
2945 -4
2946 -2
2947 8
2948 6
2949 2
2950 8
2951 6
2952 8
2953 14
2954 18
2955 22
2956 24
2957 24
2958 18
2959 14
2960 14
2961 6
2962 0
2963 2
2964 0
2965 2
2966 -2
2967 4
2968 10
2969 14
2970 22
2971 26
2972 24
2973 32
2974 22
2975 24
2976 24
2977 32
2978 38
2979 36
2980 36
2981 36
2982 32
2983 28
2984 32
2985 24
2986 30
2987 24
2988 22
2989 34
2990 32
2991 30
2992 26
2993 20
2994 22
2995 22
2996 28
2997 22
2998 12
2999 12
3000 12
3001 2
3002 -4
3003 2
3004 -10
3005 -10
3006 -16
3007 -22
3008 -22
3009 -16
3010 -12
3011 -12
3012 -14
3013 -18
3014 -12
3015 -8
3016 -6
3017 0
3018 8
3019 12
3020 2
3021 10
3022 0
3023 -2
3024 10
3025 2
3026 8
3027 2
3028 -4
3029 6
3030 2
3031 6
3032 -2
3033 0
3034 4
3035 0
3036 -20
3037 -12
3038 -2
3039 -10
3040 -16
3041 -12
3042 -12
3043 -4
3044 -10
3045 -10
3046 -18
3047 -20
3048 -6
3049 -10
3050 -6
3051 -6
3052 0
3053 -8
3054 2
3055 8
3056 14
3057 0
3058 -2
3059 0
3060 4
3061 10
3062 18
3063 22
3064 18
3065 24
3066 18
3067 24
3068 20
3069 18
3070 8
3071 20
3072 22
3073 24
3074 20
3075 18
3076 10
3077 10
3078 16
3079 22
3080 20
3081 16
3082 20
3083 28
3084 14
3085 24
3086 20
3087 26
3088 26
3089 22
3090 28
3091 14
3092 8
3093 0
3094 -6
3095 -10
3096 -4
3097 4
3098 6
3099 10
3100 10
3101 8
3102 16
3103 12
3104 14
3105 12
3106 4
3107 2
3108 6
3109 6
3110 22
3111 16
3112 16
3113 18
3114 20
3115 18
3116 24
3117 30
3118 28
3119 28
3120 28
3121 26
3122 32
3123 26
3124 24
3125 18
3126 28
3127 28
3128 28
3129 36
3130 38
3131 40
3132 36
3133 40
3134 32
3135 26
3136 18
3137 20
3138 16
3139 20
3140 14
3141 8
3142 -4
3143 -10
3144 -6
3145 -10
3146 -18
3147 -14
3148 -26
3149 -26
3150 -16
3151 -22
3152 -24
3153 -22
3154 -18
3155 -28
3156 -24
3157 -24
3158 -22
3159 -26
3160 -32
3161 -36
3162 -34
3163 -20
3164 -20
3165 -20
3166 -26
3167 -28
3168 -28
3169 -30
3170 -32
3171 -28
3172 -24
3173 -20
3174 -12
3175 -16
3176 -12
3177 -8
3178 -12
3179 -2
3180 2
3181 10
3182 18
3183 18
3184 30
3185 32
3186 32
3187 34
3188 40
3189 40
3190 48
3191 44
3192 44
3193 38
3194 30
3195 28
3196 30
3197 26
3198 32
3199 32
3200 36
3201 40
3202 46
3203 46
3204 46
3205 40
3206 40
3207 42
3208 44
3209 42
3210 34
3211 22
3212 10
3213 18
3214 22
3215 2
3216 10
3217 16
3218 18
3219 18
3220 24
3221 30
3222 22
3223 22
3224 18
3225 24
3226 28
3227 30
3228 22
3229 20
3230 22
3231 30
3232 26
3233 24
3234 28
3235 24
3236 34
3237 30
3238 26
3239 24
3240 14
3241 16
3242 6
3243 4
3244 14
3245 20
3246 26
3247 30
3248 30
3249 24
3250 30
3251 32
3252 26
3253 24
3254 30
3255 24
3256 34
3257 40
3258 42
3259 40
3260 42
3261 42
3262 46
3263 50
3264 50
3265 50
3266 50
3267 50
3268 50
3269 48
3270 50
3271 48
3272 42
3273 34
3274 30
3275 10
3276 12
3277 28
3278 36
3279 38
3280 40
3281 36
3282 30
3283 30
3284 40
3285 32
3286 26
3287 28
3288 30
3289 36
3290 32
3291 36
3292 26
3293 22
3294 26
3295 20
3296 20
3297 18
3298 14
3299 8
3300 10
3301 -2
3302 0
3303 10
3304 8
3305 8
3306 10
3307 4
3308 2
3309 -4
3310 4
3311 8
3312 22
3313 16
3314 14
3315 10
3316 6
3317 14
3318 14
3319 16
3320 4
3321 14
3322 6
3323 4
3324 -14
3325 -18
3326 -14
3327 -10
3328 -10
3329 -12
3330 -14
3331 -20
3332 -18
3333 -14
3334 -2
3335 -2
3336 -4
3337 -4
3338 -2
3339 -14
3340 -6
3341 -22
3342 -18
3343 -14
3344 -14
3345 -24
3346 -26
3347 -22
3348 -22
3349 -26
3350 -20
3351 -32
3352 -34
3353 -32
3354 -30
3355 -26
3356 -26
3357 -22
3358 -28
3359 -30
3360 -38
3361 -38
3362 -34
3363 -32
3364 -24
3365 -12
3366 -6
3367 0
3368 -8
3369 -18
3370 -4
3371 -22
3372 -26
3373 -22
3374 -18
3375 -10
3376 -14
3377 -14
3378 -24
3379 -28
3380 -32
3381 -26
3382 -30
3383 -30
3384 -36
3385 -34
3386 -24
3387 -22
3388 -18
3389 -14
3390 -14
3391 -4
3392 0
3393 16
3394 14
3395 18
3396 16
3397 6
3398 6
3399 10
3400 14
3401 18
3402 20
3403 32
3404 26
3405 22
3406 26
3407 24
3408 18
3409 24
3410 24
3411 22
3412 32
3413 20
3414 12
3415 4
3416 6
3417 6
3418 6
3419 10
3420 2
3421 -6
3422 10
3423 -18
3424 -10
3425 0
3426 6
3427 0
3428 14
3429 12
3430 16
3431 24
3432 20
3433 24
3434 22
3435 8
3436 -6
3437 -2
3438 -10
3439 -10
3440 -2
3441 -2
3442 14
3443 12
3444 4
3445 6
3446 6
3447 0
3448 -4
3449 -6
3450 -6
3451 2
3452 0
3453 0
3454 0
3455 -4
3456 -10
3457 -16
3458 -14
3459 -4
3460 2
3461 6
3462 12
3463 18
3464 12
3465 18
3466 26
3467 30
3468 28
3469 32
3470 28
3471 22
3472 26
3473 22
3474 22
3475 20
3476 14
3477 18
3478 16
3479 10
3480 0
3481 2
3482 8
3483 4
3484 4
3485 -2
3486 0
3487 4
3488 14
3489 8
3490 12
3491 4
3492 2
3493 4
3494 0
3495 -4
3496 -4
3497 -2
3498 -2
3499 -10
3500 -8
3501 -8
3502 -2
3503 -6
3504 -22
3505 -16
3506 -18
3507 -20
3508 -18
3509 -14
3510 -12
3511 -16
3512 -18
3513 -16
3514 -10
3515 -4
3516 -4
3517 4
3518 2
3519 6
3520 2
3521 -4
3522 -6
3523 -10
3524 -4
3525 -18
3526 -20
3527 -22
3528 -28
3529 -34
3530 -22
3531 -18
3532 -26
3533 -22
3534 -18
3535 -8
3536 -4
3537 4
3538 12
3539 12
3540 24
3541 22
3542 22
3543 28
3544 24
3545 18
3546 18
3547 20
3548 20
3549 24
3550 30
3551 32
3552 26
3553 20
3554 14
3555 16
3556 14
3557 14
3558 10
3559 12
3560 10
3561 24
3562 26
3563 32
3564 40
3565 40
3566 28
3567 28
3568 32
3569 40
3570 42
3571 44
3572 46
3573 48
3574 46
3575 46
3576 48
3577 50
3578 50
3579 50
3580 50
3581 48
3582 48
3583 50
3584 44
3585 50
3586 50
3587 50
3588 50
3589 50
3590 48
3591 42
3592 46
3593 48
3594 50
3595 48
3596 48
3597 50
3598 50
3599 50
3600 46
3601 38
3602 28
3603 36
3604 34
3605 36
3606 34
3607 26
3608 14
3609 18
3610 22
3611 10
3612 8
3613 6
3614 2
3615 6
3616 6
3617 -2
3618 -8
3619 -6
3620 -6
3621 -2
3622 0
3623 6
3624 6
3625 2
3626 2
3627 2
3628 8
3629 8
3630 10
3631 16
3632 28
3633 32
3634 30
3635 20
3636 20
3637 24
3638 24
3639 32
3640 32
3641 32
3642 36
3643 38
3644 30
3645 20
3646 18
3647 20
3648 14
3649 18
3650 26
3651 22
3652 26
3653 24
3654 24
3655 26
3656 24
3657 28
3658 32
3659 26
3660 22
3661 26
3662 26
3663 30
3664 36
3665 38
3666 38
3667 38
3668 38
3669 32
3670 34
3671 28
3672 30
3673 28
3674 38
3675 42
3676 44
3677 36
3678 34
3679 40
3680 34
3681 36
3682 40
3683 38
3684 42
3685 38
3686 38
3687 34
3688 30
3689 20
3690 22
3691 18
3692 20
3693 16
3694 26
3695 30
3696 30
3697 20
3698 16
3699 18
3700 20
3701 16
3702 14
3703 8
3704 -2
3705 -10
3706 -18
3707 -18
3708 -18
3709 -24
3710 -24
3711 -24
3712 -22
3713 -28
3714 -32
3715 -28
3716 -22
3717 -34
3718 -34
3719 -40
3720 -46
3721 -48
3722 -48
3723 -46
3724 -44
3725 -42
3726 -32
3727 -38
3728 -34
3729 -40
3730 -36
3731 -48
3732 -44
3733 -50
3734 -42
3735 -34
3736 -40
3737 -28
3738 -34
3739 -30
3740 -38
3741 -30
3742 -32
3743 -26
3744 -24
3745 -22
3746 -30
3747 -34
3748 -34
3749 -36
3750 -32
3751 -34
3752 -30
3753 -32
3754 -24
3755 -14
3756 -18
3757 0
3758 0
3759 4
3760 4
3761 -2
3762 -18
3763 -12
3764 -32
3765 -24
3766 -16
3767 -16
3768 -16
3769 -14
3770 -4
3771 2
3772 10
3773 10
3774 14
3775 10
3776 4
3777 2
3778 -2
3779 -16
3780 -6
3781 -4
3782 -10
3783 -16
3784 -14
3785 -4
3786 0
3787 2
3788 2
3789 14
3790 8
3791 14
3792 16
3793 26
3794 32
3795 30
3796 20
3797 20
3798 18
3799 28
3800 30
3801 28
3802 20
3803 26
3804 28
3805 30
3806 34
3807 32
3808 34
3809 28
3810 28
3811 32
3812 34
3813 38
3814 38
3815 36
3816 32
3817 32
3818 30
3819 26
3820 20
3821 16
3822 10
3823 8
3824 -2
3825 -10
3826 -18
3827 -6
3828 -4
3829 -12
3830 -12
3831 -6
3832 2
3833 -8
3834 -4
3835 6
3836 4
3837 -8
3838 2
3839 -14
3840 -18
3841 -8
3842 -2
3843 2
3844 -4
3845 -18
3846 -14
3847 -20
3848 -22
3849 -22
3850 -18
3851 -8
3852 -6
3853 4
3854 4
3855 6
3856 4
3857 10
3858 14
3859 12
3860 8
3861 -2
3862 -4
3863 -4
3864 -6
3865 -6
3866 2
3867 4
3868 8
3869 8
3870 18
3871 20
3872 20
3873 20
3874 16
3875 22
3876 12
3877 10
3878 18
3879 18
3880 16
3881 24
3882 24
3883 22
3884 20
3885 28
3886 30
3887 26
3888 26
3889 40
3890 40
3891 38
3892 32
3893 28
3894 18
3895 12
3896 10
3897 4
3898 -2
3899 4
3900 4
3901 -2
3902 -2
3903 8
3904 14
3905 12
3906 18
3907 12
3908 16
3909 14
3910 4
3911 6
3912 10
3913 -2
3914 -2
3915 8
3916 -4
3917 -8
3918 2
3919 10
3920 2
3921 -6
3922 -2
3923 10
3924 6
3925 -2
3926 6
3927 10
3928 4
3929 12
3930 16
3931 22
3932 16
3933 0
3934 12
3935 20
3936 20
3937 20
3938 28
3939 28
3940 34
3941 38
3942 40
3943 40
3944 36
3945 44
3946 42
3947 42
3948 42
3949 38
3950 42
3951 50
3952 50
3953 50
3954 48
3955 50
3956 50
3957 44
3958 38
3959 24
3960 18
3961 2
3962 -8
3963 -10
3964 -18
3965 -18
3966 -36
3967 -34
3968 -36
3969 -40
3970 -38
3971 -36
3972 -40
3973 -44
3974 -40
3975 -40
3976 -44
3977 -40
3978 -36
3979 -38
3980 -32
3981 -36
3982 -34
3983 -38
3984 -40
3985 -40
3986 -38
3987 -38
3988 -28
3989 -28
3990 -18
3991 -14
3992 -16
3993 -2
3994 -4
3995 -10
3996 -18
3997 -16
3998 -12
3999 -14
4000 -14
4001 -14
4002 -6
4003 -2
4004 8
4005 12
4006 -14
4007 -12
4008 -2
4009 -4
4010 -10
4011 -4
4012 -10
4013 -4
4014 -2
4015 -8
4016 2
4017 16
4018 10
4019 8
4020 -4
4021 -2
4022 0
4023 -20
4024 -22
4025 -14
4026 -8
4027 -16
4028 -18
4029 -26
4030 -36
4031 -36
4032 -30
4033 -32
4034 -28
4035 -32
4036 -32
4037 -22
4038 -36
4039 -36
4040 -30
4041 -20
4042 -18
4043 -22
4044 -24
4045 -24
4046 -30
4047 -22
4048 -34
4049 -32
4050 -34
4051 -36
4052 -24
4053 -16
4054 -10
4055 -8
4056 -4
4057 -4
4058 6
4059 16
4060 16
4061 10
4062 8
4063 20
4064 18
4065 14
4066 10
4067 12
4068 18
4069 12
4070 16
4071 12
4072 20
4073 18
4074 24
4075 32
4076 34
4077 36
4078 28
4079 22
4080 12
4081 0
4082 -2
4083 0
4084 -2
4085 -10
4086 -22
4087 -18
4088 -24
4089 -4
4090 -8
4091 -10
4092 -12
4093 -10
4094 -8
4095 12
4096 12
4097 6
4098 0
4099 0
4100 -6
4101 6
4102 10
4103 2
4104 8
4105 -2
4106 6
4107 12
4108 6
4109 4
4110 -2
4111 6
4112 10
4113 8
4114 12
4115 12
4116 -2
4117 -2
4118 -4
4119 -2
4120 4
4121 8
4122 8
4123 12
4124 28
4125 28
4126 34
4127 32
4128 32
4129 34
4130 40
4131 42
4132 38
4133 40
4134 36
4135 46
4136 46
4137 48
4138 48
4139 42
4140 42
4141 38
4142 30
4143 26
4144 30
4145 24
4146 30
4147 32
4148 20
4149 20
4150 28
4151 32
4152 28
4153 34
4154 40
4155 40
4156 42
4157 38
4158 36
4159 34
4160 28
4161 20
4162 16
4163 8
4164 10
4165 10
4166 14
4167 22
4168 24
4169 28
4170 28
4171 24
4172 26
4173 24
4174 24
4175 22
4176 28
4177 26
4178 32
4179 40
4180 36
4181 30
4182 32
4183 18
4184 22
4185 0
4186 -6
4187 4
4188 12
4189 18
4190 20
4191 4
4192 -10
4193 -12
4194 6
4195 20
4196 10
4197 0
4198 10
4199 16
4200 16
4201 20
4202 26
4203 32
4204 32
4205 26
4206 10
4207 20
4208 22
4209 10
4210 0
4211 6
4212 2
4213 -12
4214 -10
4215 -24
4216 -26
4217 -22
4218 -18
4219 -18
4220 -16
4221 -18
4222 -14
4223 -14
4224 -16
4225 -8
4226 -12
4227 -16
4228 -6
4229 -16
4230 -18
4231 -22
4232 -24
4233 -20
4234 -8
4235 -8
4236 -4
4237 4
4238 12
4239 14
4240 12
4241 14
4242 12
4243 10
4244 6
4245 6
4246 2
4247 8
4248 6
4249 10
4250 6
4251 -8
4252 -4
4253 2
4254 -10
4255 -22
4256 -16
4257 -12
4258 -4
4259 0
4260 0
4261 -8
4262 -12
4263 -12
4264 -14
4265 -10
4266 -10
4267 -8
4268 -10
4269 0
4270 -14
4271 -12
4272 -6
4273 -6
4274 6
4275 18
4276 16
4277 18
4278 14
4279 14
4280 0
4281 -8
4282 16
4283 12
4284 12
4285 10
4286 16
4287 20
4288 24
4289 30
4290 30
4291 30
4292 32
4293 38
4294 30
4295 28
4296 28
4297 14
4298 20
4299 32
4300 22
4301 16
4302 10
4303 8
4304 6
4305 4
4306 8
4307 12
4308 24
4309 26
4310 22
4311 28
4312 26
4313 20
4314 10
4315 4
4316 0
4317 8
4318 24
4319 28
4320 22
4321 20
4322 16
4323 28
4324 30
4325 22
4326 26
4327 28
4328 30
4329 30
4330 38
4331 34
4332 20
4333 18
4334 18
4335 16
4336 6
4337 6
4338 0
4339 8
4340 18
4341 20
4342 12
4343 6
4344 -6
4345 -8
4346 -6
4347 -2
4348 -14
4349 -4
4350 2
4351 12
4352 12
4353 6
4354 2
4355 2
4356 4
4357 8
4358 8
4359 16
4360 10
4361 18
4362 24
4363 8
4364 6
4365 6
4366 8
4367 8
4368 14
4369 16
4370 18
4371 18
4372 14
4373 6
4374 10
4375 6
4376 8
4377 6
4378 -4
4379 4
4380 2
4381 -4
4382 -8
4383 -2
4384 2
4385 2
4386 8
4387 8
4388 12
4389 8
4390 0
4391 -6
4392 -6
4393 0
4394 6
4395 2
4396 0
4397 12
4398 8
4399 10
4400 2
4401 0
4402 -2
4403 -2
4404 -2
4405 10
4406 18
4407 18
4408 16
4409 10
4410 10
4411 8
4412 6
4413 10
4414 14
4415 22
4416 22
4417 28
4418 24
4419 30
4420 40
4421 36
4422 38
4423 34
4424 30
4425 30
4426 32
4427 36
4428 40
4429 46
4430 40
4431 40
4432 42
4433 44
4434 32
4435 30
4436 34
4437 42
4438 46
4439 44
4440 34
4441 38
4442 34
4443 44
4444 42
4445 42
4446 38
4447 42
4448 46
4449 42
4450 40
4451 34
4452 30
4453 16
4454 16
4455 18
4456 22
4457 18
4458 0
4459 -2
4460 -6
4461 -12
4462 -14
4463 -16
4464 -16
4465 -14
4466 -16
4467 -10
4468 -10
4469 -12
4470 -14
4471 -28
4472 -14
4473 -14
4474 0
4475 -2
4476 2
4477 10
4478 18
4479 2
4480 14
4481 28
4482 20
4483 14
4484 6
4485 8
4486 16
4487 30
4488 36
4489 40
4490 38
4491 44
4492 42
4493 42
4494 36
4495 36
4496 38
4497 24
4498 8
4499 20
4500 32
4501 28
4502 20
4503 6
4504 6
4505 14
4506 20
4507 10
4508 8
4509 8
4510 10
4511 -4
4512 18
4513 22
4514 12
4515 14
4516 14
4517 16
4518 18
4519 10
4520 6
4521 4
4522 2
4523 4
4524 6
4525 18
4526 24
4527 18
4528 14
4529 26
4530 22
4531 22
4532 22
4533 22
4534 22
4535 26
4536 20
4537 20
4538 14
4539 12
4540 10
4541 14
4542 14
4543 18
4544 16
4545 18
4546 24
4547 22
4548 34
4549 30
4550 30
4551 26
4552 22
4553 22
4554 8
4555 10
4556 10
4557 8
4558 20
4559 28
4560 22
4561 16
4562 14
4563 18
4564 20
4565 20
4566 24
4567 28
4568 30
4569 22
4570 34
4571 30
4572 30
4573 36
4574 20
4575 22
4576 26
4577 28
4578 36
4579 44
4580 42
4581 34
4582 18
4583 24
4584 26
4585 26
4586 34
4587 42
4588 36
4589 40
4590 44
4591 44
4592 36
4593 42
4594 44
4595 42
4596 40
4597 40
4598 36
4599 42
4600 40
4601 42
4602 44
4603 48
4604 48
4605 44
4606 44
4607 44
4608 44
4609 34
4610 28
4611 30
4612 30
4613 28
4614 32
4615 32
4616 36
4617 20
4618 28
4619 24
4620 22
4621 18
4622 20
4623 22
4624 18
4625 16
4626 18
4627 14
4628 14
4629 20
4630 18
4631 30
4632 22
4633 24
4634 32
4635 36
4636 32
4637 36
4638 42
4639 46
4640 42
4641 38
4642 32
4643 32
4644 32
4645 24
4646 34
4647 44
4648 36
4649 44
4650 46
4651 46
4652 48
4653 36
4654 34
4655 30
4656 22
4657 34
4658 38
4659 34
4660 42
4661 36
4662 34
4663 24
4664 14
4665 28
4666 24
4667 20
4668 18
4669 12
4670 10
4671 14
4672 16
4673 16
4674 16
4675 20
4676 28
4677 28
4678 18
4679 22
4680 22
4681 16
4682 12
4683 6
4684 4
4685 6
4686 12
4687 6
4688 16
4689 12
4690 16
4691 18
4692 20
4693 16
4694 18
4695 12
4696 2
4697 -4
4698 8
4699 10
4700 -2
4701 -2
4702 -2
4703 8
4704 14
4705 16
4706 18
4707 24
4708 8
4709 12
4710 14
4711 10
4712 16
4713 28
4714 16
4715 6
4716 -2
4717 2
4718 8
4719 10
4720 4
4721 12
4722 12
4723 14
4724 12
4725 12
4726 14
4727 20
4728 6
4729 14
4730 18
4731 26
4732 26
4733 22
4734 16
4735 16
4736 18
4737 16
4738 16
4739 12
4740 8
4741 2
4742 -4
4743 -2
4744 2
4745 -6
4746 -4
4747 -8
4748 -12
4749 -4
4750 -6
4751 6
4752 14
4753 18
4754 24
4755 24
4756 22
4757 22
4758 22
4759 10
4760 4
4761 4
4762 6
4763 6
4764 12
4765 18
4766 18
4767 8
4768 2
4769 2
4770 -14
4771 -8
4772 -4
4773 2
4774 12
4775 22
4776 8
4777 6
4778 14
4779 16
4780 14
4781 4
4782 0
4783 -4
4784 -6
4785 -12
4786 -12
4787 -6
4788 -6
4789 0
4790 -2
4791 -2
4792 -10
4793 -14
4794 -10
4795 -10
4796 -12
4797 -12
4798 -4
4799 6
4800 -8
4801 -14
4802 -16
4803 -12
4804 -12
4805 -8
4806 -12
4807 -18
4808 -12
4809 -18
4810 -18
4811 -28
4812 -18
4813 -22
4814 -26
4815 -26
4816 -16
4817 -24
4818 -28
4819 -34
4820 -30
4821 -24
4822 -22
4823 -22
4824 -26
4825 -28
4826 -26
4827 -28
4828 -34
4829 -30
4830 -30
4831 -34
4832 -28
4833 -34
4834 -40
4835 -36
4836 -38
4837 -32
4838 -28
4839 -22
4840 -22
4841 -18
4842 -16
4843 -16
4844 -20
4845 -22
4846 -24
4847 -30
4848 -30
4849 -28
4850 -30
4851 -28
4852 -30
4853 -26
4854 -28
4855 -30
4856 -30
4857 -36
4858 -28
4859 -26
4860 -34
4861 -24
4862 -32
4863 -28
4864 -18
4865 -22
4866 -18
4867 -14
4868 -10
4869 0
4870 2
4871 -14
4872 -14
4873 -14
4874 -18
4875 -18
4876 -20
4877 -14
4878 -8
4879 -14
4880 -2
4881 -12
4882 -10
4883 -10
4884 -10
4885 -2
4886 2
4887 -4
4888 4
4889 6
4890 18
4891 10
4892 10
4893 0
4894 -6
4895 -18
4896 -22
4897 -20
4898 -22
4899 -22
4900 -16
4901 -8
4902 -4
4903 14
4904 8
4905 -2
4906 -2
4907 -16
4908 -20
4909 -8
4910 -6
4911 2
4912 2
4913 2
4914 8
4915 20
4916 16
4917 8
4918 6
4919 18
4920 -4
4921 -4
4922 -6
4923 4
4924 -2
4925 2
4926 4
4927 0
4928 16
4929 18
4930 16
4931 20
4932 20
4933 18
4934 12
4935 12
4936 4
4937 12
4938 10
4939 14
4940 20
4941 26
4942 18
4943 18
4944 6
4945 8
4946 8
4947 2
4948 2
4949 14
4950 16
4951 18
4952 22
4953 20
4954 14
4955 12
4956 18
4957 4
4958 2
4959 4
4960 4
4961 12
4962 24
4963 18
4964 6
4965 -2
4966 12
4967 10
4968 16
4969 14
4970 12
4971 10
4972 6
4973 4
4974 20
4975 26
4976 18
4977 14
4978 18
4979 18
4980 22
4981 14
4982 26
4983 26
4984 26
4985 18
4986 18
4987 26
4988 26
4989 22
4990 28
4991 24
4992 12
4993 14
4994 12
4995 12
4996 8
4997 4
4998 -2
4999 -6
5000 2
