-0.0318398
-0.0318488
-0.0318643
-0.0318863
-0.0319148
-0.0319498
-0.0319915
-0.0320398
-0.0320949
-0.0321568
-0.0322255
-0.0323012
-0.032384
-0.0324764
-0.0325784
-0.0326952
-0.0328245
-0.0329714
-0.0331194
-0.0332829
-0.0334456
-0.0336193
-0.0338209
-0.03402
-0.0342379
-0.0344488
-0.0346624
-0.0348929
-0.0351409
-0.0353948
-0.0356667
-0.0359475
-0.0362327
-0.0365344
-0.0368437
-0.0371776
-0.037515
-0.0378612
-0.0382238
-0.0385936
-0.0389736
-0.0393667
-0.0397995
-0.0402301
-0.0406732
-0.0411295
-0.0416258
-0.0421369
-0.0426658
-0.043211
-0.0437709
-0.0443583
-0.0449692
-0.0456093
-0.0462632
-0.0469532
-0.047678
-0.04842
-0.0491919
-0.0499976
-0.0508335
-0.0516868
-0.0525923
-0.0535348
-0.0545229
-0.055551
-0.0566137
-0.0577223
-0.0588762
-0.0600748
-0.0613176
-0.062609
-0.0639583
-0.06537
-0.0668296
-0.0683585
-0.0699377
-0.0715933
-0.073311
-0.0750935
-0.0769529
-0.0788822
-0.0808842
-0.0829781
-0.0851476
-0.0874024
-0.0897452
-0.0921712
-0.0946947
-0.0973199
-0.100034
-0.102859
-0.105777
-0.108777
-0.111884
-0.11508
-0.118352
-0.121701
-0.125107
-0.128564
