0.0507519
0.0513556
0.0520734
0.0529233
0.0539129
0.0550385
0.0562705
0.0575582
0.0588326
0.0600184
0.0610558
0.0619132
0.0625927
0.0631176
0.0635131
0.0637958
0.0639654
0.0640115
0.0639189
0.0636787
0.0632923
0.0627751
0.0621542
0.0614676
0.0607586
0.0600737
0.0594501
0.0589165
0.0584774
0.0581211
0.0578149
0.0575193
0.057194
0.0568147
0.0563767
0.0558966
0.0554033
0.0549266
0.0544895
0.054097
0.0537405
0.0534023
0.0530592
0.0526884
0.0522769
0.0518248
0.0513439
0.0508563
0.0503931
0.0499828
0.0496581
0.049442
0.0493517
0.0493908
0.0495506
0.0498031
0.0501081
0.0504133
0.0506613
0.0508043
0.050817
0.0507042
0.0504994
0.0502537
0.050026
0.0498696
0.049823
0.0499083
0.0501298
0.0504778
0.0509331
0.0514681
0.0520522
0.0526591
0.0532652
0.0538518
0.0544035
0.0549053
0.0553337
0.055653
0.0558087
0.0557465
0.0554275
0.0548493
0.0540601
0.0531551
0.0522492
0.0514573
0.0508693
0.0505384
0.0504746
0.0506444
0.0509742
0.0513611
0.0516909
0.0518716
0.0518574
0.0516627
0.0513481
0.0509917
