0.0519566
0.051449
0.0508802
0.0502871
0.049704
0.0491609
0.0486807
0.0482775
0.0479609
0.0477311
0.0475871
0.0475247
0.0475417
0.0476368
0.0478145
0.0480837
0.0484564
0.0489472
0.0495718
0.0503349
0.0512301
0.0522351
0.0533042
0.0543711
0.0553554
0.0561718
0.0567523
0.0570615
0.0571111
0.0569526
0.0566709
0.0563629
0.0561203
0.0560031
0.0560239
0.0561354
0.0562257
0.0561461
0.0557567
0.0549816
0.0538466
0.0524668
0.0510041
0.0496209
0.0484401
0.0475423
0.0469716
0.0467382
0.0468293
0.047209
0.0478174
0.0485675
0.0493525
0.0500716
0.0506486
0.0510637
0.0513582
0.0516132
0.051918
0.0523232
0.0528265
0.0533666
0.0538527
0.0541973
0.0543558
0.0543382
0.0541946
0.0539842
0.0537502
0.0535071
0.053259
0.0529968
0.05273
0.0524734
0.0522544
0.0521018
0.0520416
0.0520855
0.0522437
0.0525113
0.0528827
0.0533478
0.0538958
0.0545191
0.0552129
0.0559784
0.0568187
0.0577377
0.0587382
0.0598094
0.0609253
0.0620371
0.0630721
0.0639348
0.0645252
0.0647526
0.0645588
0.0639339
0.0629231
0.0616128
