0 0 0 0 0 0 0 0 0 0 0 0 0 0 0 0 0 0 0 0 0 0 0 0 0 0 0 0 0 0 0 0 0 0 0 0 0 0 0 0 0 0 0 0 0 0 8.61038 15.1663 0.0870876 0 0 0 0 0 0 0 0 0 0 0 0 0 0 0 0 0.0686393 5.93634 1.18376 0 0 0 0 0 0 0 0 0 0 0 0 0.488804 16.2973 3.11611 0 0 0 0 0 0 0 0 0 0 1.70272 5.92989 0.144729 0 0 0 0 
0 0 0 0 0 0 0 0 0 0 0 0 0 0 0 0 0 0 0 0 0 0 0 0 0 0 0 0 0 0 0 0 0 0 0 0 0 0 0 0 0 0 0 0 0.0372794 0.58682 8.7914 13.0008 1.42993 0.0129563 0 0 0 0 0 0 0 0 0 0 0 0 0 0 0 0.685119 4.6882 1.74362 0.0698685 0 0 0 0 0 0 0 0 0 0 0.0524819 2.15446 12.9613 4.45759 0.272517 0 0 0 0 0 0 0 0 0.173432 2.04994 4.79037 0.723916 0.0381597 0 0 0 
0 0 0 0 0 0 0 0 0 0 0 0 0 0 0 0 0 0 0 0 0 0 0 0 0 0 0 0 0 0 0 0 0 0 0 0 0 0 0 0 0 0 0 0.0257366 0.204666 1.40289 8.21951 11.2066 2.45774 0.329086 0.00843434 0 0 0 0 0 0 0 0 0 0 0 0 0 0.152701 1.00351 3.86463 1.85531 0.308726 0 0 0 0 0 0 0 0 0 0.0144054 0.490635 2.83487 10.9835 4.61199 0.839754 0.11949 0 0 0 0 0 0 0.0455557 0.421271 2.073 4.03582 1.03719 0.143743 0.0177473 0 0 
0 0 0 0 0 0 0 0 0 0 0 0 0 0 0 0 0 0 0 0 0 0 0 0 0 0 0 0 0 0 0 0 0 0 0 0 0 0 0 0 0 0 0.0199912 0.0811825 0.492804 2.01243 7.53598 9.96763 2.90098 0.712563 0.120621 0.00617857 0 0 0 0 0 0 0 0 0 0 0 0.0358501 0.313894 1.09394 3.33989 1.79911 0.518744 0.0815135 0 0 0 0 0 0 0 0.00774009 0.174089 0.904047 3.08048 9.60219 4.52698 1.22562 0.318631 0.0511255 0 0 0 0 0.0262783 0.145716 0.593758 1.97725 3.50254 1.15206 0.29663 0.0690894 0.0095387 0 
0 0 0 0 0 0 0 0 0 0 0 0 0 0 0 0 0 0 0 0 0 0 0 0 0 0 0 0 0 0 0 0 0 0 0 0 0 0 0 0 0 0.0165631 0.0571858 0.199192 0.805023 2.38064 6.89772 8.94467 3.05577 1.14642 0.271972 0.0662248 0.0048294 0 0 0 0 0 0 0 0 0 0.0149138 0.108269 0.430828 1.12653 2.9459 1.69758 0.644483 0.17444 0.0380677 0 0 0 0 0 0.0037553 0.0810967 0.408457 1.18278 3.12852 8.5629 4.30077 1.48393 0.567019 0.127872 0.0380218 0.0021034 0.0041446 0.00880552 0.0805335 0.239354 0.685945 1.85936 3.10589 1.18239 0.451602 0.115337 0.0305456 0.00750808 
0 0 0 0 0 0 0 0 0 0 0 0 0 0 0 0 0 0 0 0 0 0 0 0 0 0 0 0 0 0 0 0 0 0 0 0 0 0 0 0 0.0142903 0.0400605 0.1426 0.331593 1.08658 2.52952 6.38589 8.13082 3.10077 1.40882 0.458434 0.155061 0.0538102 0.00393373 0 0 0 0 0 0 0 0.00766601 0.0609295 0.18584 0.49431 1.12042 2.63513 1.61007 0.714672 0.256811 0.0852715 0.00795125 0 0 0 0.00317753 0.0380845 0.191434 0.597896 1.37157 3.11094 7.75693 4.09805 1.62115 0.724629 0.254857 0.0853279 0.0338347 0.00911248 0.0387708 0.123759 0.321237 0.745599 1.73531 2.80649 1.18896 0.520858 0.187721 0.0628537 0.0251079 
0 0 0 0 0 0 0 0 0 0 0 0 0 0 0 0 0 0 0 0 0 0 0 0 0 0 0 0 0 0 0 0 0 0 0 0 0 0 0 0.0126729 0.0308466 0.084673 0.203336 0.493788 1.34435 2.58578 5.91099 7.49033 3.09039 1.53724 0.630706 0.295839 0.0819449 0.0421279 0.00329748 0 0 0 0 0 0.00394669 0.0223751 0.105841 0.246793 0.538345 1.10793 2.39019 1.52142 0.735115 0.324666 0.134132 0.0434057 0.00299947 0 0.00276549 0.019824 0.111359 0.322018 0.729824 1.49196 3.05793 7.0974 3.87051 1.73769 0.830296 0.377076 0.155014 0.0663102 0.0439674 0.0743686 0.170722 0.387497 0.754016 1.64464 2.5697 1.15791 0.56177 0.264053 0.092914 0.060511 
0 0 0 0 0 0 0 0 0 0 0 0 0 0 0 0 0 0 0 0 0 0 0 0 0 0 0 0 0 0 0 0 0 0 0 0 0 0 0.011458 0.0241747 0.0484332 0.147867 0.295962 0.63601 1.48157 2.64065 5.49887 6.9592 3.0446 1.59306 0.806337 0.415535 0.13902 0.05593 0.0358801 0 0 0 0 0 0.0168699 0.0592438 0.143931 0.289581 0.564384 1.08141 2.18756 1.44456 0.735762 0.382315 0.179294 0.0649816 0.0253455 0.00245697 0.0161794 0.0600822 0.191805 0.420585 0.851631 1.55224 2.9943 6.54718 3.6705 1.78512 0.931422 0.480929 0.233742 0.104057 0.0970406 0.106971 0.225662 0.417401 0.765565 1.5564 2.37611 1.12705 0.579888 0.317595 0.150867 0.109459 
0 0 0 0 0 0 0 0 0 0 0 0 0 0 0 0 0 0 0 0 0 0 0 0 0 0 0 0 0 0 0 0 0 0 0 0 0 0.0105018 0.0130174 0.0442145 0.0961528 0.190985 0.378053 0.806539 1.53982 2.67264 5.1368 6.50339 2.98638 1.64239 0.905635 0.510464 0.221418 0.105901 0.0416819 0.0249504 0 0 0 0.00897476 0.0402863 0.0771372 0.182327 0.327598 0.57919 1.04917 2.01854 1.37532 0.72851 0.431839 0.202169 0.0970449 0.0467405 0.0191066 0.050518 0.0997172 0.283763 0.500192 0.931877 1.57621 2.92686 6.09629 3.50291 1.79129 1.02114 0.551719 0.305318 0.170406 0.139371 0.143262 0.276433 0.450563 0.755374 1.48144 2.21291 1.08907 0.600133 0.352539 0.215158 0.163894 
0 0 0 0 0 0 0 0 0 0 0 0 0 0 0 0 0 0 0 0 0 0 0 0 0 0 0 0 0 0 0 0 0 0 0 0 0.00577474 0.016 0.0296443 0.0746778 0.13031 0.259092 0.467403 0.92426 1.59681 2.64403 4.83369 6.09579 2.93302 1.66571 0.979994 0.607042 0.306354 0.141898 0.064145 0.0339421 0.0178239 0 0.00495308 0.0177443 0.068811 0.0897973 0.217335 0.351439 0.587778 1.01949 1.87867 1.30842 0.721292 0.452775 0.24181 0.12476 0.0584597 0.0599953 0.0912914 0.158492 0.345637 0.571002 0.991171 1.57716 2.8608 5.71326 3.35989 1.78064 1.07696 0.604017 0.38346 0.23652 0.182833 0.201066 0.312034 0.474661 0.751344 1.40552 2.07871 1.04477 0.617972 0.382757 0.274521 0.232111 
0 0 0 0 0 0 0 0 0 0 0 0 0 0 0 0 0 0 0 0 0 0 0 0 0 0 0 0 0 0 0 0 0 0 0 0 0.0142844 0.0248286 0.0436635 0.117948 0.157102 0.320673 0.544188 1.05225 1.60994 2.62434 4.55722 5.73778 2.88084 1.68311 1.01915 0.683393 0.370028 0.199442 0.099335 0.0438474 0.026545 0.0140349 0.0147926 0.0362765 0.077282 0.124921 0.239351 0.356766 0.597323 0.990884 1.75724 1.25243 0.706308 0.463067 0.277721 0.143865 0.0926829 0.0961697 0.141631 0.217599 0.403883 0.624458 1.0363 1.58144 2.77262 5.39616 3.22737 1.75691 1.11004 0.664633 0.457572 0.289702 0.230359 0.257188 0.340778 0.494718 0.747163 1.33788 1.96921 1.00782 0.62208 0.424378 0.316706 0.302229 
0 0 0 0 0 0 0 0 0 0 0 0 0 0 0 0 0 0 0 0 0 0 0 0 0 0 0 0 0 0 0 0 0 0 0 0.00498246 0.0187866 0.0383526 0.0702283 0.150701 0.202828 0.366176 0.63248 1.11252 1.63279 2.59505 4.30694 5.44077 2.81601 1.68954 1.06178 0.721653 0.441968 0.265214 0.11127 0.0770092 0.0305473 0.0283324 0.0317262 0.0590968 0.0826083 0.154281 0.260361 0.362892 0.598759 0.963225 1.65386 1.19735 0.696109 0.459788 0.314279 0.168939 0.134489 0.128395 0.194728 0.274123 0.452341 0.673175 1.06431 1.57852 2.69244 5.11662 3.10236 1.72168 1.14299 0.723464 0.501226 0.349468 0.290849 0.297871 0.381204 0.500769 0.748485 1.27618 1.87267 0.973146 0.643412 0.447478 0.360398 0.364038 
0 0 0 0 0 0 0 0 0 0 0 0 0 0 0 0 0 0 0 0 0 0 0 0 0 0 0 0 0 0 0 0 0 0 0 0.0124435 0.0263574 0.0517252 0.104436 0.164156 0.257369 0.415322 0.723812 1.1494 1.64821 2.54524 4.09429 5.16835 2.76574 1.69262 1.07732 0.760946 0.495506 0.31365 0.156935 0.0963461 0.0467136 0.0377962 0.0565485 0.0746763 0.10306 0.172157 0.271964 0.369454 0.601837 0.932509 1.56598 1.14381 0.685393 0.465406 0.32818 0.21569 0.15786 0.180659 0.230766 0.329144 0.495457 0.710894 1.09338 1.5659 2.61912 4.86587 2.99055 1.69182 1.16686 0.768208 0.551819 0.400864 0.34177 0.333915 0.412657 0.512546 0.745726 1.22678 1.79247 0.940959 0.666528 0.469806 0.406603 0.415819 
0 0 0 0 0 0 0 0 0 0 0 0 0 0 0 0 0 0 0 0 0 0 0 0 0 0 0 0 0 0 0 0 0 0 0 0.0188449 0.0401753 0.0627747 0.135936 0.193981 0.294229 0.481989 0.787309 1.17178 1.65941 2.50243 3.90111 4.9172 2.72935 1.68489 1.09144 0.790514 0.533019 0.358915 0.209811 0.105365 0.0709369 0.0652002 0.06253 0.0929711 0.124469 0.191671 0.280921 0.36934 0.602685 0.909049 1.48542 1.09909 0.674064 0.466247 0.34502 0.253982 0.190445 0.232142 0.265451 0.382021 0.528526 0.743598 1.11009 1.55542 2.54838 4.64016 2.88808 1.66764 1.18283 0.812113 0.593972 0.440312 0.394998 0.366988 0.438309 0.527253 0.742629 1.18096 1.72545 0.927854 0.675009 0.486067 0.453175 0.461703 
0 0 0 0 0 0 0 0 0 0 0 0 0 0 0 0 0 0 0 0 0 0 0 0 0 0 0 0 0 0 0 0 0 0 0 0.0215582 0.0574223 0.0934965 0.152415 0.226466 0.323302 0.543189 0.865448 1.17505 1.66164 2.46348 3.71853 4.70136 2.69155 1.65774 1.1043 0.830395 0.545757 0.407906 0.241911 0.140158 0.0894322 0.0959914 0.0728813 0.101907 0.153766 0.21335 0.281227 0.367636 0.598424 0.889475 1.4139 1.06005 0.66247 0.471065 0.371286 0.277051 0.233727 0.261776 0.30478 0.424859 0.561295 0.779887 1.11036 1.55342 2.48607 4.42757 2.80009 1.64314 1.1982 0.845036 0.630555 0.479411 0.439037 0.395262 0.467186 0.539079 0.741242 1.13932 1.67308 0.91856 0.677902 0.51152 0.490085 0.49583 
0 0 0 0 0 0 0 0 0 0 0 0 0 0 0 0 0 0 0 0 0 0 0 0 0 0 0 0 0 0 0 0 0 0 0 0.0202108 0.0775802 0.12568 0.162606 0.259514 0.369953 0.593083 0.919043 1.19811 1.64607 2.41662 3.56804 4.50519 2.65116 1.63825 1.10952 0.859545 0.560689 0.435614 0.28104 0.178824 0.116096 0.112517 0.0856342 0.121274 0.164108 0.237833 0.280585 0.369963 0.595109 0.866463 1.35551 1.02299 0.648756 0.479482 0.391385 0.296602 0.285437 0.286002 0.351823 0.44687 0.592313 0.81253 1.11418 1.54529 2.42611 4.24072 2.72035 1.62328 1.20597 0.870064 0.666319 0.526313 0.464303 0.42163 0.491136 0.554046 0.738251 1.10621 1.63199 0.902634 0.687321 0.534997 0.524463 0.526612 
0 0 0 0 0 0 0 0 0 0 0 0 0 0 0 0 0 0 0 0 0 0 0 0 0 0 0 0 0 0 0 0 0 0 0 0.019022 0.0908883 0.162485 0.174754 0.29517 0.407698 0.653057 0.95339 1.2212 1.62164 2.38532 3.43216 4.32736 2.60796 1.61149 1.11377 0.885631 0.577273 0.446472 0.328225 0.208441 0.149122 0.120995 0.103158 0.141572 0.177551 0.252673 0.282417 0.373206 0.58934 0.843632 1.30723 0.991984 0.636481 0.491591 0.405473 0.320613 0.323835 0.319511 0.390438 0.464958 0.617217 0.837558 1.12514 1.53661 2.3685 4.07231 2.64654 1.60766 1.20734 0.88833 0.70152 0.562984 0.489022 0.451172 0.509309 0.567325 0.736868 1.08519 1.59089 0.891502 0.693458 0.563506 0.547243 0.554035 
0 0 0 0 0 0 0 0 0 0 0 0 0 0 0 0 0 0 0 0 0 0 0 0 0 0 0 0 0 0 0 0 0 0 0 0.0179652 0.098692 0.198185 0.204294 0.326285 0.433831 0.714036 0.977294 1.24032 1.59263 2.35668 3.31614 4.16463 2.56192 1.59147 1.11508 0.900832 0.595818 0.453302 0.369211 0.248026 0.170351 0.136418 0.122395 0.154838 0.19715 0.256253 0.289575 0.377306 0.580054 0.826475 1.2618 0.963443 0.630221 0.498309 0.420976 0.344711 0.351103 0.36068 0.420435 0.47743 0.643699 0.857384 1.13526 1.52448 2.32101 3.91874 2.57638 1.59232 1.21084 0.905392 0.734649 0.594961 0.509092 0.473971 0.525907 0.583068 0.738706 1.06771 1.55081 0.882823 0.702876 0.586036 0.572114 0.575908 
0 0 0 0 0 0 0 0 0 0 0 0 0 0 0 0 0 0 0 0 0 0 0 0 0 0 0 0 0 0 0 0 0 0 0 0.0170197 0.09472 0.227599 0.245076 0.363101 0.465458 0.757449 0.99794 1.26132 1.55799 2.32826 3.21989 4.01565 2.51655 1.57303 1.11754 0.912018 0.608592 0.464811 0.396803 0.28476 0.193293 0.157021 0.130907 0.176401 0.21724 0.258135 0.293291 0.380493 0.569862 0.811581 1.22055 0.94054 0.627827 0.498437 0.443055 0.361112 0.378098 0.405554 0.439619 0.493433 0.66318 0.876669 1.14345 1.51709 2.26703 3.78453 2.51122 1.57833 1.21107 0.918838 0.768504 0.617423 0.532978 0.496246 0.537606 0.591775 0.751596 1.04923 1.51321 0.880703 0.711641 0.604129 0.59396 0.598012 
0 0 0 0 0 0 0 0 0 0 0 0 0 0 0 0 0 0 0 0 0 0 0 0 0 0 0 0 0 0 0 0 0 0 0 0.0161687 0.092822 0.248981 0.281268 0.400018 0.506655 0.80227 1.01664 1.27316 1.51833 2.30717 3.12262 3.89479 2.47049 1.54589 1.12213 0.917142 0.623909 0.476285 0.415888 0.318202 0.221694 0.171303 0.149178 0.182106 0.242604 0.261722 0.295835 0.380422 0.56605 0.796188 1.18691 0.924013 0.616867 0.504289 0.459735 0.373236 0.414294 0.44072 0.455659 0.506945 0.680305 0.896379 1.14307 1.51392 2.21657 3.66528 2.45763 1.55568 1.21449 0.934792 0.793121 0.635639 0.555666 0.51902 0.546934 0.601214 0.759307 1.03389 1.47769 0.890258 0.713578 0.624837 0.612521 0.616484 
0 0 0 0 0 0 0 0 0 0 0 0 0 0 0 0 0 0 0 0 0 0 0 0 0 0 0 0 0 0 0 0 0 0 0 0.0153987 0.0900076 0.257693 0.317727 0.439056 0.561311 0.831857 1.03642 1.2747 1.50014 2.27988 3.03836 3.78138 2.42342 1.52098 1.11735 0.919871 0.642604 0.486816 0.437094 0.342345 0.253474 0.186373 0.162715 0.191818 0.263735 0.262917 0.298645 0.3813 0.558558 0.78539 1.15638 0.908223 0.609022 0.511642 0.466797 0.393377 0.450563 0.472987 0.464702 0.523359 0.693221 0.9128 1.14222 1.51198 2.17476 3.55263 2.40422 1.5373 1.21835 0.943161 0.816565 0.654292 0.577661 0.540074 0.554652 0.610888 0.763525 1.02048 1.45023 0.896836 0.716222 0.640845 0.632648 0.632522 
0 0 0 0 0 0 0 0 0 0 0 0 0 0 0 0 0 0 0 0 0 0 0 0 0 0 0 0 0 0 0 0 0 0 0 0.0146988 0.0874503 0.265768 0.338038 0.488869 0.602466 0.868265 1.05812 1.28027 1.47895 2.25803 2.95784 3.67166 2.38318 1.49909 1.10319 0.929586 0.654574 0.498339 0.457637 0.361063 0.281086 0.203827 0.172094 0.211206 0.270258 0.271664 0.302198 0.38354 0.548453 0.781164 1.12678 0.892124 0.606918 0.518998 0.469824 0.415399 0.482273 0.4983 0.474932 0.538348 0.710579 0.922316 1.1439 1.50545 2.13806 3.44779 2.35356 1.5241 1.21641 0.95089 0.83936 0.676729 0.592615 0.55818 0.562454 0.618637 0.767488 1.01347 1.42362 0.90208 0.722474 0.654813 0.646151 0.650528 
0 0 0 0 0 0 0 0 0 0 0 0 0 0 0 0 0 0 0 0 0 0 0 0 0 0 0 0 0 0 0 0 0 0 0 0.0140597 0.0922615 0.259749 0.361321 0.538143 0.647991 0.900812 1.06984 1.28659 1.45601 2.24415 2.88281 3.57888 2.34058 1.47975 1.08408 0.935775 0.666301 0.509548 0.475598 0.378455 0.299706 0.22445 0.184213 0.229712 0.273842 0.282693 0.305574 0.384668 0.541201 0.779032 1.09738 0.874294 0.607028 0.528019 0.477027 0.425422 0.514796 0.520398 0.485831 0.553206 0.724798 0.930415 1.15061 1.49354 2.09948 3.35486 2.30595 1.51868 1.20269 0.965091 0.860797 0.698845 0.600485 0.580643 0.57166 0.626755 0.767772 1.00425 1.40593 0.904171 0.729443 0.662948 0.659021 0.667031 
0 0 0 0 0 0 0 0 0 0 0 0 0 0 0 0 0 0 0 0 0 0 0 0 0 0 0 0 0 0 0 0 0 0 0 0.0134739 0.0953738 0.251816 0.38467 0.569913 0.697902 0.936808 1.08644 1.28776 1.45415 2.21597 2.80867 3.50154 2.30638 1.4501 1.06491 0.94359 0.669411 0.524837 0.493392 0.398349 0.320793 0.236635 0.193147 0.244648 0.282771 0.285401 0.311813 0.386599 0.53758 0.776925 1.06972 0.861869 0.608913 0.530031 0.48483 0.438842 0.544335 0.536866 0.497824 0.568135 0.732908 0.942426 1.15564 1.48342 2.05993 3.26777 2.26606 1.51044 1.19636 0.972801 0.880348 0.717348 0.609375 0.601832 0.580464 0.628306 0.771761 0.995999 1.39293 0.904577 0.738146 0.66936 0.670759 0.681913 
0 0 0 0 0 0 0 0 0 0 0 0 0 0 0 0 0 0 0 0 0 0 0 0 0 0 0 0 0 0 0 0 0 0 0 0.0129349 0.0983049 0.249823 0.383851 0.614351 0.74089 0.968663 1.10671 1.28894 1.458 2.18677 2.74304 3.42512 2.27872 1.4198 1.05048 0.939628 0.676445 0.542011 0.507987 0.417709 0.336844 0.251315 0.202329 0.253997 0.295943 0.286563 0.318815 0.389943 0.534213 0.775015 1.0395 0.849381 0.616475 0.532063 0.491858 0.453967 0.568646 0.556454 0.505325 0.578153 0.745888 0.953354 1.15687 1.47242 2.02432 3.18934 2.22899 1.50099 1.18915 0.982801 0.897752 0.728131 0.623991 0.620955 0.589549 0.62796 0.772562 0.991301 1.38308 0.903837 0.744294 0.678332 0.678677 0.693419 
0 0 0 0 0 0 0 0 0 0 0 0 0 0 0 0 0 0 0 0 0 0 0 0 0 0 0 0 0 0 0 0 0 0 0 0.0124374 0.101035 0.250661 0.382258 0.653697 0.775039 0.991558 1.13544 1.29259 1.46874 2.1504 2.68864 3.36182 2.24336 1.39173 1.03779 0.932785 0.686084 0.554446 0.524167 0.431854 0.350557 0.260039 0.221725 0.256401 0.308535 0.289592 0.322568 0.401228 0.52795 0.769473 1.01945 0.833254 0.623537 0.532409 0.500138 0.469807 0.5852 0.575001 0.520611 0.582709 0.760296 0.962979 1.15228 1.46353 1.99087 3.11611 2.19541 1.49045 1.18422 0.992555 0.911005 0.738475 0.638034 0.64043 0.597484 0.627947 0.774187 0.989768 1.36826 0.908477 0.747976 0.687295 0.687348 0.702388 
0 0 0 0 0 0 0 0 0 0 0 0 0 0 0 0 0 0 0 0 0 0 0 0 0 0 0 0 0 0 0 0 0 0 0 0.0182243 0.0972926 0.248993 0.380028 0.688555 0.802009 1.0195 1.16154 1.31003 1.47564 2.11172 2.64508 3.2979 2.20766 1.36637 1.02158 0.9295 0.692289 0.565007 0.541241 0.443567 0.365965 0.274 0.233387 0.25858 0.316516 0.29372 0.325627 0.41385 0.523754 0.764208 1.00083 0.819577 0.62643 0.536047 0.508727 0.482887 0.600686 0.590745 0.53508 0.591207 0.775168 0.966806 1.15018 1.45707 1.95693 3.04795 2.16498 1.47722 1.18301 0.997374 0.921552 0.749195 0.656088 0.657719 0.60156 0.628568 0.776663 0.991602 1.35305 0.907547 0.754596 0.696196 0.697336 0.708011 
0 0 0 0 0 0 0 0 0 0 0 0 0 0 0 0 0 0 0 0 0 0 0 0 0 0 0 0 0 0 0 0 0 0 0 0.0175734 0.0997767 0.248753 0.376462 0.714079 0.832481 1.0454 1.19363 1.31967 1.48265 2.07575 2.60835 3.23786 2.17186 1.34222 1.00998 0.925904 0.690195 0.577861 0.557045 0.458386 0.376453 0.28775 0.2425 0.264233 0.32252 0.29615 0.330455 0.425531 0.524102 0.756906 0.979933 0.811364 0.625668 0.541843 0.516239 0.497135 0.608688 0.608572 0.551395 0.603734 0.781456 0.970519 1.14729 1.44962 1.9304 2.98253 2.13291 1.46569 1.18236 1.00388 0.931185 0.758796 0.673427 0.671916 0.604949 0.630568 0.780242 0.993615 1.33786 0.907514 0.759243 0.70698 0.705387 0.714326 
0 0 0 0 0 0 0 0 0 0 0 0 0 0 0 0 0 0 0 0 0 0 0 0 0 0 0 0 0 0 0 0 0 0 0 0.0169674 0.105434 0.245117 0.380559 0.72608 0.858237 1.06708 1.22999 1.33503 1.48619 2.0426 2.5777 3.17503 2.14372 1.317 1.00203 0.916886 0.690989 0.591487 0.570441 0.470792 0.386497 0.3045 0.246581 0.272411 0.323402 0.302005 0.332772 0.433661 0.528958 0.747771 0.963434 0.804884 0.626458 0.544236 0.525221 0.513512 0.610073 0.62586 0.567157 0.617158 0.789884 0.967802 1.14576 1.43923 1.90974 2.92013 2.10784 1.45048 1.18081 1.01329 0.933616 0.772942 0.686672 0.686042 0.607776 0.634158 0.786385 0.990731 1.32694 0.906292 0.76272 0.712856 0.717118 0.723075 
0 0 0 0 0 0 0 0 0 0 0 0 0 0 0 0 0 0 0 0 0 0 0 0 0 0 0 0 0 0 0 0 0 0 0 0.0164018 0.110603 0.243885 0.386653 0.731111 0.877889 1.09913 1.25223 1.35486 1.49483 2.00931 2.55309 3.11669 2.10893 1.29456 0.995685 0.910943 0.692948 0.598232 0.583142 0.482392 0.396893 0.323984 0.248133 0.27637 0.325916 0.308265 0.334504 0.443105 0.534585 0.736743 0.948321 0.797311 0.627264 0.547335 0.533175 0.529047 0.612677 0.639452 0.583599 0.636618 0.792956 0.966755 1.14599 1.42515 1.885 2.87353 2.07438 1.43675 1.1796 1.0208 0.940438 0.784023 0.700329 0.69686 0.610423 0.639828 0.789696 0.995516 1.30889 0.909451 0.764364 0.716815 0.72949 0.731466 
0 0 0 0 0 0 0 0 0 0 0 0 0 0 0 0 0 0 0 0 0 0 0 0 0 0 0 0 0 0 0 0 0 0 0 0.0158728 0.10811 0.24759 0.395767 0.734245 0.899393 1.12941 1.26577 1.37596 1.50539 1.9791 2.52882 3.06103 2.07346 1.27513 0.992993 0.908212 0.691772 0.604073 0.594321 0.494079 0.406072 0.34156 0.249785 0.279094 0.330541 0.313434 0.336049 0.450781 0.54027 0.728175 0.931261 0.794253 0.625322 0.551108 0.541765 0.541886 0.617784 0.647544 0.602575 0.654651 0.793273 0.96708 1.14695 1.41046 1.86127 2.82915 2.0431 1.42613 1.17714 1.02586 0.949819 0.793408 0.711424 0.708139 0.615365 0.649113 0.790762 0.997746 1.29546 0.907691 0.767241 0.721702 0.740063 0.738929 
0 0 0 0 0 0 0 0 0 0 0 0 0 0 0 0 0 0 0 0 0 0 0 0 0 0 0 0 0 0 0 0 0 0 0 0.0153767 0.105789 0.250392 0.405697 0.736812 0.9168 1.15717 1.27752 1.40768 1.50224 1.95479 2.50265 3.01459 2.03554 1.26378 0.987822 0.906596 0.689602 0.608624 0.606786 0.504182 0.41405 0.354164 0.25375 0.281792 0.332545 0.318923 0.339317 0.459101 0.543521 0.72053 0.920588 0.787045 0.625462 0.556117 0.547581 0.550437 0.624997 0.654827 0.619387 0.67368 0.796404 0.966556 1.1438 1.39854 1.84407 2.77851 2.01741 1.41788 1.1718 1.0336 0.954738 0.802999 0.721795 0.717176 0.621915 0.658586 0.793921 0.99571 1.28568 0.903306 0.770828 0.729245 0.747481 0.746085 
0 0 0 0 0 0 0 0 0 0 0 0 0 0 0 0 0 0 0 0 0 0 0 0 0 0 0 0 0 0 0 0 0 0 0 0.0149108 0.103618 0.254596 0.419265 0.734353 0.938435 1.16568 1.30274 1.4244 1.5105 1.9342 2.48222 2.96555 1.99697 1.25307 0.984573 0.903074 0.688494 0.612386 0.617272 0.515233 0.417249 0.370034 0.258254 0.285018 0.334854 0.321405 0.344313 0.465513 0.54631 0.714436 0.912242 0.776173 0.627221 0.561627 0.551352 0.562948 0.629342 0.665515 0.63433 0.688202 0.802428 0.966537 1.13791 1.38772 1.82626 2.72857 1.99681 1.4087 1.16652 1.04306 0.959443 0.811366 0.728454 0.726702 0.629108 0.66875 0.798017 0.994621 1.27421 0.89756 0.774105 0.73955 0.754007 0.749247 
0 0 0 0 0 0 0 0 0 0 0 0 0 0 0 0 0 0 0 0 0 0 0 0 0 0 0 0 0 0 0 0 0 0 0 0.0154799 0.100571 0.258422 0.427159 0.744156 0.955093 1.17815 1.31504 1.43697 1.52132 1.92523 2.45542 2.91689 1.9672 1.23823 0.982308 0.901996 0.688677 0.616693 0.623638 0.524557 0.421572 0.384138 0.262001 0.288164 0.337882 0.322608 0.35261 0.467827 0.547474 0.711676 0.902925 0.768035 0.628834 0.564682 0.556981 0.576182 0.63162 0.676898 0.648645 0.696591 0.810572 0.966539 1.13108 1.38301 1.80757 2.68057 1.9756 1.40104 1.16221 1.04971 0.966063 0.817212 0.735839 0.734369 0.63918 0.678316 0.803389 0.99081 1.26175 0.893284 0.777562 0.748652 0.75946 0.754202 
0 0 0 0 0 0 0 0 0 0 0 0 0 0 0 0 0 0 0 0 0 0 0 0 0 0 0 0 0 0 0 0 0 0 0 0.0160125 0.0987975 0.261919 0.431321 0.756911 0.968344 1.19596 1.31095 1.45468 1.53541 1.91769 2.42958 2.87021 1.94157 1.22346 0.981788 0.903205 0.68634 0.618093 0.630288 0.533466 0.424727 0.395337 0.269668 0.290387 0.340893 0.321264 0.361031 0.471386 0.548794 0.710599 0.893119 0.7577 0.633891 0.56738 0.559537 0.588814 0.638241 0.691243 0.65804 0.702628 0.818294 0.969033 1.1201 1.37919 1.79312 2.63334 1.95285 1.39279 1.16511 1.04841 0.972047 0.826219 0.744714 0.73836 0.649786 0.690014 0.803417 0.991739 1.24865 0.888821 0.780782 0.757615 0.765392 0.758386 
0 0 0 0 0 0 0 0 0 0 0 0 0 0 0 0 0 0 0 0 0 0 0 0 0 0 0 0 0 0 0 0 0 0 0 0.0165048 0.098768 0.266028 0.431176 0.768505 0.980202 1.21612 1.30683 1.4676 1.54472 1.91874 2.40372 2.82356 1.92032 1.20935 0.978238 0.910146 0.687023 0.617246 0.63417 0.536372 0.433887 0.404572 0.275298 0.293236 0.3426 0.324696 0.365422 0.475645 0.549056 0.708794 0.886182 0.746295 0.63889 0.571267 0.565089 0.594121 0.646688 0.705314 0.667465 0.707968 0.825948 0.968986 1.11525 1.37644 1.77455 2.58996 1.92726 1.38843 1.16787 1.04503 0.981339 0.833338 0.750575 0.745061 0.658273 0.7013 0.80665 0.989152 1.23547 0.888184 0.781961 0.762862 0.773114 0.762887 
0 0 0 0 0 0 0 0 0 0 0 0 0 0 0 0 0 0 0 0 0 0 0 0 0 0 0 0 0 0 0 0 0 0 0 0.0176726 0.0980553 0.270462 0.432263 0.772678 1.00488 1.22737 1.30414 1.47118 1.56636 1.91441 2.37537 2.77923 1.90239 1.19752 0.980151 0.910493 0.691379 0.618619 0.631124 0.539784 0.442367 0.410674 0.283916 0.295609 0.342818 0.331314 0.368075 0.478752 0.548134 0.709083 0.878015 0.737958 0.642866 0.573021 0.573561 0.598505 0.654425 0.71702 0.679242 0.710948 0.833139 0.968526 1.11475 1.36992 1.7563 2.54995 1.90367 1.38318 1.16965 1.04229 0.990445 0.839666 0.75657 0.753806 0.665117 0.711468 0.809892 0.985632 1.22471 0.88572 0.784541 0.767683 0.781391 0.766432 
0 0 0 0 0 0 0 0 0 0 0 0 0 0 0 0 0 0 0 0 0 0 0 0 0 0 0 0 0 0 0 0 0 0 0 0.0187925 0.0973605 0.27462 0.430991 0.782752 1.02059 1.23866 1.3032 1.47469 1.58661 1.91402 2.34665 2.73554 1.88669 1.18732 0.979149 0.913329 0.697055 0.617312 0.62807 0.541332 0.453896 0.415453 0.292542 0.297736 0.342924 0.335968 0.371035 0.483034 0.546727 0.707519 0.870058 0.732995 0.646044 0.574149 0.581044 0.603693 0.666012 0.724384 0.691291 0.712623 0.838434 0.970598 1.11255 1.36338 1.74038 2.508 1.88498 1.3752 1.17349 1.04073 0.99706 0.846725 0.762539 0.760754 0.673177 0.719545 0.81372 0.981889 1.21678 0.884004 0.784406 0.772513 0.78745 0.772499 
0 0 0 0 0 0 0 0 0 0 0 0 0 0 0 0 0 0 0 0 0 0 0 0 0 0 0 0 0 0 0 0 0 0 0 0.0198544 0.0972628 0.279044 0.428685 0.791983 1.03949 1.24309 1.30397 1.47735 1.61177 1.90343 2.32129 2.69579 1.87372 1.18023 0.978646 0.913374 0.704738 0.614087 0.623152 0.543291 0.462361 0.423671 0.299011 0.298905 0.344979 0.341552 0.372814 0.484469 0.550162 0.703925 0.862048 0.730086 0.645089 0.577842 0.587246 0.611649 0.681827 0.724104 0.701017 0.717168 0.840471 0.975856 1.10835 1.3604 1.72166 2.47249 1.86312 1.36778 1.17408 1.04389 1.00327 0.848849 0.773706 0.764151 0.683272 0.726499 0.81663 0.978669 1.20739 0.883523 0.784869 0.777709 0.794046 0.774922 
0 0 0 0 0 0 0 0 0 0 0 0 0 0 0 0 0 0 0 0 0 0 0 0 0 0 0 0 0 0 0 0 0 0 0 0.0208489 0.09716 0.279668 0.433895 0.799103 1.05163 1.2505 1.30927 1.47589 1.63272 1.88783 2.30358 2.65681 1.86486 1.17317 0.978473 0.916371 0.709554 0.611357 0.618357 0.546747 0.465397 0.434354 0.302601 0.302541 0.348232 0.345857 0.374754 0.485045 0.552151 0.700353 0.856281 0.727224 0.641572 0.585313 0.593804 0.618098 0.694341 0.724658 0.709201 0.72242 0.843536 0.979745 1.10549 1.35849 1.70241 2.43926 1.83902 1.36447 1.17121 1.04924 1.00837 0.851217 0.78497 0.765657 0.696325 0.730603 0.816864 0.977744 1.19806 0.886379 0.785373 0.780623 0.799202 0.778215 
0 0 0 0 0 0 0 0 0 0 0 0 0 0 0 0 0 0 0 0 0 0 0 0 0 0 0 0 0 0 0 0 0 0 0 0.0203404 0.0975411 0.280139 0.437078 0.813144 1.0531 1.26592 1.31034 1.48124 1.64783 1.86997 2.28594 2.62386 1.85619 1.17318 0.970395 0.917592 0.714594 0.609948 0.614429 0.550562 0.465807 0.443341 0.305636 0.308352 0.351331 0.351423 0.376406 0.48442 0.553737 0.696851 0.850698 0.723704 0.638207 0.59588 0.59963 0.622476 0.707541 0.726021 0.712085 0.731559 0.845875 0.984189 1.10248 1.3535 1.68849 2.40732 1.81539 1.35778 1.17066 1.05442 1.01415 0.852273 0.795655 0.768564 0.707292 0.735927 0.815424 0.97774 1.19029 0.887994 0.787001 0.78221 0.80183 0.782744 
0 0 0 0 0 0 0 0 0 0 0 0 0 0 0 0 0 0 0 0 0 0 0 0 0 0 0 0 0 0 0 0 0 0 0 0.0198561 0.0978587 0.281939 0.44169 0.826306 1.05201 1.28092 1.31026 1.48925 1.65097 1.85846 2.27501 2.58409 1.84838 1.1776 0.96444 0.921839 0.715611 0.610881 0.611874 0.548649 0.468851 0.450618 0.308288 0.313427 0.358547 0.351685 0.38157 0.482028 0.554882 0.693315 0.846379 0.720216 0.63683 0.601818 0.609015 0.628016 0.715653 0.728551 0.716812 0.737767 0.850329 0.98634 1.10113 1.3461 1.67552 2.37573 1.79613 1.34935 1.172 1.05711 1.02104 0.854709 0.802019 0.772592 0.720159 0.738291 0.81613 0.975508 1.18499 0.887324 0.791268 0.783838 0.804096 0.786481 
0 0 0 0 0 0 0 0 0 0 0 0 0 0 0 0 0 0 0 0 0 0 0 0 0 0 0 0 0 0 0 0 0 0 0 0.0193943 0.0968172 0.282108 0.445243 0.841807 1.05948 1.28909 1.30809 1.49584 1.64963 1.85876 2.24964 2.5565 1.84023 1.18252 0.958884 0.924303 0.717315 0.610137 0.611119 0.546303 0.467772 0.460594 0.311909 0.319796 0.360558 0.354246 0.387443 0.480604 0.55523 0.69011 0.842096 0.717794 0.632803 0.610196 0.616366 0.634235 0.722743 0.731757 0.719591 0.74143 0.8599 0.987229 1.09902 1.33993 1.66063 2.34783 1.77824 1.34046 1.17238 1.05958 1.02747 0.858531 0.806303 0.781253 0.729337 0.739515 0.81838 0.972594 1.17976 0.885108 0.795813 0.787079 0.80489 0.790985 
0 0 0 0 0 0 0 0 0 0 0 0 0 0 0 0 0 0 0 0 0 0 0 0 0 0 0 0 0 0 0 0 0 0 0 0.0189535 0.0946168 0.28031 0.451319 0.855954 1.06544 1.30331 1.30582 1.49874 1.6462 1.8597 2.23143 2.52297 1.83309 1.19191 0.953005 0.922995 0.71928 0.610114 0.612282 0.542151 0.46898 0.466829 0.314544 0.328077 0.36163 0.357756 0.393584 0.477836 0.555621 0.684494 0.838861 0.717267 0.628611 0.62005 0.619965 0.641775 0.728486 0.734244 0.723977 0.743261 0.871467 0.985331 1.09982 1.33274 1.64684 2.32049 1.76257 1.33253 1.17143 1.06398 1.03247 0.862512 0.805911 0.793827 0.735415 0.741375 0.821352 0.969168 1.17363 0.884554 0.801809 0.789323 0.806741 0.793476 
0 0 0 0 0 0 0 0 0 0 0 0 0 0 0 0 0 0 0 0 0 0 0 0 0 0 0 0 0 0 0 0 0 0 0 0.0185324 0.0925142 0.279081 0.457704 0.865204 1.07479 1.31215 1.30437 1.50522 1.63645 1.86837 2.20919 2.49936 1.82281 1.19811 0.948913 0.921465 0.719769 0.612671 0.611018 0.538726 0.469847 0.472706 0.316759 0.335898 0.362151 0.363823 0.398844 0.474599 0.555346 0.680577 0.834326 0.715342 0.627067 0.629033 0.621342 0.654296 0.730002 0.73714 0.72882 0.745608 0.880859 0.982749 1.10313 1.32403 1.63255 2.29461 1.74805 1.32479 1.17177 1.06819 1.03653 0.865873 0.808153 0.800382 0.743489 0.74484 0.823151 0.965998 1.16834 0.886284 0.805495 0.791258 0.808388 0.796826 
0 0 0 0 0 0 0 0 0 0 0 0 0 0 0 0 0 0 0 0 0 0 0 0 0 0 0 0 0 0 0 0 0 0 0 0.0181295 0.090503 0.278464 0.464075 0.870208 1.08761 1.32301 1.30049 1.50984 1.62778 1.86696 2.196 2.48074 1.81113 1.20336 0.94724 0.917847 0.720553 0.614724 0.610486 0.53413 0.473794 0.474168 0.321814 0.339207 0.3642 0.370388 0.404613 0.472616 0.553422 0.676504 0.829406 0.712973 0.630492 0.632002 0.622323 0.668879 0.733325 0.737811 0.732227 0.750634 0.887082 0.980346 1.10654 1.31682 1.61866 2.27129 1.73113 1.31828 1.17217 1.07462 1.03934 0.86872 0.810032 0.807146 0.750272 0.749851 0.823019 0.963805 1.16216 0.888866 0.809033 0.7931 0.810167 0.800262 
0 0 0 0 0 0 0 0 0 0 0 0 0 0 0 0 0 0 0 0 0 0 0 0 0 0 0 0 0 0 0 0 0 0 0 0.0177437 0.0885774 0.2771 0.472942 0.877744 1.09237 1.33682 1.29844 1.50893 1.62514 1.85435 2.19098 2.4629 1.80394 1.20037 0.948032 0.917492 0.720369 0.617006 0.609226 0.530524 0.477678 0.471754 0.329475 0.343654 0.366764 0.374144 0.411656 0.470126 0.550583 0.676309 0.823224 0.709358 0.636979 0.63114 0.625716 0.681505 0.735511 0.737131 0.736085 0.75936 0.892108 0.977679 1.11048 1.30901 1.60493 2.24707 1.71543 1.31101 1.17613 1.07869 1.04167 0.872403 0.8119 0.812884 0.757813 0.751934 0.823861 0.962395 1.15596 0.890407 0.814769 0.794331 0.812242 0.803749 
0 0 0 0 0 0 0 0 0 0 0 0 0 0 0 0 0 0 0 0 0 0 0 0 0 0 0 0 0 0 0 0 0 0 0 0.0173741 0.0867321 0.278014 0.478689 0.884319 1.0952 1.35275 1.30243 1.5055 1.6195 1.84356 2.18674 2.445 1.79987 1.1943 0.950364 0.914972 0.722269 0.613427 0.611013 0.527798 0.48067 0.469293 0.336116 0.349081 0.368492 0.377764 0.418793 0.469406 0.546667 0.674646 0.819335 0.704488 0.641712 0.631512 0.6309 0.691714 0.739662 0.735255 0.738899 0.770703 0.893827 0.976344 1.1137 1.30253 1.59183 2.22369 1.69896 1.30392 1.18107 1.08187 1.04449 0.873487 0.816948 0.817432 0.762176 0.757205 0.824775 0.960221 1.15287 0.890037 0.819378 0.793943 0.815535 0.808285 
0 0 0 0 0 0 0 0 0 0 0 0 0 0 0 0 0 0 0 0 0 0 0 0 0 0 0 0 0 0 0 0 0 0 0 0.0170195 0.084962 0.276717 0.486507 0.888913 1.09568 1.36509 1.31319 1.4987 1.61571 1.83416 2.18072 2.43182 1.79298 1.18985 0.952121 0.913054 0.722215 0.611412 0.612137 0.530423 0.47968 0.468479 0.342266 0.350775 0.370033 0.384615 0.423389 0.469254 0.544645 0.672951 0.813488 0.700666 0.645959 0.630449 0.638298 0.701491 0.74193 0.73523 0.741776 0.776641 0.900945 0.971927 1.11737 1.29449 1.58306 2.20086 1.68071 1.29977 1.18371 1.08741 1.04622 0.875446 0.819713 0.822815 0.767894 0.759243 0.826757 0.958787 1.15007 0.888837 0.823857 0.794238 0.817945 0.811655 
0 0 0 0 0 0 0 0 0 0 0 0 0 0 0 0 0 0 0 0 0 0 0 0 0 0 0 0 0 0 0 0 0 0 0 0.0166791 0.0839268 0.275071 0.494121 0.889062 1.1016 1.37446 1.32493 1.49684 1.60659 1.82426 2.17474 2.42296 1.78413 1.18644 0.95153 0.913316 0.719585 0.610388 0.612797 0.533111 0.480817 0.466677 0.346384 0.354379 0.371304 0.388438 0.427104 0.472363 0.544861 0.668386 0.807211 0.70077 0.645644 0.629671 0.648226 0.711817 0.740512 0.736153 0.74598 0.782861 0.906662 0.971953 1.1156 1.28891 1.57263 2.18057 1.66431 1.29452 1.18187 1.09717 1.04672 0.877782 0.8214 0.828985 0.773004 0.760806 0.829345 0.956346 1.1458 0.890437 0.826773 0.795765 0.820228 0.815834 
0 0 0 0 0 0 0 0 0 0 0 0 0 0 0 0 0 0 0 0 0 0 0 0 0 0 0 0 0 0 0 0 0 0 0 0.0163521 0.0844284 0.273367 0.499945 0.890448 1.10456 1.38433 1.33645 1.49336 1.60289 1.81276 2.16857 2.41311 1.77671 1.17922 0.954824 0.911598 0.716342 0.610516 0.613467 0.536693 0.480855 0.465651 0.346395 0.363376 0.372865 0.388478 0.432559 0.475831 0.544662 0.664034 0.802876 0.700731 0.642442 0.631964 0.657971 0.718758 0.741412 0.737248 0.748825 0.789141 0.910754 0.973342 1.11245 1.2856 1.56194 2.15735 1.65258 1.28695 1.1839 1.10204 1.04691 0.882337 0.824936 0.833944 0.776464 0.764599 0.830175 0.954206 1.14172 0.893039 0.82854 0.79874 0.821462 0.819781 
0 0 0 0 0 0 0 0 0 0 0 0 0 0 0 0 0 0 0 0 0 0 0 0 0 0 0 0 0 0 0 0 0 0 0 0.0160376 0.0849265 0.273691 0.504491 0.888033 1.10862 1.39842 1.34285 1.49042 1.6039 1.80003 2.16482 2.40179 1.76766 1.17301 0.957378 0.912679 0.709318 0.611141 0.611511 0.543116 0.478306 0.466331 0.348493 0.372541 0.372626 0.38868 0.437021 0.47986 0.544873 0.660324 0.797325 0.701167 0.638179 0.636402 0.664326 0.723857 0.746214 0.738271 0.751672 0.793951 0.912205 0.97638 1.1134 1.27936 1.55078 2.13697 1.63958 1.27996 1.18598 1.10776 1.0467 0.88759 0.827296 0.838403 0.779681 0.770082 0.829617 0.952057 1.13723 0.897479 0.828654 0.802395 0.821955 0.821429 
0 0 0 0 0 0 0 0 0 0 0 0 0 0 0 0 0 0 0 0 0 0 0 0 0 0 0 0 0 0 0 0 0 0 0 0.015735 0.0854099 0.274017 0.505484 0.891575 1.11161 1.41235 1.34832 1.48614 1.60237 1.79222 2.15983 2.39163 1.75119 1.17308 0.957975 0.916043 0.703803 0.609229 0.611573 0.548988 0.476201 0.466467 0.352256 0.378373 0.372594 0.389495 0.441175 0.483865 0.546048 0.654298 0.794937 0.700388 0.633685 0.638926 0.674565 0.725964 0.751245 0.740821 0.753072 0.797222 0.913664 0.980187 1.11664 1.27218 1.53962 2.11834 1.62503 1.27524 1.18497 1.11403 1.04668 0.893577 0.83162 0.839411 0.784231 0.773842 0.831101 0.948156 1.13415 0.900385 0.829249 0.806395 0.821878 0.82305 
0 0 0 0 0 0 0 0 0 0 0 0 0 0 0 0 0 0 0 0 0 0 0 0 0 0 0 0 0 0 0 0 0 0 0 0.0154436 0.0858988 0.274875 0.50546 0.893058 1.11855 1.42091 1.35574 1.48606 1.59781 1.78677 2.15682 2.37616 1.73671 1.17498 0.955226 0.921087 0.699603 0.606684 0.60884 0.554422 0.475819 0.467878 0.355171 0.38425 0.373065 0.389742 0.443709 0.489764 0.546158 0.650728 0.791829 0.696488 0.630914 0.642881 0.684605 0.725769 0.758356 0.743589 0.75202 0.802895 0.912773 0.986075 1.11672 1.26778 1.5286 2.10012 1.60959 1.27376 1.1818 1.11811 1.04806 0.898711 0.837381 0.838321 0.790866 0.775863 0.833898 0.943312 1.13324 0.90027 0.833517 0.808747 0.821002 0.825422 
0 0 0 0 0 0 0 0 0 0 0 0 0 0 0 0 0 0 0 0 0 0 0 0 0 0 0 0 0 0 0 0 0 0 0 0.0151628 0.0856288 0.27452 0.507614 0.891 1.13113 1.42172 1.36435 1.48779 1.59551 1.78396 2.15171 2.3608 1.72262 1.17345 0.954203 0.921443 0.701666 0.603487 0.608405 0.555964 0.476137 0.471726 0.358217 0.386373 0.374456 0.391574 0.446303 0.495335 0.54324 0.65039 0.788061 0.693222 0.629998 0.646906 0.690807 0.726049 0.767164 0.743597 0.754542 0.805888 0.910857 0.990797 1.11705 1.26519 1.51882 2.08176 1.5949 1.27106 1.18217 1.11821 1.05181 0.902544 0.8438 0.838238 0.795535 0.777783 0.836713 0.939544 1.13239 0.900132 0.836232 0.810587 0.82091 0.829 
0 0 0 0 0 0 0 0 0 0 0 0 0 0 0 0 0 0 0 0 0 0 0 0 0 0 0 0 0 0 0 0 0 0 0 0.0148921 0.0853649 0.27477 0.508298 0.890107 1.14293 1.42203 1.37302 1.49139 1.59316 1.78009 2.15004 2.33952 1.7132 1.17026 0.950109 0.924285 0.703337 0.602817 0.606588 0.556912 0.477283 0.473442 0.362647 0.386946 0.378422 0.393178 0.448391 0.498094 0.54297 0.649271 0.783821 0.691799 0.629053 0.65033 0.694792 0.729685 0.771762 0.747622 0.754173 0.809843 0.910231 0.993008 1.11818 1.2626 1.51032 2.06245 1.58345 1.26713 1.1828 1.11716 1.05509 0.906692 0.849913 0.84002 0.797972 0.780932 0.837808 0.937476 1.1305 0.90071 0.838596 0.813173 0.820429 0.83118 
0 0 0 0 0 0 0 0 0 0 0 0 0 0 0 0 0 0 0 0 0 0 0 0 0 0 0 0 0 0 0 0 0 0 0 0.0152898 0.0838672 0.275569 0.510889 0.888985 1.15061 1.42431 1.38322 1.49689 1.58724 1.77836 2.14677 2.32018 1.70304 1.16839 0.945131 0.924175 0.705761 0.602895 0.606425 0.555759 0.477989 0.477048 0.366729 0.38654 0.382551 0.393757 0.451259 0.49981 0.544658 0.648241 0.779711 0.690241 0.627499 0.653523 0.698261 0.733954 0.776636 0.750483 0.753907 0.813519 0.909501 0.994196 1.12084 1.26164 1.50204 2.04229 1.57217 1.26408 1.18336 1.11571 1.05822 0.911041 0.85512 0.843559 0.799501 0.782671 0.837868 0.93937 1.12665 0.901087 0.840613 0.813673 0.822497 0.833054 
0 0 0 0 0 0 0 0 0 0 0 0 0 0 0 0 0 0 0 0 0 0 0 0 0 0 0 0 0 0 0 0 0 0 0 0.0156727 0.0830227 0.274782 0.51434 0.888559 1.15237 1.43502 1.38709 1.50298 1.58827 1.77324 2.1441 2.29815 1.69483 1.16577 0.939221 0.92225 0.708138 0.606399 0.606479 0.552673 0.482598 0.477375 0.370975 0.38684 0.386208 0.394771 0.454546 0.500562 0.544149 0.648681 0.776151 0.68971 0.627616 0.6544 0.70015 0.739434 0.781694 0.751682 0.754561 0.817404 0.908126 0.99734 1.12069 1.26214 1.49525 2.02104 1.56093 1.26237 1.18281 1.11276 1.06281 0.916669 0.858606 0.846473 0.802509 0.783451 0.8383 0.941584 1.12318 0.901082 0.842784 0.814112 0.825276 0.832965 
0 0 0 0 0 0 0 0 0 0 0 0 0 0 0 0 0 0 0 0 0 0 0 0 0 0 0 0 0 0 0 0 0 0 0 0.0154071 0.0828392 0.274505 0.51328 0.892882 1.15263 1.44766 1.39233 1.50509 1.59223 1.76496 2.14074 2.27944 1.68655 1.16184 0.936272 0.918007 0.710328 0.610004 0.606274 0.55012 0.485534 0.479426 0.373417 0.389136 0.390105 0.39389 0.45787 0.499908 0.545372 0.649566 0.771835 0.689276 0.628983 0.654462 0.703818 0.742706 0.786266 0.753692 0.755927 0.819584 0.909355 0.998095 1.12034 1.26277 1.48976 2.00174 1.54932 1.2603 1.18027 1.11148 1.0681 0.918772 0.864741 0.848677 0.805051 0.784136 0.83927 0.943839 1.12032 0.899233 0.845342 0.815826 0.827225 0.833658 
0 0 0 0 0 0 0 0 0 0 0 0 0 0 0 0 0 0 0 0 0 0 0 0 0 0 0 0 0 0 0 0 0 0 0 0.0151503 0.0826538 0.274981 0.51162 0.895365 1.15792 1.45091 1.39846 1.51087 1.60096 1.75506 2.13626 2.26208 1.67302 1.16041 0.935576 0.911822 0.710936 0.613888 0.607508 0.547883 0.487526 0.4791 0.380761 0.389967 0.392228 0.394777 0.460208 0.500984 0.547171 0.649246 0.768474 0.69015 0.629161 0.65431 0.70677 0.744785 0.791187 0.755674 0.757925 0.81976 0.910149 0.999661 1.12053 1.26463 1.4817 1.98457 1.53851 1.2575 1.1791 1.11041 1.07367 0.921379 0.868723 0.850548 0.808742 0.784132 0.840574 0.944718 1.11855 0.89744 0.846801 0.818483 0.828757 0.833747 
0 0 0 0 0 0 0 0 0 0 0 0 0 0 0 0 0 0 0 0 0 0 0 0 0 0 0 0 0 0 0 0 0 0 0 0.0149019 0.0834217 0.274618 0.509482 0.897277 1.16426 1.45245 1.40557 1.52254 1.60235 1.74778 2.12937 2.24766 1.65989 1.15835 0.934981 0.905807 0.708282 0.620021 0.607813 0.548528 0.488654 0.478134 0.386986 0.391276 0.395173 0.395765 0.461227 0.50172 0.549085 0.648025 0.768283 0.687618 0.632054 0.654704 0.708643 0.747391 0.794726 0.758061 0.758895 0.820785 0.911375 0.999497 1.12104 1.26672 1.47456 1.96609 1.5304 1.25385 1.1782 1.10906 1.07766 0.925364 0.8722 0.853001 0.810529 0.786176 0.842856 0.943104 1.1152 0.898827 0.847793 0.822204 0.831043 0.832473 
0 0 0 0 0 0 0 0 0 0 0 0 0 0 0 0 0 0 0 0 0 0 0 0 0 0 0 0 0 0 0 0 0 0 0 0.0146616 0.0841616 0.274319 0.506963 0.901036 1.17455 1.44904 1.41274 1.53649 1.5979 1.74777 2.11766 2.2328 1.64706 1.15331 0.938183 0.900846 0.704239 0.627299 0.607444 0.548659 0.489447 0.477438 0.393254 0.393406 0.39699 0.398678 0.460802 0.503455 0.550375 0.645843 0.768926 0.68456 0.636149 0.654743 0.710338 0.74991 0.798335 0.758406 0.760354 0.825054 0.910055 0.997923 1.12349 1.26826 1.46763 1.95005 1.52076 1.25015 1.17853 1.10761 1.07991 0.930429 0.874159 0.855513 0.812562 0.788353 0.845217 0.941016 1.11213 0.899464 0.849728 0.8256 0.833588 0.831304 
0 0 0 0 0 0 0 0 0 0 0 0 0 0 0 0 0 0 0 0 0 0 0 0 0 0 0 0 0 0 0 0 0 0 0 0.0144289 0.0843383 0.274576 0.504907 0.902626 1.18469 1.44756 1.42115 1.54872 1.59165 1.74879 2.10755 2.2181 1.63534 1.14749 0.937873 0.899852 0.702916 0.628724 0.608222 0.549248 0.490097 0.477309 0.397989 0.39785 0.396272 0.402292 0.461217 0.505928 0.548797 0.644768 0.767567 0.684745 0.639904 0.654774 0.711643 0.752997 0.800575 0.75821 0.762815 0.827411 0.909441 1.00114 1.12223 1.27021 1.46081 1.93562 1.50968 1.24688 1.17981 1.10713 1.08273 0.932609 0.876659 0.858293 0.813997 0.791754 0.845887 0.940601 1.10682 0.90362 0.849354 0.828372 0.836433 0.831402 
0 0 0 0 0 0 0 0 0 0 0 0 0 0 0 0 0 0 0 0 0 0 0 0 0 0 0 0 0 0 0 0 0 0 0 0.0142034 0.0851001 0.273942 0.502217 0.90748 1.19151 1.44637 1.43165 1.5574 1.59099 1.74568 2.0965 2.20307 1.62695 1.14024 0.937934 0.899307 0.701017 0.63183 0.606985 0.550814 0.488573 0.479623 0.402399 0.400483 0.396649 0.405325 0.462917 0.507452 0.547447 0.644445 0.76529 0.684956 0.643865 0.656977 0.711389 0.756454 0.801221 0.758228 0.765533 0.829616 0.90916 1.00337 1.12153 1.27036 1.45469 1.92278 1.50007 1.24441 1.17859 1.10821 1.08436 0.937242 0.876251 0.859839 0.816928 0.795881 0.845783 0.941112 1.10106 0.907149 0.848427 0.832718 0.83701 0.834 
0 0 0 0 0 0 0 0 0 0 0 0 0 0 0 0 0 0 0 0 0 0 0 0 0 0 0 0 0 0 0 0 0 0 0 0.0145802 0.0852438 0.272814 0.501841 0.911159 1.19822 1.44301 1.44627 1.56311 1.59101 1.74014 2.08896 2.18838 1.6168 1.13445 0.937685 0.897881 0.699781 0.635206 0.60508 0.551513 0.488563 0.480037 0.406477 0.404583 0.397099 0.406888 0.466547 0.509088 0.54547 0.643107 0.765715 0.683668 0.648366 0.65699 0.713783 0.75879 0.800879 0.760045 0.765651 0.831519 0.91037 1.00587 1.12354 1.26657 1.44851 1.9113 1.49091 1.24277 1.17691 1.10868 1.08696 0.940303 0.875283 0.860055 0.821456 0.801636 0.843634 0.942546 1.09425 0.911124 0.848626 0.837421 0.836608 0.835771 
0 0 0 0 0 0 0 0 0 0 0 0 0 0 0 0 0 0 0 0 0 0 0 0 0 0 0 0 0 0 0 0 0 0 0 0.0149523 0.0845348 0.271014 0.504607 0.912936 1.20558 1.44661 1.45191 1.56678 1.5882 1.74162 2.07957 2.17607 1.60431 1.13009 0.939309 0.894047 0.700099 0.636033 0.603881 0.55329 0.488963 0.47824 0.411966 0.407554 0.397905 0.409246 0.470791 0.510704 0.543213 0.640833 0.767404 0.681892 0.651951 0.658881 0.715963 0.761349 0.799289 0.762877 0.764875 0.831819 0.91336 1.00701 1.12733 1.26137 1.44313 1.8982 1.48396 1.24062 1.17582 1.10942 1.08937 0.943431 0.873698 0.858942 0.826448 0.807323 0.84166 0.946506 1.08659 0.912697 0.851259 0.840583 0.835865 0.837713 
0 0 0 0 0 0 0 0 0 0 0 0 0 0 0 0 0 0 0 0 0 0 0 0 0 0 0 0 0 0 0 0 0 0 0 0.0153154 0.0838531 0.26878 0.508572 0.911894 1.20964 1.45337 1.45868 1.57206 1.58559 1.74093 2.06942 2.16663 1.59228 1.12696 0.937457 0.892265 0.699991 0.636933 0.603792 0.554914 0.486344 0.477707 0.416078 0.41318 0.397122 0.414287 0.473943 0.512215 0.540606 0.637727 0.769547 0.679957 0.656544 0.660088 0.716665 0.763372 0.799643 0.764328 0.765071 0.830401 0.916392 1.01082 1.12906 1.25776 1.43623 1.88663 1.47803 1.23669 1.17626 1.10893 1.09344 0.944993 0.87261 0.85706 0.831803 0.812446 0.842086 0.947298 1.08113 0.911777 0.855699 0.842979 0.836032 0.838371 
0 0 0 0 0 0 0 0 0 0 0 0 0 0 0 0 0 0 0 0 0 0 0 0 0 0 0 0 0 0 0 0 0 0 0 0.015665 0.083195 0.267269 0.512205 0.910398 1.21794 1.4577 1.46507 1.57485 1.58108 1.7416 2.05973 2.15759 1.57905 1.12615 0.934787 0.892117 0.697471 0.63945 0.604829 0.554404 0.48474 0.477029 0.419512 0.418543 0.397067 0.417805 0.478747 0.512895 0.538919 0.63527 0.770019 0.678397 0.658762 0.666023 0.714623 0.767296 0.800207 0.765291 0.76431 0.830461 0.916738 1.01494 1.13029 1.25801 1.4256 1.87626 1.47328 1.23375 1.17676 1.10623 1.09745 0.946038 0.873052 0.856656 0.833565 0.818561 0.844022 0.946409 1.0768 0.913241 0.857076 0.846337 0.83521 0.837667 
0 0 0 0 0 0 0 0 0 0 0 0 0 0 0 0 0 0 0 0 0 0 0 0 0 0 0 0 0 0 0 0 0 0 0 0.0160055 0.082549 0.267057 0.513127 0.911529 1.22329 1.46617 1.46977 1.57508 1.58025 1.73965 2.05129 2.14793 1.56841 1.1234 0.932236 0.892765 0.693533 0.642636 0.607405 0.54989 0.485664 0.476127 0.423096 0.421169 0.399039 0.420912 0.483588 0.514579 0.53792 0.631914 0.769179 0.678208 0.661013 0.670581 0.714083 0.771171 0.799589 0.764973 0.766088 0.83054 0.916175 1.01952 1.13077 1.25819 1.41655 1.86759 1.46607 1.23181 1.17673 1.10542 1.09812 0.946782 0.875107 0.856411 0.834479 0.824074 0.846773 0.945993 1.0735 0.913851 0.858677 0.847039 0.837058 0.836179 
0 0 0 0 0 0 0 0 0 0 0 0 0 0 0 0 0 0 0 0 0 0 0 0 0 0 0 0 0 0 0 0 0 0 0 0.0157768 0.0824688 0.26646 0.513282 0.91406 1.23257 1.46701 1.47754 1.57427 1.58345 1.73401 2.0427 2.13909 1.55746 1.12055 0.93244 0.891288 0.691579 0.644382 0.611056 0.544075 0.486406 0.475642 0.424643 0.424074 0.402695 0.423384 0.488557 0.516583 0.538724 0.626646 0.768132 0.678854 0.663838 0.672387 0.715631 0.773197 0.800159 0.766144 0.767797 0.829192 0.915627 1.02225 1.13389 1.25714 1.40908 1.85781 1.45927 1.23 1.1788 1.10216 1.09961 0.946359 0.877657 0.857129 0.833269 0.82863 0.851253 0.946843 1.06936 0.914097 0.859315 0.84979 0.836646 0.83598 
0 0 0 0 0 0 0 0 0 0 0 0 0 0 0 0 0 0 0 0 0 0 0 0 0 0 0 0 0 0 0 0 0 0 0 0.0155546 0.0824892 0.266819 0.51373 0.911999 1.24159 1.46979 1.4867 1.57415 1.58655 1.72478 2.03636 2.13148 1.54675 1.11683 0.932768 0.891538 0.689374 0.645101 0.613375 0.540367 0.485931 0.477016 0.423848 0.428738 0.405864 0.424774 0.494274 0.519254 0.538376 0.622841 0.766478 0.680055 0.665916 0.673479 0.718858 0.773599 0.801135 0.766595 0.770145 0.828831 0.91414 1.02448 1.13652 1.25435 1.40399 1.84889 1.45158 1.23124 1.17803 1.09879 1.09968 0.948085 0.880167 0.85772 0.831895 0.832198 0.855838 0.947719 1.06746 0.912775 0.860104 0.852594 0.835569 0.836565 
0 0 0 0 0 0 0 0 0 0 0 0 0 0 0 0 0 0 0 0 0 0 0 0 0 0 0 0 0 0 0 0 0 0 0 0.0153386 0.0831278 0.266049 0.514459 0.915713 1.2449 1.47296 1.49284 1.57735 1.59125 1.71278 2.02821 2.12451 1.53817 1.11237 0.932966 0.891046 0.689363 0.646494 0.613438 0.537952 0.484807 0.47804 0.424442 0.433133 0.406862 0.427241 0.499735 0.522463 0.538357 0.619921 0.762792 0.681909 0.668696 0.673672 0.722233 0.774897 0.800716 0.768631 0.770491 0.830396 0.913288 1.02597 1.13583 1.25506 1.39878 1.83826 1.44457 1.23253 1.17817 1.09638 1.09881 0.949968 0.881201 0.858166 0.831952 0.835931 0.860773 0.947208 1.06627 0.910665 0.863237 0.852594 0.835568 0.837713 
0 0 0 0 0 0 0 0 0 0 0 0 0 0 0 0 0 0 0 0 0 0 0 0 0 0 0 0 0 0 0 0 0 0 0 0.0157608 0.0825985 0.266132 0.514409 0.922645 1.24525 1.47784 1.49355 1.58645 1.59418 1.70124 2.01822 2.12067 1.52487 1.11088 0.933391 0.890559 0.690064 0.647579 0.611273 0.537078 0.482348 0.480838 0.427314 0.433485 0.409793 0.429504 0.502844 0.526423 0.540318 0.61659 0.759857 0.683985 0.670769 0.673905 0.723212 0.777002 0.800897 0.773082 0.769019 0.831158 0.912347 1.02779 1.13562 1.25405 1.39551 1.82776 1.43881 1.23274 1.17661 1.09523 1.09728 0.952129 0.882045 0.859247 0.832036 0.839319 0.86594 0.945899 1.06543 0.908943 0.865599 0.852433 0.836238 0.838037 
0 0 0 0 0 0 0 0 0 0 0 0 0 0 0 0 0 0 0 0 0 0 0 0 0 0 0 0 0 0 0 0 0 0 0 0.0161744 0.0814823 0.266881 0.514216 0.929346 1.24627 1.48223 1.49378 1.59744 1.59661 1.69082 2.00588 2.11368 1.51596 1.10922 0.934221 0.888378 0.691931 0.64842 0.609341 0.535911 0.481753 0.481026 0.432286 0.433312 0.411642 0.432769 0.505178 0.530375 0.54137 0.613346 0.758965 0.683795 0.673533 0.674261 0.723329 0.780148 0.800174 0.777538 0.767985 0.831437 0.913467 1.02698 1.13759 1.25217 1.39277 1.81646 1.43322 1.23224 1.17407 1.09774 1.09556 0.951718 0.884816 0.858867 0.833475 0.842664 0.870215 0.945022 1.06459 0.908192 0.86663 0.853142 0.837491 0.836786 
0 0 0 0 0 0 0 0 0 0 0 0 0 0 0 0 0 0 0 0 0 0 0 0 0 0 0 0 0 0 0 0 0 0 0 0.016577 0.0807112 0.26775 0.513442 0.935021 1.24911 1.48429 1.50006 1.60607 1.59516 1.68237 1.99442 2.1043 1.50841 1.10939 0.933948 0.88489 0.694776 0.648895 0.607718 0.533912 0.48156 0.480986 0.438064 0.432034 0.41399 0.435682 0.507682 0.53521 0.540842 0.61229 0.757834 0.685002 0.675453 0.674264 0.722321 0.782599 0.803333 0.780465 0.765606 0.831798 0.914859 1.02632 1.13933 1.25016 1.38919 1.80645 1.42773 1.23058 1.17264 1.09974 1.09418 0.950904 0.886797 0.858963 0.8361 0.845066 0.873378 0.945741 1.06276 0.909812 0.865571 0.854071 0.837916 0.838475 
0 0 0 0 0 0 0 0 0 0 0 0 0 0 0 0 0 0 0 0 0 0 0 0 0 0 0 0 0 0 0 0 0 0 0 0.0163589 0.0805714 0.268187 0.512262 0.942214 1.25323 1.48336 1.50736 1.61059 1.59489 1.67655 1.98567 2.09267 1.50008 1.11069 0.933145 0.881652 0.697444 0.648146 0.607282 0.532192 0.481781 0.480277 0.444025 0.430459 0.416421 0.437059 0.511859 0.537984 0.541244 0.613854 0.7545 0.68787 0.676923 0.673771 0.720603 0.782935 0.809937 0.780409 0.766286 0.832361 0.915443 1.02505 1.14173 1.24779 1.38555 1.79661 1.42426 1.22576 1.17177 1.10298 1.09144 0.951735 0.887646 0.859046 0.839224 0.848361 0.875495 0.947454 1.05979 0.910472 0.864918 0.856209 0.837437 0.841964 
0 0 0 0 0 0 0 0 0 0 0 0 0 0 0 0 0 0 0 0 0 0 0 0 0 0 0 0 0 0 0 0 0 0 0 0.0161465 0.0807234 0.2664 0.512987 0.950748 1.25586 1.48182 1.51499 1.61083 1.59712 1.67256 1.97902 2.08019 1.49192 1.11003 0.932908 0.880206 0.698311 0.647891 0.607115 0.531171 0.480215 0.481907 0.447393 0.431414 0.419134 0.437911 0.515504 0.539247 0.542947 0.615246 0.752049 0.690173 0.677748 0.673662 0.7193 0.785606 0.812852 0.780503 0.767876 0.832884 0.916533 1.02408 1.14332 1.24559 1.38108 1.78619 1.42244 1.22126 1.16928 1.10865 1.08784 0.951656 0.887961 0.86198 0.84033 0.85124 0.877401 0.949693 1.05706 0.911557 0.864269 0.857828 0.836238 0.845907 
0 0 0 0 0 0 0 0 0 0 0 0 0 0 0 0 0 0 0 0 0 0 0 0 0 0 0 0 0 0 0 0 0 0 0 0.0159395 0.0808685 0.265582 0.513373 0.957764 1.26024 1.48034 1.52472 1.61113 1.59466 1.66924 1.9721 2.06945 1.48432 1.10744 0.933008 0.877146 0.70134 0.647036 0.607846 0.530971 0.478822 0.485586 0.447738 0.433054 0.420623 0.43965 0.518479 0.539515 0.545769 0.615881 0.751593 0.69159 0.677569 0.673856 0.719492 0.787419 0.812777 0.783631 0.768394 0.834588 0.91746 1.02251 1.14518 1.24248 1.37855 1.77504 1.41941 1.21905 1.16583 1.11317 1.08642 0.952602 0.887182 0.863481 0.842693 0.853966 0.878311 0.951148 1.05529 0.913293 0.863599 0.858465 0.837372 0.848211 
0 0 0 0 0 0 0 0 0 0 0 0 0 0 0 0 0 0 0 0 0 0 0 0 0 0 0 0 0 0 0 0 0 0 0 0.0157377 0.0804357 0.265764 0.512569 0.96765 1.26437 1.47984 1.5308 1.60855 1.59529 1.66486 1.9691 2.05474 1.4803 1.1036 0.93162 0.876649 0.702436 0.646328 0.608833 0.531317 0.477589 0.488108 0.44868 0.43423 0.42325 0.44123 0.521055 0.538582 0.548761 0.617234 0.750011 0.693946 0.678139 0.673445 0.722753 0.785403 0.811117 0.788325 0.77212 0.835177 0.91658 1.0222 1.14529 1.23946 1.37609 1.76534 1.41566 1.21659 1.1643 1.11523 1.0852 0.954174 0.886832 0.866136 0.843766 0.856128 0.88013 0.953066 1.05304 0.914248 0.862944 0.859788 0.839504 0.849588 
0 0 0 0 0 0 0 0 0 0 0 0 0 0 0 0 0 0 0 0 0 0 0 0 0 0 0 0 0 0 0 0 0 0 0 0.015541 0.0800109 0.265941 0.51194 0.975241 1.27186 1.47756 1.53463 1.60919 1.59569 1.66062 1.96392 2.04456 1.47454 1.09822 0.930665 0.876533 0.702699 0.646683 0.610674 0.530109 0.476814 0.491417 0.448079 0.436859 0.426183 0.442361 0.52226 0.539476 0.550383 0.620556 0.747492 0.694191 0.68027 0.673224 0.726273 0.783036 0.808069 0.794682 0.77445 0.836962 0.916016 1.02333 1.14133 1.23942 1.37123 1.75909 1.40949 1.2146 1.16387 1.11582 1.08387 0.95668 0.887532 0.867612 0.84436 0.858598 0.882046 0.954286 1.0513 0.915057 0.862194 0.861658 0.841052 0.850323 
0 0 0 0 0 0 0 0 0 0 0 0 0 0 0 0 0 0 0 0 0 0 0 0 0 0 0 0 0 0 0 0 0 0 0 0.0153491 0.0797126 0.264572 0.512311 0.982771 1.28042 1.47433 1.53694 1.61138 1.59852 1.65317 1.96186 2.03059 1.47153 1.09148 0.928677 0.878606 0.702323 0.647777 0.611288 0.529904 0.477113 0.492914 0.44725 0.440121 0.429756 0.441478 0.524882 0.541154 0.551066 0.622557 0.747005 0.693849 0.682761 0.672292 0.729457 0.78118 0.804381 0.801325 0.777285 0.838966 0.916834 1.0218 1.13898 1.2384 1.36671 1.75406 1.40167 1.21384 1.16387 1.11378 1.08307 0.960238 0.888331 0.868975 0.84539 0.860617 0.884197 0.955868 1.04841 0.916079 0.861769 0.864989 0.840943 0.851007 
0 0 0 0 0 0 0 0 0 0 0 0 0 0 0 0 0 0 0 0 0 0 0 0 0 0 0 0 0 0 0 0 0 0 0 0.0151619 0.0794246 0.264072 0.51215 0.990416 1.28768 1.47746 1.53094 1.61582 1.59941 1.64846 1.95803 2.01832 1.46901 1.08534 0.926072 0.880048 0.702573 0.648579 0.611066 0.530155 0.477562 0.495363 0.445505 0.442965 0.432855 0.443379 0.5247 0.544043 0.553946 0.621952 0.746021 0.69431 0.684713 0.673961 0.730212 0.77948 0.801217 0.80731 0.781958 0.839778 0.916803 1.02036 1.13732 1.23642 1.36265 1.74751 1.39589 1.21211 1.16376 1.11236 1.08207 0.965321 0.888279 0.870631 0.846748 0.861108 0.887048 0.957309 1.04611 0.917417 0.861017 0.868136 0.841015 0.850723 
0 0 0 0 0 0 0 0 0 0 0 0 0 0 0 0 0 0 0 0 0 0 0 0 0 0 0 0 0 0 0 0 0 0 0 0.0149793 0.0788775 0.263391 0.513851 0.991252 1.30145 1.47869 1.526 1.62093 1.59882 1.64608 1.9504 2.00865 1.46497 1.08227 0.922045 0.879049 0.705988 0.647366 0.610834 0.531971 0.47862 0.495543 0.446808 0.444046 0.434512 0.44791 0.523871 0.546189 0.555369 0.622174 0.744203 0.695734 0.686706 0.677589 0.72725 0.779154 0.798878 0.812596 0.786287 0.841509 0.915947 1.02023 1.13491 1.23401 1.35912 1.74051 1.3912 1.21132 1.16184 1.1104 1.08212 0.97058 0.889304 0.87072 0.849396 0.860918 0.889568 0.959101 1.04281 0.920098 0.858695 0.872828 0.84086 0.849744 
0 0 0 0 0 0 0 0 0 0 0 0 0 0 0 0 0 0 0 0 0 0 0 0 0 0 0 0 0 0 0 0 0 0 0 0.0148009 0.0783445 0.263486 0.515704 0.991854 1.31197 1.48384 1.52192 1.61992 1.60141 1.64541 1.94206 1.99962 1.4595 1.07978 0.918866 0.876444 0.708065 0.649498 0.60922 0.533549 0.481718 0.493882 0.448845 0.444384 0.437553 0.450423 0.524286 0.548669 0.556361 0.621337 0.744186 0.696452 0.689755 0.679892 0.724561 0.777681 0.798933 0.815336 0.791274 0.843746 0.914789 1.02069 1.13194 1.2313 1.35686 1.73247 1.38688 1.21142 1.15956 1.10845 1.08225 0.973549 0.891716 0.871673 0.85129 0.860726 0.891788 0.961776 1.03975 0.921539 0.859239 0.874765 0.840771 0.849456 
0 0 0 0 0 0 0 0 0 0 0 0 0 0 0 0 0 0 0 0 0 0 0 0 0 0 0 0 0 0 0 0 0 0 0 0.0146268 0.0778227 0.263255 0.518518 0.99356 1.3232 1.4851 1.51928 1.61612 1.60705 1.64425 1.93528 1.98616 1.45854 1.07548 0.917373 0.873453 0.708637 0.652326 0.609238 0.533364 0.485621 0.492694 0.448909 0.445328 0.44181 0.451285 0.524921 0.550756 0.557962 0.620091 0.744096 0.698251 0.693795 0.679603 0.723343 0.775106 0.801167 0.816464 0.796775 0.845938 0.915793 1.01813 1.13027 1.22923 1.35323 1.72557 1.38238 1.21124 1.15709 1.10649 1.08353 0.974711 0.895553 0.872126 0.853525 0.860538 0.892834 0.964739 1.03745 0.922374 0.860524 0.875197 0.840294 0.850231 
0 0 0 0 0 0 0 0 0 0 0 0 0 0 0 0 0 0 0 0 0 0 0 0 0 0 0 0 0 0 0 0 0 0 0 0.0144567 0.0773094 0.264097 0.521574 0.994865 1.33339 1.48764 1.51661 1.61325 1.60905 1.64471 1.92795 1.97338 1.45746 1.07108 0.916745 0.870981 0.707976 0.655116 0.608462 0.535497 0.488748 0.491436 0.449048 0.445727 0.447401 0.451368 0.525475 0.551337 0.560568 0.619747 0.742408 0.702213 0.696747 0.678205 0.722128 0.773573 0.803222 0.818467 0.800169 0.84896 0.915965 1.01683 1.12786 1.2274 1.3494 1.71928 1.37761 1.21113 1.1546 1.10484 1.08536 0.975954 0.899735 0.872232 0.854204 0.860734 0.894854 0.966818 1.03567 0.922509 0.862472 0.875135 0.839822 0.851237 
0 0 0 0 0 0 0 0 0 0 0 0 0 0 0 0 0 0 0 0 0 0 0 0 0 0 0 0 0 0 0 0 0 0 0 0.0142906 0.0768023 0.264538 0.52426 0.997239 1.34274 1.49057 1.51278 1.61052 1.60958 1.64666 1.92179 1.96296 1.45337 1.06823 0.914867 0.868816 0.707573 0.658456 0.60767 0.536307 0.492366 0.49155 0.44845 0.4454 0.452207 0.45469 0.523904 0.551314 0.564416 0.618106 0.74122 0.707421 0.698909 0.675822 0.720402 0.773865 0.804116 0.821628 0.801191 0.852284 0.917142 1.01769 1.12315 1.22563 1.34569 1.71337 1.37262 1.21065 1.15309 1.10274 1.08759 0.977478 0.902429 0.874351 0.854273 0.861313 0.896058 0.969374 1.0335 0.922703 0.864709 0.874716 0.839053 0.85225 
0 0 0 0 0 0 0 0 0 0 0 0 0 0 0 0 0 0 0 0 0 0 0 0 0 0 0 0 0 0 0 0 0 0 0 0.0141282 0.0762711 0.266486 0.524125 0.999252 1.35437 1.49195 1.50958 1.60891 1.60841 1.6474 1.91863 1.95144 1.44829 1.06796 0.913098 0.865286 0.707139 0.65848 0.60975 0.539056 0.494723 0.491674 0.44643 0.446604 0.455397 0.459499 0.522839 0.551698 0.566834 0.616896 0.741901 0.710602 0.701467 0.673153 0.718706 0.774827 0.804877 0.823691 0.802991 0.85512 0.918343 1.01836 1.11898 1.22321 1.34378 1.70667 1.36737 1.21137 1.15076 1.10118 1.08944 0.979665 0.90341 0.876486 0.854466 0.862777 0.898198 0.970161 1.03185 0.923358 0.866484 0.874447 0.838349 0.852652 
0 0 0 0 0 0 0 0 0 0 0 0 0 0 0 0 0 0 0 0 0 0 0 0 0 0 0 0 0 0 0 0 0 0 0 0.0139694 0.0761919 0.267516 0.525466 1.00086 1.36431 1.49354 1.50614 1.60758 1.60759 1.64869 1.9161 1.93856 1.44543 1.065 0.911971 0.863603 0.706597 0.656968 0.611926 0.544675 0.495111 0.49118 0.445826 0.449035 0.456962 0.46365 0.521316 0.552602 0.568306 0.616928 0.742346 0.71335 0.702799 0.671826 0.717211 0.774894 0.805972 0.825585 0.805972 0.856725 0.920202 1.01794 1.11541 1.22073 1.34114 1.70084 1.36236 1.21244 1.14766 1.10119 1.08935 0.982709 0.90479 0.87878 0.854483 0.863858 0.9003 0.971668 1.02959 0.924187 0.866364 0.875619 0.838761 0.852362 
0 0 0 0 0 0 0 0 0 0 0 0 0 0 0 0 0 0 0 0 0 0 0 0 0 0 0 0 0 0 0 0 0 0 0 0.0138142 0.0757858 0.269509 0.525366 1.00897 1.36854 1.49422 1.50335 1.60586 1.60771 1.65373 1.90932 1.92633 1.44229 1.06197 0.911695 0.861178 0.706626 0.655504 0.615018 0.549426 0.494754 0.490057 0.445519 0.451647 0.459124 0.466087 0.521665 0.553421 0.569043 0.61826 0.742691 0.714335 0.704334 0.670814 0.717491 0.773715 0.807447 0.826064 0.809624 0.858594 0.921272 1.01844 1.11277 1.21822 1.33738 1.69506 1.35777 1.21249 1.14513 1.10109 1.08995 0.986327 0.905417 0.879724 0.854774 0.866287 0.902354 0.972064 1.02943 0.92343 0.865801 0.877267 0.839078 0.851208 
0 0 0 0 0 0 0 0 0 0 0 0 0 0 0 0 0 0 0 0 0 0 0 0 0 0 0 0 0 0 0 0 0 0 0 0.0136624 0.0757504 0.270544 0.526848 1.01604 1.37182 1.49268 1.50255 1.60727 1.60629 1.65832 1.90154 1.91546 1.43891 1.06022 0.910541 0.858499 0.706851 0.653524 0.618619 0.553358 0.495313 0.489942 0.444533 0.454274 0.460212 0.468681 0.522018 0.554865 0.567588 0.622139 0.742682 0.713565 0.706657 0.670057 0.718562 0.771318 0.809659 0.826882 0.812607 0.860467 0.92339 1.0181 1.11 1.21595 1.33374 1.68897 1.35436 1.21184 1.14504 1.09856 1.09264 0.986455 0.906738 0.880758 0.856031 0.869247 0.90329 0.97347 1.02826 0.922603 0.865255 0.878849 0.839609 0.849804 
0 0 0 0 0 0 0 0 0 0 0 0 0 0 0 0 0 0 0 0 0 0 0 0 0 0 0 0 0 0 0 0 0 0 0 0.0135139 0.0761129 0.270931 0.527995 1.02231 1.37475 1.49186 1.50208 1.61007 1.60431 1.66003 1.89347 1.90696 1.43535 1.06051 0.909864 0.855586 0.705921 0.65219 0.618819 0.559727 0.495964 0.490679 0.443346 0.456001 0.463481 0.468817 0.522949 0.557146 0.566729 0.624555 0.744264 0.711878 0.707327 0.67081 0.719308 0.76977 0.810192 0.826506 0.817607 0.863939 0.923569 1.01653 1.10884 1.21271 1.33105 1.68285 1.35114 1.21131 1.14494 1.09622 1.09494 0.986531 0.907442 0.883472 0.856876 0.871862 0.903659 0.975123 1.02735 0.922168 0.86463 0.880229 0.839203 0.849451 
0 0 0 0 0 0 0 0 0 0 0 0 0 0 0 0 0 0 0 0 0 0 0 0 0 0 0 0 0 0 0 0 0 0 0 0.0133686 0.0767067 0.270757 0.530975 1.02908 1.37428 1.49168 1.50028 1.61662 1.60147 1.65735 1.88851 1.89992 1.43211 1.0597 0.909933 0.850371 0.704462 0.652881 0.621092 0.563382 0.496403 0.491962 0.445253 0.455175 0.466198 0.469018 0.523666 0.558394 0.568259 0.625723 0.745661 0.710862 0.705784 0.673294 0.720499 0.769554 0.809411 0.826867 0.820996 0.868315 0.922939 1.01471 1.10801 1.21012 1.32737 1.67799 1.34819 1.21144 1.14492 1.09377 1.09626 0.986437 0.908149 0.88622 0.857177 0.874823 0.905736 0.974725 1.0269 0.921768 0.864051 0.881459 0.838983 0.850573 
0 0 0 0 0 0 0 0 0 0 0 0 0 0 0 0 0 0 0 0 0 0 0 0 0 0 0 0 0 0 0 0 0 0 0 0.0132264 0.076871 0.27184 0.533834 1.03404 1.37409 1.49102 1.50186 1.62117 1.59844 1.6541 1.88468 1.89334 1.42833 1.05936 0.909642 0.84582 0.703323 0.652622 0.622308 0.567868 0.497296 0.492776 0.447435 0.454816 0.466458 0.470526 0.523805 0.561429 0.570324 0.625826 0.746677 0.710262 0.704289 0.676117 0.720855 0.769832 0.808949 0.825988 0.826165 0.871532 0.922025 1.01349 1.10732 1.20721 1.32306 1.67338 1.3458 1.21141 1.14488 1.09157 1.0967 0.985723 0.910219 0.887668 0.85957 0.876873 0.90859 0.973236 1.02548 0.922708 0.863358 0.882391 0.838163 0.852176 
0 0 0 0 0 0 0 0 0 0 0 0 0 0 0 0 0 0 0 0 0 0 0 0 0 0 0 0 0 0 0 0 0 0 0 0.0130871 0.0770319 0.272918 0.53503 1.03952 1.37454 1.49109 1.50275 1.62573 1.59687 1.6491 1.88236 1.8853 1.42516 1.06055 0.906964 0.842618 0.702025 0.652036 0.623697 0.571947 0.500211 0.493892 0.447961 0.453728 0.467889 0.470962 0.524227 0.564435 0.571856 0.628066 0.746283 0.710075 0.701938 0.67918 0.719969 0.771862 0.807924 0.825829 0.830735 0.875435 0.920226 1.01207 1.1047 1.20763 1.31868 1.66775 1.3452 1.21082 1.14296 1.09055 1.098 0.983307 0.913107 0.889312 0.862421 0.877933 0.911779 0.971572 1.02414 0.924045 0.863063 0.8827 0.836846 0.853934 
0 0 0 0 0 0 0 0 0 0 0 0 0 0 0 0 0 0 0 0 0 0 0 0 0 0 0 0 0 0 0 0 0 0 0 0.0129508 0.0768497 0.274023 0.538633 1.0421 1.37382 1.49281 1.50673 1.62797 1.59452 1.64471 1.87881 1.88021 1.42134 1.06095 0.904027 0.839791 0.700322 0.65148 0.624596 0.575527 0.503852 0.495113 0.448812 0.453246 0.468614 0.470618 0.526991 0.565212 0.574689 0.630045 0.745211 0.7094 0.699957 0.680798 0.720249 0.774712 0.80712 0.826435 0.832692 0.879796 0.919054 1.01051 1.10287 1.20864 1.31339 1.6637 1.34218 1.21154 1.14037 1.09065 1.09816 0.981698 0.91557 0.890647 0.866036 0.879239 0.914126 0.970839 1.0231 0.924024 0.862657 0.883242 0.836348 0.854139 
0 0 0 0 0 0 0 0 0 0 0 0 0 0 0 0 0 0 0 0 0 0 0 0 0 0 0 0 0 0 0 0 0 0 0 0.0128173 0.0780349 0.273615 0.542092 1.04545 1.37074 1.49631 1.51258 1.62782 1.59283 1.63975 1.87639 1.87349 1.41875 1.06119 0.90193 0.835952 0.699475 0.652185 0.623011 0.578615 0.509812 0.497296 0.447979 0.452877 0.469258 0.469548 0.530034 0.566301 0.577205 0.631527 0.744012 0.708852 0.698467 0.680939 0.722073 0.777072 0.805986 0.828373 0.833557 0.883003 0.919604 1.00786 1.10215 1.20837 1.30961 1.66059 1.33913 1.21095 1.13818 1.09169 1.09737 0.980705 0.917758 0.891953 0.868535 0.882052 0.914544 0.971006 1.02237 0.923827 0.862993 0.882752 0.83564 0.854543 
0 0 0 0 0 0 0 0 0 0 0 0 0 0 0 0 0 0 0 0 0 0 0 0 0 0 0 0 0 0 0 0 0 0 0 0.0126865 0.0789803 0.273221 0.545153 1.04642 1.37023 1.50102 1.51669 1.62859 1.59004 1.63705 1.87128 1.86897 1.41702 1.05978 0.89985 0.833003 0.697998 0.653057 0.62267 0.580734 0.515888 0.498655 0.44722 0.453477 0.468832 0.468613 0.534674 0.566457 0.580607 0.632125 0.742575 0.707973 0.696963 0.681475 0.724289 0.778286 0.805921 0.829877 0.834469 0.885426 0.920047 1.0068 1.10108 1.20702 1.30987 1.65354 1.33571 1.21059 1.13712 1.09185 1.09679 0.980003 0.920828 0.892485 0.871258 0.884739 0.914062 0.972688 1.02057 0.924601 0.862839 0.882418 0.834577 0.855428 
0 0 0 0 0 0 0 0 0 0 0 0 0 0 0 0 0 0 0 0 0 0 0 0 0 0 0 0 0 0 0 0 0 0 0 0.0125584 0.0795429 0.274822 0.544722 1.04662 1.37277 1.50586 1.51961 1.63132 1.58528 1.63529 1.86399 1.86781 1.41486 1.05758 0.897192 0.830666 0.696585 0.653336 0.622444 0.584541 0.51881 0.501981 0.446963 0.453537 0.468107 0.469054 0.538054 0.567156 0.584094 0.631703 0.74063 0.707602 0.695345 0.682104 0.725931 0.780553 0.806451 0.831836 0.834822 0.886089 0.920074 1.00849 1.09859 1.2064 1.31022 1.64589 1.33328 1.20842 1.13707 1.0923 1.09663 0.979001 0.923887 0.892882 0.873809 0.886692 0.914949 0.974569 1.01839 0.924529 0.862576 0.882105 0.83467 0.85606 
0 0 0 0 0 0 0 0 0 0 0 0 0 0 0 0 0 0 0 0 0 0 0 0 0 0 0 0 0 0 0 0 0 0 0 0.0124328 0.0796483 0.275988 0.546178 1.04509 1.37571 1.51429 1.51778 1.63536 1.58186 1.63341 1.85551 1.8678 1.41268 1.0533 0.895149 0.828809 0.697764 0.651424 0.623105 0.586728 0.522502 0.505536 0.446808 0.453364 0.466662 0.470161 0.541446 0.569049 0.586353 0.631051 0.739133 0.706606 0.693712 0.683423 0.726448 0.782344 0.807822 0.834211 0.835153 0.886859 0.919283 1.00935 1.09811 1.20735 1.30852 1.63879 1.33015 1.20589 1.1373 1.09222 1.09713 0.979137 0.926454 0.893446 0.877027 0.887136 0.916751 0.975764 1.01588 0.924278 0.862915 0.882173 0.833946 0.85645 
