0 0 0 0 0 0 0 0 0 0 0 0 0 0 0 0 0 0 0 0 0 0 0 0 0 0 0 0 0 0 0 0 0 0 0 0 0 0 0 0 0 0 0 0 0 0 0 0 0 0 0 0 0 0 0 0 0 0 0 0 0 0 0 0 0 0 0 0 0 0 0 0 0 0 0 0 0 0 0 0 0 0 0 0 0 0 0 0 0 0 0 0 0 0 0 0 0 0 0 0 
0 0 0 0 0 0 0 0 0 0 0 0 0 0 0 0 0 0 0 0 0 0 0 0 0 0 0 0 0 0 0 0 0 0 0 0 0 0 0 0 0 0 0 0 0.0372794 0.58682 0.181017 2.16554 1.34284 0.0129563 0 0 0 0 0 0 0 0 0 0 0 0 0 0 0 0.61648 1.24814 0.559855 0.0698685 0 0 0 0 0 0 0 0 0 0 0.0524819 1.66566 3.33595 1.34148 0.272517 0 0 0 0 0 0 0 0 0.173432 0.347218 1.13952 0.579187 0.0381597 0 0 0 
0 0 0 0 0 0 0 0 0 0 0 0 0 0 0 0 0 0 0 0 0 0 0 0 0 0 0 0 0 0 0 0 0 0 0 0 0 0 0 0 0 0 0 0.0257366 0.168765 0.883606 0.581363 2.18681 1.28742 0.316218 0.00843434 0 0 0 0 0 0 0 0 0 0 0 0 0 0.152701 0.477548 1.09433 0.341988 0.24224 0 0 0 0 0 0 0 0 0 0.0144054 0.439199 1.17803 2.7607 0.789743 0.588653 0.11949 0 0 0 0 0 0 0.0455557 0.267302 0.201788 1.00109 0.458215 0.107858 0.0177473 0 0 
0 0 0 0 0 0 0 0 0 0 0 0 0 0 0 0 0 0 0 0 0 0 0 0 0 0 0 0 0 0 0 0 0 0 0 0 0 0 0 0 0 0 0.0199912 0.0583561 0.311872 0.872881 0.797623 1.98146 1.01252 0.443905 0.112345 0.00617857 0 0 0 0 0 0 0 0 0 0 0 0.0358501 0.194016 0.349579 0.93495 0.248268 0.271012 0.0815135 0 0 0 0 0 0 0 0.00774009 0.160008 0.517067 0.86845 2.39138 0.564866 0.567581 0.216324 0.0511255 0 0 0 0 0.0262783 0.105213 0.255884 0.171836 0.886271 0.343765 0.170854 0.0528535 0.0095387 0 
0 0 0 0 0 0 0 0 0 0 0 0 0 0 0 0 0 0 0 0 0 0 0 0 0 0 0 0 0 0 0 0 0 0 0 0 0 0 0 0 0 0.0165631 0.0402892 0.126371 0.394765 0.769888 0.888309 1.8445 0.799423 0.55359 0.174585 0.0602367 0.0048294 0 0 0 0 0 0 0 0 0 0.0149138 0.0775603 0.190417 0.272736 0.824442 0.217463 0.244702 0.112348 0.0380677 0 0 0 0 0 0.0037553 0.0736012 0.265122 0.487964 0.674412 2.12399 0.492561 0.509916 0.299623 0.0863615 0.0380218 0.0021034 0.0041446 0.00880552 0.0579479 0.124136 0.218597 0.177804 0.792853 0.268001 0.203792 0.0617654 0.0222684 0.00750808 
0 0 0 0 0 0 0 0 0 0 0 0 0 0 0 0 0 0 0 0 0 0 0 0 0 0 0 0 0 0 0 0 0 0 0 0 0 0 0 0 0.0142903 0.0271112 0.09153 0.167858 0.427979 0.646001 0.887712 1.71186 0.654276 0.522651 0.234709 0.101542 0.0491393 0.00393373 0 0 0 0 0 0 0 0.00766601 0.0475996 0.100138 0.167936 0.222772 0.741426 0.197951 0.211768 0.123287 0.0565182 0.00795125 0 0 0 0.00317753 0.0344658 0.125641 0.287658 0.440884 0.550936 1.91237 0.450375 0.438374 0.291016 0.145249 0.056583 0.0317778 0.00601096 0.0308157 0.0640868 0.1303 0.188189 0.190957 0.713248 0.21892 0.180232 0.0882197 0.0370729 0.0186369 
0 0 0 0 0 0 0 0 0 0 0 0 0 0 0 0 0 0 0 0 0 0 0 0 0 0 0 0 0 0 0 0 0 0 0 0 0 0 0 0.0126729 0.0204933 0.0501527 0.0983513 0.215484 0.444164 0.548861 0.887925 1.58222 0.553062 0.460008 0.262729 0.164874 0.050163 0.0383386 0.00329748 0 0 0 0 0 0.00394669 0.0160727 0.0602945 0.104297 0.148606 0.188691 0.672792 0.189335 0.18014 0.124343 0.0683302 0.0360857 0.00299947 0 0.00276549 0.0168618 0.078852 0.168308 0.276604 0.391581 0.468633 1.74563 0.443465 0.38839 0.267691 0.173225 0.0845166 0.0421422 0.0352232 0.0441078 0.071688 0.128521 0.159271 0.185112 0.647643 0.187609 0.157723 0.106704 0.0434205 0.0387488 
0 0 0 0 0 0 0 0 0 0 0 0 0 0 0 0 0 0 0 0 0 0 0 0 0 0 0 0 0 0 0 0 0 0 0 0 0 0 0.011458 0.0158979 0.0249855 0.0766811 0.125834 0.234632 0.408399 0.478485 0.872439 1.46958 0.481149 0.402271 0.28743 0.186318 0.0717272 0.0359567 0.0327075 0 0 0 0 0 0.0133675 0.0394088 0.0646328 0.0999461 0.131304 0.165548 0.616885 0.181088 0.156008 0.122144 0.0744401 0.0379757 0.0224965 0.00245697 0.0136261 0.0428247 0.105522 0.175958 0.268737 0.344435 0.410806 1.60878 0.433012 0.339684 0.252924 0.182457 0.107496 0.0525051 0.061215 0.05022 0.0829018 0.115249 0.138415 0.182992 0.593343 0.165378 0.137788 0.106799 0.0690839 0.0593467 
0 0 0 0 0 0 0 0 0 0 0 0 0 0 0 0 0 0 0 0 0 0 0 0 0 0 0 0 0 0 0 0 0 0 0 0 0 0.0105018 0.0102246 0.0244576 0.0525614 0.0802028 0.138038 0.268139 0.364853 0.423195 0.850352 1.37386 0.428308 0.358182 0.272244 0.189768 0.10388 0.0591835 0.029423 0.0249504 0 0 0 0.00897476 0.0262166 0.039091 0.0687266 0.0959933 0.116742 0.149518 0.569691 0.174067 0.137777 0.11856 0.0695213 0.0463651 0.0291783 0.01679 0.0363805 0.054748 0.130831 0.174408 0.25022 0.304707 0.36852 1.48873 0.417034 0.299636 0.240423 0.175795 0.118788 0.08091 0.0686033 0.0572593 0.089012 0.106914 0.122496 0.177945 0.54814 0.150716 0.123193 0.100461 0.0885736 0.0755149 
0 0 0 0 0 0 0 0 0 0 0 0 0 0 0 0 0 0 0 0 0 0 0 0 0 0 0 0 0 0 0 0 0 0 0 0 0.00577474 0.0108839 0.018976 0.037504 0.0581108 0.0989164 0.152404 0.267164 0.331273 0.379596 0.818752 1.29466 0.386789 0.321216 0.254603 0.195286 0.125884 0.0640153 0.0346 0.0240597 0.0178239 0 0.00495308 0.0118887 0.0369257 0.0371855 0.0707406 0.0891075 0.10477 0.136985 0.528395 0.169459 0.123442 0.10809 0.0737424 0.0498791 0.0286084 0.0435593 0.0521662 0.0765007 0.13237 0.171315 0.231525 0.27254 0.336169 1.38556 0.399486 0.268215 0.22217 0.165706 0.131889 0.0980214 0.0751936 0.0772284 0.0872122 0.0986161 0.109637 0.176336 0.508307 0.141895 0.111622 0.0948001 0.0989959 0.0959977 
0 0 0 0 0 0 0 0 0 0 0 0 0 0 0 0 0 0 0 0 0 0 0 0 0 0 0 0 0 0 0 0 0 0 0 0 0.00998493 0.0132237 0.022162 0.0549828 0.0589976 0.108617 0.157797 0.273463 0.299936 0.343922 0.79051 1.22456 0.353733 0.291071 0.233602 0.192438 0.130461 0.0816344 0.0470939 0.023911 0.0183299 0.0140349 0.0108115 0.0214263 0.034458 0.0486318 0.0676688 0.0807767 0.0952474 0.127168 0.493135 0.163185 0.112659 0.0983116 0.0757553 0.0489955 0.0429052 0.0534884 0.0689972 0.0910048 0.133148 0.163921 0.21423 0.246559 0.316605 1.29278 0.384882 0.243767 0.203665 0.161679 0.140444 0.10339 0.0829744 0.0896076 0.0839601 0.0914288 0.0992589 0.173252 0.472639 0.133563 0.101049 0.0953169 0.0989843 0.111609 
0 0 0 0 0 0 0 0 0 0 0 0 0 0 0 0 0 0 0 0 0 0 0 0 0 0 0 0 0 0 0 0 0 0 0 0.00498246 0.0101662 0.0181279 0.0333914 0.0599335 0.0706504 0.109096 0.168954 0.256808 0.274754 0.315319 0.763803 1.15665 0.329357 0.265788 0.217468 0.179789 0.139136 0.0993954 0.0446166 0.0397007 0.0172049 0.0191981 0.0195998 0.0300556 0.0319035 0.0532244 0.0652482 0.0739927 0.0869605 0.119338 0.461887 0.158825 0.103347 0.0898057 0.0782232 0.0512756 0.0572871 0.0585034 0.08238 0.100482 0.130851 0.157369 0.19756 0.225096 0.299936 1.21279 0.372926 0.2253 0.188817 0.158885 0.135436 0.111713 0.0969349 0.0913583 0.0866525 0.0836817 0.0906202 0.169768 0.442127 0.126759 0.0946792 0.0900262 0.100369 0.119167 
0 0 0 0 0 0 0 0 0 0 0 0 0 0 0 0 0 0 0 0 0 0 0 0 0 0 0 0 0 0 0 0 0 0 0 0.00875632 0.012032 0.021375 0.045974 0.056749 0.0848425 0.111742 0.180265 0.239091 0.253207 0.294299 0.734075 1.09829 0.307106 0.244509 0.200644 0.169985 0.138733 0.103468 0.0613981 0.0413229 0.0226234 0.0200357 0.030679 0.0317346 0.0357703 0.0521209 0.0611308 0.068379 0.0800512 0.113991 0.433867 0.1556 0.0956679 0.0828001 0.0732852 0.0664104 0.0576463 0.0750176 0.0839112 0.107566 0.127855 0.149592 0.184039 0.207442 0.285476 1.14344 0.360802 0.209385 0.175319 0.152849 0.134464 0.114898 0.102683 0.0914408 0.0856898 0.0778717 0.0834042 0.163791 0.414531 0.120963 0.0901076 0.0857693 0.103242 0.121232 
0 0 0 0 0 0 0 0 0 0 0 0 0 0 0 0 0 0 0 0 0 0 0 0 0 0 0 0 0 0 0 0 0 0 0 0.0103295 0.0177489 0.0226652 0.0529523 0.0604146 0.0867673 0.123073 0.178564 0.222483 0.234692 0.27581 0.706542 1.04737 0.286645 0.226503 0.186296 0.160129 0.133808 0.105948 0.0776341 0.0393063 0.0320229 0.0330917 0.0290262 0.0346109 0.0394343 0.0520509 0.0573005 0.0633067 0.0741179 0.108111 0.409683 0.150837 0.0892928 0.0766626 0.0699076 0.0724333 0.0625312 0.0864531 0.0850784 0.112755 0.122903 0.142304 0.171204 0.19234 0.273602 1.08242 0.349401 0.195355 0.163097 0.148165 0.131432 0.113454 0.108953 0.090889 0.0833777 0.0735799 0.0772793 0.15841 0.389588 0.112754 0.0838534 0.0810547 0.106326 0.121256 
0 0 0 0 0 0 0 0 0 0 0 0 0 0 0 0 0 0 0 0 0 0 0 0 0 0 0 0 0 0 0 0 0 0 0 0.00999167 0.0238847 0.0372699 0.0519774 0.0649503 0.0858487 0.129895 0.183683 0.207146 0.218497 0.259702 0.682626 0.998655 0.269515 0.212604 0.173909 0.154315 0.125218 0.11013 0.0790813 0.0504925 0.035083 0.0435563 0.0289367 0.0334372 0.0469688 0.0530852 0.0533448 0.05896 0.0691314 0.102532 0.388042 0.145747 0.0839317 0.0715315 0.0701809 0.0712686 0.0725409 0.085766 0.0884306 0.113374 0.119016 0.137358 0.159383 0.17907 0.262221 1.02985 0.336967 0.183508 0.152611 0.141809 0.127709 0.112624 0.110578 0.089212 0.0828179 0.0695127 0.0719565 0.153239 0.366449 0.105379 0.0781169 0.0796354 0.105642 0.117929 
0 0 0 0 0 0 0 0 0 0 0 0 0 0 0 0 0 0 0 0 0 0 0 0 0 0 0 0 0 0 0 0 0 0 0 0.00944297 0.0300917 0.0474468 0.0496767 0.0691619 0.0928713 0.131351 0.179984 0.195134 0.204977 0.247407 0.656032 0.954533 0.255324 0.199825 0.16276 0.147262 0.118078 0.106678 0.0836849 0.0610401 0.0422836 0.0439672 0.0299217 0.0367878 0.0451359 0.0553641 0.0499036 0.0552011 0.0647514 0.0986318 0.367645 0.141283 0.0796997 0.0674388 0.068656 0.0694734 0.0853132 0.0838046 0.0951606 0.108311 0.11557 0.132569 0.149138 0.167702 0.252508 0.981295 0.325132 0.172802 0.142966 0.134991 0.124699 0.115319 0.106477 0.0875168 0.0810865 0.0667234 0.0673756 0.147115 0.345235 0.0998512 0.0736762 0.0781038 0.104628 0.114527 
0 0 0 0 0 0 0 0 0 0 0 0 0 0 0 0 0 0 0 0 0 0 0 0 0 0 0 0 0 0 0 0 0 0 0 0.00894944 0.0312423 0.057801 0.0482186 0.0741077 0.095053 0.137187 0.172519 0.184746 0.194086 0.234497 0.631038 0.914091 0.243694 0.189601 0.152946 0.140767 0.112148 0.100793 0.0916824 0.0645345 0.0516553 0.042161 0.033122 0.0400768 0.044478 0.0540815 0.046912 0.0519537 0.0610964 0.0954201 0.348701 0.136286 0.0758645 0.0644946 0.0660121 0.069536 0.088862 0.0855558 0.0973719 0.103336 0.111379 0.127017 0.140519 0.157767 0.244087 0.937023 0.314203 0.163069 0.1343 0.128111 0.122309 0.114362 0.103027 0.0873546 0.0783056 0.0640669 0.0633034 0.13978 0.326886 0.0944522 0.0694783 0.0787102 0.100887 0.11102 
0 0 0 0 0 0 0 0 0 0 0 0 0 0 0 0 0 0 0 0 0 0 0 0 0 0 0 0 0 0 0 0 0 0 0 0.00850354 0.0304718 0.0651478 0.0542154 0.0764845 0.0933492 0.142995 0.1644 0.175226 0.185271 0.222934 0.606155 0.877042 0.234325 0.179875 0.144205 0.133584 0.107348 0.0952737 0.095664 0.0725878 0.0531272 0.0426372 0.0366774 0.040046 0.0462883 0.0511141 0.0448046 0.0491537 0.058346 0.0915843 0.331884 0.131623 0.0717991 0.0611761 0.0641385 0.0698478 0.0881058 0.0905615 0.0965796 0.0982213 0.108297 0.121383 0.132868 0.149238 0.234975 0.896682 0.304428 0.154506 0.126668 0.121983 0.119979 0.112463 0.0991864 0.0854563 0.07567 0.0624207 0.0597113 0.13294 0.310786 0.0894723 0.0661783 0.0775535 0.0983145 0.106931 
0 0 0 0 0 0 0 0 0 0 0 0 0 0 0 0 0 0 0 0 0 0 0 0 0 0 0 0 0 0 0 0 0 0 0 0.00809892 0.0290958 0.0682837 0.0655216 0.0811762 0.0937927 0.142056 0.156871 0.167073 0.178641 0.21278 0.581388 0.84287 0.226246 0.171141 0.136426 0.126852 0.102342 0.0908519 0.0946022 0.0778701 0.0552425 0.0452884 0.0357223 0.0435873 0.0481733 0.0483857 0.0425435 0.0466039 0.056123 0.0879011 0.316628 0.126592 0.0679574 0.057867 0.0645616 0.0680746 0.0876025 0.0967043 0.0933478 0.0942762 0.104275 0.116425 0.125947 0.141358 0.228725 0.858729 0.29524 0.146816 0.119816 0.116165 0.118431 0.108725 0.0968138 0.0838464 0.0725264 0.0596827 0.0579335 0.1271 0.29637 0.0846589 0.0632091 0.0755565 0.0955277 0.103534 
0 0 0 0 0 0 0 0 0 0 0 0 0 0 0 0 0 0 0 0 0 0 0 0 0 0 0 0 0 0 0 0 0 0 0 0.0077303 0.0276679 0.068217 0.0719277 0.0854018 0.098054 0.142024 0.149991 0.158941 0.174052 0.202959 0.560063 0.808698 0.219521 0.164611 0.129507 0.120452 0.0982907 0.0869501 0.0917544 0.0810907 0.0596082 0.0452759 0.0385009 0.0417421 0.0522681 0.0460426 0.0404404 0.0442124 0.0533792 0.0847991 0.302259 0.121227 0.065395 0.0552084 0.0634791 0.0657094 0.0906474 0.0982507 0.0899983 0.0904532 0.100395 0.112195 0.119485 0.134142 0.222778 0.823343 0.285169 0.141111 0.113719 0.111353 0.115018 0.104742 0.0946065 0.0827396 0.0694341 0.0574014 0.0554989 0.121549 0.283396 0.0808808 0.0599967 0.0746104 0.0925068 0.0999427 
0 0 0 0 0 0 0 0 0 0 0 0 0 0 0 0 0 0 0 0 0 0 0 0 0 0 0 0 0 0 0 0 0 0 0 0.00739318 0.0264675 0.0654696 0.0775254 0.0901263 0.108103 0.138294 0.144035 0.151191 0.166552 0.194973 0.539349 0.777542 0.214046 0.158546 0.123278 0.114605 0.0953439 0.0833737 0.0898151 0.0808229 0.0649978 0.0456268 0.0390433 0.0408753 0.0540213 0.0438116 0.038569 0.0420635 0.0513236 0.0813795 0.289121 0.116386 0.0626958 0.053026 0.0607923 0.0656671 0.0935404 0.0988685 0.0860818 0.08759 0.096364 0.107975 0.113656 0.127609 0.215989 0.791217 0.276459 0.135477 0.108237 0.106248 0.111888 0.101361 0.0926378 0.0814685 0.0664944 0.0554499 0.0529582 0.116391 0.270958 0.0772136 0.0571294 0.0727518 0.0902639 0.0964078 
0 0 0 0 0 0 0 0 0 0 0 0 0 0 0 0 0 0 0 0 0 0 0 0 0 0 0 0 0 0 0 0 0 0 0 0.00708379 0.025365 0.0629429 0.0766572 0.0993262 0.110984 0.136792 0.139035 0.144262 0.160209 0.187179 0.520516 0.749432 0.208015 0.152744 0.118392 0.109702 0.0916914 0.0803245 0.088065 0.0793023 0.067846 0.0468743 0.0383896 0.0435291 0.0519186 0.0426788 0.0369453 0.0401685 0.0499676 0.0777074 0.277251 0.112132 0.0598151 0.0510906 0.0580422 0.0663712 0.094657 0.097607 0.0827109 0.0848482 0.0935047 0.103389 0.108379 0.121845 0.209182 0.761646 0.268418 0.129844 0.103218 0.101598 0.109089 0.099214 0.0895836 0.0797595 0.0638781 0.0534343 0.0506489 0.111196 0.259715 0.0738069 0.0548285 0.0707585 0.0871162 0.0936682 
0 0 0 0 0 0 0 0 0 0 0 0 0 0 0 0 0 0 0 0 0 0 0 0 0 0 0 0 0 0 0 0 0 0 0 0.00679889 0.02471 0.0604445 0.07686 0.106938 0.115408 0.1347 0.133369 0.137992 0.154795 0.179393 0.502996 0.722092 0.203278 0.147228 0.11473 0.105007 0.0883956 0.0775669 0.0860443 0.0777462 0.0674501 0.0493097 0.0386326 0.0455248 0.0497392 0.0422458 0.0354635 0.0383989 0.0482933 0.0742826 0.266549 0.108619 0.0571554 0.0496453 0.055927 0.0642071 0.0961172 0.0958488 0.0797808 0.0824254 0.0904712 0.0991229 0.103777 0.117035 0.20357 0.733686 0.260863 0.124189 0.0995784 0.0981131 0.10642 0.0973477 0.0859611 0.0794544 0.0617281 0.0516996 0.0483975 0.106651 0.248796 0.0705559 0.0528518 0.0680997 0.0842315 0.0910119 
0 0 0 0 0 0 0 0 0 0 0 0 0 0 0 0 0 0 0 0 0 0 0 0 0 0 0 0 0 0 0 0 0 0 0 0.00653575 0.0238618 0.0584124 0.0772033 0.107201 0.121244 0.133895 0.128766 0.132123 0.148216 0.174052 0.487256 0.695663 0.197607 0.144044 0.111506 0.10084 0.0846894 0.0758222 0.0842811 0.0770489 0.0679342 0.0487575 0.0380517 0.0460746 0.0484516 0.0405378 0.0345222 0.0368148 0.0463788 0.0711513 0.256695 0.104734 0.0547546 0.0475743 0.0541116 0.0629213 0.0966499 0.0932341 0.0773202 0.080316 0.0869984 0.0956601 0.0994865 0.112509 0.198875 0.70783 0.252923 0.119187 0.0955489 0.0942519 0.103748 0.0950223 0.0827802 0.0789675 0.0597523 0.0495229 0.0465085 0.102443 0.238559 0.0675533 0.0513447 0.065515 0.0814952 0.088399 
0 0 0 0 0 0 0 0 0 0 0 0 0 0 0 0 0 0 0 0 0 0 0 0 0 0 0 0 0 0 0 0 0 0 0 0.006292 0.0230744 0.0560626 0.0740553 0.112015 0.123984 0.132319 0.12516 0.126733 0.142216 0.169481 0.471945 0.671619 0.191545 0.141446 0.107922 0.0968031 0.0815353 0.0747264 0.0821465 0.0763965 0.067108 0.0490164 0.0376351 0.0451713 0.0483037 0.0388999 0.0338449 0.0354694 0.0446123 0.0682727 0.248062 0.101231 0.0530605 0.0456769 0.0523757 0.0622184 0.095838 0.0915472 0.0745412 0.077685 0.0844494 0.0924024 0.0954319 0.108473 0.19405 0.683442 0.245411 0.11471 0.0919303 0.0909547 0.101022 0.0917778 0.080734 0.0781199 0.0580279 0.047502 0.0446165 0.0983724 0.229029 0.0647991 0.0496304 0.0634771 0.0785674 0.0855664 
0 0 0 0 0 0 0 0 0 0 0 0 0 0 0 0 0 0 0 0 0 0 0 0 0 0 0 0 0 0 0 0 0 0 0 0.00606559 0.0223366 0.0538697 0.0711679 0.114588 0.123918 0.129173 0.123635 0.121816 0.137058 0.166843 0.456682 0.648367 0.187396 0.138765 0.104461 0.0932568 0.0789273 0.0728637 0.0805652 0.0747499 0.0659176 0.0478946 0.0410325 0.0434658 0.0480868 0.0374963 0.0327329 0.035898 0.0433173 0.065828 0.239172 0.0985876 0.0514657 0.0438863 0.0509976 0.0618406 0.0935545 0.08989 0.0732302 0.0747763 0.0824057 0.0892976 0.0918028 0.104597 0.189415 0.6607 0.238163 0.110712 0.0884614 0.0879292 0.0979596 0.0887819 0.0788277 0.0775406 0.0563134 0.0456384 0.042897 0.0945256 0.220543 0.0624297 0.0478253 0.0616419 0.0759815 0.0826974 
0 0 0 0 0 0 0 0 0 0 0 0 0 0 0 0 0 0 0 0 0 0 0 0 0 0 0 0 0 0 0 0 0 0 0 0.0082191 0.0218167 0.051863 0.0685177 0.115641 0.122253 0.127399 0.121797 0.118507 0.132065 0.165139 0.441596 0.627158 0.183822 0.135915 0.101816 0.0897965 0.0762009 0.0709041 0.079382 0.0728757 0.0652738 0.0481548 0.0411697 0.0418816 0.0469548 0.0363162 0.0316454 0.0367767 0.0418927 0.0635615 0.230895 0.0958468 0.0496073 0.0423861 0.0498183 0.0609268 0.0913451 0.0879178 0.0719358 0.0724536 0.0806776 0.0860118 0.0883621 0.100855 0.185396 0.639402 0.231183 0.107352 0.0851305 0.084747 0.0948499 0.0861004 0.077971 0.0765903 0.0543407 0.04392 0.0413518 0.0909758 0.212762 0.0600802 0.0464937 0.0599791 0.0737925 0.079774 
0 0 0 0 0 0 0 0 0 0 0 0 0 0 0 0 0 0 0 0 0 0 0 0 0 0 0 0 0 0 0 0 0 0 0 0.00794682 0.0211694 0.049977 0.0661215 0.11432 0.121683 0.125468 0.121674 0.114603 0.127453 0.163147 0.427115 0.607319 0.180717 0.133179 0.0987961 0.0866048 0.0734589 0.0695235 0.0781099 0.0717711 0.0637677 0.0483976 0.0407053 0.0407522 0.0456433 0.0350795 0.0308742 0.0373144 0.0403703 0.0616831 0.223475 0.0927247 0.0478088 0.0412534 0.0485904 0.0604147 0.0883853 0.086575 0.0712133 0.0709329 0.0779968 0.0829662 0.0851971 0.0974718 0.180612 0.619607 0.22507 0.104088 0.0820364 0.0819231 0.0919059 0.0835221 0.0771093 0.0751573 0.0524735 0.0423696 0.040008 0.0876896 0.205584 0.0578947 0.0450428 0.0587948 0.0715624 0.0771311 
0 0 0 0 0 0 0 0 0 0 0 0 0 0 0 0 0 0 0 0 0 0 0 0 0 0 0 0 0 0 0 0 0 0 0 0.0076918 0.0211952 0.0483597 0.0639321 0.110959 0.120204 0.12299 0.122905 0.111641 0.123031 0.160872 0.413262 0.589362 0.17663 0.130955 0.0956592 0.0840503 0.070885 0.0684532 0.0765496 0.0703546 0.062344 0.049612 0.0394881 0.0401632 0.0440501 0.0343509 0.0298805 0.0369112 0.0392549 0.0602151 0.216262 0.0897046 0.0461376 0.0398774 0.0477375 0.0605509 0.0852943 0.0853064 0.0704984 0.0697473 0.0757296 0.0801002 0.0822209 0.0946222 0.175494 0.601107 0.218613 0.10158 0.0791722 0.0796053 0.0887134 0.0818226 0.0755728 0.0738824 0.0507106 0.0410398 0.0390894 0.084661 0.198669 0.055876 0.0436007 0.0570347 0.0700401 0.0749364 
0 0 0 0 0 0 0 0 0 0 0 0 0 0 0 0 0 0 0 0 0 0 0 0 0 0 0 0 0 0 0 0 0 0 0 0.00745248 0.0211189 0.0467362 0.0620642 0.107314 0.117779 0.123067 0.120802 0.109665 0.119172 0.158944 0.400007 0.572359 0.174151 0.128489 0.0926331 0.0814174 0.0685094 0.0664752 0.0750367 0.0689518 0.0611205 0.0517387 0.0381807 0.0390028 0.0426307 0.0337714 0.0289192 0.036889 0.0383389 0.0592093 0.209475 0.0869931 0.0445804 0.0386496 0.0467998 0.0605253 0.0824433 0.0835271 0.0700644 0.0701362 0.0732262 0.0773913 0.0794333 0.0924919 0.171338 0.582591 0.213835 0.099091 0.0764972 0.0772718 0.0859764 0.0798211 0.0742764 0.0721924 0.0490625 0.0400516 0.0379089 0.0819301 0.19278 0.0540737 0.0421544 0.0552427 0.0687869 0.0728801 
0 0 0 0 0 0 0 0 0 0 0 0 0 0 0 0 0 0 0 0 0 0 0 0 0 0 0 0 0 0 0 0 0 0 0 0.00722746 0.0205778 0.045355 0.0607167 0.103842 0.115928 0.122821 0.117622 0.108146 0.115747 0.15667 0.387649 0.556379 0.172134 0.125785 0.0896356 0.0787946 0.066273 0.0645598 0.0734317 0.0677066 0.0598245 0.0530384 0.0369654 0.0378219 0.0414911 0.0330704 0.0280134 0.0364954 0.0375149 0.0579049 0.203322 0.0841956 0.043162 0.037572 0.0460728 0.0599318 0.0799029 0.081192 0.0703734 0.0701919 0.0708254 0.0748538 0.0768341 0.0906572 0.167409 0.565229 0.209174 0.0964271 0.0740291 0.0749091 0.0836842 0.0777716 0.0726922 0.0707299 0.0477101 0.0398353 0.0366812 0.0792745 0.18694 0.0523299 0.0408733 0.0536541 0.0673659 0.0708839 
0 0 0 0 0 0 0 0 0 0 0 0 0 0 0 0 0 0 0 0 0 0 0 0 0 0 0 0 0 0 0 0 0 0 0 0.00701552 0.0200591 0.0440041 0.0596213 0.100578 0.113589 0.122118 0.114492 0.10941 0.112116 0.153632 0.376251 0.540709 0.170927 0.122318 0.0869432 0.0763097 0.0642053 0.0626752 0.0721843 0.0663306 0.0584716 0.0528783 0.0360106 0.0367202 0.0402235 0.0324872 0.02732 0.0363028 0.0364689 0.056585 0.197155 0.0818401 0.0417917 0.0367221 0.0449873 0.0586553 0.0777011 0.0789505 0.0701821 0.0705766 0.0686478 0.0724788 0.074461 0.0885842 0.163004 0.549619 0.204154 0.0937296 0.0718773 0.0729416 0.081176 0.0759104 0.071144 0.0690775 0.0466572 0.0397166 0.0356565 0.0767842 0.181268 0.0508576 0.0397376 0.0524951 0.0656472 0.0690051 
0 0 0 0 0 0 0 0 0 0 0 0 0 0 0 0 0 0 0 0 0 0 0 0 0 0 0 0 0 0 0 0 0 0 0 0.00681555 0.0195626 0.0428565 0.059358 0.0975131 0.112198 0.118665 0.113797 0.107354 0.108979 0.15032 0.365243 0.526358 0.170098 0.119036 0.08433 0.0740449 0.0622391 0.0608627 0.0707441 0.0652321 0.0567622 0.0536519 0.0351917 0.0357359 0.0390539 0.031585 0.0269464 0.0357651 0.0354563 0.055181 0.191269 0.0800629 0.0405437 0.036016 0.0437655 0.0582105 0.075435 0.0772635 0.069644 0.0699291 0.0668072 0.0702482 0.072409 0.0865359 0.158988 0.53504 0.19894 0.0913074 0.0698646 0.0713277 0.0788182 0.0740483 0.0692751 0.0676258 0.0457897 0.0398136 0.034801 0.074429 0.176063 0.0496262 0.0386537 0.0519126 0.0639606 0.066956 
0 0 0 0 0 0 0 0 0 0 0 0 0 0 0 0 0 0 0 0 0 0 0 0 0 0 0 0 0 0 0 0 0 0 0 0.0066365 0.0192216 0.0417525 0.0581242 0.0951081 0.110116 0.115796 0.111083 0.104904 0.106277 0.146108 0.355349 0.512955 0.167682 0.116432 0.0818434 0.0718422 0.0603811 0.0592023 0.0689265 0.0639676 0.0552369 0.0539271 0.034346 0.0348114 0.0380086 0.0306656 0.0274271 0.0347743 0.0344174 0.0536045 0.185792 0.0780976 0.0393662 0.035074 0.0428303 0.0580023 0.0732181 0.075816 0.0690646 0.0683578 0.0653221 0.0681507 0.0705779 0.0840844 0.155369 0.521279 0.194163 0.0889115 0.067916 0.069517 0.076751 0.0720749 0.0676113 0.0660531 0.0455501 0.0397918 0.0341867 0.0723073 0.17126 0.048334 0.0376587 0.0511784 0.06229 0.0651456 
0 0 0 0 0 0 0 0 0 0 0 0 0 0 0 0 0 0 0 0 0 0 0 0 0 0 0 0 0 0 0 0 0 0 0 0.00646608 0.0187484 0.0406926 0.0565924 0.0932275 0.107741 0.11384 0.10794 0.103391 0.104153 0.142072 0.346013 0.500267 0.164826 0.114018 0.0794724 0.0697699 0.0586771 0.057503 0.0672577 0.0627488 0.0537282 0.0535478 0.0342202 0.0338751 0.0370293 0.0298068 0.0279315 0.0339532 0.0334456 0.0520616 0.180672 0.0765344 0.0385579 0.0341638 0.041667 0.0577201 0.071403 0.0750025 0.0677172 0.0666501 0.0638966 0.0662219 0.069406 0.0817362 0.151555 0.508365 0.189901 0.0867274 0.0660111 0.0675142 0.0747657 0.0705626 0.0662484 0.0642622 0.0454833 0.04037 0.0331956 0.0702171 0.16681 0.0471444 0.0367083 0.0504965 0.0607744 0.0633951 
0 0 0 0 0 0 0 0 0 0 0 0 0 0 0 0 0 0 0 0 0 0 0 0 0 0 0 0 0 0 0 0 0 0 0 0.00630315 0.0182202 0.039759 0.0549981 0.0913397 0.105375 0.112454 0.10498 0.101305 0.101646 0.138073 0.337257 0.488405 0.161585 0.1117 0.0773148 0.0681584 0.057028 0.0558893 0.065478 0.06105 0.0530119 0.0528522 0.0337293 0.0330438 0.0360265 0.0291695 0.0274974 0.0332703 0.0325043 0.0506269 0.175718 0.0752475 0.0378035 0.033428 0.0408719 0.0563443 0.0699036 0.0742352 0.0664807 0.0649919 0.0625663 0.0643561 0.0676251 0.0794809 0.14845 0.495943 0.186316 0.0843965 0.0642106 0.0656986 0.073251 0.068943 0.064648 0.0628102 0.0450093 0.0408238 0.032422 0.0682878 0.162646 0.0458206 0.0356936 0.0493535 0.0595646 0.0617732 
0 0 0 0 0 0 0 0 0 0 0 0 0 0 0 0 0 0 0 0 0 0 0 0 0 0 0 0 0 0 0 0 0 0 0 0.00624066 0.0177352 0.0389229 0.0535021 0.0889347 0.105417 0.10995 0.102139 0.0985941 0.101201 0.134359 0.329238 0.477085 0.158177 0.109282 0.0752205 0.0662916 0.0556361 0.0543751 0.0637565 0.0594751 0.0522518 0.0517647 0.0339179 0.0322258 0.03504 0.0291319 0.0268752 0.0325075 0.0316271 0.0492405 0.171098 0.0736588 0.036982 0.0325593 0.0406447 0.0549754 0.0684268 0.0731437 0.0657227 0.0632812 0.0612753 0.0625943 0.0657738 0.0775767 0.145532 0.484009 0.18274 0.0822517 0.0624763 0.0639573 0.0718233 0.0673518 0.0631617 0.0617117 0.0443078 0.0409864 0.0316997 0.0665097 0.158554 0.044633 0.0348112 0.0482425 0.0585208 0.060185 
0 0 0 0 0 0 0 0 0 0 0 0 0 0 0 0 0 0 0 0 0 0 0 0 0 0 0 0 0 0 0 0 0 0 0 0.00617659 0.0172762 0.0381123 0.0520906 0.0871468 0.103801 0.107611 0.099419 0.0960283 0.100562 0.130776 0.321742 0.466412 0.154757 0.106854 0.0732212 0.0645858 0.0544489 0.052941 0.0621312 0.0579095 0.0521486 0.0506103 0.0341217 0.0314383 0.0341056 0.0287344 0.0263253 0.0319288 0.0308157 0.0479527 0.166725 0.0718658 0.0361357 0.031711 0.0402621 0.0537601 0.0676022 0.0715727 0.0650947 0.0616162 0.0598756 0.0609601 0.0640577 0.0757908 0.142542 0.472965 0.178845 0.0804547 0.0609313 0.0622709 0.0702199 0.0659343 0.0617661 0.0604663 0.0438727 0.0407027 0.0310909 0.0648439 0.154529 0.0434765 0.033883 0.0472036 0.0572813 0.0588931 
0 0 0 0 0 0 0 0 0 0 0 0 0 0 0 0 0 0 0 0 0 0 0 0 0 0 0 0 0 0 0 0 0 0 0 0.00610913 0.0168277 0.0373848 0.0507897 0.0853834 0.102855 0.104909 0.0968393 0.0935716 0.101129 0.127819 0.314408 0.456031 0.151293 0.10432 0.0713208 0.062908 0.053588 0.0516664 0.0607166 0.0564391 0.0514944 0.0499759 0.033859 0.0306439 0.033283 0.0285395 0.025703 0.0311325 0.0302112 0.046845 0.162591 0.0700592 0.0352099 0.0311072 0.0397034 0.0529644 0.0677185 0.069714 0.0641453 0.0601873 0.0583557 0.0596088 0.0625342 0.073882 0.140095 0.462044 0.175565 0.0787146 0.0593513 0.0607351 0.0686772 0.0642565 0.0611892 0.0589934 0.0439091 0.0402505 0.0304226 0.0632414 0.150807 0.0423498 0.0330061 0.04627 0.0561818 0.0574143 
0 0 0 0 0 0 0 0 0 0 0 0 0 0 0 0 0 0 0 0 0 0 0 0 0 0 0 0 0 0 0 0 0 0 0 0.00603692 0.0164019 0.0364436 0.0497771 0.0835254 0.100983 0.102521 0.0945359 0.091214 0.100771 0.125555 0.306958 0.446189 0.147729 0.101923 0.0695151 0.0613884 0.0524527 0.0504321 0.0593732 0.0551185 0.0502823 0.0498681 0.0331963 0.0300885 0.032603 0.028148 0.0251272 0.0303496 0.0295133 0.0457984 0.158579 0.0683453 0.0344981 0.0312264 0.03925 0.0520246 0.0671797 0.067951 0.0630544 0.058898 0.0569606 0.0582295 0.0610181 0.0720366 0.137898 0.451569 0.172808 0.0767928 0.0579197 0.0594389 0.0671322 0.0626743 0.0606942 0.0575194 0.0447437 0.0394454 0.0296532 0.0616471 0.147284 0.0413761 0.0321743 0.0451925 0.0550014 0.0560573 
0 0 0 0 0 0 0 0 0 0 0 0 0 0 0 0 0 0 0 0 0 0 0 0 0 0 0 0 0 0 0 0 0 0 0 0.00590976 0.0160014 0.0355467 0.0486521 0.0826641 0.0985006 0.101172 0.0922076 0.0891222 0.0994367 0.123749 0.299897 0.436416 0.144341 0.099406 0.068278 0.0598848 0.051405 0.0492068 0.05804 0.0538925 0.0490423 0.0494599 0.0325185 0.0299153 0.0319485 0.0280115 0.0245623 0.0296067 0.0288281 0.0448045 0.154764 0.0667503 0.033814 0.0322366 0.0387215 0.0509284 0.0668372 0.066287 0.0615649 0.058166 0.0556032 0.0569651 0.0595872 0.0704346 0.135211 0.441574 0.17019 0.0751948 0.056492 0.058202 0.0657293 0.0611357 0.060152 0.0561742 0.0449957 0.038838 0.0289567 0.0601247 0.143857 0.0403866 0.0314219 0.044105 0.0537075 0.0548602 
0 0 0 0 0 0 0 0 0 0 0 0 0 0 0 0 0 0 0 0 0 0 0 0 0 0 0 0 0 0 0 0 0 0 0 0.00578763 0.015619 0.0347367 0.0477031 0.0817385 0.0961329 0.099866 0.0899854 0.0873426 0.0970911 0.121314 0.292874 0.427752 0.141079 0.097111 0.0668981 0.0585957 0.0501765 0.04803 0.0566988 0.0526285 0.047957 0.0488134 0.0318454 0.0296322 0.0320027 0.0273377 0.0245202 0.0289921 0.0281566 0.0438674 0.151096 0.065235 0.0330278 0.0320151 0.0389361 0.0500088 0.0657289 0.0647389 0.0602669 0.0571026 0.0544457 0.0556338 0.0581668 0.0691344 0.132588 0.432089 0.167201 0.0738657 0.0551468 0.056863 0.0645135 0.059712 0.0590463 0.0549682 0.0457577 0.0379756 0.0282677 0.0587181 0.14049 0.039419 0.0309601 0.0430729 0.0524621 0.0536683 
0 0 0 0 0 0 0 0 0 0 0 0 0 0 0 0 0 0 0 0 0 0 0 0 0 0 0 0 0 0 0 0 0 0 0 0.00567027 0.015287 0.0339197 0.0467158 0.0813063 0.0941671 0.0978573 0.0878946 0.0855412 0.0948159 0.11846 0.287105 0.418596 0.138 0.0949533 0.0655596 0.0572698 0.0490253 0.0469056 0.0553697 0.0514435 0.0468409 0.0486975 0.0313061 0.0296275 0.0313142 0.0268169 0.0246531 0.0283456 0.0274962 0.0429549 0.147602 0.0637459 0.0325011 0.0323649 0.0387241 0.0492264 0.0645725 0.0632967 0.0589142 0.055879 0.0540191 0.0543319 0.0568372 0.0677884 0.130321 0.422842 0.164244 0.0726733 0.0538504 0.05558 0.0633224 0.058432 0.0578157 0.054369 0.0456137 0.0371021 0.027694 0.0574103 0.137283 0.0385551 0.0305713 0.0421839 0.0512337 0.0525986 
0 0 0 0 0 0 0 0 0 0 0 0 0 0 0 0 0 0 0 0 0 0 0 0 0 0 0 0 0 0 0 0 0 0 0 0.00555741 0.0150967 0.0331885 0.0460444 0.0806868 0.092195 0.0966596 0.0859036 0.0836247 0.0926993 0.11574 0.281094 0.410344 0.135016 0.0932443 0.0643216 0.0559684 0.0479384 0.0458272 0.0541092 0.0504319 0.0457799 0.0479847 0.0306996 0.0301076 0.030613 0.0264344 0.0248568 0.0278319 0.0268669 0.0423413 0.144245 0.0622825 0.0320292 0.0331207 0.0380046 0.0486819 0.0633487 0.0618914 0.0577266 0.0546249 0.0540298 0.0531166 0.0555361 0.0666187 0.12807 0.414024 0.161231 0.0714432 0.0526209 0.0544798 0.0620688 0.0572272 0.0564878 0.0545869 0.0449776 0.0362968 0.02722 0.0561949 0.134267 0.0376727 0.0304643 0.0412751 0.05009 0.0514496 
0 0 0 0 0 0 0 0 0 0 0 0 0 0 0 0 0 0 0 0 0 0 0 0 0 0 0 0 0 0 0 0 0 0 0 0.00544881 0.0149064 0.0324659 0.0454601 0.079414 0.0906063 0.0948992 0.0839855 0.0820019 0.0911389 0.113471 0.275675 0.401816 0.132381 0.0913592 0.063009 0.0547319 0.0468636 0.0448702 0.0529082 0.0494173 0.0447594 0.047273 0.0300913 0.0304522 0.0299295 0.026543 0.024861 0.0273983 0.0262645 0.0415746 0.141076 0.0609131 0.0313474 0.0335992 0.0371759 0.0492074 0.0619435 0.0605696 0.0566366 0.0534488 0.053644 0.051987 0.0543891 0.0657014 0.126005 0.405545 0.158274 0.070265 0.0514394 0.0534214 0.0608096 0.0560419 0.0552637 0.0537611 0.0447019 0.0356499 0.026669 0.0550233 0.131356 0.0368667 0.0300068 0.0403938 0.0489919 0.0504047 
0 0 0 0 0 0 0 0 0 0 0 0 0 0 0 0 0 0 0 0 0 0 0 0 0 0 0 0 0 0 0 0 0 0 0 0.00534425 0.0147169 0.0317583 0.0449151 0.0778294 0.089538 0.0934465 0.0822308 0.0803322 0.0895561 0.110985 0.269938 0.393424 0.129997 0.0895047 0.0616467 0.053651 0.0458402 0.0439319 0.051748 0.0485491 0.0439531 0.046257 0.0298608 0.0299661 0.0293433 0.0267768 0.0249895 0.0268693 0.0257591 0.0408643 0.138062 0.0596213 0.0308491 0.0329945 0.036372 0.0502868 0.060673 0.0592421 0.0554963 0.0525151 0.0528327 0.050901 0.0533024 0.0646611 0.124015 0.397316 0.155718 0.0690281 0.0503103 0.0526414 0.0595393 0.054884 0.0540817 0.0530127 0.0442424 0.0352245 0.0260831 0.0538585 0.128617 0.0361486 0.0295597 0.0395488 0.047948 0.0494164 
0 0 0 0 0 0 0 0 0 0 0 0 0 0 0 0 0 0 0 0 0 0 0 0 0 0 0 0 0 0 0 0 0 0 0 0.00524351 0.0145285 0.0311051 0.0448347 0.0765274 0.0877415 0.0924745 0.0804885 0.0786096 0.0876695 0.109327 0.26418 0.385376 0.127404 0.0876307 0.060326 0.0524983 0.0448546 0.0430475 0.0506507 0.0476416 0.0431828 0.0453264 0.0302062 0.0296569 0.0288264 0.0264687 0.0254461 0.026409 0.0253645 0.0399859 0.135234 0.0584509 0.0308748 0.0322964 0.0357511 0.0507994 0.0594083 0.0579719 0.0544396 0.0521212 0.0519401 0.0498776 0.0523046 0.06375 0.122122 0.389524 0.153175 0.0679342 0.0493871 0.0516696 0.0583053 0.0538296 0.0529515 0.0521889 0.0439428 0.0345297 0.025536 0.052719 0.126004 0.0354047 0.0294873 0.0387178 0.0469626 0.0484792 
0 0 0 0 0 0 0 0 0 0 0 0 0 0 0 0 0 0 0 0 0 0 0 0 0 0 0 0 0 0 0 0 0 0 0 0.0051464 0.0143418 0.0304639 0.0442652 0.0752041 0.0859406 0.0919185 0.078895 0.0770311 0.0860093 0.107568 0.258652 0.377686 0.124788 0.0859998 0.0591019 0.0514547 0.0439513 0.0422928 0.0496164 0.0467181 0.0423793 0.0444403 0.0303068 0.0295353 0.0282724 0.0261631 0.0259125 0.025863 0.0251374 0.0391792 0.132444 0.057427 0.030593 0.0316186 0.0353802 0.0507669 0.0583054 0.0567823 0.0533676 0.0522694 0.0508755 0.0488457 0.0513049 0.0627437 0.120267 0.382039 0.150852 0.066881 0.0485992 0.0506816 0.0571471 0.0527074 0.0520817 0.0512922 0.0432382 0.0342112 0.025015 0.0516548 0.123389 0.0346612 0.029232 0.0379046 0.0460916 0.0476747 
0 0 0 0 0 0 0 0 0 0 0 0 0 0 0 0 0 0 0 0 0 0 0 0 0 0 0 0 0 0 0 0 0 0 0 0.00505274 0.0141572 0.0298639 0.0440518 0.0737965 0.0841698 0.090865 0.0780135 0.0757484 0.0843209 0.105768 0.25339 0.370133 0.122409 0.0843438 0.0579098 0.0504301 0.043045 0.0414697 0.0486063 0.04583 0.0415172 0.0435315 0.0303123 0.0289759 0.0277322 0.0265236 0.025791 0.0253301 0.0247019 0.0384088 0.129845 0.0563725 0.0302616 0.0309848 0.0354316 0.0506723 0.0571481 0.0556114 0.0523462 0.0515348 0.0503323 0.0480419 0.0503806 0.0619741 0.118113 0.374857 0.148864 0.065633 0.0476702 0.0499453 0.0559954 0.0516577 0.0510826 0.0505221 0.0427309 0.0335677 0.0245793 0.0506099 0.120878 0.0339677 0.0289775 0.0371242 0.0452054 0.046813 
0 0 0 0 0 0 0 0 0 0 0 0 0 0 0 0 0 0 0 0 0 0 0 0 0 0 0 0 0 0 0 0 0 0 0 0.00496234 0.0139097 0.0293068 0.0438282 0.0723056 0.0826815 0.0895204 0.0773331 0.0742412 0.0831189 0.104103 0.248343 0.362763 0.120262 0.0827099 0.0567428 0.0494119 0.0422572 0.0406448 0.0476288 0.0449844 0.0406943 0.04269 0.0299839 0.0286182 0.0272016 0.0262675 0.0255416 0.0250123 0.0242038 0.0379085 0.127376 0.0552337 0.0296519 0.0303688 0.0361075 0.0507109 0.0560115 0.0544957 0.0514606 0.0508752 0.0496456 0.0470713 0.0493945 0.0609769 0.116195 0.367843 0.146775 0.0645211 0.0467434 0.0498994 0.0548663 0.0506679 0.050079 0.0498843 0.0421782 0.0329266 0.0242213 0.0496474 0.118512 0.0333199 0.0285414 0.0364062 0.0443509 0.0460572 
0 0 0 0 0 0 0 0 0 0 0 0 0 0 0 0 0 0 0 0 0 0 0 0 0 0 0 0 0 0 0 0 0 0 0 0.00487505 0.0136435 0.0287769 0.0433533 0.0708872 0.0810983 0.0883009 0.0766721 0.0728542 0.0815566 0.102687 0.243503 0.355715 0.118114 0.081393 0.0557166 0.0484639 0.0415472 0.0398401 0.0466904 0.0442388 0.0398884 0.0418571 0.0293901 0.029459 0.0267085 0.0257473 0.0256232 0.0247611 0.0237253 0.0374119 0.124929 0.0541398 0.0292406 0.0298555 0.0367095 0.0501889 0.0549096 0.0534276 0.0505217 0.0502615 0.0488342 0.04616 0.0485188 0.0598611 0.114394 0.361306 0.144346 0.0636948 0.0458627 0.0491532 0.0537801 0.0498729 0.0492144 0.0491472 0.0414874 0.0324967 0.0237561 0.0487113 0.116237 0.0327635 0.0280319 0.0358089 0.0434901 0.0453174 
0 0 0 0 0 0 0 0 0 0 0 0 0 0 0 0 0 0 0 0 0 0 0 0 0 0 0 0 0 0 0 0 0 0 0 0.00479071 0.0133878 0.0282199 0.0427538 0.0695526 0.0796271 0.0877247 0.0754552 0.0714998 0.0799791 0.101496 0.238804 0.348991 0.116173 0.0800537 0.0546943 0.047535 0.0413414 0.0390714 0.0458254 0.0438526 0.0391967 0.0410499 0.0288956 0.030306 0.026191 0.0252481 0.0255188 0.0246123 0.0232655 0.0368725 0.122629 0.0530903 0.0289879 0.0296103 0.0365532 0.0494777 0.054057 0.0524001 0.0496223 0.0495197 0.0479079 0.0453654 0.0475862 0.0590296 0.112727 0.354875 0.142139 0.0628473 0.0450198 0.0485368 0.0527361 0.0491856 0.0483164 0.0483987 0.0408088 0.0323339 0.0233015 0.0478136 0.114068 0.0324326 0.0274878 0.0353033 0.0426484 0.0444679 
0 0 0 0 0 0 0 0 0 0 0 0 0 0 0 0 0 0 0 0 0 0 0 0 0 0 0 0 0 0 0 0 0 0 0 0.00470918 0.0131417 0.0276843 0.0419511 0.0683196 0.0781673 0.0871743 0.0742197 0.0702683 0.0784705 0.0998678 0.234308 0.342494 0.115143 0.0785287 0.0536557 0.0467507 0.0409272 0.0383747 0.0449525 0.0434163 0.0385077 0.0402682 0.0285939 0.0302953 0.0256921 0.0247805 0.025375 0.0244733 0.0228525 0.0366686 0.120316 0.0520847 0.0287887 0.0291556 0.0372903 0.0485809 0.0532654 0.0514651 0.0486972 0.0486863 0.0470179 0.0446638 0.0467919 0.058348 0.111142 0.348613 0.140188 0.0618303 0.0441736 0.0480229 0.0517315 0.0486187 0.0475928 0.0474874 0.0402892 0.0319401 0.0229057 0.0470648 0.111937 0.0319473 0.0269707 0.034861 0.041836 0.0436509 
0 0 0 0 0 0 0 0 0 0 0 0 0 0 0 0 0 0 0 0 0 0 0 0 0 0 0 0 0 0 0 0 0 0 0 0.00463033 0.0129053 0.0271803 0.0411669 0.0670589 0.077019 0.0859715 0.0732094 0.0689548 0.0771388 0.0981521 0.229947 0.336447 0.113916 0.0770842 0.0527244 0.0461532 0.0403811 0.0377433 0.0441968 0.0429497 0.0377898 0.0395406 0.0282104 0.0303044 0.0252162 0.0243186 0.0250292 0.0247298 0.0224256 0.0361597 0.118108 0.0512597 0.0283861 0.0288827 0.0379455 0.0476732 0.0527511 0.0505789 0.0477985 0.0481119 0.0461476 0.0442226 0.0459173 0.0574267 0.109619 0.342581 0.138431 0.0606925 0.0434634 0.0473016 0.0507833 0.0479854 0.0470571 0.0466125 0.0400889 0.0314081 0.0226509 0.0464383 0.109849 0.0313503 0.0268085 0.0342901 0.0410633 0.0429005 
0 0 0 0 0 0 0 0 0 0 0 0 0 0 0 0 0 0 0 0 0 0 0 0 0 0 0 0 0 0 0 0 0 0 0 0.00455403 0.0126713 0.0266839 0.0404688 0.0658605 0.0766466 0.0843979 0.0723799 0.0677115 0.0757581 0.0963921 0.225786 0.33063 0.112709 0.0756851 0.051767 0.0453077 0.0396938 0.0371883 0.043388 0.0421898 0.0370977 0.0390054 0.0278598 0.0298239 0.0247925 0.0239425 0.0247065 0.0249068 0.0222066 0.0354978 0.116002 0.050425 0.0278802 0.028637 0.0377619 0.0467992 0.0525269 0.0496508 0.0469891 0.0473238 0.0453412 0.0436671 0.0450759 0.0564323 0.108051 0.336796 0.136683 0.0596402 0.0426675 0.0464337 0.0499924 0.0472605 0.0466375 0.0457572 0.0396292 0.0308915 0.0224127 0.0457416 0.107836 0.0307753 0.0264562 0.0337111 0.0403099 0.0422651 
0 0 0 0 0 0 0 0 0 0 0 0 0 0 0 0 0 0 0 0 0 0 0 0 0 0 0 0 0 0 0 0 0 0 0 0.00448015 0.0124458 0.0262043 0.0397455 0.0646799 0.0761845 0.0828776 0.0716025 0.066589 0.0744301 0.0947344 0.221723 0.325369 0.111079 0.07439 0.0509988 0.0445819 0.0390143 0.0365244 0.0426448 0.0414404 0.0364472 0.0383409 0.0277141 0.0292921 0.0246668 0.0235657 0.0243509 0.0246132 0.0218081 0.0348761 0.113991 0.0495368 0.0273941 0.0283287 0.037295 0.0460995 0.0517849 0.048922 0.0461439 0.046639 0.0445286 0.0429372 0.044278 0.0554757 0.106444 0.33129 0.134707 0.0586972 0.0419034 0.0456089 0.0492007 0.0465939 0.0462033 0.044968 0.0389914 0.0304979 0.0220361 0.0449649 0.10591 0.0302263 0.0260869 0.0332046 0.0395865 0.0415607 
0 0 0 0 0 0 0 0 0 0 0 0 0 0 0 0 0 0 0 0 0 0 0 0 0 0 0 0 0 0 0 0 0 0 0 0.00441879 0.0123169 0.0257529 0.0391279 0.0635449 0.0752293 0.0814425 0.0710712 0.0656406 0.0733519 0.0930735 0.217823 0.320194 0.109584 0.0730971 0.0503428 0.0437929 0.0384003 0.035878 0.0418903 0.0407232 0.035809 0.0378345 0.0275278 0.0287765 0.0245794 0.0231558 0.0240912 0.0242384 0.0214885 0.0342743 0.112048 0.0486849 0.0269541 0.0280098 0.0367987 0.0454843 0.0511013 0.0481411 0.0453279 0.0459608 0.0437465 0.0421939 0.0435757 0.0545022 0.104887 0.326049 0.132803 0.0577389 0.0411654 0.0448252 0.048431 0.0459754 0.0456831 0.0443135 0.0383317 0.0300084 0.0216461 0.0442096 0.104107 0.0296937 0.0257043 0.0326206 0.0389407 0.040868 
0 0 0 0 0 0 0 0 0 0 0 0 0 0 0 0 0 0 0 0 0 0 0 0 0 0 0 0 0 0 0 0 0 0 0 0.00435879 0.0121321 0.0253172 0.0386019 0.0624412 0.0739417 0.0807396 0.0699419 0.0647857 0.0720834 0.0915981 0.214051 0.315396 0.107991 0.0718735 0.0498189 0.0430743 0.0378072 0.0354276 0.0411618 0.0401337 0.0354868 0.0371779 0.0273803 0.0282776 0.0244272 0.0227757 0.0238994 0.0238287 0.0211209 0.033681 0.110157 0.0478411 0.0264856 0.0275366 0.036208 0.0450279 0.0504666 0.047319 0.0445443 0.0453282 0.0430076 0.0415791 0.042818 0.0535566 0.103287 0.321082 0.130976 0.0567604 0.0404533 0.0441441 0.0478098 0.0455249 0.0450238 0.0436403 0.037785 0.0294968 0.021274 0.0434971 0.102355 0.0291772 0.0253504 0.0320563 0.0383642 0.0401573 
0 0 0 0 0 0 0 0 0 0 0 0 0 0 0 0 0 0 0 0 0 0 0 0 0 0 0 0 0 0 0 0 0 0 0 0.0042925 0.0119261 0.0248859 0.0379567 0.0615258 0.0726781 0.0803594 0.0689462 0.0637132 0.0709617 0.0904118 0.210419 0.310568 0.106467 0.0707543 0.049056 0.04255 0.0372254 0.0350081 0.0404586 0.0395302 0.0350035 0.0365998 0.0270228 0.0278889 0.0243238 0.0224037 0.0237249 0.0234304 0.0207958 0.0331171 0.10836 0.0470252 0.0260687 0.0270659 0.0357776 0.044379 0.0498141 0.0465535 0.0438041 0.0446066 0.0422903 0.0408753 0.0420875 0.0526448 0.101669 0.316183 0.12926 0.0558283 0.0398429 0.0434085 0.0472896 0.044796 0.0446773 0.0429508 0.0372259 0.0290007 0.0209328 0.0428128 0.100645 0.0287379 0.025048 0.0315548 0.0377587 0.0394769 
0 0 0 0 0 0 0 0 0 0 0 0 0 0 0 0 0 0 0 0 0 0 0 0 0 0 0 0 0 0 0 0 0 0 0 0.00422816 0.0117271 0.0244723 0.0373557 0.0605426 0.0716514 0.0790756 0.0680635 0.0629085 0.0703141 0.0894422 0.206931 0.305841 0.105549 0.0695797 0.0482365 0.0422895 0.0366047 0.0346381 0.0397977 0.0389301 0.0344728 0.0359861 0.027565 0.0274327 0.024009 0.022045 0.0234429 0.0230617 0.0205253 0.032562 0.106591 0.0462431 0.0256311 0.0266114 0.0352999 0.0436825 0.0492235 0.0458139 0.0431142 0.0438572 0.041587 0.0402187 0.0413805 0.0517931 0.100285 0.311343 0.127546 0.0549616 0.0391906 0.0426921 0.0468262 0.0441202 0.0441065 0.0422703 0.0367859 0.0285132 0.0206223 0.0421024 0.0989697 0.0283117 0.0246702 0.0311381 0.0371556 0.0388135 
0 0 0 0 0 0 0 0 0 0 0 0 0 0 0 0 0 0 0 0 0 0 0 0 0 0 0 0 0 0 0 0 0 0 0 0.00416568 0.0115588 0.0240705 0.0368004 0.0595725 0.0707519 0.0777837 0.0673155 0.0629593 0.0691657 0.0882643 0.203627 0.301131 0.10463 0.0684604 0.0474429 0.0420231 0.0360973 0.0346132 0.039141 0.038292 0.0339217 0.0354045 0.0278147 0.027011 0.0237951 0.0217031 0.0230779 0.0226924 0.0202765 0.032047 0.10483 0.0455491 0.025373 0.0261745 0.0347669 0.0430394 0.048539 0.0451198 0.0424126 0.0431444 0.040918 0.0395543 0.0406996 0.0509799 0.0988851 0.306753 0.1257 0.0541762 0.0385534 0.0420082 0.0462249 0.0435735 0.0435165 0.0416439 0.0362219 0.0281163 0.0204094 0.0414379 0.0973916 0.0278782 0.0242827 0.0308486 0.0366129 0.0381932 
0 0 0 0 0 0 0 0 0 0 0 0 0 0 0 0 0 0 0 0 0 0 0 0 0 0 0 0 0 0 0 0 0 0 0 0.00410498 0.0113949 0.023681 0.0362894 0.0587242 0.0703585 0.076595 0.0666072 0.063488 0.0681867 0.086829 0.200657 0.296607 0.103726 0.0675361 0.0467812 0.0416364 0.0357398 0.0348196 0.0385063 0.0376695 0.0333795 0.0348357 0.0280712 0.026657 0.0234786 0.021548 0.0227066 0.0223908 0.0199885 0.0316013 0.103127 0.0449127 0.025294 0.0257489 0.0342435 0.0424144 0.0478859 0.0443874 0.0417484 0.042657 0.0402742 0.0389429 0.0401132 0.0501747 0.0975233 0.302191 0.124031 0.0534235 0.0379279 0.0413506 0.0455289 0.0431631 0.0428536 0.0410436 0.0356908 0.0277446 0.0202158 0.0408175 0.0958571 0.0274323 0.023966 0.0305364 0.0361074 0.0375903 
0 0 0 0 0 0 0 0 0 0 0 0 0 0 0 0 0 0 0 0 0 0 0 0 0 0 0 0 0 0 0 0 0 0 0 0.00404599 0.0112139 0.0233034 0.0357679 0.0578064 0.0699715 0.0753839 0.0660792 0.063658 0.0673856 0.0854457 0.197705 0.292231 0.102736 0.0667091 0.0460337 0.0409823 0.0351928 0.0342921 0.0378982 0.0370715 0.0328518 0.0342785 0.028025 0.0266043 0.0231141 0.021509 0.0223472 0.0221709 0.0197319 0.0311142 0.101486 0.0441944 0.025171 0.0253369 0.0337208 0.0418498 0.0471728 0.0436776 0.0411541 0.0420405 0.0396346 0.0384545 0.0394916 0.0494101 0.0962051 0.297706 0.122548 0.0526703 0.0373429 0.0406917 0.0448889 0.0425284 0.042242 0.0404825 0.0351491 0.0275117 0.0199036 0.0401665 0.0944723 0.0273115 0.0235855 0.0301754 0.0356433 0.0369889 
0 0 0 0 0 0 0 0 0 0 0 0 0 0 0 0 0 0 0 0 0 0 0 0 0 0 0 0 0 0 0 0 0 0 0 0.00398865 0.0110636 0.0229452 0.0353072 0.0571027 0.0692061 0.0742063 0.0658813 0.0632538 0.0663276 0.0841576 0.194905 0.288021 0.101466 0.0660577 0.0453087 0.0403405 0.0346905 0.0338946 0.0373219 0.0365212 0.0323704 0.0338179 0.0279339 0.0263173 0.0227532 0.0213865 0.0220608 0.0218748 0.019468 0.0306259 0.0999136 0.0434989 0.0250892 0.025035 0.0331907 0.0413355 0.0464344 0.0429897 0.040597 0.0414371 0.0390114 0.0379147 0.038876 0.0486321 0.0948876 0.293298 0.121001 0.0518997 0.0367749 0.0400654 0.044212 0.0421141 0.0415787 0.0398749 0.0347194 0.0273912 0.0195904 0.0395373 0.0931629 0.027112 0.0232326 0.0300164 0.0350867 0.036499 
0 0 0 0 0 0 0 0 0 0 0 0 0 0 0 0 0 0 0 0 0 0 0 0 0 0 0 0 0 0 0 0 0 0 0 0.00394484 0.010893 0.0226176 0.0347618 0.0563376 0.0684626 0.0731326 0.0664863 0.0625339 0.0652992 0.0830375 0.192031 0.283935 0.100407 0.065291 0.0446069 0.0397406 0.034175 0.0335394 0.0367925 0.0359618 0.0318685 0.0332962 0.0278015 0.0262317 0.0224049 0.0211128 0.0220201 0.0215977 0.0192679 0.0301807 0.0983654 0.0428438 0.0251068 0.0246468 0.0327637 0.0407616 0.0457157 0.0423622 0.0399678 0.040839 0.0384256 0.0374101 0.0383259 0.048028 0.0936206 0.288979 0.119476 0.051121 0.0362436 0.039447 0.0436042 0.0415741 0.0409455 0.0392572 0.0344797 0.0275736 0.019406 0.0389506 0.0919704 0.026986 0.0228732 0.029923 0.034545 0.0359767 
0 0 0 0 0 0 0 0 0 0 0 0 0 0 0 0 0 0 0 0 0 0 0 0 0 0 0 0 0 0 0 0 0 0 0 0.00390239 0.0107501 0.0223449 0.0343427 0.0555059 0.0678184 0.0721057 0.0657135 0.0616884 0.0643634 0.0817831 0.189332 0.279871 0.0996598 0.0644421 0.0439558 0.0393212 0.0336547 0.0330377 0.0362506 0.0354572 0.0313845 0.032837 0.0279219 0.0260014 0.0220775 0.0209237 0.0220952 0.0213292 0.0191074 0.0298068 0.0968783 0.0422271 0.0249821 0.0243441 0.032337 0.0402207 0.0450458 0.0418114 0.0393652 0.0402166 0.0379568 0.0368568 0.0379311 0.0475794 0.0923478 0.284868 0.117857 0.0503867 0.035707 0.0388518 0.043006 0.0410587 0.0403515 0.0386739 0.0343183 0.0277418 0.0192114 0.0385598 0.0908898 0.0266205 0.0226774 0.0296352 0.0340257 0.0354805 
0 0 0 0 0 0 0 0 0 0 0 0 0 0 0 0 0 0 0 0 0 0 0 0 0 0 0 0 0 0 0 0 0 0 0 0.00386082 0.0106103 0.022122 0.0340578 0.0546811 0.0669214 0.0713422 0.0650786 0.0609902 0.0634493 0.0805563 0.186761 0.275824 0.0988958 0.0635498 0.0433344 0.0387709 0.0331488 0.0325533 0.0357056 0.0349618 0.0310232 0.0323476 0.0278076 0.0262211 0.0217596 0.0212165 0.02199 0.0210627 0.0189998 0.0295224 0.0954455 0.041637 0.0250315 0.0240083 0.0318585 0.0396675 0.0443698 0.0412081 0.0387737 0.0396372 0.0375087 0.0365019 0.0374008 0.047003 0.0912203 0.280822 0.116236 0.049784 0.0351728 0.0382707 0.0425545 0.0404713 0.0397596 0.0381387 0.0342237 0.0278008 0.0189273 0.0379882 0.0896891 0.0262363 0.0227734 0.0292878 0.0335144 0.0349532 
0 0 0 0 0 0 0 0 0 0 0 0 0 0 0 0 0 0 0 0 0 0 0 0 0 0 0 0 0 0 0 0 0 0 0 0.00381965 0.0104738 0.0218465 0.0337494 0.0538917 0.0664502 0.0704187 0.0644319 0.0601511 0.0626716 0.0793656 0.184249 0.271887 0.098325 0.0626136 0.0427758 0.0381967 0.0327548 0.0321696 0.0351919 0.0344476 0.0306056 0.0318756 0.0276101 0.0263835 0.0214373 0.0211962 0.0221906 0.0207618 0.0187942 0.0291886 0.0940326 0.0410498 0.0247602 0.0243858 0.0314529 0.0392763 0.0437161 0.0406091 0.0382068 0.03905 0.0369546 0.0361961 0.0368671 0.0463073 0.090496 0.276856 0.114612 0.0491345 0.0346553 0.0378004 0.0421154 0.0398854 0.039173 0.0375759 0.0337626 0.0280632 0.0187471 0.037436 0.0884665 0.0258891 0.0224782 0.0290485 0.0330281 0.0344425 
0 0 0 0 0 0 0 0 0 0 0 0 0 0 0 0 0 0 0 0 0 0 0 0 0 0 0 0 0 0 0 0 0 0 0 0.00377926 0.0103411 0.0215286 0.0332694 0.0531169 0.0656983 0.069906 0.0636651 0.0592733 0.0617622 0.0782314 0.181755 0.268092 0.0974711 0.0617607 0.0422284 0.0376447 0.032516 0.0318596 0.0347736 0.0342435 0.0301729 0.0314232 0.027442 0.0261306 0.0212162 0.0211166 0.0223959 0.020528 0.0185467 0.0289575 0.0926636 0.0404509 0.0245023 0.0244585 0.0309984 0.0388963 0.0430823 0.0400175 0.037691 0.0384799 0.0364195 0.0359606 0.0363321 0.0456316 0.0896324 0.272952 0.113169 0.0484562 0.0341494 0.0372573 0.0415059 0.0393101 0.0386557 0.0370281 0.0332823 0.0281977 0.0186771 0.0368918 0.0872374 0.0255184 0.0222078 0.028633 0.0325983 0.0339723 
0 0 0 0 0 0 0 0 0 0 0 0 0 0 0 0 0 0 0 0 0 0 0 0 0 0 0 0 0 0 0 0 0 0 0 0.00373189 0.0101926 0.0212272 0.0327911 0.0524138 0.0654141 0.0689052 0.0632274 0.0584259 0.0609576 0.0773114 0.179346 0.264382 0.0966909 0.0609388 0.0416213 0.0371324 0.0321076 0.0314497 0.0344671 0.0342481 0.029748 0.0309748 0.0270914 0.0259179 0.021228 0.020959 0.0226262 0.0203316 0.0182975 0.029023 0.0913362 0.0398741 0.0243143 0.0241741 0.0305915 0.0383902 0.0424662 0.039459 0.037188 0.0379502 0.0358996 0.035548 0.0359444 0.0449874 0.0886585 0.269202 0.111747 0.0477932 0.0337213 0.0368661 0.0409358 0.0387468 0.0381848 0.0365023 0.0328257 0.0281629 0.0189457 0.0363709 0.0860817 0.0251524 0.0218976 0.0283549 0.0321319 0.033484 
0 0 0 0 0 0 0 0 0 0 0 0 0 0 0 0 0 0 0 0 0 0 0 0 0 0 0 0 0 0 0 0 0 0 0 0.00368565 0.0100481 0.0209292 0.032329 0.0517114 0.0651142 0.0679844 0.063001 0.0575973 0.0601724 0.0767717 0.176915 0.260743 0.0959194 0.0601895 0.0410322 0.0366065 0.0317288 0.0310119 0.0340573 0.0339652 0.0293299 0.0305663 0.0267189 0.0259726 0.0211655 0.0207085 0.0230262 0.0202203 0.0180413 0.0288633 0.0900558 0.0393268 0.0240593 0.0238562 0.0303298 0.0378477 0.0418752 0.0389019 0.0367355 0.0374136 0.0354216 0.0351144 0.0355324 0.0444369 0.0875485 0.265533 0.110431 0.0471315 0.0332517 0.0364991 0.0403552 0.0382361 0.0377267 0.0359894 0.0323892 0.0279918 0.0192314 0.0358656 0.0848819 0.0248308 0.0216013 0.0280929 0.0316944 0.0330142 
0 0 0 0 0 0 0 0 0 0 0 0 0 0 0 0 0 0 0 0 0 0 0 0 0 0 0 0 0 0 0 0 0 0 0 0.00364052 0.0099281 0.0206508 0.0318852 0.0511232 0.0642889 0.0671084 0.0624227 0.0568815 0.0595167 0.0766432 0.174631 0.257191 0.0949658 0.0595148 0.0404588 0.0360979 0.0312851 0.0306098 0.033581 0.0335771 0.0289415 0.0301562 0.0263519 0.0259836 0.0208933 0.0205673 0.0233516 0.0201941 0.017789 0.0286089 0.0888727 0.0388211 0.0238851 0.0235233 0.0300954 0.0373409 0.0412916 0.0384118 0.0362233 0.0369235 0.0349365 0.0346557 0.0350423 0.0438212 0.0864813 0.262035 0.109111 0.0464903 0.0327869 0.0360691 0.0398003 0.0377484 0.0372134 0.0354888 0.0319363 0.0278515 0.0195942 0.0353677 0.0837032 0.0245743 0.0215284 0.0277 0.0312511 0.0325727 
0 0 0 0 0 0 0 0 0 0 0 0 0 0 0 0 0 0 0 0 0 0 0 0 0 0 0 0 0 0 0 0 0 0 0 0.00361504 0.00980546 0.0203661 0.0314454 0.0508923 0.0634031 0.0663625 0.0615657 0.056831 0.0587689 0.0764619 0.172512 0.253672 0.0945966 0.0587128 0.039903 0.0356033 0.0308615 0.0302071 0.0331884 0.0331255 0.0286481 0.0298716 0.0261466 0.0256276 0.0208124 0.0204094 0.0232385 0.0203055 0.0176528 0.0284103 0.0876959 0.0383419 0.0236468 0.0232 0.0296964 0.036886 0.0407224 0.0381425 0.035754 0.0364222 0.0344675 0.034226 0.0345596 0.0432285 0.0853512 0.258634 0.10776 0.0458495 0.0323724 0.0355901 0.0392811 0.0372903 0.0367098 0.035016 0.0314958 0.0276755 0.0200028 0.0349043 0.0825529 0.0242964 0.0213624 0.0273184 0.0308273 0.032125 
0 0 0 0 0 0 0 0 0 0 0 0 0 0 0 0 0 0 0 0 0 0 0 0 0 0 0 0 0 0 0 0 0 0 0 0.00358976 0.00973624 0.020103 0.0310182 0.0506452 0.0625487 0.0656067 0.0607285 0.0571245 0.0580203 0.0761383 0.170611 0.250318 0.0937332 0.0579376 0.0393688 0.0351866 0.0304987 0.029808 0.0327938 0.0326956 0.0282645 0.0294658 0.0262658 0.0252795 0.0206124 0.0203947 0.0230408 0.0204152 0.0174444 0.0282108 0.0865073 0.0378207 0.0234882 0.0228871 0.0292926 0.0365199 0.0401749 0.0378866 0.0352827 0.0359277 0.0340169 0.0337702 0.0341463 0.0426817 0.0842345 0.255365 0.106441 0.0452284 0.0320326 0.0351952 0.0387849 0.0367853 0.0363161 0.0345417 0.0311006 0.0275031 0.0201884 0.0344406 0.081434 0.0239776 0.0210969 0.026956 0.0304336 0.0317126 
0 0 0 0 0 0 0 0 0 0 0 0 0 0 0 0 0 0 0 0 0 0 0 0 0 0 0 0 0 0 0 0 0 0 0 0.00356439 0.00963644 0.0198521 0.0306116 0.0502865 0.0617746 0.0647588 0.0602409 0.0570145 0.0572599 0.0755897 0.168711 0.247136 0.0927826 0.0571602 0.0388413 0.034889 0.0302235 0.0294117 0.0323943 0.0323186 0.0278858 0.0290703 0.0265497 0.0249729 0.0204709 0.0203308 0.022869 0.0207134 0.0172183 0.0278522 0.0853536 0.0373325 0.0232523 0.0225799 0.028917 0.0361129 0.0397613 0.0374924 0.0348903 0.0354472 0.0335892 0.0333234 0.0337329 0.0421566 0.0831808 0.252136 0.105156 0.0446521 0.031635 0.0347806 0.038289 0.0363006 0.0358834 0.0340781 0.0307952 0.0272401 0.0201671 0.0339859 0.0803618 0.0237112 0.0208407 0.0266104 0.0300281 0.0313324 
0 0 0 0 0 0 0 0 0 0 0 0 0 0 0 0 0 0 0 0 0 0 0 0 0 0 0 0 0 0 0 0 0 0 0 0.00352394 0.00950983 0.0195941 0.0302291 0.0501392 0.0610949 0.0639077 0.0598899 0.0564408 0.0565021 0.0748151 0.166706 0.24414 0.0919318 0.056418 0.0383352 0.0345788 0.0299423 0.0290318 0.0319682 0.0319369 0.0275173 0.028694 0.0268674 0.0246924 0.0203454 0.0201087 0.0229494 0.0206265 0.016995 0.0275277 0.084289 0.0369495 0.0229914 0.0222862 0.0285856 0.0356362 0.0397865 0.0369958 0.0344349 0.0349823 0.0331494 0.0329066 0.0333725 0.0416656 0.0821595 0.248991 0.103821 0.044323 0.031228 0.0344727 0.0378809 0.0358294 0.0354183 0.0336269 0.0305475 0.0270804 0.0200121 0.0335795 0.0793529 0.0234064 0.020575 0.0263448 0.0296342 0.0311137 
0 0 0 0 0 0 0 0 0 0 0 0 0 0 0 0 0 0 0 0 0 0 0 0 0 0 0 0 0 0 0 0 0 0 0 0.00348435 0.00938675 0.0194203 0.0298428 0.0502142 0.0603539 0.0630911 0.0595975 0.0557035 0.0558082 0.0739448 0.164661 0.241271 0.0910966 0.0556845 0.0378348 0.0341574 0.0295636 0.0286534 0.0315507 0.0315359 0.0272027 0.0283658 0.0267292 0.0243883 0.0202619 0.0198641 0.0229409 0.020396 0.016859 0.0272035 0.0832232 0.0365391 0.0227058 0.0219952 0.028242 0.0352715 0.0393744 0.0365123 0.0340219 0.0345289 0.0327342 0.0324908 0.0329743 0.0411798 0.0812088 0.245957 0.10248 0.0439743 0.0309203 0.0344906 0.0375587 0.0353611 0.0349567 0.0333167 0.0301685 0.0268811 0.0198423 0.0332161 0.0783631 0.0231259 0.0203164 0.0260508 0.0292714 0.0309591 
0 0 0 0 0 0 0 0 0 0 0 0 0 0 0 0 0 0 0 0 0 0 0 0 0 0 0 0 0 0 0 0 0 0 0 0.00344562 0.00926676 0.0191871 0.0294602 0.0500604 0.0597354 0.0622947 0.0596286 0.0549856 0.0551432 0.0730661 0.162684 0.2384 0.0902414 0.055027 0.0373468 0.0338552 0.0293389 0.0282966 0.0311522 0.0311296 0.0268878 0.0282404 0.0263866 0.0241294 0.0200558 0.0196847 0.0228394 0.0201346 0.0168791 0.02686 0.0821506 0.0360954 0.0224135 0.0217122 0.0278783 0.0348636 0.0388664 0.0361766 0.0335869 0.0341259 0.0323251 0.03211 0.0326024 0.0407676 0.0802009 0.243039 0.101203 0.0434632 0.0307162 0.0343439 0.0371014 0.0349176 0.0345144 0.032921 0.0298727 0.0266738 0.0196074 0.0328197 0.077372 0.0228935 0.0200654 0.0257225 0.0289159 0.0306463 
0 0 0 0 0 0 0 0 0 0 0 0 0 0 0 0 0 0 0 0 0 0 0 0 0 0 0 0 0 0 0 0 0 0 0 0.0034077 0.00915894 0.0189436 0.029096 0.0504016 0.0591191 0.0615031 0.0591817 0.0543463 0.0544443 0.0722679 0.160639 0.235823 0.0891826 0.0544612 0.0368971 0.0334276 0.0289859 0.0279451 0.0307712 0.030735 0.0265738 0.0279944 0.0260674 0.023851 0.0199739 0.019498 0.0226951 0.0199 0.0169306 0.0265523 0.0811194 0.0357134 0.0221353 0.0214396 0.0277156 0.0344784 0.0384072 0.036023 0.0333676 0.0336964 0.0319255 0.0317025 0.0321872 0.0403614 0.0792173 0.240139 0.0999841 0.0429799 0.0303634 0.0339691 0.0366489 0.0345086 0.0340765 0.0326099 0.0295117 0.0264226 0.0194429 0.0324583 0.0764198 0.0226219 0.0198206 0.0254293 0.0286271 0.0302872 
0 0 0 0 0 0 0 0 0 0 0 0 0 0 0 0 0 0 0 0 0 0 0 0 0 0 0 0 0 0 0 0 0 0 0 0.00337058 0.0090537 0.0187061 0.0287369 0.0503433 0.058854 0.0607723 0.0585627 0.0536665 0.053761 0.0714847 0.158703 0.233078 0.0882491 0.054045 0.0364455 0.0330073 0.0286225 0.0275958 0.0304398 0.0303724 0.026251 0.0278397 0.0257466 0.0236973 0.0199395 0.019286 0.022442 0.01967 0.0167961 0.0264279 0.0801386 0.035265 0.0219605 0.021171 0.0275925 0.0341269 0.0380463 0.0361333 0.0330302 0.0333203 0.0315289 0.0313242 0.0320286 0.0398537 0.0783717 0.2372 0.0989186 0.0424859 0.0299846 0.033547 0.0362126 0.0341666 0.0336551 0.0322335 0.0291465 0.0262069 0.0192937 0.0320732 0.0754784 0.0223521 0.0195856 0.0251789 0.0283093 0.0299153 
0 0 0 0 0 0 0 0 0 0 0 0 0 0 0 0 0 0 0 0 0 0 0 0 0 0 0 0 0 0 0 0 0 0 0 0.00333423 0.0089462 0.0185244 0.0283823 0.0502848 0.0587502 0.0601043 0.0578814 0.0530449 0.0531682 0.0709886 0.156745 0.230606 0.0872047 0.053797 0.0360476 0.0326631 0.0282694 0.027275 0.0300679 0.0299958 0.0259266 0.0275346 0.0254402 0.0236292 0.0200133 0.0190668 0.0223178 0.0194979 0.0166015 0.0261762 0.0791446 0.0348286 0.0218303 0.0209288 0.0274351 0.033754 0.0377543 0.0362975 0.0327428 0.0329674 0.031148 0.030973 0.0317179 0.039372 0.0775301 0.234308 0.0980023 0.0419651 0.0296121 0.0331928 0.0357716 0.0339292 0.0332466 0.0318622 0.0288029 0.02596 0.0191751 0.0317143 0.0745968 0.022098 0.019347 0.0250883 0.0279579 0.0295516 
0 0 0 0 0 0 0 0 0 0 0 0 0 0 0 0 0 0 0 0 0 0 0 0 0 0 0 0 0 0 0 0 0 0 0 0.00329863 0.00884112 0.0183039 0.0280345 0.0502527 0.058481 0.0594494 0.0574858 0.0525814 0.0525233 0.0702758 0.154869 0.228107 0.0861714 0.0534907 0.0357005 0.0322945 0.0279236 0.0269522 0.0296998 0.0296288 0.0256125 0.0273068 0.0251886 0.0235119 0.0200092 0.0189286 0.0220447 0.0194742 0.0166488 0.0258621 0.0781797 0.0344043 0.0216506 0.0207392 0.027109 0.0333831 0.037425 0.0363483 0.032677 0.0325729 0.0307658 0.0306268 0.0313724 0.038939 0.076686 0.231525 0.0969726 0.0414861 0.029249 0.0328163 0.0353468 0.0338961 0.0328387 0.0315148 0.0284819 0.0256462 0.0191531 0.0313583 0.0737173 0.0218678 0.0191244 0.0249794 0.0276149 0.0291903 
0 0 0 0 0 0 0 0 0 0 0 0 0 0 0 0 0 0 0 0 0 0 0 0 0 0 0 0 0 0 0 0 0 0 0 0.00326377 0.00875107 0.0180949 0.0277469 0.0496506 0.0593907 0.0587417 0.0570032 0.0521947 0.0518899 0.0694648 0.153182 0.22555 0.0852227 0.0529313 0.0354969 0.0319187 0.0277958 0.0266532 0.0293407 0.0293259 0.0253241 0.0269764 0.0249173 0.023252 0.019836 0.0192402 0.0217932 0.0193575 0.0165085 0.0255495 0.0772534 0.0340171 0.0214808 0.0208065 0.0269437 0.0329801 0.0370453 0.0362946 0.0325698 0.0322246 0.0304049 0.0302558 0.0310859 0.0385426 0.0758387 0.228826 0.0959114 0.0409909 0.0289583 0.0324778 0.0349184 0.0338957 0.0324569 0.0311329 0.028261 0.025336 0.019088 0.03103 0.0728987 0.0217685 0.0190348 0.0251188 0.0272806 0.0288531 
0 0 0 0 0 0 0 0 0 0 0 0 0 0 0 0 0 0 0 0 0 0 0 0 0 0 0 0 0 0 0 0 0 0 0 0.0032296 0.00866267 0.0178784 0.0274771 0.0490597 0.0596151 0.0582663 0.0564677 0.0515794 0.0513338 0.0686361 0.151577 0.223031 0.0843798 0.0523566 0.0352155 0.0316439 0.0275413 0.0264201 0.0290342 0.0290176 0.0252119 0.026705 0.0247031 0.022976 0.0198329 0.0191752 0.0215362 0.0192857 0.0163409 0.0252574 0.0763282 0.0336174 0.0214414 0.0206859 0.0267565 0.0326184 0.0366016 0.0359645 0.0325638 0.0319172 0.0300631 0.029897 0.0308568 0.0381772 0.0749645 0.226228 0.0948615 0.0405001 0.0287017 0.0321478 0.0345005 0.0336212 0.0321587 0.0307748 0.0279866 0.0250333 0.0189896 0.0307748 0.0720905 0.021556 0.0188147 0.0248934 0.026954 0.028509 
0 0 0 0 0 0 0 0 0 0 0 0 0 0 0 0 0 0 0 0 0 0 0 0 0 0 0 0 0 0 0 0 0 0 0 0.00319613 0.00857604 0.0176683 0.0272974 0.048509 0.0599707 0.0575905 0.055862 0.0511106 0.0510391 0.0678338 0.149937 0.220802 0.0833867 0.0519152 0.0348308 0.0314121 0.0272213 0.0262602 0.0286906 0.0286748 0.0252175 0.0264157 0.0244108 0.0227237 0.0200552 0.0189679 0.0212908 0.0191714 0.0162266 0.0249896 0.0754249 0.0332682 0.0215695 0.0204432 0.0264679 0.032335 0.0362374 0.0355568 0.0326453 0.0316156 0.0297243 0.0296535 0.0305372 0.0377821 0.0741661 0.223657 0.0938465 0.0400212 0.0284698 0.0318281 0.0341162 0.0332436 0.0320089 0.030414 0.0277455 0.0247377 0.018794 0.0305546 0.0712745 0.0213172 0.0186364 0.0246026 0.0266393 0.0281823 
0 0 0 0 0 0 0 0 0 0 0 0 0 0 0 0 0 0 0 0 0 0 0 0 0 0 0 0 0 0 0 0 0 0 0 0.00316332 0.00849126 0.0174819 0.0271506 0.0479594 0.0601393 0.0569733 0.0552735 0.0505941 0.0504818 0.067042 0.148364 0.218594 0.0824185 0.0514965 0.0344291 0.031143 0.0269111 0.0261026 0.0283657 0.0284196 0.0251178 0.026137 0.0241257 0.0224615 0.020594 0.0187462 0.0210491 0.0189561 0.0162472 0.0246997 0.0745618 0.0331169 0.0215205 0.0202524 0.0261865 0.0319935 0.0358724 0.0351979 0.0324415 0.0313916 0.0293771 0.0293357 0.0302762 0.037385 0.0733987 0.221131 0.0928715 0.0395532 0.0282468 0.0314992 0.0337667 0.0328783 0.0319098 0.0300584 0.0274294 0.0244492 0.0186837 0.0302687 0.0704633 0.0210683 0.0185211 0.0243149 0.026332 0.0278708 
0 0 0 0 0 0 0 0 0 0 0 0 0 0 0 0 0 0 0 0 0 0 0 0 0 0 0 0 0 0 0 0 0 0 0 0.00313116 0.0084084 0.0172854 0.0269708 0.0474644 0.0601738 0.0563912 0.0547678 0.0500839 0.049901 0.0662957 0.146778 0.216318 0.0815679 0.0509807 0.0340828 0.0308589 0.026603 0.0260161 0.0280489 0.0281027 0.0250897 0.0258351 0.0238543 0.0222042 0.0209155 0.0188248 0.0208649 0.018737 0.016514 0.0244692 0.0737094 0.0331458 0.0213813 0.0201596 0.0259413 0.031625 0.035469 0.0349342 0.0320828 0.0312062 0.0290614 0.0290094 0.0302952 0.036995 0.0726448 0.218654 0.0919334 0.0390989 0.0279607 0.0312058 0.0334505 0.0325339 0.0316557 0.0297864 0.0271124 0.0241735 0.0185069 0.0300277 0.0696825 0.0208257 0.0184431 0.0240375 0.0260389 0.0275672 
0 0 0 0 0 0 0 0 0 0 0 0 0 0 0 0 0 0 0 0 0 0 0 0 0 0 0 0 0 0 0 0 0 0 0 0.00309963 0.00832925 0.0171986 0.0266629 0.0469651 0.0606121 0.0557637 0.0542369 0.0495375 0.0493446 0.0655422 0.145135 0.214155 0.0807957 0.0503988 0.0337397 0.0307098 0.0263025 0.0257187 0.0278063 0.0279172 0.0249147 0.0255401 0.023668 0.0219835 0.0209212 0.019221 0.020654 0.0185268 0.0165034 0.0242198 0.0728701 0.032921 0.0212911 0.020107 0.0257007 0.0312784 0.0350719 0.0345965 0.0317671 0.0309796 0.0287543 0.0286856 0.0302367 0.0366525 0.0718402 0.216259 0.0910343 0.0386588 0.0277395 0.0308883 0.0331202 0.0322363 0.0313092 0.0295232 0.0268032 0.0239419 0.0184201 0.029695 0.0689058 0.0205981 0.0183185 0.0237643 0.0257509 0.0272551 
0 0 0 0 0 0 0 0 0 0 0 0 0 0 0 0 0 0 0 0 0 0 0 0 0 0 0 0 0 0 0 0 0 0 0 0.00306872 0.00823551 0.0170354 0.0263957 0.0464623 0.0607459 0.0551564 0.0537343 0.0489958 0.048794 0.0648143 0.143517 0.212127 0.0799341 0.0499168 0.0333775 0.0304094 0.026011 0.025473 0.027578 0.0281679 0.0246362 0.0252564 0.0234084 0.0218706 0.0207439 0.0194519 0.0204773 0.0183398 0.0163832 0.0239461 0.0720481 0.0326649 0.0210927 0.0199241 0.0254543 0.030925 0.0346929 0.034258 0.0315493 0.0306715 0.0284901 0.0283644 0.0301081 0.0363229 0.0710773 0.213895 0.090145 0.0382369 0.0276002 0.0305393 0.0327461 0.0320171 0.0309862 0.0292796 0.0265004 0.0236961 0.0183328 0.0293981 0.0681647 0.0203822 0.0181119 0.0235249 0.0254633 0.0269487 
0 0 0 0 0 0 0 0 0 0 0 0 0 0 0 0 0 0 0 0 0 0 0 0 0 0 0 0 0 0 0 0 0 0 0 0.0030384 0.00815361 0.0169626 0.026101 0.0466537 0.060216 0.0545443 0.0532068 0.0484789 0.0482489 0.0642878 0.142076 0.210113 0.079103 0.0494518 0.0330057 0.0301673 0.0257204 0.025231 0.0274446 0.0282553 0.0243635 0.0249994 0.0231488 0.0217834 0.0206258 0.0193884 0.0202516 0.0181533 0.0162168 0.023716 0.0712439 0.0323149 0.0209134 0.0197274 0.0251714 0.0306022 0.0343369 0.0338786 0.0314098 0.0303864 0.0281921 0.0280519 0.029888 0.036005 0.0703835 0.211584 0.0892557 0.0378097 0.0274091 0.0301982 0.0323859 0.0318654 0.0306464 0.0289679 0.0262059 0.0235569 0.0182441 0.0290723 0.0674032 0.0201687 0.0179184 0.0233204 0.0251807 0.0266726 
0 0 0 0 0 0 0 0 0 0 0 0 0 0 0 0 0 0 0 0 0 0 0 0 0 0 0 0 0 0 0 0 0 0 0 0.00300865 0.00806359 0.016807 0.0258551 0.0466758 0.0596408 0.0539635 0.0526249 0.0479637 0.0477369 0.0637432 0.140721 0.208075 0.078302 0.0489369 0.0326614 0.0299539 0.0254371 0.0250306 0.0273792 0.0282184 0.0241008 0.0247234 0.0229143 0.0217023 0.0204268 0.0193488 0.0200309 0.0180107 0.0161035 0.0237724 0.0704566 0.0319671 0.0208124 0.0195241 0.0249163 0.0303588 0.0340294 0.0335143 0.0312056 0.0301089 0.0279609 0.027744 0.0296879 0.0356791 0.0697011 0.209334 0.0883354 0.0373977 0.0271064 0.0299718 0.0321402 0.0315136 0.0303365 0.0286664 0.0259468 0.0234838 0.0180667 0.0287854 0.0666686 0.019963 0.0177288 0.0231169 0.0249082 0.0264152 
0 0 0 0 0 0 0 0 0 0 0 0 0 0 0 0 0 0 0 0 0 0 0 0 0 0 0 0 0 0 0 0 0 0 0 0.00297947 0.0079837 0.0166278 0.0255982 0.0465894 0.0590617 0.05338 0.0520519 0.0475222 0.047257 0.0630697 0.139417 0.205977 0.0775282 0.0484029 0.0323115 0.0297694 0.0251763 0.0247929 0.0270807 0.0286275 0.0238463 0.0244644 0.0226949 0.0215345 0.0204663 0.0191378 0.0198338 0.0179593 0.0159507 0.0236364 0.0697045 0.0316626 0.0205958 0.0193254 0.0246553 0.0300668 0.0336617 0.0331501 0.031267 0.0299816 0.0276559 0.0274859 0.0293863 0.0354374 0.0689916 0.207137 0.0874291 0.0369928 0.0268104 0.0297365 0.0318722 0.0311692 0.0300132 0.0284827 0.0256771 0.023374 0.0178731 0.0285188 0.0659463 0.0197496 0.0175462 0.0229058 0.0246393 0.0261289 
0 0 0 0 0 0 0 0 0 0 0 0 0 0 0 0 0 0 0 0 0 0 0 0 0 0 0 0 0 0 0 0 0 0 0 0.00295084 0.00791968 0.016449 0.0254962 0.0465804 0.058425 0.0528032 0.0515207 0.0474628 0.0468318 0.0624454 0.137999 0.203871 0.0767584 0.0478864 0.0319623 0.0299058 0.0249468 0.0245346 0.0268841 0.0285529 0.0235926 0.0242338 0.0225303 0.0213177 0.0204266 0.018932 0.0196325 0.0178089 0.0158523 0.0234101 0.0689651 0.0313368 0.0204315 0.0192772 0.0244178 0.0297426 0.033307 0.0327937 0.0311141 0.0299785 0.0273641 0.0272494 0.0290804 0.0351499 0.0683449 0.204955 0.0865342 0.0365931 0.0265205 0.0295169 0.0315552 0.0308324 0.0296972 0.0283085 0.0254013 0.0233101 0.0178014 0.0282133 0.0652348 0.0195401 0.0173662 0.0226915 0.0243739 0.0258707 
0 0 0 0 0 0 0 0 0 0 0 0 0 0 0 0 0 0 0 0 0 0 0 0 0 0 0 0 0 0 0 0 0 0 0 0.00292274 0.0078367 0.0163091 0.025385 0.0463482 0.0578004 0.0522426 0.0509941 0.0471753 0.0464298 0.0618628 0.136577 0.201798 0.0760312 0.0473755 0.0316218 0.0299339 0.0247063 0.0242735 0.0266243 0.0286015 0.0233573 0.0239884 0.022396 0.0210927 0.0202098 0.0187901 0.019423 0.0178779 0.0158181 0.0231599 0.0682351 0.0310075 0.0202682 0.0192789 0.0241593 0.0294258 0.032954 0.0324549 0.0312122 0.0298318 0.0270869 0.0269855 0.0287775 0.034896 0.067751 0.202815 0.085642 0.0362017 0.0262369 0.0292834 0.0312209 0.030511 0.0294524 0.0280431 0.0252434 0.0231517 0.0178408 0.0279512 0.0645527 0.019354 0.0171944 0.0224682 0.0241271 0.0256442 
0 0 0 0 0 0 0 0 0 0 0 0 0 0 0 0 0 0 0 0 0 0 0 0 0 0 0 0 0 0 0 0 0 0 0 0.00289516 0.00775544 0.0161725 0.0251448 0.0461848 0.0571905 0.0516897 0.0504624 0.046898 0.0459654 0.061412 0.135151 0.199824 0.0752933 0.0468893 0.0314016 0.0297897 0.0244793 0.0240238 0.0263792 0.0285913 0.0232932 0.0237609 0.0221652 0.0208979 0.0200471 0.0185964 0.0192221 0.0179424 0.0157255 0.0230241 0.0675141 0.0306799 0.020191 0.0193191 0.02392 0.029185 0.0326214 0.0321118 0.0312183 0.0297731 0.0268606 0.0267375 0.0285936 0.0345294 0.0671769 0.200748 0.0847379 0.0358236 0.0260302 0.0289917 0.0309175 0.0302846 0.0292835 0.027795 0.0251383 0.0229313 0.0179377 0.0277054 0.0638838 0.0191958 0.017015 0.0222326 0.0239082 0.0254336 
0 0 0 0 0 0 0 0 0 0 0 0 0 0 0 0 0 0 0 0 0 0 0 0 0 0 0 0 0 0 0 0 0 0 0 0.00286809 0.00767639 0.0160412 0.0251411 0.0457739 0.0565962 0.0511775 0.050092 0.0464611 0.045545 0.0609274 0.133783 0.197797 0.0746027 0.0463999 0.0312112 0.029613 0.0242827 0.0237788 0.0261185 0.0285175 0.0233352 0.0235437 0.0219496 0.0206846 0.0198504 0.0184049 0.0192206 0.0177715 0.0158165 0.0228688 0.0668158 0.0303661 0.0200775 0.0191852 0.0236712 0.0290197 0.0322898 0.0317813 0.0309533 0.0297823 0.0266052 0.0265039 0.0283532 0.0341827 0.0666843 0.198687 0.0839048 0.0354559 0.0258879 0.0286883 0.0305942 0.0300107 0.0290813 0.0275364 0.0251364 0.0227287 0.0179043 0.0274251 0.0632234 0.0189948 0.0168417 0.0220064 0.0236631 0.0251681 
0 0 0 0 0 0 0 0 0 0 0 0 0 0 0 0 0 0 0 0 0 0 0 0 0 0 0 0 0 0 0 0 0 0 0 0.00284151 0.00768874 0.0158802 0.0251199 0.0454234 0.0560941 0.0507677 0.0499171 0.0459799 0.0451046 0.0604999 0.132419 0.195863 0.0738753 0.0459197 0.0309588 0.0295565 0.024046 0.0235429 0.0258964 0.0283905 0.0238499 0.0234017 0.0217381 0.0204736 0.0196553 0.0182456 0.0192633 0.017621 0.0158537 0.0226802 0.0661342 0.0300564 0.0199253 0.0189869 0.0234968 0.0288158 0.0319753 0.0315117 0.0306448 0.0296477 0.0263352 0.0263625 0.0280687 0.0338296 0.0661013 0.196653 0.0830912 0.0350934 0.0257123 0.02841 0.0302875 0.0297162 0.0288629 0.0272823 0.0250011 0.0226684 0.0177237 0.0271414 0.0625725 0.018799 0.0166705 0.0217839 0.0234285 0.0249106 
0 0 0 0 0 0 0 0 0 0 0 0 0 0 0 0 0 0 0 0 0 0 0 0 0 0 0 0 0 0 0 0 0 0 0 0.0028154 0.00766838 0.0157223 0.0250499 0.0449678 0.0555212 0.0504669 0.0495761 0.0455148 0.0447291 0.0599402 0.13116 0.193907 0.0731381 0.0454707 0.0307118 0.0294017 0.0238452 0.0233178 0.025633 0.0281791 0.0243747 0.0232016 0.0215285 0.0202725 0.0194583 0.0180826 0.0196221 0.0174409 0.0160555 0.0224556 0.0654717 0.0297611 0.0197782 0.0187998 0.0233612 0.0285461 0.0316474 0.0312247 0.0303442 0.0294435 0.0260689 0.0261136 0.0278013 0.0335098 0.0654239 0.194763 0.0823104 0.0347353 0.0254709 0.0281191 0.0299825 0.0294198 0.0287315 0.0270077 0.0248942 0.0225962 0.0175486 0.0269157 0.0619567 0.0186222 0.0165003 0.0215631 0.0232126 0.024671 
0 0 0 0 0 0 0 0 0 0 0 0 0 0 0 0 0 0 0 0 0 0 0 0 0 0 0 0 0 0 0 0 0 0 0 0.00278976 0.00761134 0.0156448 0.0247994 0.0445118 0.0550163 0.0501893 0.0491594 0.0451354 0.0445298 0.0593577 0.130033 0.191942 0.0724275 0.0450629 0.030516 0.0291969 0.0236453 0.0230827 0.0253738 0.0281515 0.0243036 0.0232055 0.0213115 0.0200668 0.0192744 0.0179044 0.0197149 0.017278 0.0162706 0.0222316 0.0648362 0.0294613 0.0196441 0.0186196 0.0231823 0.0283471 0.0313306 0.0309697 0.0300382 0.0291521 0.0258042 0.0259035 0.0276313 0.0331754 0.0647606 0.192938 0.0815107 0.0344515 0.0252123 0.0278371 0.0296785 0.0291384 0.0286038 0.0267364 0.0247731 0.0224518 0.017393 0.0267087 0.0613666 0.0184333 0.0163349 0.0213464 0.0229771 0.0244287 
0 0 0 0 0 0 0 0 0 0 0 0 0 0 0 0 0 0 0 0 0 0 0 0 0 0 0 0 0 0 0 0 0 0 0 0.00276458 0.00753558 0.0155314 0.0245933 0.044091 0.0545428 0.0503949 0.0486997 0.0448644 0.0442151 0.0587913 0.129005 0.190013 0.071733 0.0448147 0.0302783 0.028963 0.0234373 0.0229306 0.0251275 0.0279543 0.0243409 0.0232457 0.0210979 0.0198659 0.0191354 0.017759 0.0198093 0.0172088 0.0162646 0.0220178 0.064202 0.0291822 0.0195151 0.0184796 0.0229551 0.0281192 0.031046 0.0307503 0.0297381 0.0288694 0.0255571 0.0256578 0.0273579 0.0328559 0.0641322 0.191131 0.0807522 0.0341989 0.0249601 0.0275575 0.0293844 0.0288459 0.0284324 0.0264737 0.0247343 0.0222306 0.0173124 0.0264673 0.0608015 0.0182498 0.0161743 0.021132 0.0227577 0.0241863 
