-6.3625
-6.35442
-6.33956
-6.31489
-6.27863
-6.2282
-6.15879
-6.06926
-5.95666
-5.81858
-5.65753
-5.4817
-5.30591
-5.14715
-5.01981
-4.93279
-4.88844
-4.8794
-4.89871
-4.93509
-4.9822
-5.03108
-5.07569
-5.11525
-5.1466
-5.17087
-5.18797
-5.20181
-5.2103
-5.21346
-5.2093
-5.19912
-5.1841
-5.16301
-5.13974
-5.11749
-5.09963
-5.09044
-5.09265
-5.10479
-5.12291
-5.14465
-5.16616
-5.1814
-5.19054
-5.19324
-5.18853
-5.17648
-5.15946
-5.1391
-5.11864
-5.10261
-5.09422
-5.09372
-5.09972
-5.10786
-5.11871
-5.1288
-5.13642
-5.14119
-5.14143
-5.13989
-5.13675
-5.13459
-5.13228
-5.13273
-5.13499
-5.13881
-5.14354
-5.14598
-5.14533
-5.14179
-5.13444
-5.12485
-5.11627
-5.10829
-5.09913
-5.09145
-5.08454
-5.07904
-5.07353
-5.06778
-5.06069
-5.05295
-5.04466
-5.03624
-5.02686
-5.01747
-5.01022
-5.00469
-5.00222
-5.0031
-5.00616
-5.01196
-5.01878
-5.02941
-5.04224
-5.05732
-5.0733
-5.08697
