1.8985
1.89311
1.88321
1.86777
1.8453
1.8138
1.77085
1.71377
1.64022
1.54918
1.44231
1.3253
1.20781
1.10147
1.01638
0.958268
0.927794
0.921564
0.933924
0.958477
0.989281
1.02146
1.0515
1.07727
1.09797
1.11385
1.12575
1.13447
1.14023
1.14265
1.14098
1.13469
1.12398
1.10992
1.09431
1.07938
1.06757
1.06134
1.06231
1.0702
1.08278
1.09697
1.1101
1.12036
1.12666
1.12836
1.12522
1.11748
1.10604
1.09257
1.07933
1.06875
1.06265
1.06172
1.06521
1.07154
1.07888
1.0856
1.09058
1.09325
1.09372
1.09259
1.0907
1.08886
1.08772
1.08782
1.08943
1.09218
1.09503
1.09665
1.09612
1.09326
1.08856
1.08287
1.07695
1.07122
1.06592
1.0612
1.05711
1.05344
1.04976
1.04562
1.0408
1.03534
1.02941
1.02319
1.01694
1.01108
1.00615
1.00266
1.00091
1.00099
1.00284
1.0064
1.01175
1.01894
1.02779
1.03775
1.0478
1.0566
