-3.51475
-3.51475
-3.51475
-3.51324
-3.51067
-3.5075
-3.50252
-3.4986
-3.49633
-3.49482
-3.49406
-3.49375
-3.49419
-3.49494
-3.49524
-3.49539
-3.49675
-3.49706
-3.49782
-3.49737
-3.49828
-3.49889
-3.49844
-3.49934
-3.49964
-3.5001
-3.49934
-3.5001
-3.49994
-3.49949
-3.49783
-3.49708
-3.49813
-3.49813
-3.49828
-3.49843
-3.49828
-3.49843
-3.49918
-3.49949
-3.49873
-3.49919
-3.501
-3.50085
-3.50055
-3.5007
-3.5007
-3.50025
-3.5004
-3.50024
-3.49964
-3.49949
-3.50024
-3.50115
-3.5019
-3.50055
-3.5004
-3.5004
-3.50055
-3.5013
-3.50085
-3.501
-3.5007
-3.5013
-3.5007
-3.501
-3.50085
-3.50055
-3.501
-3.501
-3.50115
-3.50191
-3.5016
-3.50055
-3.50085
-3.50145
-3.50024
-3.49964
-3.49888
-3.49889
-3.49889
-3.49934
-3.49949
-3.49994
-3.50055
-3.50145
-3.50145
-3.50085
-3.501
-3.5007
-3.50085
-3.5016
-3.50191
-3.50236
-3.50115
-3.501
-3.50055
-3.5007
-3.50161
-3.50206
