-4.67188
-4.61187
-4.50593
-4.34706
-4.12952
-3.84571
-3.48413
-3.03968
-2.50633
-1.88301
-1.18361
-0.440443
0.294833
0.963413
1.515
1.91904
2.1683
2.28171
2.28444
2.21138
2.08949
1.9478
1.80755
1.67814
1.56935
1.48118
1.41384
1.36075
1.32553
1.30937
1.31708
1.34742
1.3976
1.46649
1.54294
1.61593
1.67364
1.70316
1.69636
1.6563
1.59459
1.5225
1.4531
1.40114
1.36971
1.36138
1.37842
1.41992
1.47945
1.55001
1.62063
1.67807
1.71269
1.72247
1.71112
1.68935
1.66067
1.63455
1.6165
1.60838
1.61247
1.62271
1.63647
1.64746
1.65574
1.65544
1.64773
1.63422
1.61882
1.61001
1.61164
1.62421
1.64833
1.67969
1.71131
1.74251
1.77513
1.80412
1.83005
1.85201
1.87292
1.89399
1.9174
1.94198
1.96723
1.99211
2.01744
2.04093
2.05813
2.06888
2.07052
2.0626
2.04717
2.0235
1.99428
1.95507
1.90899
1.85745
1.80508
1.76015
