4.47653
4.42134
4.31324
4.15987
3.97478
3.77768
3.59453
3.44874
3.3538
3.31821
3.3454
3.42442
3.52888
3.62721
3.69344
3.71278
3.68348
3.61577
3.52868
3.44457
3.38232
3.35035
3.34424
3.35158
3.35828
3.35427
3.33827
3.31947
3.31303
3.32902
3.3632
3.40068
3.4273
3.43921
3.44534
3.45782
3.47995
3.50521
3.52461
3.53217
3.52457
3.49904
3.45509
3.39742
3.33575
3.28262
3.25062
3.24703
3.26945
3.3105
3.36264
3.41332
3.4467
3.45635
3.45091
3.44624
3.45294
3.4698
3.48749
3.49776
3.49951
3.49763
3.49686
3.49702
3.49278
3.47796
3.45193
3.42483
3.41585
3.43821
3.48341
3.5291
3.55825
3.56512
3.55092
3.51814
3.46809
3.40473
3.3428
3.30908
3.32759
3.39946
3.50281
3.61165
3.70867
3.78382
3.82854
3.83412
3.79551
3.71837
3.62408
3.54313
3.49544
3.47827
3.47668
3.47986
3.48498
3.49059
3.49343
3.49394
