-5.52593
-5.52561
-5.52625
-5.52496
-5.52496
-5.52496
-5.52657
-5.52495
-5.52431
-5.52528
-5.52463
-5.5269
-5.52787
-5.52658
-5.52755
-5.52722
-5.52754
-5.52689
-5.52625
-5.52819
-5.52884
-5.52787
-5.52593
-5.52657
-5.52528
-5.52463
-5.52334
-5.5201
-5.51783
-5.51621
-5.51588
-5.51653
-5.51556
-5.51944
-5.52203
-5.52204
-5.52074
-5.52204
-5.52107
-5.52043
-5.52043
-5.5214
-5.52302
-5.52496
-5.52528
-5.52625
-5.52722
-5.5269
-5.52657
-5.52592
-5.52722
-5.52787
-5.52722
-5.52754
-5.52592
-5.52625
-5.5243
-5.52463
-5.52528
-5.52398
-5.52528
-5.52722
-5.52981
-5.52981
-5.53272
-5.53143
-5.53013
-5.52819
-5.52722
-5.52528
-5.52625
-5.52593
-5.52755
-5.52884
-5.52528
-5.5269
-5.5282
-5.5282
-5.52658
-5.52787
-5.52625
-5.52528
-5.52625
-5.5256
-5.52624
-5.52818
-5.52754
-5.52398
-5.52366
-5.52333
-5.52333
-5.52431
-5.52398
-5.52333
-5.5243
-5.52366
-5.52786
-5.52786
-5.52592
-5.52624
