 1 -0.60332 -0.60332 0
 2 -0.5958 -0.59956 0.00265872
 3 -0.63212 -0.610413 0.00903723
 4 -0.6482 -0.61986 0.010624
 5 -0.65784 -0.627456 0.010881
 6 -0.57852 -0.6193 0.0117326
 7 -0.6384 -0.622029 0.0103689
 8 -0.642 -0.624525 0.0093685
 9 -0.63848 -0.626076 0.0084549
 10 -0.62252 -0.62572 0.00761688
 11 -0.678 -0.630473 0.00827543
 12 -0.61152 -0.628893 0.00773506
 13 -0.64396 -0.630052 0.00722636
 14 -0.6708 -0.632963 0.00727275
 15 -0.63308 -0.632971 0.0067879
 16 -0.62888 -0.632715 0.00636847
 17 -0.64272 -0.633304 0.00602099
 18 -0.65272 -0.634382 0.00578231
 19 -0.65792 -0.635621 0.00560911
 20 -0.66072 -0.636876 0.00546724
