 1 33.888 33.888 0
 2 25.8936 29.8908 2.82646
 3 38.6994 32.827 3.0493
 4 39.017 34.3745 2.65072
 5 38.8491 35.2694 2.26661
 6 24.5952 33.4904 2.49102
 7 40.5437 34.498 2.33006
 8 37.6995 34.8982 2.07289
 9 35.6039 34.9766 1.84405
 10 37.1881 35.1977 1.67285
 11 45.1844 36.1056 1.74988
 12 30.7786 35.6617 1.65941
 13 39.3999 35.9493 1.55647
 14 42.953 36.4495 1.52357
 15 37.8512 36.543 1.42487
 16 38.0679 36.6383 1.339
 17 41.9736 36.9521 1.29649
 18 36.372 36.9199 1.22486
 19 41.8196 37.1778 1.18723
 20 40.7167 37.3547 1.14098
