 1 -0.44272 -0.44272 0
 2 -0.39824 -0.42048 0.0157261
 3 -0.49336 -0.444773 0.0224357
 4 -0.49856 -0.45822 0.0204634
 5 -0.48224 -0.463024 0.0169252
 6 -0.39016 -0.45088 0.0179396
 7 -0.50456 -0.458549 0.0169367
 8 -0.49368 -0.46294 0.0153784
 9 -0.47984 -0.464818 0.0137839
 10 -0.47328 -0.465664 0.0124314
 11 -0.53856 -0.472291 0.0129477
 12 -0.44752 -0.470227 0.0120321
 13 -0.49736 -0.472314 0.0112862
 14 -0.51544 -0.475394 0.0108923
 15 -0.48816 -0.476245 0.0101993
 16 -0.48416 -0.47674 0.00957386
 17 -0.526 -0.479638 0.00943902
 18 -0.482 -0.479769 0.00891554
 19 -0.50552 -0.481124 0.0085487
 20 -0.51344 -0.48274 0.00827255
