 1 9.71372 9.71372 0
 2 9.11964 9.41668 0.210039
 3 10.4168 9.75004 0.306093
 4 10.774 10.006 0.319146
 5 11.3986 10.2846 0.356715
 6 8.63348 10.0094 0.389189
 7 10.5594 10.088 0.341432
 8 10.587 10.1503 0.304397
 9 10.4136 10.1796 0.271977
 10 9.9394 10.1556 0.245837
 11 11.8648 10.311 0.268135
 12 9.48752 10.2423 0.25442
 13 10.7648 10.2825 0.238002
 14 11.6552 10.3806 0.240351
 15 10.5061 10.3889 0.224473
 16 10.2508 10.3803 0.210609
 17 10.5303 10.3891 0.198405
 18 10.9811 10.422 0.190089
 19 11.2385 10.465 0.184878
 20 11.2142 10.5024 0.179389
