 1 -1.00066 0
 2 -0.999579 0.000765853
 3 -0.99838 0.00110398
 4 -0.999793 0.00147749
 5 -1.00015 0.00122432
 6 -1.00036 0.00103869
 7 -1.00143 0.00133037
 8 -1.0029 0.0018014
 9 -1.00381 0.00181607
 10 -1.0039 0.00163665
 11 -1.0043 0.00153586
 12 -1.00436 0.00140903
 13 -1.00451 0.00130867
 14 -1.004 0.00131025
 15 -1.00387 0.00122966
 16 -1.00409 0.00117304
 17 -1.00444 0.00115433
 18 -1.00473 0.00112771
 19 -1.00451 0.00109124
 20 -1.00456 0.00103787
 1 -0.998831 0
 2 -1.00447 0.00398537
 3 -1.00166 0.00350719
 4 -1.00363 0.00313225
 5 -1.00364 0.00250584
 6 -1.0031 0.00214711
 7 -1.00365 0.00191047
 8 -1.00393 0.00169218
 9 -1.00398 0.00150482
 10 -1.00376 0.00136943
 11 -1.00322 0.00134814
 12 -1.00371 0.00132222
 13 -1.00449 0.00142946
 14 -1.00414 0.00136853
 15 -1.00493 0.00148648
 16 -1.00496 0.00139394
 17 -1.00476 0.00132615
 18 -1.00484 0.001255
 19 -1.00504 0.00120383
 20 -1.00433 0.00133544
 1 -0.995964 0
 2 -1.00284 0.00486388
 3 -1.00519 0.00376572
 4 -1.00426 0.00293687
 5 -1.00482 0.00240289
 6 -1.00472 0.00200461
 7 -1.00318 0.00222977
 8 -1.00332 0.0019552
 9 -1.0037 0.00177531
 10 -1.00432 0.0017002
 11 -1.00442 0.00154863
 12 -1.0049 0.00149385
 13 -1.00476 0.00138567
 14 -1.0046 0.00129592
 15 -1.00449 0.00121454
 16 -1.00416 0.00118054
 17 -1.00446 0.00114728
 18 -1.00426 0.00110021
 19 -1.0041 0.00105507
 20 -1.00404 0.00100391
 1 -0.998405 0
 2 -1.00198 0.00252502
 3 -1.00272 0.00179024
 4 -1.00364 0.0015584
 5 -1.00418 0.00133719
 6 -1.00555 0.00167846
 7 -1.00506 0.00150904
 8 -1.00359 0.00190859
 9 -1.00418 0.00178631
 10 -1.00281 0.00206784
 11 -1.0017 0.00215449
 12 -1.00111 0.00205585
 13 -1.00187 0.00203518
 14 -1.00164 0.00190344
 15 -1.00101 0.00187685
 16 -1.00149 0.00181866
 17 -1.00167 0.00172082
 18 -1.0019 0.00164101
 19 -1.0018 0.00155768
 20 -1.00153 0.00150407
 1 -1.01235 0
 2 -1.01334 0.000698961
 3 -1.0112 0.00180799
 4 -1.00915 0.00223756
 5 -1.00825 0.00196067
 6 -1.00564 0.00289071
 7 -1.00597 0.00249649
 8 -1.0065 0.00224047
 9 -1.00628 0.00200285
 10 -1.00578 0.00186188
 11 -1.00626 0.00175199
 12 -1.00665 0.00164911
 13 -1.0067 0.00152295
 14 -1.00648 0.00142938
 15 -1.00558 0.00159544
 16 -1.0054 0.00150587
 17 -1.00555 0.00142538
 18 -1.00538 0.00135605
 19 -1.00565 0.00131107
 20 -1.00571 0.00124673
 1 -0.963857 0
 2 -0.957321 0.00462193
 3 -0.95931 0.00348309
 4 -0.957903 0.00288226
 5 -0.960101 0.00302967
 6 -0.959761 0.00254374
 7 -0.960828 0.00239379
 8 -0.961401 0.00216217
 9 -0.962941 0.00240862
 10 -0.963457 0.00222231
 11 -0.962649 0.00216232
 12 -0.963677 0.00221312
 13 -0.962895 0.00217653
 14 -0.962255 0.00211318
 15 -0.961606 0.00206951
 16 -0.961096 0.00200211
 17 -0.96286 0.00254603
 18 -0.963059 0.00241228
 19 -0.962609 0.00232678
 20 -0.962616 0.00221045
 1 -0.95368 0
 2 -0.95125 0.00171878
 3 -0.958724 0.00620953
 4 -0.961639 0.0052974
 5 -0.962327 0.00428238
 6 -0.960771 0.00384118
 7 -0.960863 0.00329355
 8 -0.961742 0.00299682
 9 -0.961049 0.00274282
 10 -0.960373 0.00255033
 11 -0.960318 0.00231908
 12 -0.959927 0.00215847
 13 -0.959776 0.00199772
 14 -0.960147 0.00188916
 15 -0.960278 0.00176779
 16 -0.95977 0.00172875
 17 -0.959737 0.00162737
 18 -0.959676 0.00153811
 19 -0.959502 0.00146697
 20 -0.96003 0.00148562
 1 -0.958125 0
 2 -0.964994 0.00485748
 3 -0.957005 0.00728237
 4 -0.95818 0.00555577
 5 -0.960268 0.00482077
 6 -0.962116 0.00435742
 7 -0.960213 0.00412971
 8 -0.960464 0.00362109
 9 -0.961105 0.00327497
 10 -0.960791 0.00296243
 11 -0.961654 0.00281581
 12 -0.962939 0.00285971
 13 -0.962583 0.00266189
 14 -0.961947 0.00254652
 15 -0.961677 0.00239101
 16 -0.961879 0.00225009
 17 -0.961295 0.00219211
 18 -0.961103 0.00207874
 19 -0.961067 0.00196964
 20 -0.961113 0.0018717
 1 -0.966303 0
 2 -0.962833 0.00245346
 3 -0.957414 0.00471734
 4 -0.958237 0.00360914
 5 -0.959583 0.00312822
 6 -0.962079 0.00346203
 7 -0.961548 0.00300783
 8 -0.963703 0.00331466
 9 -0.963323 0.00296804
 10 -0.964057 0.00276049
 11 -0.964122 0.00251032
 12 -0.96444 0.00232112
 13 -0.964445 0.00214258
 14 -0.963924 0.00205204
 15 -0.964712 0.00206104
 16 -0.964873 0.00193854
 17 -0.964707 0.00183162
 18 -0.96476 0.00173063
 19 -0.964444 0.00166822
 20 -0.964246 0.00159649
 1 -0.964783 0
 2 -0.962551 0.00157787
 3 -0.957295 0.00441922
 4 -0.962226 0.00540573
 5 -0.961708 0.00434934
 6 -0.962754 0.00374814
 7 -0.962846 0.00321381
 8 -0.962135 0.00288954
 9 -0.962672 0.00261791
 10 -0.960999 0.00284085
 11 -0.960335 0.002659
 12 -0.961085 0.00254076
 13 -0.960886 0.00235302
 14 -0.960976 0.00218665
 15 -0.961601 0.00212841
 16 -0.961395 0.00200536
 17 -0.961063 0.00191463
 18 -0.961694 0.0019092
 19 -0.961953 0.00182629
 20 -0.962429 0.00179574
 1 -0.908308 0
 2 -0.905548 0.00195187
 3 -0.904653 0.00149237
 4 -0.903755 0.00136271
 5 -0.902821 0.00137379
 6 -0.903946 0.00153803
 7 -0.903623 0.00135179
 8 -0.903749 0.00118871
 9 -0.903671 0.00105921
 10 -0.90527 0.00179176
 11 -0.905417 0.00163486
 12 -0.905384 0.00149894
 13 -0.90488 0.00146581
 14 -0.905226 0.00140135
 15 -0.904523 0.00147387
 16 -0.904456 0.0013833
 17 -0.904924 0.00137902
 18 -0.903947 0.00161203
 19 -0.90381 0.00153298
 20 -0.903928 0.00146086
 1 -0.894873 0
 2 -0.898688 0.00269758
 3 -0.899119 0.00183253
 4 -0.900479 0.00180987
 5 -0.902309 0.00218546
 6 -0.903805 0.00227625
 7 -0.905192 0.0023358
 8 -0.904449 0.00215882
 9 -0.906496 0.00272151
 10 -0.907228 0.00254613
 11 -0.906464 0.00242681
 12 -0.906705 0.00223654
 13 -0.907493 0.00219893
 14 -0.907357 0.00204606
 15 -0.907019 0.00193746
 16 -0.906641 0.00185275
 17 -0.906434 0.00175536
 18 -0.906595 0.00166528
 19 -0.90678 0.00158783
 20 -0.906797 0.00150854
 1 -0.911973 0
 2 -0.905099 0.00486065
 3 -0.902838 0.00372948
 4 -0.906702 0.00436169
 5 -0.905008 0.00380424
 6 -0.905411 0.00319149
 7 -0.904178 0.00296412
 8 -0.904367 0.0025996
 9 -0.903961 0.00234227
 10 -0.902738 0.00240625
 11 -0.903169 0.00222585
 12 -0.903319 0.00204536
 13 -0.903614 0.00190924
 14 -0.903667 0.0017736
 15 -0.904235 0.00174382
 16 -0.904097 0.00164025
 17 -0.904225 0.00154875
 18 -0.904348 0.00146753
 19 -0.904612 0.00141387
 20 -0.904653 0.00134379
 1 -0.917855 0
 2 -0.912688 0.00365314
 3 -0.910426 0.00305682
 4 -0.908806 0.00268774
 5 -0.908533 0.00216402
 6 -0.907707 0.00195467
 7 -0.908215 0.00174032
 8 -0.909066 0.00171811
 9 -0.90895 0.00153113
 10 -0.908663 0.00140467
 11 -0.90877 0.00128106
 12 -0.908892 0.00118014
 13 -0.908784 0.00109437
 14 -0.908323 0.0011087
 15 -0.908536 0.00105494
 16 -0.908498 0.000989668
 17 -0.908165 0.000985908
 18 -0.907921 0.000961036
 19 -0.907869 0.000911838
 20 -0.907908 0.000867093
 1 -0.910869 0
 2 -0.906172 0.00332122
 3 -0.906407 0.00222244
 4 -0.904803 0.00216974
 5 -0.903968 0.00188985
 6 -0.90439 0.00162143
 7 -0.904365 0.00138999
 8 -0.904143 0.00123382
 9 -0.905464 0.00165927
 10 -0.905881 0.00154494
 11 -0.905665 0.00141951
 12 -0.905212 0.00137148
 13 -0.905769 0.00137422
 14 -0.905631 0.00128299
 15 -0.905596 0.00119791
 16 -0.905162 0.00119922
 17 -0.904953 0.00114669
 18 -0.904981 0.00108332
 19 -0.904436 0.0011554
 20 -0.905094 0.00127156
 1 -0.844928 0
 2 -0.847086 0.0015254
 3 -0.848586 0.00159228
 4 -0.847971 0.00130788
 5 -0.847253 0.00122745
 6 -0.846795 0.00110514
 7 -0.846968 0.000960698
 8 -0.847469 0.00096277
 9 -0.848715 0.00145319
 10 -0.847933 0.00150376
 11 -0.847893 0.00136757
 12 -0.84803 0.00126044
 13 -0.847879 0.00117251
 14 -0.84847 0.00122884
 15 -0.848918 0.00122566
 16 -0.84921 0.00118353
 17 -0.849303 0.00111753
 18 -0.849056 0.00108241
 19 -0.849207 0.00103586
 20 -0.849207 0.000984072
 1 -0.855525 0
 2 -0.851355 0.00294818
 3 -0.850326 0.00213753
 4 -0.849974 0.00163187
 5 -0.85071 0.00146197
 6 -0.849935 0.00140887
 7 -0.849694 0.00122807
 8 -0.849507 0.00108865
 9 -0.850378 0.0012694
 10 -0.850301 0.0011448
 11 -0.850727 0.00111717
 12 -0.850624 0.00102888
 13 -0.850933 0.000995216
 14 -0.851111 0.000939958
 15 -0.850694 0.000965487
 16 -0.850804 0.000911385
 17 -0.850934 0.000866931
 18 -0.851247 0.000873515
 19 -0.851018 0.000857062
 20 -0.8509 0.000822306
 1 -0.850246 0
 2 -0.85395 0.00261873
 3 -0.854436 0.00179032
 4 -0.852997 0.00183161
 5 -0.851768 0.0018319
 6 -0.852432 0.00164263
 7 -0.852487 0.00140886
 8 -0.853229 0.00141467
 9 -0.852756 0.00133393
 10 -0.852542 0.0012176
 11 -0.852146 0.00116971
 12 -0.851481 0.00124697
 13 -0.851299 0.00116418
 14 -0.851603 0.00112004
 15 -0.851676 0.00104772
 16 -0.851969 0.0010225
 17 -0.852328 0.00102327
 18 -0.85224 0.000970206
 19 -0.852277 0.000919874
 20 -0.85198 0.00092057
 1 -0.856964 0
 2 -0.851887 0.00359046
 3 -0.852543 0.00245283
 4 -0.851778 0.00195518
 5 -0.851464 0.00158921
 6 -0.851976 0.00140451
 7 -0.851431 0.00130547
 8 -0.851078 0.00118883
 9 -0.850166 0.00136239
 10 -0.850987 0.00145271
 11 -0.850593 0.00137324
 12 -0.851645 0.00161247
 13 -0.851399 0.00150708
 14 -0.851428 0.0013997
 15 -0.851627 0.00132052
 16 -0.851522 0.00124214
 17 -0.851407 0.00117442
 18 -0.851428 0.00110936
 19 -0.851389 0.00105165
 20 -0.851905 0.00111814
 1 -0.846794 0
 2 -0.847248 0.000321055
 3 -0.848669 0.00117943
 4 -0.847888 0.00111324
 5 -0.848576 0.0010826
 6 -0.84872 0.000911691
 7 -0.848908 0.000800559
 8 -0.848485 0.000804719
 9 -0.84909 0.000915209
 10 -0.849523 0.000920459
 11 -0.849354 0.000852157
 12 -0.84962 0.000821585
 13 -0.849336 0.000805891
 14 -0.849263 0.000751694
 15 -0.849394 0.000712989
 16 -0.849683 0.000724511
 17 -0.849561 0.00069203
 18 -0.849692 0.000665874
 19 -0.84949 0.000660688
 20 -0.849397 0.000634174
 1 -0.796576 0
 2 -0.798774 0.00155416
 3 -0.798994 0.00105163
 4 -0.79993 0.0011309
 5 -0.799756 0.000917963
 6 -0.80002 0.000801903
 7 -0.799528 0.000824464
 8 -0.799519 0.000721452
 9 -0.79905 0.000779422
 10 -0.799085 0.000702281
 11 -0.799193 0.000646675
 12 -0.799183 0.000592867
 13 -0.799232 0.000549285
 14 -0.799093 0.000527359
 15 -0.799018 0.000497497
 16 -0.799438 0.000619216
 17 -0.799582 0.00059919
 18 -0.799635 0.00056822
 19 -0.799526 0.000548659
 20 -0.799421 0.000531113
 1 -0.794622 0
 2 -0.801182 0.00463899
 3 -0.798651 0.00371963
 4 -0.798418 0.00279702
 5 -0.7988 0.00226352
 6 -0.798552 0.00189972
 7 -0.798848 0.00165119
 8 -0.799126 0.00146792
 9 -0.799415 0.00133298
 10 -0.799263 0.00120835
 11 -0.799301 0.0010991
 12 -0.799835 0.00112996
 13 -0.799754 0.00104597
 14 -0.800152 0.00104456
 15 -0.800022 0.000983035
 16 -0.800037 0.000921705
 17 -0.800107 0.000870146
 18 -0.799854 0.00085785
 19 -0.799889 0.00081343
 20 -0.799735 0.000787151
 1 -0.799399 0
 2 -0.799388 8.17416e-06
 3 -0.799587 0.0001624
 4 -0.798752 0.000733186
 5 -0.800237 0.00145237
 6 -0.799808 0.00127225
 7 -0.799206 0.00122438
 8 -0.799218 0.00107139
 9 -0.799648 0.00103496
 10 -0.799734 0.000935023
 11 -0.800199 0.000958872
 12 -0.79977 0.000970096
 13 -0.799053 0.00113014
 14 -0.799094 0.00105018
 15 -0.799525 0.00106494
 16 -0.800071 0.00112984
 17 -0.800211 0.001072
 18 -0.800203 0.00101249
 19 -0.8003 0.000963909
 20 -0.800308 0.000915743
 1 -0.79623 0
 2 -0.796064 0.000117267
 3 -0.796509 0.000372029
 4 -0.796933 0.000461077
 5 -0.796785 0.00039198
 6 -0.798197 0.00132991
 7 -0.797552 0.00128697
 8 -0.797747 0.00114072
 9 -0.79814 0.0010797
 10 -0.797585 0.0011053
 11 -0.797945 0.00106191
 12 -0.798278 0.00102425
 13 -0.798249 0.00094588
 14 -0.79813 0.000885729
 15 -0.797756 0.000902241
 16 -0.798137 0.000922864
 17 -0.798144 0.000868601
 18 -0.798427 0.000865199
 19 -0.79833 0.000824979
 20 -0.798495 0.000800013
 1 -0.7991 0
 2 -0.800361 0.000891662
 3 -0.800738 0.000669432
 4 -0.801432 0.000783409
 5 -0.801723 0.000678629
 6 -0.80047 0.00127588
 7 -0.800378 0.00109695
 8 -0.800948 0.00109818
 9 -0.800628 0.0010219
 10 -0.800449 0.000935166
 11 -0.800717 0.000887584
 12 -0.800092 0.00100976
 13 -0.800571 0.0010393
 14 -0.800827 0.000996201
 15 -0.800932 0.00093534
 16 -0.800668 0.000913461
 17 -0.800667 0.000859728
 18 -0.800707 0.000812885
 19 -0.800855 0.000783389
 20 -0.800712 0.000757077
 1 -0.752237 0
 2 -0.751591 0.000457187
 3 -0.751376 0.000351627
 4 -0.750838 0.000535103
 5 -0.749804 0.00101958
 6 -0.749978 0.000864373
 7 -0.750558 0.000915335
 8 -0.750161 0.000882708
 9 -0.749693 0.000900594
 10 -0.749439 0.000845588
 11 -0.749774 0.000832433
 12 -0.749671 0.000769317
 13 -0.750037 0.000792421
 14 -0.750565 0.000894188
 15 -0.750345 0.000861046
 16 -0.75038 0.000807939
 17 -0.750678 0.000813551
 18 -0.75074 0.000770678
 19 -0.750699 0.00073121
 20 -0.751176 0.000836139
 1 -0.749352 0
 2 -0.750826 0.00104236
 3 -0.750777 0.000696033
 4 -0.751907 0.00110871
 5 -0.751623 0.00092269
 6 -0.751926 0.000817181
 7 -0.752307 0.000784488
 8 -0.752455 0.000700147
 9 -0.752606 0.000638363
 10 -0.752802 0.000603972
 11 -0.752411 0.000663544
 12 -0.752205 0.000639513
 13 -0.752134 0.00059423
 14 -0.752258 0.000564628
 15 -0.752224 0.000528014
 16 -0.752142 0.000501308
 17 -0.752065 0.000477736
 18 -0.752461 0.000593182
 19 -0.75249 0.000562643
 20 -0.752515 0.000535056
 1 -0.756591 0
 2 -0.753492 0.00219138
 3 -0.752879 0.00154431
 4 -0.751647 0.00157506
 5 -0.751621 0.00126026
 6 -0.750374 0.00154845
 7 -0.750223 0.00133465
 8 -0.749882 0.00121044
 9 -0.749645 0.00109888
 10 -0.749467 0.00100334
 11 -0.749987 0.00103837
 12 -0.749649 0.00100539
 13 -0.749706 0.000929617
 14 -0.749882 0.000879727
 15 -0.749984 0.000826995
 16 -0.749723 0.000815237
 17 -0.750087 0.000844376
 18 -0.750007 0.000801195
 19 -0.75026 0.000797948
 20 -0.750285 0.000758424
 1 -0.751116 0
 2 -0.749252 0.00131779
 3 -0.750572 0.00139026
 4 -0.750211 0.0010886
 5 -0.749442 0.00110977
 6 -0.749821 0.000987386
 7 -0.7504 0.00100173
 8 -0.751324 0.0012312
 9 -0.751076 0.00111902
 10 -0.751159 0.00101019
 11 -0.750727 0.00100663
 12 -0.750487 0.000950901
 13 -0.750125 0.000944229
 14 -0.749849 0.000916199
 15 -0.749921 0.000857955
 16 -0.750161 0.000837273
 17 -0.750344 0.000807654
 18 -0.750331 0.00076289
 19 -0.750551 0.000753997
 20 -0.750524 0.000716795
 1 -0.751146 0
 2 -0.751767 0.000439311
 3 -0.750778 0.000859528
 4 -0.750684 0.000649758
 5 -0.751418 0.000837519
 6 -0.752173 0.000981011
 7 -0.752621 0.000937476
 8 -0.752254 0.000889329
 9 -0.75332 0.00127925
 10 -0.752881 0.00122439
 11 -0.752465 0.00118175
 12 -0.752071 0.00114687
 13 -0.752051 0.00105883
 14 -0.751839 0.00100431
 15 -0.751963 0.00094498
 16 -0.751715 0.000917682
 17 -0.751972 0.000898878
 18 -0.752061 0.000853302
 19 -0.752381 0.000866333
 20 -0.752361 0.000823233
 1 -0.709077 0
 2 -0.706346 0.00193085
 3 -0.708058 0.00189996
 4 -0.707822 0.00143948
 5 -0.707798 0.0011518
 6 -0.707215 0.00109733
 7 -0.707089 0.000947796
 8 -0.706758 0.000885305
 9 -0.706787 0.000787431
 10 -0.706572 0.000737548
 11 -0.706951 0.000761925
 12 -0.706841 0.000706376
 13 -0.706755 0.000657318
 14 -0.706806 0.000612411
 15 -0.706736 0.000575605
 16 -0.706754 0.000539918
 17 -0.706684 0.000512773
 18 -0.706575 0.000495573
 19 -0.706714 0.000488615
 20 -0.706458 0.000527291
 1 -0.70455 0
 2 -0.706021 0.00104004
 3 -0.706413 0.000763674
 4 -0.706538 0.000582971
 5 -0.706931 0.000583815
 6 -0.707237 0.000561076
 7 -0.707072 0.000504625
 8 -0.707323 0.000499938
 9 -0.707569 0.000501305
 10 -0.707668 0.00046083
 11 -0.707575 0.000428114
 12 -0.70798 0.000551606
 13 -0.70773 0.000563047
 14 -0.707656 0.000527643
 15 -0.70762 0.000493686
 16 -0.707479 0.000482518
 17 -0.707103 0.000582681
 18 -0.707128 0.000550868
 19 -0.707093 0.00052304
 20 -0.70705 0.000498614
 1 -0.710418 0
 2 -0.706502 0.0027688
 3 -0.707083 0.00190581
 4 -0.706621 0.00148439
 5 -0.706522 0.00119077
 6 -0.706748 0.00101347
 7 -0.706801 0.000870096
 8 -0.706252 0.000918826
 9 -0.706895 0.00101761
 10 -0.707052 0.000927816
 11 -0.706953 0.000848714
 12 -0.707053 0.000783893
 13 -0.70719 0.000735425
 14 -0.707453 0.000728278
 15 -0.707562 0.000687853
 16 -0.707315 0.000687873
 17 -0.707521 0.000677693
 18 -0.707678 0.000657843
 19 -0.707763 0.00062872
 20 -0.707874 0.000607051
 1 -0.706492 0
 2 -0.707484 0.000701902
 3 -0.706421 0.000986318
 4 -0.70644 0.000739921
 5 -0.706603 0.000609626
 6 -0.706985 0.000616327
 7 -0.707504 0.000713676
 8 -0.707375 0.000635936
 9 -0.707848 0.000720028
 10 -0.707874 0.000648509
 11 -0.708133 0.000638936
 12 -0.708084 0.000587543
 13 -0.707796 0.000609069
 14 -0.707419 0.000671823
 15 -0.707604 0.00065182
 16 -0.707512 0.000617549
 17 -0.707548 0.000582301
 18 -0.707625 0.000555066
 19 -0.707808 0.000555052
 20 -0.707708 0.000536237
 1 -0.706805 0
 2 -0.707871 0.000753691
 3 -0.707234 0.000722797
 4 -0.706996 0.000580188
 5 -0.706655 0.000555292
 6 -0.706543 0.000473814
 7 -0.706441 0.000416921
 8 -0.706669 0.000422302
 9 -0.706456 0.000425642
 10 -0.707047 0.000679268
 11 -0.707466 0.000735064
 12 -0.707293 0.000693699
 13 -0.707174 0.000650459
 14 -0.707018 0.000622539
 15 -0.706987 0.000581797
 16 -0.706903 0.000551446
 17 -0.706863 0.00052048
 18 -0.706955 0.000499741
 19 -0.707317 0.000589783
 20 -0.707286 0.000561084
 1 -0.667266 0
 2 -0.66732 3.83535e-05
 3 -0.667791 0.000384843
 4 -0.667085 0.000676082
 5 -0.666959 0.000552383
 6 -0.66733 0.000571441
 7 -0.666538 0.000881845
 8 -0.666422 0.000779221
 9 -0.666381 0.00069374
 10 -0.666617 0.000663578
 11 -0.666924 0.00067043
 12 -0.666695 0.000652436
 13 -0.667004 0.000671102
 14 -0.667325 0.000695926
 15 -0.667599 0.000701465
 16 -0.667617 0.00065784
 17 -0.667522 0.00062593
 18 -0.667499 0.000591581
 19 -0.667431 0.000564383
 20 -0.667508 0.000541419
 1 -0.664537 0
 2 -0.665126 0.000416825
 3 -0.664948 0.00031359
 4 -0.664076 0.000790747
 5 -0.665197 0.00118506
 6 -0.665662 0.00107517
 7 -0.666371 0.00113103
 8 -0.666528 0.0010006
 9 -0.666228 0.000933557
 10 -0.666284 0.000841913
 11 -0.666378 0.000770541
 12 -0.666262 0.000714899
 13 -0.666395 0.000672148
 14 -0.66638 0.000624314
 15 -0.666057 0.000660938
 16 -0.666347 0.000680335
 17 -0.666448 0.000647826
 18 -0.66647 0.000612201
 19 -0.666467 0.000579986
 20 -0.666496 0.000551671
 1 -0.669419 0
 2 -0.668283 0.000803924
 3 -0.66719 0.00104096
 4 -0.66592 0.0013484
 5 -0.666009 0.00108165
 6 -0.665836 0.000915125
 7 -0.665858 0.000784664
 8 -0.665873 0.000686724
 9 -0.665681 0.000636766
 10 -0.66588 0.000603484
 11 -0.666058 0.0005743
 12 -0.665983 0.000531337
 13 -0.665696 0.000562888
 14 -0.665832 0.000538852
 15 -0.665955 0.000516892
 16 -0.66634 0.000611169
 17 -0.666231 0.000584783
 18 -0.666172 0.000555258
 19 -0.666192 0.00052639
 20 -0.66617 0.000500549
 1 -0.670443 0
 2 -0.668534 0.00135009
 3 -0.667161 0.00143749
 4 -0.666347 0.00128836
 5 -0.666735 0.00108759
 6 -0.666533 0.000924926
 7 -0.666227 0.000841789
 8 -0.665787 0.000843827
 9 -0.665476 0.000805193
 10 -0.665548 0.000727803
 11 -0.665498 0.000663326
 12 -0.665669 0.000629711
 13 -0.665744 0.000585702
 14 -0.66584 0.000551712
 15 -0.666041 0.000550276
 16 -0.66599 0.000518194
 17 -0.666165 0.000516358
 18 -0.66623 0.000491718
 19 -0.666231 0.000465839
 20 -0.666322 0.000451274
 1 -0.665344 0
 2 -0.667222 0.00132814
 3 -0.668325 0.00126286
 4 -0.667735 0.00107621
 5 -0.66774 0.000860986
 6 -0.667667 0.000720594
 7 -0.667902 0.000654799
 8 -0.667792 0.000582169
 9 -0.667586 0.000552758
 10 -0.666939 0.000789959
 11 -0.666766 0.00073686
 12 -0.666651 0.000684406
 13 -0.666546 0.000639615
 14 -0.666639 0.000600559
 15 -0.66671 0.000564709
 16 -0.666814 0.000538984
 17 -0.666742 0.000512158
 18 -0.666886 0.000503734
 19 -0.666905 0.000477573
 20 -0.666886 0.000454076
 1 -0.627625 0
 2 -0.628309 0.000484057
 3 -0.628564 0.000383977
 4 -0.628734 0.000323318
 5 -0.629136 0.000443114
 6 -0.628925 0.000416649
 7 -0.629565 0.00069175
 8 -0.629285 0.000659298
 9 -0.628829 0.000726782
 10 -0.628942 0.00066273
 11 -0.628535 0.000716715
 12 -0.628702 0.000676144
 13 -0.629089 0.000726695
 14 -0.629001 0.000680127
 15 -0.629155 0.000652094
 16 -0.629155 0.000611338
 17 -0.62898 0.000600016
 18 -0.629173 0.000596935
 19 -0.629197 0.000566024
 20 -0.629243 0.000539527
 1 -0.630107 0
 2 -0.62823 0.00132738
 3 -0.628704 0.00096593
 4 -0.628632 0.000727148
 5 -0.629024 0.000679335
 6 -0.629108 0.000571232
 7 -0.628768 0.000581634
 8 -0.628993 0.000550538
 9 -0.629465 0.000661314
 10 -0.62954 0.0005995
 11 -0.629432 0.00055474
 12 -0.629368 0.00051221
 13 -0.629526 0.000496647
 14 -0.629541 0.000461399
 15 -0.629634 0.00043983
 16 -0.629535 0.000423163
 17 -0.629409 0.000416772
 18 -0.629303 0.000406853
 19 -0.629105 0.000431014
 20 -0.629022 0.000417267
 1 -0.626578 0
 2 -0.627401 0.000582005
 3 -0.628686 0.00111893
 4 -0.628603 0.000842252
 5 -0.628759 0.000688
 6 -0.628742 0.000573542
 7 -0.628803 0.000494907
 8 -0.628823 0.000433415
 9 -0.628902 0.000392538
 10 -0.628894 0.000353378
 11 -0.628669 0.000386016
 12 -0.628692 0.000354487
 13 -0.628801 0.000343546
 14 -0.629026 0.000385874
 15 -0.629102 0.000367539
 16 -0.629175 0.000351885
 17 -0.6292 0.00033205
 18 -0.629107 0.00032644
 19 -0.629328 0.000377022
 20 -0.629531 0.000408897
 1 -0.625433 0
 2 -0.628091 0.00187994
 3 -0.628089 0.0012533
 4 -0.627965 0.000946076
 5 -0.62796 0.000756876
 6 -0.628677 0.000909143
 7 -0.629104 0.000873898
 8 -0.628908 0.000786328
 9 -0.628749 0.000714879
 10 -0.628814 0.000646304
 11 -0.628659 0.000605759
 12 -0.629002 0.0006453
 13 -0.628917 0.000601208
 14 -0.629063 0.000575533
 15 -0.62908 0.000537418
 16 -0.629327 0.000557975
 17 -0.629135 0.000557384
 18 -0.628938 0.000559957
 19 -0.628794 0.000548737
 20 -0.628945 0.000541513
 1 -0.629367 0
 2 -0.629658 0.00020557
 3 -0.629946 0.000272172
 4 -0.62946 0.000467528
 5 -0.629254 0.000417184
 6 -0.629717 0.000547613
 7 -0.629667 0.000471664
 8 -0.62901 0.000740675
 9 -0.629022 0.000658487
 10 -0.628777 0.000636773
 11 -0.628701 0.000583396
 12 -0.62903 0.000620728
 13 -0.629102 0.000577092
 14 -0.62937 0.000595187
 15 -0.629353 0.000555771
 16 -0.629269 0.000527355
 17 -0.629376 0.000507229
 18 -0.629272 0.00048962
 19 -0.629151 0.000478528
 20 -0.629226 0.000460297
 1 -0.594871 0
 2 -0.593981 0.000629382
 3 -0.593775 0.000452175
 4 -0.594726 0.000891166
 5 -0.595203 0.000830721
 6 -0.594954 0.000728509
 7 -0.595315 0.000708213
 8 -0.595058 0.000664613
 9 -0.595138 0.000595541
 10 -0.595029 0.000545882
 11 -0.595084 0.00049898
 12 -0.594975 0.000469116
 13 -0.594987 0.000433185
 14 -0.594753 0.000461305
 15 -0.595072 0.000529376
 16 -0.595046 0.000496887
 17 -0.595032 0.00046786
 18 -0.595051 0.000442231
 19 -0.594835 0.000468553
 20 -0.59499 0.000469999
 1 -0.595035 0
 2 -0.593406 0.00115227
 3 -0.595277 0.00171026
 4 -0.595762 0.00134957
 5 -0.595266 0.00116724
 6 -0.595833 0.00110216
 7 -0.595822 0.000944775
 8 -0.595837 0.00082681
 9 -0.595743 0.000740266
 10 -0.595408 0.000738407
 11 -0.595233 0.000691592
 12 -0.595298 0.000636997
 13 -0.59537 0.000592084
 14 -0.595316 0.000552283
 15 -0.595123 0.00054808
 16 -0.594896 0.00055886
 17 -0.594999 0.000535317
 18 -0.594955 0.000507387
 19 -0.594831 0.000495492
 20 -0.594714 0.000484362
 1 -0.594975 0
 2 -0.593356 0.00114455
 3 -0.59523 0.00170939
 4 -0.595035 0.00129312
 5 -0.595799 0.00123982
 6 -0.595411 0.00109211
 7 -0.595484 0.000938563
 8 -0.595283 0.000842594
 9 -0.595234 0.000750422
 10 -0.595367 0.000687212
 11 -0.595662 0.000684865
 12 -0.595549 0.000636992
 13 -0.59579 0.000632117
 14 -0.595681 0.000596416
 15 -0.59562 0.000559765
 16 -0.595517 0.000534216
 17 -0.5956 0.000509263
 18 -0.595533 0.000485389
 19 -0.595417 0.000473422
 20 -0.595464 0.000452032
 1 -0.597263 0
 2 -0.596089 0.000829663
 3 -0.596408 0.000611172
 4 -0.595659 0.000793886
 5 -0.595039 0.000843358
 6 -0.595068 0.000703301
 7 -0.595088 0.00060312
 8 -0.59477 0.000605741
 9 -0.594876 0.000547599
 10 -0.594676 0.000528164
 11 -0.594982 0.000561883
 12 -0.594913 0.000519222
 13 -0.595225 0.00056508
 14 -0.595378 0.00054504
 15 -0.595313 0.000512549
 16 -0.595178 0.000497977
 17 -0.595283 0.00047959
 18 -0.595164 0.000467491
 19 -0.595149 0.000443136
 20 -0.595068 0.00042827
 1 -0.59391 0
 2 -0.595093 0.000836507
 3 -0.595685 0.000737948
 4 -0.594969 0.000830702
 5 -0.594761 0.000690227
 6 -0.595164 0.000683052
 7 -0.595274 0.000594262
 8 -0.595548 0.000579759
 9 -0.595712 0.000537971
 10 -0.59576 0.000486281
 11 -0.595436 0.000539465
 12 -0.594826 0.000764915
 13 -0.594859 0.00070679
 14 -0.594953 0.000662461
 15 -0.594981 0.000618883
 16 -0.595315 0.000664522
 17 -0.595148 0.000646147
 18 -0.595042 0.000618802
 19 -0.595173 0.000599939
 20 -0.595137 0.000571069
 1 -0.565269 0
 2 -0.565111 0.000111383
 3 -0.564065 0.000857234
 4 -0.563895 0.0006596
 5 -0.56365 0.000571328
 6 -0.563512 0.000492559
 7 -0.563473 0.000423755
 8 -0.56299 0.000584498
 9 -0.563058 0.000523536
 10 -0.563164 0.00048191
 11 -0.563469 0.000525538
 12 -0.563513 0.000483577
 13 -0.563441 0.000451638
 14 -0.563292 0.000443443
 15 -0.563394 0.000425589
 16 -0.563537 0.0004222
 17 -0.563385 0.000423891
 18 -0.563519 0.000420968
 19 -0.563322 0.000442306
 20 -0.563159 0.000449163
 1 -0.564323 0
 2 -0.566135 0.00128114
 3 -0.565447 0.0010223
 4 -0.565106 0.000821491
 5 -0.565093 0.0006573
 6 -0.564703 0.000653625
 7 -0.565001 0.000624508
 8 -0.565051 0.000548457
 9 -0.56451 0.000705633
 10 -0.564734 0.00066991
 11 -0.564812 0.00061352
 12 -0.56473 0.000567861
 13 -0.564552 0.000551391
 14 -0.564352 0.000547004
 15 -0.564128 0.000554507
 16 -0.564013 0.000531737
 17 -0.564171 0.00052357
 18 -0.564107 0.000498495
 19 -0.563948 0.000496849
 20 -0.564108 0.000497183
 1 -0.559645 0
 2 -0.561979 0.00165075
 3 -0.562983 0.00137204
 4 -0.563979 0.00134286
 5 -0.563398 0.00119329
 6 -0.563666 0.00102396
 7 -0.563453 0.000899512
 8 -0.563465 0.000787148
 9 -0.563327 0.000711541
 10 -0.563558 0.00067685
 11 -0.563501 0.000617752
 12 -0.563432 0.000570137
 13 -0.563472 0.000527715
 14 -0.563746 0.00055643
 15 -0.563758 0.00051948
 16 -0.563813 0.000489823
 17 -0.563708 0.000471987
 18 -0.563644 0.000450071
 19 -0.563781 0.000446696
 20 -0.563898 0.000439368
 1 -0.559624 0
 2 -0.561969 0.00165794
 3 -0.562976 0.00137753
 4 -0.563974 0.00134696
 5 -0.563394 0.00119585
 6 -0.563662 0.00102618
 7 -0.56345 0.00090127
 8 -0.563462 0.000788691
 9 -0.563325 0.000712842
 10 -0.563556 0.000678027
 11 -0.563499 0.000618802
 12 -0.56343 0.000571076
 13 -0.563471 0.000528589
 14 -0.563744 0.000557196
 15 -0.563757 0.000520196
 16 -0.563811 0.0004905
 17 -0.563707 0.000472593
 18 -0.563643 0.000450629
 19 -0.56378 0.000447218
 20 -0.563897 0.000439861
 1 -0.564806 0
 2 -0.563561 0.000880659
 3 -0.564281 0.000830731
 4 -0.565062 0.00092015
 5 -0.564651 0.000822892
 6 -0.564459 0.000707827
 7 -0.564467 0.00060675
 8 -0.564336 0.000544899
 9 -0.564152 0.00051443
 10 -0.563876 0.000531868
 11 -0.563785 0.000491223
 12 -0.564013 0.000500317
 13 -0.564425 0.000608391
 14 -0.564277 0.000582717
 15 -0.5646 0.000627354
 16 -0.564497 0.000596633
 17 -0.564344 0.000580807
 18 -0.564385 0.000550032
 19 -0.564168 0.00056244
 20 -0.564047 0.000547156
 1 -0.532658 0
 2 -0.53281 0.000107141
 3 -0.53358 0.000633201
 4 -0.534042 0.000620677
 5 -0.534832 0.000863297
 6 -0.535407 0.000890644
 7 -0.535329 0.00076681
 8 -0.535449 0.000680381
 9 -0.535565 0.000614547
 10 -0.53537 0.000583162
 11 -0.535623 0.000582531
 12 -0.535328 0.000604299
 13 -0.535425 0.000565531
 14 -0.535584 0.000547022
 15 -0.535575 0.00051063
 16 -0.53542 0.000501599
 17 -0.535393 0.0004728
 18 -0.53538 0.000446715
 19 -0.535402 0.000423738
 20 -0.535366 0.000404138
 1 -0.535941 0
 2 -0.535522 0.000296363
 3 -0.534361 0.000968504
 4 -0.534177 0.000743565
 5 -0.535055 0.000984729
 6 -0.534893 0.00083385
 7 -0.534468 0.000815499
 8 -0.534671 0.000738203
 9 -0.53498 0.000718179
 10 -0.535348 0.000734454
 11 -0.535245 0.000674871
 12 -0.535523 0.000673365
 13 -0.535456 0.000624846
 14 -0.535592 0.000594879
 15 -0.535642 0.000557311
 16 -0.535574 0.000526688
 17 -0.535408 0.00052101
 18 -0.535414 0.000492097
 19 -0.535393 0.00046666
 20 -0.535467 0.000449261
 1 -0.538247 0
 2 -0.536385 0.00131658
 3 -0.537022 0.00102016
 4 -0.536752 0.000799937
 5 -0.535869 0.00101661
 6 -0.535731 0.000856518
 7 -0.535476 0.000771136
 8 -0.535149 0.000740717
 9 -0.534823 0.000726635
 10 -0.534877 0.000655969
 11 -0.535241 0.000689591
 12 -0.535444 0.000661406
 13 -0.535398 0.000612113
 14 -0.535183 0.000605071
 15 -0.535373 0.000593789
 16 -0.535203 0.000580372
 17 -0.53529 0.000552648
 18 -0.535096 0.000554929
 19 -0.535132 0.000526913
 20 -0.535061 0.000505293
 1 -0.534025 0
 2 -0.533509 0.00036515
 3 -0.535101 0.00132231
 4 -0.536026 0.00127515
 5 -0.535647 0.00107506
 6 -0.534788 0.00119088
 7 -0.534339 0.00110217
 8 -0.534316 0.000964619
 9 -0.534235 0.000860896
 10 -0.534457 0.000803009
 11 -0.534688 0.000762463
 12 -0.534816 0.000709543
 13 -0.534663 0.000671096
 14 -0.534676 0.000623275
 15 -0.535065 0.000692741
 16 -0.535001 0.000652439
 17 -0.534963 0.000615149
 18 -0.535144 0.000606938
 19 -0.53521 0.000578652
 20 -0.53532 0.000560078
 1 -0.535721 0
 2 -0.534993 0.000515085
 3 -0.535526 0.000554457
 4 -0.535514 0.000415971
 5 -0.535223 0.000422727
 6 -0.535699 0.000559385
 7 -0.535691 0.000479526
 8 -0.535995 0.00050694
 9 -0.535869 0.000465901
 10 -0.535691 0.00045216
 11 -0.535617 0.000417048
 12 -0.535905 0.000471193
 13 -0.535757 0.000457704
 14 -0.535303 0.000609485
 15 -0.535323 0.000569164
 16 -0.535143 0.000561287
 17 -0.535288 0.000546812
 18 -0.535226 0.000519995
 19 -0.53545 0.000538646
 20 -0.535439 0.000511821
 1 -0.508918 0
 2 -0.508971 3.80706e-05
 3 -0.508301 0.000547815
 4 -0.508486 0.000441042
 5 -0.508662 0.000386109
 6 -0.508811 0.000349639
 7 -0.508405 0.000480844
 8 -0.508537 0.000438315
 9 -0.508589 0.000392766
 10 -0.508881 0.000448736
 11 -0.508503 0.000544241
 12 -0.508134 0.00061144
 13 -0.508318 0.000591417
 14 -0.508355 0.000550357
 15 -0.508473 0.000526252
 16 -0.508538 0.000497359
 17 -0.508703 0.000494575
 18 -0.508583 0.00048137
 19 -0.50858 0.000456048
 20 -0.508626 0.000435532
 1 -0.508276 0
 2 -0.508879 0.000426527
 3 -0.508708 0.000316641
 4 -0.508718 0.000237631
 5 -0.508513 0.000263999
 6 -0.508356 0.000262733
 7 -0.508874 0.000529803
 8 -0.509048 0.000491307
 9 -0.509423 0.000561785
 10 -0.509281 0.000523046
 11 -0.509336 0.000478378
 12 -0.509255 0.000445426
 13 -0.509302 0.000413693
 14 -0.509169 0.000405171
 15 -0.509152 0.000378517
 16 -0.509461 0.000464718
 17 -0.509428 0.000438586
 18 -0.509536 0.00042726
 19 -0.509494 0.000406793
 20 -0.509504 0.000386577
 1 -0.508536 0
 2 -0.509219 0.000482388
 3 -0.508326 0.000796664
 4 -0.508892 0.000772734
 5 -0.509129 0.000653488
 6 -0.509333 0.000575571
 7 -0.509597 0.000550693
 8 -0.509848 0.000535896
 9 -0.509905 0.00047939
 10 -0.509871 0.000432623
 11 -0.509809 0.000397738
 12 -0.509914 0.00037806
 13 -0.509979 0.000354672
 14 -0.510088 0.000345637
 15 -0.510087 0.000322596
 16 -0.510234 0.000334203
 17 -0.510145 0.000326158
 18 -0.510108 0.000310208
 19 -0.509847 0.000388239
 20 -0.509661 0.000411107
 1 -0.507496 0
 2 -0.50773 0.000165661
 3 -0.507979 0.000230871
 4 -0.509084 0.000972883
 5 -0.509123 0.000779074
 6 -0.509315 0.00067265
 7 -0.509075 0.000618143
 8 -0.508811 0.000594578
 9 -0.508694 0.000539891
 10 -0.509009 0.000570756
 11 -0.508984 0.000519446
 12 -0.508983 0.00047616
 13 -0.509037 0.000442676
 14 -0.509159 0.000427424
 15 -0.508935 0.000453638
 16 -0.508954 0.000425655
 17 -0.509022 0.000405976
 18 -0.509076 0.000387113
 19 -0.508933 0.000392532
 20 -0.508836 0.000384609
 1 -0.507821 0
 2 -0.507814 4.6669e-06
 3 -0.507705 8.89002e-05
 4 -0.507318 0.000342235
 5 -0.50815 0.000793317
 6 -0.508654 0.00080518
 7 -0.508593 0.000692426
 8 -0.508515 0.000610273
 9 -0.508072 0.000684325
 10 -0.508481 0.000727446
 11 -0.508653 0.000681565
 12 -0.508552 0.000632348
 13 -0.508642 0.000590098
 14 -0.508677 0.000548978
 15 -0.508578 0.00052122
 16 -0.508842 0.000551704
 17 -0.509025 0.00054877
 18 -0.509021 0.000518295
 19 -0.509047 0.000491662
 20 -0.509044 0.000467087
 1 -0.48608 0
 2 -0.486219 9.84293e-05
 3 -0.486674 0.000377117
 4 -0.487155 0.000503816
 5 -0.486843 0.000490388
 6 -0.486793 0.000411126
 7 -0.486522 0.000432911
 8 -0.486422 0.000390226
 9 -0.486335 0.000356284
 10 -0.485997 0.000453436
 11 -0.485741 0.000479267
 12 -0.485821 0.000446015
 13 -0.48598 0.000439176
 14 -0.485894 0.000416172
 15 -0.485967 0.000394747
 16 -0.486003 0.000371725
 17 -0.485834 0.000386557
 18 -0.485927 0.000376076
 19 -0.48574 0.000399895
 20 -0.485685 0.000383675
 1 -0.482643 0
 2 -0.483495 0.000602285
 3 -0.484772 0.00111687
 4 -0.484043 0.00104887
 5 -0.485001 0.0011993
 6 -0.484323 0.0011756
 7 -0.484764 0.00108745
 8 -0.485204 0.00103678
 9 -0.48567 0.00102087
 10 -0.485645 0.000919089
 11 -0.485439 0.000858341
 12 -0.485339 0.000792669
 13 -0.485181 0.000747132
 14 -0.485409 0.000727682
 15 -0.485377 0.000679883
 16 -0.485324 0.000639436
 17 -0.485465 0.000617225
 18 -0.485384 0.000588241
 19 -0.485199 0.00058574
 20 -0.485315 0.000567838
 1 -0.484043 0
 2 -0.485121 0.000762205
 3 -0.484121 0.000961239
 4 -0.484899 0.000986476
 5 -0.485208 0.000836036
 6 -0.484655 0.000860006
 7 -0.484614 0.000738145
 8 -0.484472 0.000659411
 9 -0.48453 0.000588692
 10 -0.484567 0.000531011
 11 -0.484548 0.000483084
 12 -0.484915 0.000565142
 13 -0.484628 0.000590094
 14 -0.484682 0.000550406
 15 -0.484706 0.000514246
 16 -0.484608 0.000491303
 17 -0.484677 0.000467249
 18 -0.484812 0.000460405
 19 -0.484793 0.000436596
 20 -0.484831 0.000416434
 1 -0.484061 0
 2 -0.48513 0.000755841
 3 -0.484127 0.000961088
 4 -0.484903 0.000985507
 5 -0.485211 0.000835038
 6 -0.484658 0.000859654
 7 -0.484616 0.000737865
 8 -0.484474 0.000659231
 9 -0.484532 0.000588512
 10 -0.484569 0.000530836
 11 -0.48455 0.000482931
 12 -0.484916 0.00056495
 13 -0.484629 0.00058999
 14 -0.484683 0.000550301
 15 -0.484707 0.000514144
 16 -0.484609 0.000491223
 17 -0.484678 0.000467165
 18 -0.484813 0.000460313
 19 -0.484794 0.000436512
 20 -0.484832 0.00041635
 1 -0.487214 0
 2 -0.486671 0.000384185
 3 -0.486567 0.000269693
 4 -0.48663 0.000209479
 5 -0.486272 0.00036143
 6 -0.486299 0.000302171
 7 -0.486053 0.000344676
 8 -0.485716 0.00043647
 9 -0.485676 0.000389754
 10 -0.485804 0.000370968
 11 -0.485538 0.000421901
 12 -0.485324 0.000437507
 13 -0.48542 0.000414234
 14 -0.485521 0.000396851
 15 -0.485279 0.000438368
 16 -0.485253 0.000411704
 17 -0.485242 0.000387642
 18 -0.48515 0.000376787
 19 -0.485065 0.000366487
 20 -0.485096 0.000349458
 1 -0.460802 0
 2 -0.461185 0.000270709
 3 -0.461648 0.00041932
 4 -0.462271 0.000623962
 5 -0.462056 0.000534925
 6 -0.462287 0.000493193
 7 -0.461977 0.000511075
 8 -0.462063 0.000454454
 9 -0.462376 0.000500208
 10 -0.462337 0.000451743
 11 -0.462508 0.000441882
 12 -0.462528 0.000405504
 13 -0.462531 0.000374329
 14 -0.462713 0.000389305
 15 -0.462959 0.000433952
 16 -0.462984 0.000407566
 17 -0.462986 0.000383598
 18 -0.463033 0.000365151
 19 -0.46298 0.000349856
 20 -0.462932 0.000335542
 1 -0.465197 0
 2 -0.464635 0.000397281
 3 -0.464227 0.000426081
 4 -0.464178 0.000322312
 5 -0.464143 0.000259775
 6 -0.463877 0.000325397
 7 -0.463394 0.000527037
 8 -0.463201 0.000495053
 9 -0.463121 0.000446441
 10 -0.46302 0.00041305
 11 -0.462933 0.000384693
 12 -0.462759 0.000389825
 13 -0.462702 0.00036401
 14 -0.462738 0.000339782
 15 -0.462858 0.000337554
 16 -0.462877 0.000317017
 17 -0.462989 0.00031755
 18 -0.463015 0.000301001
 19 -0.462967 0.000288947
 20 -0.462844 0.000299651
 1 -0.462148 0
 2 -0.461777 0.000262563
 3 -0.461338 0.000398351
 4 -0.460822 0.000537461
 5 -0.460984 0.000453495
 6 -0.461476 0.000586987
 7 -0.461662 0.000532005
 8 -0.461426 0.000515197
 9 -0.461847 0.000605766
 10 -0.461802 0.000546863
 11 -0.461987 0.000527681
 12 -0.462158 0.000510688
 13 -0.462304 0.000491698
 14 -0.462329 0.000457229
 15 -0.462338 0.000426822
 16 -0.46227 0.000405447
 17 -0.462262 0.000381684
 18 -0.462345 0.000369357
 19 -0.462348 0.000349935
 20 -0.462397 0.000335874
 1 -0.465929 0
 2 -0.463828 0.00148591
 3 -0.46255 0.00143859
 4 -0.462514 0.00107941
 5 -0.462097 0.000940388
 6 -0.461985 0.000790325
 7 -0.462501 0.000828615
 8 -0.462644 0.000737397
 9 -0.462325 0.000721093
 10 -0.462545 0.000681502
 11 -0.462524 0.000619852
 12 -0.462365 0.00058833
 13 -0.462448 0.00054894
 14 -0.462664 0.000550567
 15 -0.462765 0.000523011
 16 -0.462744 0.000490761
 17 -0.462752 0.000461957
 18 -0.462645 0.000448515
 19 -0.462573 0.000430603
 20 -0.462551 0.000409647
 1 -0.462862 0
 2 -0.462154 0.000500434
 3 -0.462445 0.000409431
 4 -0.462773 0.000418285
 5 -0.462879 0.000347872
 6 -0.462997 0.000309144
 7 -0.463172 0.000310653
 8 -0.462938 0.000348732
 9 -0.462924 0.000310279
 10 -0.462956 0.000280941
 11 -0.463258 0.000384853
 12 -0.463423 0.000386488
 13 -0.463577 0.000386114
 14 -0.463261 0.000470324
 15 -0.46324 0.000439435
 16 -0.463416 0.000445692
 17 -0.463195 0.000470724
 18 -0.463126 0.000449633
 19 -0.463058 0.000431099
 20 -0.462993 0.00041445
