 1 0.338109 0
 2 0.327405 0.00756925
 3 0.342812 0.0135547
 4 0.321571 0.0210175
 5 0.315308 0.0177227
 6 0.313796 0.0148333
 7 0.296902 0.0201565
 8 0.274518 0.0273761
 9 0.259859 0.0279855
 10 0.258438 0.025223
 11 0.252367 0.0236493
 12 0.252558 0.0216793
 13 0.251492 0.0200379
 14 0.258516 0.0197995
 15 0.260087 0.0185418
 16 0.256981 0.0176411
 17 0.251591 0.0174075
 18 0.246991 0.0170372
 19 0.250356 0.0164695
 20 0.249168 0.0156888
 1 0.309034 0
 2 0.232996 0.0537666
 3 0.282233 0.0538607
 4 0.252436 0.0479344
 5 0.260887 0.0390854
 6 0.268084 0.0332273
 7 0.263118 0.0288493
 8 0.260228 0.0253875
 9 0.257788 0.0226836
 10 0.264886 0.021497
 11 0.271663 0.0205834
 12 0.264581 0.0200496
 13 0.252266 0.0219661
 14 0.255003 0.020567
 15 0.242461 0.0226999
 16 0.241942 0.0212871
 17 0.24517 0.0202782
 18 0.243212 0.0192459
 19 0.24024 0.018461
 20 0.247126 0.0187782
 1 0.357202 0
 2 0.263201 0.0664686
 3 0.228925 0.0524099
 4 0.251255 0.0438066
 5 0.241641 0.0360847
 6 0.244394 0.0301754
 7 0.263934 0.0315633
 8 0.26201 0.0276765
 9 0.256724 0.025101
 10 0.247722 0.0241512
 11 0.247555 0.0219562
 12 0.240281 0.0212974
 13 0.243516 0.0199034
 14 0.244721 0.0185182
 15 0.247231 0.0174529
 16 0.251564 0.0168915
 17 0.246872 0.0165368
 18 0.250193 0.015948
 19 0.253472 0.0154421
 20 0.255643 0.0148217
 1 0.317485 0
 2 0.280355 0.0262549
 3 0.270573 0.0192395
 4 0.255768 0.0193028
 5 0.249882 0.0163149
 6 0.230435 0.0223609
 7 0.240735 0.0214079
 8 0.256265 0.0237044
 9 0.252211 0.0214144
 10 0.270274 0.0257895
 11 0.281703 0.0258536
 12 0.284388 0.0238381
 13 0.274447 0.0239878
 14 0.277717 0.0224962
 15 0.285831 0.0224118
 16 0.279552 0.0218729
 17 0.277393 0.0206925
 18 0.274877 0.0196954
 19 0.275681 0.0186752
 20 0.278522 0.0179562
 1 0.131838 0
 2 0.11206 0.0139852
 3 0.141514 0.025793
 4 0.174112 0.0342225
 5 0.186341 0.0294822
 6 0.220511 0.0397063
 7 0.218487 0.0340855
 8 0.210762 0.0306878
 9 0.216338 0.02778
 10 0.225116 0.0263524
 11 0.218562 0.0247583
 12 0.212145 0.023512
 13 0.212568 0.0217072
 14 0.217871 0.0207945
 15 0.228043 0.0217539
 16 0.230367 0.0205182
 17 0.228184 0.019427
 18 0.231264 0.0185903
 19 0.227734 0.0179441
 20 0.226708 0.0170762
 1 0.478969 0
 2 0.51187 0.023265
 3 0.527102 0.0198801
 4 0.523652 0.0152064
 5 0.51123 0.0164752
 6 0.513493 0.0138838
 7 0.509511 0.0124583
 8 0.498008 0.0153172
 9 0.492509 0.014569
 10 0.489869 0.0133492
 11 0.492144 0.012328
 12 0.487143 0.012273
 13 0.490989 0.0119164
 14 0.492937 0.0112233
 15 0.493538 0.0104912
 16 0.494605 0.00988955
 17 0.484584 0.013459
 18 0.484203 0.0127167
 19 0.484732 0.0120584
 20 0.48742 0.0117511
 1 0.491009 0
 2 0.502744 0.00829838
 3 0.485508 0.0151215
 4 0.476211 0.0139089
 5 0.479877 0.0116002
 6 0.486068 0.011198
 7 0.492028 0.0110711
 8 0.484993 0.0117108
 9 0.485184 0.0104112
 10 0.494515 0.0128904
 11 0.493893 0.0117336
 12 0.493614 0.0107591
 13 0.498458 0.0109677
 14 0.497966 0.0101953
 15 0.494447 0.0101048
 16 0.494835 0.00948074
 17 0.494893 0.00892323
 18 0.495848 0.00847845
 19 0.494586 0.00812567
 20 0.491763 0.00819504
 1 0.429669 0
 2 0.451904 0.0157222
 3 0.474321 0.0210924
 4 0.480141 0.0166029
 5 0.485411 0.0140939
 6 0.481041 0.0124039
 7 0.485117 0.0112817
 8 0.491423 0.0114994
 9 0.493262 0.0103677
 10 0.492778 0.00934223
 11 0.489919 0.00891978
 12 0.484806 0.00952975
 13 0.483892 0.0088405
 14 0.485672 0.00838646
 15 0.485359 0.0078332
 16 0.484001 0.00746053
 17 0.486488 0.00742487
 18 0.488136 0.00719282
 19 0.486826 0.00693247
 20 0.486394 0.0065993
 1 0.468339 0
 2 0.479831 0.00812603
 3 0.495617 0.013982
 4 0.492664 0.0107939
 5 0.49236 0.00863937
 6 0.48193 0.0119369
 7 0.479033 0.0105773
 8 0.467962 0.0138894
 9 0.465961 0.0124894
 10 0.464133 0.0113734
 11 0.466421 0.010567
 12 0.465627 0.00971626
 13 0.467868 0.00922371
 14 0.473713 0.010251
 15 0.472807 0.00960754
 16 0.472465 0.00901317
 17 0.47334 0.0085254
 18 0.473068 0.00805612
 19 0.474457 0.00775103
 20 0.475136 0.00739312
 1 0.511232 0
 2 0.485029 0.0185288
 3 0.517597 0.0293209
 4 0.489988 0.0324854
 5 0.488408 0.0260267
 6 0.487427 0.0217074
 7 0.479003 0.0201746
 8 0.481374 0.0177915
 9 0.479867 0.0158784
 10 0.482903 0.0145779
 11 0.483476 0.0132639
 12 0.478982 0.0128976
 13 0.477638 0.0119753
 14 0.478386 0.0111433
 15 0.476278 0.0105981
 16 0.475289 0.00998172
 17 0.475851 0.00941037
 18 0.475041 0.0089223
 19 0.475981 0.00850206
 20 0.474837 0.00815354
 1 0.51885 0
 2 0.532699 0.00979271
 3 0.527019 0.00800827
 4 0.523928 0.0065758
 5 0.529408 0.00719029
 6 0.536916 0.00910391
 7 0.541533 0.00889734
 8 0.540134 0.00789443
 9 0.541924 0.00721733
 10 0.537053 0.00797132
 11 0.535246 0.00744862
 12 0.532399 0.00735198
 13 0.528664 0.0076769
 14 0.530254 0.00729133
 15 0.527408 0.00733942
 16 0.527082 0.00688796
 17 0.525147 0.00674917
 18 0.522248 0.00696909
 19 0.524086 0.00684044
 20 0.524433 0.0065072
 1 0.535927 0
 2 0.519384 0.0116978
 3 0.522301 0.00815435
 4 0.520591 0.00629258
 5 0.525567 0.00671952
 6 0.520032 0.00754272
 7 0.51811 0.00670539
 8 0.520984 0.00645379
 9 0.523796 0.00631973
 10 0.520621 0.00643616
 11 0.519495 0.00594871
 12 0.519212 0.00545973
 13 0.518263 0.00512154
 14 0.517942 0.00476576
 15 0.517894 0.00444828
 16 0.517635 0.0041778
 17 0.515598 0.00440102
 18 0.51863 0.00509498
 19 0.518524 0.00482791
 20 0.518077 0.00460718
 1 0.543711 0
 2 0.503432 0.0284814
 3 0.490486 0.0217319
 4 0.50029 0.0183779
 5 0.498997 0.0147477
 6 0.496792 0.0124535
 7 0.503086 0.0121614
 8 0.510692 0.0128006
 9 0.511436 0.0113999
 10 0.509083 0.0104998
 11 0.509524 0.00955451
 12 0.507703 0.00893024
 13 0.510139 0.00856914
 14 0.508599 0.00809418
 15 0.511903 0.0082012
 16 0.511753 0.00768999
 17 0.510443 0.00734851
 18 0.510844 0.00695122
 19 0.513452 0.00705778
 20 0.513397 0.00670511
 1 0.519552 0
 2 0.506326 0.00935256
 3 0.501442 0.0074012
 4 0.504096 0.0060082
 5 0.513363 0.00958116
 6 0.508933 0.00895023
 7 0.509456 0.00768692
 8 0.510621 0.00681381
 9 0.517958 0.00919372
 10 0.51909 0.00834382
 11 0.523002 0.00845264
 12 0.520103 0.00823036
 13 0.520133 0.00759731
 14 0.518376 0.00725504
 15 0.516587 0.00698856
 16 0.515859 0.00658961
 17 0.514684 0.00630585
 18 0.51455 0.00595694
 19 0.513982 0.00567041
 20 0.51299 0.00547298
 1 0.501231 0
 2 0.534643 0.0236256
 3 0.54674 0.0185912
 4 0.526667 0.0222843
 5 0.526009 0.0178372
 6 0.517066 0.0169585
 7 0.519131 0.014661
 8 0.516016 0.0131551
 9 0.516299 0.0116965
 10 0.520543 0.0112705
 11 0.519574 0.0102875
 12 0.520249 0.00945231
 13 0.521654 0.008829
 14 0.521573 0.00819873
 15 0.52182 0.00765589
 16 0.521565 0.00718166
 17 0.524202 0.00722723
 18 0.525575 0.00695497
 19 0.526258 0.00662239
 20 0.524531 0.00651255
 1 0.509636 0
 2 0.470558 0.0276322
 3 0.485465 0.0220795
 4 0.486758 0.0165975
 5 0.484127 0.013485
 6 0.483657 0.0112457
 7 0.480707 0.0100187
 8 0.482701 0.00896271
 9 0.480705 0.00818616
 10 0.48272 0.00761152
 11 0.484354 0.00709286
 12 0.488587 0.0076614
 13 0.489466 0.00712224
 14 0.489971 0.00663139
 15 0.490972 0.00626447
 16 0.491628 0.00590719
 17 0.490981 0.00559502
 18 0.490373 0.00531711
 19 0.490659 0.00504493
 20 0.490686 0.00479275
 1 0.45605 0
 2 0.490459 0.024331
 3 0.474749 0.0206799
 4 0.481631 0.0166155
 5 0.48522 0.0136746
 6 0.492568 0.0132233
 7 0.491513 0.0113763
 8 0.491791 0.00995769
 9 0.494184 0.0091343
 10 0.491118 0.00872046
 11 0.486697 0.00897869
 12 0.486908 0.00823294
 13 0.487544 0.00762422
 14 0.490599 0.00766706
 15 0.487399 0.00779523
 16 0.491506 0.00832024
 17 0.491511 0.00783082
 18 0.49384 0.00773444
 19 0.493184 0.00735514
 20 0.496108 0.00754649
 1 0.493179 0
 2 0.502126 0.00632627
 3 0.506952 0.00577176
 4 0.510464 0.00529033
 5 0.504625 0.00672189
 6 0.507409 0.00615124
 7 0.509548 0.00563197
 8 0.507965 0.00514558
 9 0.50868 0.00462332
 10 0.50521 0.00530591
 11 0.504005 0.00495843
 12 0.500213 0.00581741
 13 0.500192 0.00536996
 14 0.49932 0.00505659
 15 0.499509 0.00472302
 16 0.502586 0.00533667
 17 0.501346 0.00516474
 18 0.500131 0.00501887
 19 0.498434 0.00503345
 20 0.497996 0.00480078
 1 0.47623 0
 2 0.48148 0.00371211
 3 0.478746 0.0033327
 4 0.486584 0.00723364
 5 0.485618 0.00585107
 6 0.479085 0.00770294
 7 0.481922 0.00710563
 8 0.483636 0.00642079
 9 0.479279 0.00703215
 10 0.483998 0.00775235
 11 0.483054 0.00710477
 12 0.484752 0.00671259
 13 0.485961 0.00630406
 14 0.486854 0.00591676
 15 0.485686 0.00563652
 16 0.48626 0.00531343
 17 0.48426 0.00536403
 18 0.484757 0.00508896
 19 0.483514 0.00497068
 20 0.485074 0.00496099
 1 0.448883 0
 2 0.463423 0.0102812
 3 0.471059 0.00926585
 4 0.477481 0.00890101
 5 0.474812 0.00751029
 6 0.482797 0.00960723
 7 0.484892 0.00846007
 8 0.479138 0.00915216
 9 0.479094 0.00813537
 10 0.482373 0.00795553
 11 0.482084 0.00723757
 12 0.482114 0.0066345
 13 0.48603 0.00718782
 14 0.486574 0.00669494
 15 0.486518 0.00624885
 16 0.486809 0.0058651
 17 0.489629 0.00616059
 18 0.489221 0.00583181
 19 0.48986 0.00555982
 20 0.490608 0.00533179
 1 0.452776 0
 2 0.450794 0.0014015
 3 0.455402 0.0038766
 4 0.45525 0.00291043
 5 0.452915 0.00312783
 6 0.453184 0.00261805
 7 0.451455 0.00275631
 8 0.453785 0.00325056
 9 0.455149 0.00316268
 10 0.454823 0.00286314
 11 0.454674 0.00260673
 12 0.454812 0.00239314
 13 0.454642 0.00221509
 14 0.454551 0.00205871
 15 0.454957 0.00196095
 16 0.455432 0.00189514
 17 0.455702 0.00180279
 18 0.456458 0.00185441
 19 0.456864 0.00180074
 20 0.456664 0.00172183
 1 0.463589 0
 2 0.464863 0.000900454
 3 0.460702 0.00344985
 4 0.453629 0.00664961
 5 0.458525 0.00689037
 6 0.458337 0.00574455
 7 0.456846 0.00511355
 8 0.459297 0.00502739
 9 0.460583 0.00463034
 10 0.459341 0.00433077
 11 0.456823 0.00461108
 12 0.457419 0.00426511
 13 0.457596 0.00394069
 14 0.457114 0.00368852
 15 0.458307 0.00363044
 16 0.457379 0.00352011
 17 0.458026 0.00337202
 18 0.459448 0.00347154
 19 0.45991 0.00331942
 20 0.459886 0.00315354
 1 0.467128 0
 2 0.44766 0.0137659
 3 0.443109 0.009901
 4 0.444335 0.00750126
 5 0.44554 0.00609709
 6 0.449558 0.00626632
 7 0.450112 0.00539563
 8 0.454366 0.0061743
 9 0.458949 0.0069852
 10 0.4609 0.0065533
 11 0.46447 0.0068615
 12 0.462002 0.00671899
 13 0.462622 0.00623069
 14 0.464185 0.00597859
 15 0.464061 0.0055813
 16 0.466034 0.00557001
 17 0.466682 0.00527996
 18 0.464842 0.00529751
 19 0.464865 0.00501874
 20 0.464626 0.00477348
 1 0.465961 0
 2 0.459928 0.00426622
 3 0.460262 0.00285719
 4 0.462751 0.00303971
 5 0.464924 0.00311304
 6 0.462987 0.00313996
 7 0.463331 0.0027102
 8 0.461677 0.00283145
 9 0.462779 0.002723
 10 0.461017 0.00296687
 11 0.45745 0.00434041
 12 0.457055 0.00399663
 13 0.455916 0.00384805
 14 0.456311 0.00359336
 15 0.455888 0.0033786
 16 0.457072 0.00336851
 17 0.456867 0.00317656
 18 0.456485 0.00302297
 19 0.456327 0.00286801
 20 0.456065 0.00273653
 1 0.469801 0
 2 0.466898 0.00205257
 3 0.456625 0.00849894
 4 0.459556 0.00686095
 5 0.459407 0.00549038
 6 0.454888 0.00615989
 7 0.46031 0.00728505
 8 0.459761 0.00639509
 9 0.459618 0.00568612
 10 0.458951 0.00515644
 11 0.457543 0.0048763
 12 0.458211 0.00451555
 13 0.458498 0.00417727
 14 0.459434 0.00398248
 15 0.458598 0.00380382
 16 0.458533 0.00356662
 17 0.457734 0.00344518
 18 0.457686 0.00325412
 19 0.458255 0.0031322
 20 0.459246 0.00312852
 1 0.429544 0
 2 0.42823 0.000929159
 3 0.430911 0.00227512
 4 0.431671 0.00182883
 5 0.429115 0.00271387
 6 0.426616 0.00321209
 7 0.427371 0.00284056
 8 0.427724 0.00250734
 9 0.427204 0.00228218
 10 0.426762 0.0020963
 11 0.425756 0.00213349
 12 0.425142 0.00204199
 13 0.425444 0.00190705
 14 0.42481 0.00187312
 15 0.423814 0.00199589
 16 0.424065 0.00188695
 17 0.424867 0.00193865
 18 0.425609 0.0019679
 19 0.425755 0.00186971
 20 0.425958 0.00178722
 1 0.415402 0
 2 0.427896 0.00883475
 3 0.42902 0.00596086
 4 0.428208 0.00452562
 5 0.425944 0.0041484
 6 0.429845 0.00496323
 7 0.429337 0.00428015
 8 0.4288 0.0037786
 9 0.427309 0.00364132
 10 0.428405 0.00343836
 11 0.427465 0.00325185
 12 0.428324 0.00309221
 13 0.427794 0.00289938
 14 0.427571 0.00270086
 15 0.427536 0.00252103
 16 0.427844 0.00238218
 17 0.428337 0.00229263
 18 0.428573 0.00217731
 19 0.428563 0.00206273
 20 0.428701 0.00196423
 1 0.418238 0
 2 0.429678 0.00808971
 3 0.42839 0.00549476
 4 0.428904 0.00414504
 5 0.425932 0.00425005
 6 0.425296 0.00358896
 7 0.423728 0.00340136
 8 0.425335 0.00333398
 9 0.425602 0.00297419
 10 0.4273 0.00312437
 11 0.429309 0.00342578
 12 0.429388 0.00314122
 13 0.429173 0.00290693
 14 0.429377 0.00270644
 15 0.429352 0.00252612
 16 0.42903 0.00238876
 17 0.427852 0.00252174
 18 0.42758 0.00239632
 19 0.427296 0.00228689
 20 0.427995 0.00227669
 1 0.403572 0
 2 0.409346 0.0040829
 3 0.416733 0.00661733
 4 0.419063 0.00535759
 5 0.419559 0.00430897
 6 0.422822 0.00466514
 7 0.424801 0.00439867
 8 0.426005 0.00401015
 9 0.425488 0.00359768
 10 0.426666 0.00342525
 11 0.428071 0.0033899
 12 0.426984 0.003277
 13 0.42721 0.00303269
 14 0.426962 0.00282624
 15 0.427689 0.00272977
 16 0.428282 0.0026228
 17 0.427818 0.00250922
 18 0.427559 0.00238316
 19 0.427871 0.00227812
 20 0.427944 0.00216539
 1 0.440689 0
 2 0.417416 0.0164566
 3 0.424075 0.0122447
 4 0.423582 0.00919344
 5 0.424936 0.00745387
 6 0.428959 0.00721569
 7 0.43073 0.00639875
 8 0.429511 0.00571399
 9 0.427766 0.00533889
 10 0.427642 0.00480643
 11 0.428199 0.00440166
 12 0.428108 0.00403581
 13 0.428384 0.00373479
 14 0.429585 0.00365613
 15 0.429992 0.00343496
 16 0.429684 0.00323403
 17 0.429273 0.00306985
 18 0.428372 0.00302846
 19 0.427503 0.00299124
 20 0.427355 0.00284536
 1 0.390686 0
 2 0.402393 0.00827815
 3 0.395225 0.00804403
 4 0.394454 0.00606985
 5 0.397507 0.00557085
 6 0.396574 0.00471989
 7 0.397138 0.00407927
 8 0.398553 0.00380675
 9 0.398456 0.00338501
 10 0.397568 0.00316079
 11 0.396232 0.00314335
 12 0.395101 0.0030782
 13 0.395306 0.00284828
 14 0.395071 0.00265456
 15 0.394306 0.00258544
 16 0.395072 0.00253469
 17 0.394382 0.00247753
 18 0.395448 0.00255864
 19 0.395963 0.00247534
 20 0.396472 0.00240326
 1 0.392239 0
 2 0.393534 0.00091575
 3 0.39502 0.0013583
 4 0.397267 0.00219598
 5 0.396906 0.00178621
 6 0.396584 0.0015172
 7 0.397329 0.00147223
 8 0.397697 0.00133324
 9 0.397651 0.00118588
 10 0.396459 0.00155519
 11 0.398436 0.00235657
 12 0.399345 0.00232875
 13 0.398443 0.00231754
 14 0.399091 0.00224069
 15 0.3986 0.00214441
 16 0.399036 0.0020543
 17 0.398883 0.0019392
 18 0.399185 0.00185482
 19 0.399479 0.00178035
 20 0.398386 0.00199884
 1 0.393916 0
 2 0.390065 0.00272354
 3 0.393509 0.00334747
 4 0.39738 0.00418854
 5 0.396692 0.00340696
 6 0.398134 0.00312948
 7 0.396726 0.00298232
 8 0.396059 0.00268312
 9 0.396673 0.00245436
 10 0.397932 0.00251093
 11 0.398212 0.00229828
 12 0.397687 0.00216606
 13 0.397636 0.00200004
 14 0.397198 0.00190442
 15 0.396779 0.00182298
 16 0.396995 0.00172173
 17 0.397466 0.0016838
 18 0.397581 0.00159418
 19 0.398209 0.00162935
 20 0.39888 0.00168031
 1 0.391286 0
 2 0.391365 5.59351e-05
 3 0.39336 0.00162908
 4 0.40018 0.00603138
 5 0.399705 0.0048437
 6 0.397033 0.00471649
 7 0.396778 0.00404957
 8 0.395803 0.00365881
 9 0.396437 0.00330662
 10 0.397075 0.00303693
 11 0.396026 0.00293628
 12 0.395875 0.00269548
 13 0.394999 0.00262676
 14 0.394891 0.00244137
 15 0.393224 0.00279016
 16 0.392345 0.0027508
 17 0.392785 0.002624
 18 0.392386 0.0025084
 19 0.391684 0.0024725
 20 0.392051 0.00237586
 1 0.397735 0
 2 0.398094 0.000254233
 3 0.402393 0.00351421
 4 0.405057 0.00350272
 5 0.404119 0.002925
 6 0.403773 0.00245797
 7 0.400486 0.00370061
 8 0.398406 0.00377798
 9 0.39847 0.00335875
 10 0.397463 0.00317031
 11 0.396448 0.00304006
 12 0.395926 0.0028313
 13 0.395659 0.00262607
 14 0.395119 0.00249344
 15 0.394153 0.00250709
 16 0.395046 0.00250426
 17 0.394094 0.00253122
 18 0.395522 0.00276414
 19 0.395341 0.00262462
 20 0.395634 0.00250975
 1 0.356337 0
 2 0.358728 0.00169104
 3 0.356307 0.00227541
 4 0.357504 0.00199666
 5 0.35832 0.00175597
 6 0.36094 0.00280439
 7 0.359701 0.00266368
 8 0.361121 0.00268284
 9 0.36101 0.00238707
 10 0.361204 0.00215629
 11 0.361024 0.00196779
 12 0.361121 0.0018062
 13 0.361311 0.00167725
 14 0.362091 0.00172923
 15 0.362859 0.00177634
 16 0.363913 0.00195316
 17 0.363945 0.00183852
 18 0.363713 0.00175086
 19 0.36343 0.00168148
 20 0.363943 0.00167392
 1 0.361596 0
 2 0.35921 0.00168689
 3 0.368952 0.00803363
 4 0.365883 0.00658565
 5 0.365981 0.00526926
 6 0.365674 0.0044
 7 0.365151 0.00380244
 8 0.363875 0.00353469
 9 0.36517 0.00337085
 10 0.363578 0.00338895
 11 0.363056 0.00312074
 12 0.363592 0.00290636
 13 0.363843 0.00269357
 14 0.363014 0.00262576
 15 0.362981 0.00245091
 16 0.364176 0.00257255
 17 0.364925 0.00252795
 18 0.365063 0.00239126
 19 0.364249 0.0024001
 20 0.363884 0.00230759
 1 0.364388 0
 2 0.365719 0.000941266
 3 0.366247 0.00076121
 4 0.36111 0.00448469
 5 0.360713 0.00360527
 6 0.36301 0.00366358
 7 0.363434 0.0031646
 8 0.365112 0.00318325
 9 0.364312 0.00292846
 10 0.36358 0.00272555
 11 0.363079 0.00252333
 12 0.362079 0.0025036
 13 0.362343 0.0023249
 14 0.362443 0.00216098
 15 0.362222 0.00202814
 16 0.363087 0.00207749
 17 0.363551 0.00200644
 18 0.364422 0.00207573
 19 0.36462 0.00197588
 20 0.363904 0.00200269
 1 0.363288 0
 2 0.364194 0.000640062
 3 0.366139 0.00164484
 4 0.366317 0.00124321
 5 0.36304 0.00309544
 6 0.362002 0.00274796
 7 0.363143 0.00258134
 8 0.363043 0.00226058
 9 0.363313 0.00202544
 10 0.36378 0.00187582
 11 0.362948 0.00188073
 12 0.362752 0.00173411
 13 0.363479 0.00174648
 14 0.363976 0.00169076
 15 0.363882 0.00158067
 16 0.365135 0.00191527
 17 0.364821 0.0018281
 18 0.364567 0.00174408
 19 0.364282 0.00167549
 20 0.364437 0.00159885
 1 0.368086 0
 2 0.368863 0.000549347
 3 0.366734 0.0017758
 4 0.365677 0.0016165
 5 0.367033 0.00177302
 6 0.366696 0.00150922
 7 0.366596 0.00129687
 8 0.366337 0.00116042
 9 0.366593 0.00105939
 10 0.366589 0.000953457
 11 0.366857 0.00090366
 12 0.365912 0.00122659
 13 0.365561 0.00118129
 14 0.36555 0.00109697
 15 0.36515 0.00109441
 16 0.365548 0.00109603
 17 0.364859 0.0012288
 18 0.364739 0.00116638
 19 0.364763 0.00110523
 20 0.364958 0.00106696
 1 0.327723 0
 2 0.329841 0.00149754
 3 0.330868 0.00130368
 4 0.333557 0.00252541
 5 0.331624 0.00265913
 6 0.33081 0.00233722
 7 0.331301 0.00205427
 8 0.331362 0.0017984
 9 0.3323 0.00182698
 10 0.33124 0.0019272
 11 0.331862 0.0018496
 12 0.332187 0.00172377
 13 0.33271 0.00166867
 14 0.333076 0.00158906
 15 0.332954 0.0014878
 16 0.333189 0.00141324
 17 0.333487 0.00136112
 18 0.333491 0.00128551
 19 0.333573 0.00122043
 20 0.334006 0.0012341
 1 0.337015 0
 2 0.334964 0.0014507
 3 0.332118 0.0025166
 4 0.336047 0.00389114
 5 0.337506 0.0033753
 6 0.337581 0.00281359
 7 0.33597 0.00283581
 8 0.336512 0.00253268
 9 0.335333 0.00251106
 10 0.335436 0.00226208
 11 0.334796 0.00214513
 12 0.334678 0.00196959
 13 0.334707 0.00181829
 14 0.335108 0.0017322
 15 0.334869 0.00163317
 16 0.335024 0.00153847
 17 0.335505 0.00152122
 18 0.335286 0.00145242
 19 0.335273 0.00137603
 20 0.335234 0.00130779
 1 0.342321 0
 2 0.338181 0.00292751
 3 0.336681 0.00230409
 4 0.336656 0.0017282
 5 0.335865 0.0015531
 6 0.334799 0.00161948
 7 0.334284 0.00146772
 8 0.334319 0.00128468
 9 0.334456 0.00114925
 10 0.333792 0.00121109
 11 0.334634 0.00136253
 12 0.334811 0.00126045
 13 0.334358 0.00124224
 14 0.33488 0.00125827
 15 0.334368 0.0012742
 16 0.334846 0.0012812
 17 0.335195 0.00125229
 18 0.334373 0.00142702
 19 0.334022 0.00139432
 20 0.334374 0.00136824
 1 0.329937 0
 2 0.33212 0.00154348
 3 0.335284 0.00278108
 4 0.335823 0.00213735
 5 0.338288 0.00279006
 6 0.336654 0.00276224
 7 0.337173 0.00241583
 8 0.338341 0.00237978
 9 0.337679 0.00220549
 10 0.336952 0.0021015
 11 0.3357 0.00225287
 12 0.3353 0.00210031
 13 0.335744 0.00198514
 14 0.334764 0.00207098
 15 0.33433 0.00197789
 16 0.334955 0.00195048
 17 0.334735 0.00184817
 18 0.334298 0.00179636
 19 0.334214 0.00170376
 20 0.334309 0.00162123
 1 0.350244 0
 2 0.345773 0.00316127
 3 0.341547 0.00404319
 4 0.339435 0.00354146
 5 0.338984 0.00286175
 6 0.337389 0.00279401
 7 0.33832 0.00254522
 8 0.337653 0.00231281
 9 0.337863 0.00206537
 10 0.338823 0.00206977
 11 0.338544 0.00190024
 12 0.338953 0.00178525
 13 0.338745 0.00166001
 14 0.338531 0.00155516
 15 0.338097 0.00151084
 16 0.337709 0.00146538
 17 0.338153 0.0014449
 18 0.337475 0.00151518
 19 0.337608 0.0014412
 20 0.33755 0.00137029
 1 0.301165 0
 2 0.304934 0.00266513
 3 0.306791 0.00233588
 4 0.30585 0.00193226
 5 0.306689 0.0017183
 6 0.306126 0.00152128
 7 0.305965 0.00131247
 8 0.30628 0.0011855
 9 0.306196 0.00105669
 10 0.30548 0.00116876
 11 0.305123 0.00111589
 12 0.304928 0.00103968
 13 0.304819 0.000965472
 14 0.304402 0.000982148
 15 0.304383 0.00091687
 16 0.304965 0.00102772
 17 0.305241 0.00100369
 18 0.304677 0.00109499
 19 0.304757 0.00104031
 20 0.304953 0.00100651
 1 0.307167 0
 2 0.311754 0.00324302
 3 0.309702 0.00273493
 4 0.309329 0.00207646
 5 0.310273 0.00186333
 6 0.309109 0.00188181
 7 0.307661 0.00209727
 8 0.308733 0.0020915
 9 0.308232 0.00191839
 10 0.309096 0.00191141
 11 0.308811 0.00175882
 12 0.309383 0.00170278
 13 0.30873 0.00169243
 14 0.308786 0.00157246
 15 0.308489 0.00149528
 16 0.307696 0.00159864
 17 0.307792 0.0015075
 18 0.307649 0.00143049
 19 0.307929 0.00138222
 20 0.307602 0.0013512
 1 0.30633 0
 2 0.308999 0.00188725
 3 0.304336 0.00400992
 4 0.302402 0.00344263
 5 0.304395 0.00328063
 6 0.303637 0.0028199
 7 0.305121 0.00277998
 8 0.304887 0.00244225
 9 0.304362 0.0022266
 10 0.304536 0.0020107
 11 0.304871 0.00185561
 12 0.305387 0.0017713
 13 0.306071 0.00176221
 14 0.305894 0.00164521
 15 0.306694 0.00171908
 16 0.306149 0.00169579
 17 0.306195 0.00159664
 18 0.305945 0.0015274
 19 0.305965 0.00144715
 20 0.305263 0.00153573
 1 0.300573 0
 2 0.299549 0.000723699
 3 0.300948 0.00123957
 4 0.301505 0.00104768
 5 0.300596 0.00116787
 6 0.301264 0.00114828
 7 0.301474 0.00100326
 8 0.302967 0.0016498
 9 0.301568 0.00197216
 10 0.30195 0.00181157
 11 0.30265 0.00177689
 12 0.302849 0.00163995
 13 0.303177 0.00154615
 14 0.303269 0.00143847
 15 0.302894 0.0013906
 16 0.303138 0.00132494
 17 0.30281 0.00128698
 18 0.303159 0.00126187
 19 0.303186 0.00119575
 20 0.303313 0.00114263
 1 0.307259 0
 2 0.304595 0.00188394
 3 0.305139 0.00133207
 4 0.305385 0.00102152
 5 0.304794 0.00097293
 6 0.305038 0.000840752
 7 0.304248 0.00102707
 8 0.302557 0.00181906
 9 0.302585 0.00161715
 10 0.303786 0.00184831
 11 0.304082 0.00170388
 12 0.304336 0.00158069
 13 0.304112 0.00147485
 14 0.303913 0.00138292
 15 0.304217 0.00132384
 16 0.30367 0.00134959
 17 0.303399 0.00129709
 18 0.303085 0.00126255
 19 0.303362 0.0012262
 20 0.303371 0.00116492
 1 0.285032 0
 2 0.281183 0.00272228
 3 0.281194 0.00181488
 4 0.281169 0.00136134
 5 0.280965 0.00110425
 6 0.278836 0.00214981
 7 0.27868 0.00184839
 8 0.278301 0.00165564
 9 0.277889 0.00152211
 10 0.278868 0.001655
 11 0.278238 0.00162009
 12 0.278228 0.00148512
 13 0.278272 0.00137153
 14 0.278096 0.00128481
 15 0.27774 0.00124748
 16 0.278348 0.00130949
 17 0.278795 0.00130625
 18 0.278643 0.00124247
 19 0.278543 0.00118109
 20 0.278562 0.00112219
 1 0.2722 0
 2 0.277805 0.00396322
 3 0.278198 0.0026616
 4 0.277414 0.00210866
 5 0.2768 0.00177405
 6 0.276869 0.00147971
 7 0.278094 0.00170145
 8 0.278214 0.00149302
 9 0.278053 0.00133576
 10 0.278392 0.00124432
 11 0.278291 0.00113525
 12 0.277859 0.00111974
 13 0.27782 0.00103428
 14 0.277536 0.000998862
 15 0.277701 0.000945949
 16 0.278118 0.000974114
 17 0.278123 0.000916828
 18 0.278034 0.000870191
 19 0.277741 0.000872517
 20 0.277439 0.000879404
 1 0.279216 0
 2 0.277233 0.00140168
 3 0.277572 0.000974516
 4 0.279508 0.00182893
 5 0.280022 0.00153379
 6 0.279632 0.00132682
 7 0.280242 0.00126958
 8 0.279797 0.00118615
 9 0.279568 0.00107626
 10 0.279774 0.000988062
 11 0.279838 0.000900337
 12 0.279819 0.000825518
 13 0.279677 0.000774158
 14 0.279629 0.000720341
 15 0.279705 0.000676298
 16 0.279752 0.000635689
 17 0.279846 0.000605116
 18 0.279344 0.000751246
 19 0.279003 0.000785033
 20 0.279051 0.000747193
 1 0.279168 0
 2 0.27721 0.00138489
 3 0.277556 0.000965664
 4 0.279496 0.00182944
 5 0.280013 0.00153481
 6 0.279625 0.00132725
 7 0.280235 0.00127037
 8 0.279792 0.00118653
 9 0.279563 0.00107646
 10 0.279769 0.00098834
 11 0.279834 0.000900618
 12 0.279815 0.000825767
 13 0.279673 0.000774333
 14 0.279626 0.000720487
 15 0.279702 0.000676458
 16 0.279749 0.000635852
 17 0.279843 0.000605293
 18 0.279341 0.000751276
 19 0.279001 0.000785001
 20 0.279048 0.00074717
 1 0.282336 0
 2 0.279931 0.00170087
 3 0.281077 0.00147016
 4 0.280086 0.00139694
 5 0.278898 0.00154247
 6 0.278931 0.00128576
 7 0.280059 0.00151779
 8 0.280563 0.00140929
 9 0.279842 0.00142529
 10 0.280014 0.00129313
 11 0.280449 0.00124668
 12 0.280803 0.00119195
 13 0.280957 0.00111019
 14 0.281002 0.00103182
 15 0.280832 0.000976992
 16 0.280341 0.00103216
 17 0.280146 0.000989693
 18 0.279909 0.00096253
 19 0.280096 0.000929841
 20 0.279791 0.000932139
 1 0.249663 0
 2 0.254032 0.00308922
 3 0.252211 0.00254024
 4 0.2523 0.00190676
 5 0.252243 0.00152625
 6 0.252486 0.00129108
 7 0.251972 0.00120493
 8 0.252621 0.00121686
 9 0.253445 0.00133144
 10 0.254431 0.00152019
 11 0.254968 0.00147406
 12 0.254819 0.00135877
 13 0.25518 0.0013012
 14 0.255221 0.0012089
 15 0.255844 0.00127909
 16 0.255664 0.00121177
 17 0.25588 0.00115958
 18 0.256182 0.00113374
 19 0.256178 0.00107408
 20 0.255972 0.00103978
 1 0.2565 0
 2 0.260211 0.00262423
 3 0.259666 0.00180519
 4 0.258639 0.0016198
 5 0.258334 0.0013242
 6 0.257768 0.00121869
 7 0.258421 0.0012068
 8 0.25806 0.00110838
 9 0.257946 0.000991171
 10 0.257795 0.000903441
 11 0.257427 0.00089308
 12 0.257247 0.000836614
 13 0.25637 0.00114262
 14 0.2565 0.00106834
 15 0.256336 0.00100958
 16 0.256226 0.000952463
 17 0.256341 0.000903348
 18 0.256394 0.000854681
 19 0.256524 0.000819664
 20 0.256533 0.000778725
 1 0.25501 0
 2 0.25225 0.00195155
 3 0.254636 0.00234261
 4 0.255118 0.00180596
 5 0.255162 0.0014453
 6 0.254879 0.00123176
 7 0.254824 0.00105703
 8 0.25467 0.000936099
 9 0.254748 0.000835364
 10 0.255088 0.000818037
 11 0.25476 0.000806922
 12 0.254475 0.000788281
 13 0.254677 0.000753104
 14 0.254158 0.000859722
 15 0.254381 0.000830652
 16 0.254599 0.000807033
 17 0.254565 0.000760285
 18 0.254998 0.000832098
 19 0.255103 0.000794903
 20 0.254866 0.000789517
 1 0.24834 0
 2 0.252616 0.00302333
 3 0.254912 0.00275267
 4 0.255003 0.00206603
 5 0.255128 0.00165659
 6 0.255148 0.00138061
 7 0.254355 0.00139259
 8 0.253342 0.00154392
 9 0.253841 0.00145106
 10 0.254294 0.00137457
 11 0.253877 0.00131128
 12 0.254091 0.00121946
 13 0.25445 0.00117726
 14 0.254467 0.00109328
 15 0.254355 0.00102605
 16 0.254592 0.000988946
 17 0.254389 0.000951427
 18 0.254372 0.000898727
 19 0.254256 0.000858813
 20 0.253733 0.000961962
 1 0.247342 0
 2 0.249882 0.00179619
 3 0.249126 0.00134712
 4 0.250798 0.00176575
 5 0.251911 0.00172809
 6 0.251979 0.00144143
 7 0.252538 0.00133943
 8 0.25315 0.00130435
 9 0.254523 0.00173751
 10 0.254089 0.00161707
 11 0.254378 0.00149574
 12 0.25399 0.00142062
 13 0.254142 0.00131947
 14 0.254378 0.00124612
 15 0.254096 0.00119457
 16 0.254441 0.00116883
 17 0.254494 0.00110125
 18 0.254939 0.00112673
 19 0.255105 0.00107948
 20 0.25519 0.00102887
 1 0.229108 0
 2 0.230828 0.00121631
 3 0.23121 0.000868703
 4 0.231504 0.000699392
 5 0.23303 0.00147554
 6 0.233005 0.00122982
 7 0.232586 0.00112326
 8 0.232709 0.000989578
 9 0.232918 0.000901402
 10 0.233668 0.00107901
 11 0.2337 0.000981391
 12 0.233634 0.000901868
 13 0.234023 0.000912576
 14 0.233959 0.00084962
 15 0.234054 0.000798306
 16 0.233741 0.000807349
 17 0.233253 0.000895423
 18 0.233351 0.000850976
 19 0.233252 0.000811884
 20 0.2335 0.000808336
 1 0.235061 0
 2 0.235023 2.73992e-05
 3 0.234292 0.000596781
 4 0.235156 0.000871591
 5 0.23525 0.000702342
 6 0.234686 0.000779614
 7 0.233815 0.0010473
 8 0.234363 0.00105026
 9 0.235393 0.00134701
 10 0.236173 0.00142012
 11 0.236167 0.00129103
 12 0.236243 0.00118568
 13 0.235802 0.00117362
 14 0.23531 0.00118843
 15 0.235511 0.00112593
 16 0.235419 0.00105928
 17 0.235545 0.00100442
 18 0.235543 0.000948622
 19 0.235719 0.000914938
 20 0.235438 0.000911443
 1 0.235064 0
 2 0.235369 0.000215798
 3 0.235324 0.000148494
 4 0.236971 0.00143005
 5 0.235988 0.00144262
 6 0.235656 0.0012399
 7 0.235179 0.00115087
 8 0.235242 0.00100876
 9 0.235496 0.00092813
 10 0.234991 0.000963243
 11 0.23517 0.000892261
 12 0.235084 0.000822054
 13 0.235092 0.000758859
 14 0.234685 0.000806617
 15 0.234619 0.000755486
 16 0.234687 0.000711314
 17 0.234547 0.000683138
 18 0.235274 0.000956521
 19 0.235369 0.000910949
 20 0.235393 0.000865692
 1 0.232826 0
 2 0.234267 0.00101882
 3 0.236263 0.00176532
 4 0.234459 0.00204747
 5 0.233776 0.00174836
 6 0.234161 0.0014988
 7 0.234363 0.00129826
 8 0.233889 0.00121949
 9 0.234074 0.00109796
 10 0.234495 0.00106563
 11 0.234513 0.000968903
 12 0.234627 0.00089492
 13 0.234048 0.00099596
 14 0.234188 0.000934572
 15 0.234484 0.000917882
 16 0.234684 0.000882058
 17 0.234649 0.000830838
 18 0.234457 0.000806643
 19 0.234365 0.00076938
 20 0.233938 0.000841475
 1 0.234285 0
 2 0.234289 2.37797e-06
 3 0.233047 0.00101385
 4 0.23147 0.00156337
 5 0.231936 0.00131827
 6 0.23216 0.00111752
 7 0.232162 0.000957874
 8 0.231669 0.000956771
 9 0.232525 0.00117242
 10 0.232681 0.0010656
 11 0.233598 0.00130501
 12 0.23324 0.00124463
 13 0.233292 0.00115001
 14 0.23358 0.00110337
 15 0.233444 0.00103823
 16 0.233428 0.00097346
 17 0.233414 0.000916299
 18 0.233508 0.000870256
 19 0.233317 0.000845314
 20 0.233206 0.00081033
 1 0.211301 0
 2 0.213649 0.00165991
 3 0.212544 0.00142782
 4 0.212681 0.00107744
 5 0.213876 0.00137322
 6 0.213935 0.00114559
 7 0.214305 0.00104019
 8 0.214494 0.000927151
 9 0.21476 0.000861339
 10 0.214521 0.000807708
 11 0.215133 0.000937831
 12 0.215079 0.000861212
 13 0.215618 0.000948872
 14 0.215399 0.000906013
 15 0.215423 0.000845929
 16 0.215021 0.000883305
 17 0.214857 0.000846509
 18 0.214667 0.000820444
 19 0.214745 0.000780927
 20 0.214466 0.000790183
 1 0.219556 0
 2 0.218734 0.000581497
 3 0.216988 0.00147746
 4 0.217293 0.00113926
 5 0.217122 0.000924221
 6 0.21588 0.00137044
 7 0.215409 0.00125297
 8 0.215098 0.00113427
 9 0.215178 0.00101104
 10 0.215279 0.000914985
 11 0.214823 0.000938645
 12 0.214927 0.000866224
 13 0.214409 0.000941873
 14 0.214108 0.000921581
 15 0.213983 0.00086852
 16 0.213697 0.000860182
 17 0.213469 0.000839264
 18 0.213757 0.000840782
 19 0.214083 0.000857346
 20 0.214249 0.000830464
 1 0.216381 0
 2 0.211729 0.00328915
 3 0.214269 0.00301824
 4 0.214714 0.00229623
 5 0.21427 0.00187943
 6 0.214303 0.00156647
 7 0.213798 0.00142152
 8 0.213753 0.00124454
 9 0.213715 0.00110685
 10 0.213741 0.000996481
 11 0.214208 0.00100935
 12 0.214145 0.000927227
 13 0.213956 0.000875017
 14 0.214276 0.000869182
 15 0.214682 0.000901295
 16 0.21467 0.000845054
 17 0.214461 0.000820674
 18 0.214505 0.000776262
 19 0.21454 0.000736208
 20 0.214502 0.000700402
 1 0.216458 0
 2 0.211768 0.00331652
 3 0.214295 0.00302433
 4 0.214734 0.0022998
 5 0.214286 0.00188296
 6 0.214315 0.00156937
 7 0.213809 0.00142442
 8 0.213763 0.00124713
 9 0.213724 0.00110918
 10 0.213749 0.000998557
 11 0.214215 0.00101075
 12 0.214151 0.000928543
 13 0.213961 0.000876305
 14 0.214281 0.000870155
 15 0.214688 0.000901957
 16 0.214674 0.000845679
 17 0.214466 0.000821312
 18 0.214509 0.000776851
 19 0.214545 0.000736755
 20 0.214506 0.000700931
 1 0.218771 0
 2 0.218801 2.11514e-05
 3 0.217885 0.00074758
 4 0.216719 0.0011551
 5 0.216778 0.000925561
 6 0.215588 0.00133222
 7 0.215562 0.00114216
 8 0.215655 0.00100317
 9 0.214795 0.00120514
 10 0.214647 0.0010936
 11 0.214457 0.00101059
 12 0.214701 0.000955436
 13 0.214599 0.000887385
 14 0.214123 0.000943
 15 0.214157 0.000880728
 16 0.214273 0.000833254
 17 0.214103 0.000801285
 18 0.214003 0.000762966
 19 0.214116 0.000731007
 20 0.214094 0.000694777
 1 0.197456 0
 2 0.199381 0.00136088
 3 0.198241 0.00129948
 4 0.198713 0.00105691
 5 0.199228 0.000962914
 6 0.198199 0.00123606
 7 0.197396 0.00129417
 8 0.19718 0.00115024
 9 0.19689 0.00105827
 10 0.197381 0.00106019
 11 0.197715 0.00101486
 12 0.198205 0.00104217
 13 0.198315 0.000967794
 14 0.197938 0.00096955
 15 0.198219 0.000944753
 16 0.198325 0.000891654
 17 0.198205 0.000847183
 18 0.19838 0.000817914
 19 0.198244 0.000786103
 20 0.198161 0.000751115
 1 0.199803 0
 2 0.200723 0.000650263
 3 0.199266 0.00126574
 4 0.200697 0.00156106
 5 0.201357 0.00138137
 6 0.201511 0.00115972
 7 0.200687 0.00125351
 8 0.200286 0.00115918
 9 0.199619 0.00120693
 10 0.199959 0.00113303
 11 0.199844 0.00103586
 12 0.199706 0.000958655
 13 0.199505 0.000905654
 14 0.199096 0.000928677
 15 0.199113 0.000866911
 16 0.198914 0.000835271
 17 0.198607 0.000840773
 18 0.198118 0.000924941
 19 0.198087 0.000876794
 20 0.198412 0.000891086
 1 0.19773 0
 2 0.199135 0.000993491
 3 0.198857 0.000700205
 4 0.197662 0.0011602
 5 0.198386 0.00113166
 6 0.197665 0.00115013
 7 0.198363 0.00117868
 8 0.198076 0.00106557
 9 0.197842 0.000972535
 10 0.19763 0.000898141
 11 0.197743 0.000823513
 12 0.197828 0.000759333
 13 0.197601 0.000734213
 14 0.197596 0.000681782
 15 0.197865 0.000687059
 16 0.197796 0.000647565
 17 0.197907 0.000618891
 18 0.198107 0.000616047
 19 0.198134 0.000584241
 20 0.198098 0.000556188
 1 0.19835 0
 2 0.19888 0.000374762
 3 0.198688 0.000295116
 4 0.198384 0.000343705
 5 0.198868 0.000512877
 6 0.199145 0.000496319
 7 0.198509 0.000726565
 8 0.198441 0.000638855
 9 0.198865 0.000694027
 10 0.199046 0.000648042
 11 0.198948 0.000596632
 12 0.198974 0.00054749
 13 0.198837 0.000522093
 14 0.199142 0.000566812
 15 0.199024 0.000541112
 16 0.199001 0.000507821
 17 0.198713 0.000553246
 18 0.1987 0.000522681
 19 0.198626 0.000500362
 20 0.198324 0.000558724
 1 0.195867 0
 2 0.19387 0.00141199
 3 0.194449 0.00105346
 4 0.195064 0.000952694
 5 0.19658 0.00155572
 6 0.197325 0.00146364
 7 0.19631 0.00156711
 8 0.196558 0.0013907
 9 0.196312 0.00125784
 10 0.196775 0.00121454
 11 0.196836 0.00110563
 12 0.196857 0.00101369
 13 0.196954 0.000940384
 14 0.196883 0.000875893
 15 0.197331 0.000924863
 16 0.197208 0.000875179
 17 0.197196 0.000823785
 18 0.197238 0.000779088
 19 0.196847 0.00083014
 20 0.1969 0.000790332
