 1 0.901896 0
 2 0.805942 0.0678497
 3 0.831935 0.0499645
 4 0.854151 0.042124
 5 0.852533 0.0337302
 6 0.862892 0.0296566
 7 0.876633 0.0284255
 8 0.890231 0.0279362
 9 0.89967 0.0263787
 10 0.902609 0.023904
 11 0.907561 0.0222379
 12 0.909758 0.020493
 13 0.911886 0.0190268
 14 0.90763 0.0181374
 15 0.907417 0.0169295
 16 0.910163 0.0160925
 17 0.913319 0.0154523
 18 0.916126 0.0148465
 19 0.913414 0.0143106
 20 0.915069 0.0136905
 1 0.747572 0
 2 0.85778 0.0779288
 3 0.846252 0.0527983
 4 0.874369 0.0464864
 5 0.88391 0.0381557
 6 0.887725 0.0319865
 7 0.89711 0.0287611
 8 0.901577 0.0255104
 9 0.905428 0.0229647
 10 0.907172 0.0207344
 11 0.905519 0.0189152
 12 0.910437 0.017967
 13 0.916023 0.0174317
 14 0.914787 0.0162303
 15 0.919865 0.0159227
 16 0.913888 0.0160097
 17 0.910177 0.0154923
 18 0.911976 0.0147356
 19 0.914564 0.0141856
 20 0.895996 0.0225645
 1 0.70062 0
 2 0.826148 0.0887617
 3 0.871136 0.0696484
 4 0.878805 0.0526568
 5 0.891624 0.0436579
 6 0.893918 0.0364418
 7 0.887341 0.0318238
 8 0.890974 0.0280524
 9 0.895853 0.0253562
 10 0.902538 0.0236854
 11 0.905337 0.0216969
 12 0.910223 0.0204317
 13 0.910272 0.01886
 14 0.91036 0.0175131
 15 0.910689 0.0163486
 16 0.898016 0.019633
 17 0.901586 0.0187999
 18 0.90145 0.017756
 19 0.900101 0.0168726
 20 0.901219 0.0160659
 1 0.768636 0
 2 0.852182 0.0590759
 3 0.881431 0.0460589
 4 0.898471 0.0375643
 5 0.901598 0.0301814
 6 0.914081 0.0276122
 7 0.913981 0.0236678
 8 0.876588 0.0406486
 9 0.886544 0.0373313
 10 0.882321 0.0338362
 11 0.87022 0.0328528
 12 0.845281 0.0384325
 13 0.85491 0.0366625
 14 0.857054 0.0341064
 15 0.855963 0.0318501
 16 0.861949 0.0304167
 17 0.866154 0.0289167
 18 0.869932 0.0275558
 19 0.862558 0.0270741
 20 0.856828 0.0263198
 1 0.977616 0
 2 0.98004 0.00171403
 3 0.969531 0.00865658
 4 0.946403 0.0210551
 5 0.943863 0.0169966
 6 0.918303 0.0272954
 7 0.925143 0.0242379
 8 0.930625 0.0218192
 9 0.930728 0.0193951
 10 0.927384 0.0177415
 11 0.930358 0.016376
 12 0.934273 0.0154721
 13 0.935451 0.0143267
 14 0.933506 0.0134347
 15 0.909647 0.0262399
 16 0.910309 0.0246083
 17 0.912756 0.0232821
 18 0.912185 0.0219957
 19 0.915117 0.0210325
 20 0.916314 0.0200149
 1 0.631652 0
 2 0.621232 0.00736805
 3 0.652285 0.0258264
 4 0.632772 0.0257054
 5 0.640872 0.0218032
 6 0.638095 0.0183453
 7 0.641791 0.0160927
 8 0.640616 0.014124
 9 0.659546 0.0218211
 10 0.66301 0.0199121
 11 0.659268 0.0184503
 12 0.671107 0.0203602
 13 0.662329 0.0205997
 14 0.661654 0.0191394
 15 0.648913 0.0216939
 16 0.648704 0.020339
 17 0.664834 0.0247248
 18 0.665417 0.023358
 19 0.660213 0.022701
 20 0.663256 0.0217689
 1 0.539216 0
 2 0.52388 0.0108442
 3 0.625804 0.083534
 4 0.62396 0.0626709
 5 0.642285 0.0527478
 6 0.64693 0.0441605
 7 0.643314 0.0379997
 8 0.658736 0.0362444
 9 0.651854 0.0328641
 10 0.655224 0.02975
 11 0.651303 0.0273026
 12 0.649388 0.0250944
 13 0.650301 0.0231807
 14 0.657712 0.0226788
 15 0.654134 0.0214472
 16 0.645997 0.0215953
 17 0.645455 0.0203318
 18 0.645262 0.0192032
 19 0.635282 0.0206233
 20 0.636316 0.019618
 1 0.656228 0
 2 0.621504 0.0245536
 3 0.556536 0.0555143
 4 0.586023 0.0488431
 5 0.620745 0.0499129
 6 0.625757 0.0418449
 7 0.617405 0.036691
 8 0.624942 0.0328696
 9 0.629637 0.0295508
 10 0.624527 0.0270339
 11 0.636935 0.0272754
 12 0.654504 0.0301343
 13 0.659377 0.0282075
 14 0.654063 0.0266884
 15 0.651189 0.0250635
 16 0.654255 0.0236839
 17 0.652233 0.0223768
 18 0.651581 0.0211431
 19 0.649764 0.0201083
 20 0.648586 0.0191374
 1 0.756348 0
 2 0.712662 0.0308907
 3 0.654572 0.0517082
 4 0.64867 0.0391165
 5 0.653806 0.0316286
 6 0.663013 0.0276646
 7 0.649819 0.0266736
 8 0.673077 0.0319069
 9 0.663031 0.0299016
 10 0.670239 0.0277668
 11 0.673177 0.0253975
 12 0.681068 0.024476
 13 0.688521 0.0237008
 14 0.68431 0.0223787
 15 0.69291 0.0224785
 16 0.699372 0.0219829
 17 0.701409 0.0207839
 18 0.704156 0.01981
 19 0.70557 0.0188177
 20 0.705775 0.017878
 1 0.74754 0
 2 0.725368 0.015678
 3 0.651259 0.0614061
 4 0.690479 0.057225
 5 0.689618 0.0457865
 6 0.696948 0.0387377
 7 0.684905 0.0350259
 8 0.666755 0.0350359
 9 0.673961 0.0318755
 10 0.650194 0.0364881
 11 0.646404 0.0333673
 12 0.655426 0.0317832
 13 0.657279 0.0293922
 14 0.660456 0.027464
 15 0.666971 0.0263945
 16 0.667322 0.0247472
 17 0.657799 0.0250571
 18 0.665746 0.0248934
 19 0.67057 0.0240462
 20 0.676406 0.0235414
 1 0.4094 0
 2 0.408382 0.000719835
 3 0.377969 0.0248365
 4 0.372758 0.0191663
 5 0.357346 0.0206183
 6 0.372683 0.0221635
 7 0.373593 0.019016
 8 0.380904 0.0179895
 9 0.381624 0.0160051
 10 0.398854 0.0217871
 11 0.4033 0.0202548
 12 0.403937 0.018577
 13 0.401191 0.0173496
 14 0.405494 0.0166354
 15 0.402079 0.015873
 16 0.40613 0.0153891
 17 0.412328 0.0156823
 18 0.402714 0.0175115
 19 0.404138 0.0166477
 20 0.408173 0.016297
 1 0.40324 0
 2 0.401788 0.00102672
 3 0.383948 0.0145824
 4 0.375935 0.0129526
 5 0.396487 0.0211018
 6 0.403303 0.0186532
 7 0.414279 0.0189445
 8 0.412835 0.0166315
 9 0.432913 0.0240187
 10 0.441304 0.0230359
 11 0.435585 0.02164
 12 0.432051 0.0201232
 13 0.43508 0.0188019
 14 0.429398 0.0182974
 15 0.427913 0.0171377
 16 0.42856 0.0160788
 17 0.421631 0.0165586
 18 0.424721 0.0159243
 19 0.426702 0.0152089
 20 0.426287 0.0144541
 1 0.53746 0
 2 0.41476 0.086762
 3 0.398301 0.0593819
 4 0.434124 0.0542765
 5 0.416086 0.0463218
 6 0.421895 0.0389641
 7 0.418807 0.0335199
 8 0.423204 0.0296169
 9 0.417424 0.0268842
 10 0.413616 0.0244641
 11 0.420653 0.0232303
 12 0.414201 0.0221724
 13 0.416795 0.020618
 14 0.420129 0.0194129
 15 0.422404 0.0182516
 16 0.421188 0.0171514
 17 0.422114 0.0161675
 18 0.42478 0.0154876
 19 0.423917 0.0146965
 20 0.42579 0.0140806
 1 0.568732 0
 2 0.512216 0.0399628
 3 0.484353 0.0350335
 4 0.448096 0.040943
 5 0.447441 0.0327596
 6 0.439203 0.0283164
 7 0.438018 0.024296
 8 0.43819 0.0212596
 9 0.443396 0.0195245
 10 0.443812 0.0175765
 11 0.439405 0.016522
 12 0.439451 0.0151452
 13 0.44247 0.0142778
 14 0.433087 0.0160471
 15 0.43554 0.0151636
 16 0.435596 0.014216
 17 0.43462 0.0134132
 18 0.434718 0.0126684
 19 0.433177 0.012095
 20 0.432636 0.0115023
 1 0.479856 0
 2 0.41841 0.0434489
 3 0.449024 0.0382601
 4 0.431361 0.0325176
 5 0.431422 0.0260141
 6 0.436977 0.0222636
 7 0.427501 0.0210032
 8 0.421752 0.0191484
 9 0.434786 0.0209931
 10 0.439053 0.0193225
 11 0.429617 0.0197357
 12 0.424922 0.0186412
 13 0.431088 0.0181984
 14 0.43096 0.0168989
 15 0.435388 0.0163423
 16 0.433971 0.0153822
 17 0.432767 0.0145244
 18 0.43152 0.0137709
 19 0.427939 0.0135037
 20 0.432582 0.0136033
 1 0.278824 0
 2 0.255286 0.0166439
 3 0.243049 0.0149313
 4 0.233025 0.0141694
 5 0.229209 0.0118383
 6 0.221198 0.0122801
 7 0.224206 0.0108879
 8 0.232266 0.0121491
 9 0.236596 0.0115451
 10 0.234358 0.0106053
 11 0.237277 0.0100349
 12 0.242235 0.0103515
 13 0.241821 0.00956355
 14 0.248508 0.0109723
 15 0.254358 0.0116968
 16 0.259473 0.0120321
 17 0.258614 0.0113549
 18 0.257337 0.0107957
 19 0.257556 0.0102297
 20 0.256026 0.00983194
 1 0.270632 0
 2 0.269164 0.00103803
 3 0.259909 0.00758803
 4 0.271811 0.0117739
 5 0.274298 0.00967815
 6 0.276743 0.00836844
 7 0.277257 0.00718867
 8 0.270653 0.00881598
 9 0.271856 0.00791808
 10 0.269549 0.00745484
 11 0.271131 0.0069429
 12 0.268778 0.00675114
 13 0.267334 0.00638448
 14 0.271741 0.0072927
 15 0.268945 0.00732285
 16 0.269353 0.00687653
 17 0.276045 0.00916689
 18 0.279252 0.00920139
 19 0.274716 0.00977111
 20 0.274679 0.00928263
 1 0.22472 0
 2 0.275092 0.0356184
 3 0.277919 0.0238575
 4 0.273963 0.0182181
 5 0.260642 0.0188246
 6 0.276285 0.0212133
 7 0.281987 0.0189337
 8 0.283225 0.0166074
 9 0.281998 0.0148074
 10 0.275756 0.014583
 11 0.27405 0.0133567
 12 0.271808 0.0124303
 13 0.26989 0.0116212
 14 0.273287 0.0112767
 15 0.27641 0.0109488
 16 0.282219 0.0117042
 17 0.283828 0.0111258
 18 0.284986 0.0105679
 19 0.28545 0.0100218
 20 0.283502 0.00970811
 1 0.274212 0
 2 0.273328 0.000625082
 3 0.268325 0.00410586
 4 0.272092 0.00448592
 5 0.280217 0.00810487
 6 0.291461 0.0122875
 7 0.289125 0.010752
 8 0.281968 0.0115469
 9 0.273337 0.0130981
 10 0.283455 0.0152017
 11 0.274328 0.0163313
 12 0.27903 0.0156326
 13 0.282118 0.0147318
 14 0.277155 0.0144912
 15 0.283461 0.014834
 16 0.28089 0.014128
 17 0.280628 0.0132994
 18 0.277959 0.0128255
 19 0.277241 0.0121706
 20 0.28273 0.0127397
 1 0.2245 0
 2 0.249202 0.017467
 3 0.256628 0.0131286
 4 0.241105 0.0166636
 5 0.237454 0.0137251
 6 0.235413 0.0115883
 7 0.24106 0.0112249
 8 0.231281 0.0134217
 9 0.24162 0.015406
 10 0.244401 0.0141143
 11 0.236074 0.0150889
 12 0.239006 0.0141134
 13 0.236881 0.0131868
 14 0.238103 0.0123014
 15 0.240933 0.0118023
 16 0.244265 0.0115254
 17 0.243869 0.0108542
 18 0.243498 0.0102575
 19 0.244711 0.00978906
 20 0.244108 0.00931811
 1 0.162392 0
 2 0.175488 0.00926027
 3 0.182377 0.0083519
 4 0.188303 0.00809765
 5 0.194698 0.00864216
 6 0.196061 0.00730848
 7 0.192577 0.00704615
 8 0.187423 0.00782694
 9 0.186257 0.00704354
 10 0.186206 0.00633936
 11 0.185897 0.00577062
 12 0.186428 0.00531413
 13 0.183333 0.00573645
 14 0.177683 0.00761666
 15 0.175946 0.00730426
 16 0.176762 0.00689322
 17 0.175182 0.00666643
 18 0.176614 0.00644816
 19 0.175204 0.00626105
 20 0.174266 0.00601798
 1 0.14588 0
 2 0.193906 0.0339595
 3 0.167083 0.0314995
 4 0.160293 0.0243453
 5 0.167663 0.0205616
 6 0.167491 0.0171354
 7 0.172698 0.0154584
 8 0.167787 0.014285
 9 0.173229 0.0136953
 10 0.172565 0.0123419
 11 0.16932 0.0116387
 12 0.174646 0.0118249
 13 0.174137 0.0109263
 14 0.171565 0.0104443
 15 0.17398 0.0100234
 16 0.172608 0.00949037
 17 0.174536 0.0091259
 18 0.173521 0.00867518
 19 0.176825 0.00882542
 20 0.17398 0.00883096
 1 0.231972 0
 2 0.160794 0.0503304
 3 0.1616 0.0335601
 4 0.155891 0.0256511
 5 0.163466 0.0216103
 6 0.161055 0.0181426
 7 0.162037 0.0155773
 8 0.162246 0.0136316
 9 0.166428 0.0127424
 10 0.168362 0.011614
 11 0.173806 0.0117652
 12 0.174681 0.0108172
 13 0.171065 0.0105723
 14 0.174309 0.0103028
 15 0.177885 0.0102177
 16 0.181798 0.0103012
 17 0.182496 0.0097189
 18 0.182437 0.00917914
 19 0.183837 0.00880217
 20 0.183315 0.00837754
 1 0.134688 0
 2 0.149596 0.0105415
 3 0.160003 0.0110267
 4 0.156662 0.00876146
 5 0.156848 0.00701114
 6 0.175392 0.0179082
 7 0.16571 0.0177754
 8 0.171876 0.0165883
 9 0.178689 0.0160835
 10 0.17544 0.0147997
 11 0.174599 0.0134781
 12 0.175295 0.0123729
 13 0.17443 0.0114513
 14 0.173211 0.010698
 15 0.172724 0.00999591
 16 0.1715 0.00944587
 17 0.171038 0.00890149
 18 0.171615 0.00842562
 19 0.172691 0.00805056
 20 0.17444 0.00783581
 1 0.195784 0
 2 0.180234 0.0109955
 3 0.17982 0.00733813
 4 0.181107 0.00561532
 5 0.187678 0.0073972
 6 0.191581 0.00712028
 7 0.197349 0.00810943
 8 0.201664 0.00816313
 9 0.198492 0.0078479
 10 0.195217 0.00771635
 11 0.195941 0.00704873
 12 0.194234 0.00666485
 13 0.194096 0.0061536
 14 0.196519 0.00617295
 15 0.199122 0.00628601
 16 0.199875 0.00593808
 17 0.19991 0.00558888
 18 0.200312 0.00529287
 19 0.19979 0.00504001
 20 0.20001 0.00479281
 1 0.125056 0
 2 0.129728 0.0033036
 3 0.134391 0.00439821
 4 0.125209 0.00860862
 5 0.1301 0.00815885
 6 0.134348 0.00782719
 7 0.136539 0.00700893
 8 0.129375 0.0090839
 9 0.128497 0.00811686
 10 0.126892 0.00746224
 11 0.125009 0.00701738
 12 0.12487 0.00643399
 13 0.126976 0.00627438
 14 0.128003 0.00590959
 15 0.125826 0.00590272
 16 0.125738 0.00553446
 17 0.127188 0.00539569
 18 0.129173 0.00544864
 19 0.128542 0.0051983
 20 0.129936 0.00512192
 1 0.079192 0
 2 0.110698 0.0222781
 3 0.117541 0.0158684
 4 0.121647 0.0124211
 5 0.121374 0.00993983
 6 0.128223 0.0103779
 7 0.128283 0.00889553
 8 0.129192 0.0078298
 9 0.132232 0.0075269
 10 0.132454 0.0067775
 11 0.133901 0.00631396
 12 0.133141 0.00583337
 13 0.133991 0.00544628
 14 0.132541 0.00524687
 15 0.130462 0.00529305
 16 0.126919 0.0060325
 17 0.127397 0.00569655
 18 0.129646 0.00580703
 19 0.12929 0.00551229
 20 0.129428 0.00523842
 1 0.137564 0
 2 0.10961 0.0197665
 3 0.107288 0.0133133
 4 0.097929 0.0128605
 5 0.097272 0.0103052
 6 0.0977753 0.00859995
 7 0.099984 0.00764974
 8 0.109908 0.0114446
 9 0.111064 0.0102312
 10 0.108672 0.00948355
 11 0.113374 0.00971731
 12 0.111067 0.00917718
 13 0.112168 0.00853696
 14 0.115163 0.00843644
 15 0.116922 0.00805513
 16 0.119199 0.00786718
 17 0.121424 0.00771243
 18 0.120325 0.00736183
 19 0.123331 0.00756323
 20 0.124135 0.00722773
 1 0.160204 0
 2 0.118022 0.0298272
 3 0.116205 0.01994
 4 0.117146 0.0149772
 5 0.117694 0.0119918
 6 0.121307 0.0105236
 7 0.127011 0.0104521
 8 0.133399 0.0109245
 9 0.133996 0.00972698
 10 0.13273 0.0088363
 11 0.129917 0.00846912
 12 0.130492 0.00778288
 13 0.130309 0.00718635
 14 0.125397 0.0081815
 15 0.126541 0.0077157
 16 0.126344 0.00723598
 17 0.126344 0.00681033
 18 0.127738 0.00657291
 19 0.126753 0.00630021
 20 0.126245 0.00600571
 1 0.119304 0
 2 0.113368 0.00419739
 3 0.113016 0.00281298
 4 0.111586 0.00244635
 5 0.124816 0.011994
 6 0.130789 0.0113857
 7 0.129613 0.0098198
 8 0.124128 0.0100077
 9 0.125572 0.00899934
 10 0.127259 0.00825598
 11 0.128986 0.00768402
 12 0.127773 0.00713876
 13 0.124954 0.0071248
 14 0.127269 0.00698187
 15 0.127806 0.00653707
 16 0.124116 0.00709398
 17 0.125776 0.00686811
 18 0.125344 0.00650012
 19 0.127098 0.00639031
 20 0.126666 0.00608539
 1 0.119048 0
 2 0.103516 0.0109828
 3 0.107825 0.00812341
 4 0.108622 0.0061315
 5 0.108282 0.00491459
 6 0.099352 0.00912322
 7 0.0968429 0.00815765
 8 0.098082 0.00723144
 9 0.0966924 0.0065601
 10 0.0961116 0.00592975
 11 0.0998964 0.00648704
 12 0.097952 0.00623103
 13 0.0975714 0.00576333
 14 0.0996334 0.00570865
 15 0.0984037 0.00545891
 16 0.10029 0.00543377
 17 0.0983419 0.0054521
 18 0.0988553 0.00517333
 19 0.0976571 0.00503791
 20 0.0987884 0.00491141
 1 0.105492 0
 2 0.108234 0.00193889
 3 0.105568 0.00253163
 4 0.106008 0.00193658
 5 0.10374 0.00255251
 6 0.108448 0.00479537
 7 0.108051 0.00412673
 8 0.108726 0.00366578
 9 0.107764 0.00338258
 10 0.105696 0.00362149
 11 0.107698 0.00380552
 12 0.107529 0.00349212
 13 0.107258 0.00323406
 14 0.106999 0.0030134
 15 0.106471 0.00285838
 16 0.106634 0.00268441
 17 0.105473 0.00276622
 18 0.105642 0.00261768
 19 0.104291 0.00280708
 20 0.103081 0.00291577
 1 0.1253 0
 2 0.088916 0.0257274
 3 0.097356 0.0184842
 4 0.096137 0.0139033
 5 0.0968352 0.0111402
 6 0.0944653 0.0095322
 7 0.0921869 0.00843838
 8 0.0914265 0.00741776
 9 0.09388 0.00698755
 10 0.0946368 0.00632965
 11 0.0946018 0.00575432
 12 0.0946717 0.00527522
 13 0.0955708 0.00494546
 14 0.098926 0.00561622
 15 0.0973499 0.00545848
 16 0.097033 0.00512652
 17 0.0977045 0.00486873
 18 0.0975884 0.00459963
 19 0.0981821 0.00439569
 20 0.0989236 0.00423798
 1 0.081792 0
 2 0.103424 0.0152961
 3 0.0970547 0.011447
 4 0.098202 0.00864253
 5 0.094392 0.00770822
 6 0.091732 0.00686716
 7 0.0967229 0.00748311
 8 0.092803 0.00750448
 9 0.0942716 0.00681283
 10 0.0956448 0.00626842
 11 0.0968229 0.00580821
 12 0.0964737 0.00533469
 13 0.0963363 0.00492609
 14 0.0954534 0.00465267
 15 0.0936752 0.00466996
 16 0.0948535 0.0045243
 17 0.0963449 0.00449728
 18 0.0966942 0.00426097
 19 0.0983141 0.0043337
 20 0.097077 0.00428995
 1 0.09384 0
 2 0.090734 0.00219627
 3 0.105049 0.0117798
 4 0.104979 0.00883504
 5 0.102579 0.00738676
 6 0.0978287 0.00752982
 7 0.0963571 0.00659635
 8 0.0974925 0.0058687
 9 0.0932902 0.00655059
 10 0.0947656 0.0060594
 11 0.0927665 0.00582898
 12 0.0914627 0.00548712
 13 0.0905911 0.00513379
 14 0.0912894 0.00481436
 15 0.0921232 0.00456503
 16 0.0917818 0.00429246
 17 0.0889998 0.00485855
 18 0.0900176 0.00469403
 19 0.0906615 0.00449092
 20 0.0913732 0.0043224
 1 0.079308 0
 2 0.08502 0.00403899
 3 0.0899347 0.0048325
 4 0.087737 0.0040937
 5 0.087724 0.00327498
 6 0.08771 0.00272918
 7 0.0854783 0.00312112
 8 0.0867515 0.00297937
 9 0.0861862 0.00270143
 10 0.0843148 0.0030105
 11 0.0829778 0.00301914
 12 0.083474 0.00280802
 13 0.0824911 0.00275869
 14 0.0815726 0.00271024
 15 0.0816472 0.00253059
 16 0.0832382 0.00282871
 17 0.0840066 0.0027647
 18 0.0829911 0.00279138
 19 0.0817596 0.00290345
 20 0.0826886 0.0029031
 1 0.067228 0
 2 0.076702 0.00669913
 3 0.0782027 0.00463112
 4 0.074615 0.00466021
 5 0.0779936 0.00479908
 6 0.0767187 0.00416515
 7 0.0785874 0.00396726
 8 0.079872 0.00367344
 9 0.0806244 0.00334145
 10 0.080128 0.00304396
 11 0.0799702 0.00277133
 12 0.080216 0.00255126
 13 0.0790846 0.00259377
 14 0.076678 0.0033435
 15 0.0771144 0.00314895
 16 0.0770293 0.00295329
 17 0.0780238 0.00294226
 18 0.0784222 0.00280565
 19 0.0783202 0.00265984
 20 0.0782622 0.00252748
 1 0.080972 0
 2 0.076726 0.00300238
 3 0.0809453 0.00398433
 4 0.077305 0.0043438
 5 0.0716512 0.00613582
 6 0.071462 0.0051161
 7 0.0715937 0.00438692
 8 0.068857 0.00461388
 9 0.0695551 0.00415371
 10 0.0690508 0.00376883
 11 0.0689884 0.00342673
 12 0.0709243 0.00364727
 13 0.0711529 0.00337386
 14 0.0706674 0.00316761
 15 0.0695179 0.00315815
 16 0.07039 0.00307883
 17 0.0706671 0.00291017
 18 0.0711913 0.00279532
 19 0.0724072 0.00290058
 20 0.0709648 0.00309345
 1 0.103772 0
 2 0.080906 0.0161687
 3 0.079536 0.010837
 4 0.073545 0.0096426
 5 0.0778728 0.00863081
 6 0.081844 0.0080543
 7 0.0758749 0.00884316
 8 0.075003 0.00778062
 9 0.071336 0.0077321
 10 0.0696584 0.00713856
 11 0.0690451 0.00651589
 12 0.0699843 0.00604022
 13 0.0690083 0.00565389
 14 0.0707751 0.00551921
 15 0.0736725 0.00586266
 16 0.0743718 0.00553778
 17 0.0757449 0.00537959
 18 0.077168 0.00526558
 19 0.0756347 0.00520689
 20 0.0750612 0.00497804
 1 0.095576 0
 2 0.08369 0.00840467
 3 0.0904987 0.00789305
 4 0.082328 0.00922571
 5 0.0814208 0.00742504
 6 0.079694 0.00638517
 7 0.078188 0.00564781
 8 0.075086 0.00573074
 9 0.0745262 0.00512126
 10 0.0731004 0.00480351
 11 0.0734869 0.00438235
 12 0.0734917 0.00401716
 13 0.0760012 0.0044231
 14 0.0753423 0.00415596
 15 0.0741347 0.00405055
 16 0.0741663 0.00379751
 17 0.0736464 0.00360954
 18 0.0740504 0.00343156
 19 0.0738472 0.00325696
 20 0.0746424 0.00318973
 1 0.062044 0
 2 0.054072 0.00563706
 3 0.0532813 0.00381308
 4 0.051 0.0034759
 5 0.0528928 0.00325554
 6 0.0554427 0.00357467
 7 0.0532091 0.0036965
 8 0.0536175 0.00325691
 9 0.0536049 0.00289506
 10 0.0544088 0.00271488
 11 0.054368 0.00246838
 12 0.0567103 0.00318575
 13 0.0576477 0.00307551
 14 0.0579774 0.00287345
 15 0.0573053 0.00275937
 16 0.0556803 0.00302786
 17 0.0553139 0.00287183
 18 0.05726 0.00330658
 19 0.0572356 0.00313264
 20 0.0582086 0.00312346
 1 0.078148 0
 2 0.069888 0.0058407
 3 0.0668 0.00463884
 4 0.068885 0.00391979
 5 0.0703984 0.00341552
 6 0.0674447 0.00392067
 7 0.0645943 0.00427288
 8 0.0654955 0.00383263
 9 0.0681684 0.00423756
 10 0.0688204 0.00386363
 11 0.0679567 0.00360764
 12 0.067651 0.00331993
 13 0.0678957 0.00307355
 14 0.0684466 0.00290296
 15 0.0690091 0.00276339
 16 0.0690153 0.00259068
 17 0.0688835 0.00244164
 18 0.0688298 0.00230658
 19 0.0691265 0.00220419
 20 0.0688512 0.00211111
 1 0.05928 0
 2 0.063234 0.0027959
 3 0.0665693 0.00330008
 4 0.066565 0.00247506
 5 0.0663384 0.0019904
 6 0.065826 0.00172336
 7 0.0630314 0.00297926
 8 0.0623825 0.00267659
 9 0.0631231 0.00247954
 10 0.0637336 0.00230552
 11 0.0633975 0.00212029
 12 0.0619813 0.00236978
 13 0.0614735 0.00224123
 14 0.0610066 0.00212924
 15 0.0627941 0.0026328
 16 0.063049 0.00248056
 17 0.0639139 0.00248084
 18 0.0634111 0.00239342
 19 0.0646539 0.00256994
 20 0.0651614 0.00249104
 1 0.060032 0
 2 0.071564 0.00815436
 3 0.063512 0.00853087
 4 0.054851 0.00985881
 5 0.0594976 0.00891506
 6 0.060374 0.00747217
 7 0.0584017 0.00665992
 8 0.060053 0.00602867
 9 0.0590018 0.0054497
 10 0.0609564 0.00524355
 11 0.0588735 0.00516404
 12 0.0593813 0.00475861
 13 0.0590437 0.00440452
 14 0.058992 0.00409022
 15 0.0597755 0.00389185
 16 0.0607208 0.00376166
 17 0.0600614 0.0035977
 18 0.0597896 0.00340809
 19 0.0600712 0.00324033
 20 0.060732 0.00314497
 1 0.076364 0
 2 0.0673 0.00640922
 3 0.0737 0.00675008
 4 0.070916 0.00560736
 5 0.0682056 0.00509904
 6 0.06586 0.00475821
 7 0.0639291 0.00445303
 8 0.0608825 0.00482739
 9 0.0602733 0.00432928
 10 0.0615608 0.00408331
 11 0.0596618 0.00413013
 12 0.0606013 0.00389134
 13 0.0617572 0.00375977
 14 0.06092 0.00358322
 15 0.0609941 0.0033451
 16 0.060556 0.0031646
 17 0.0607026 0.00298184
 18 0.0608142 0.00281827
 19 0.0616358 0.00278712
 20 0.0601158 0.00303406
 1 0.063556 0
 2 0.055252 0.00587181
 3 0.0515307 0.00495539
 4 0.055211 0.00489605
 5 0.056388 0.00405585
 6 0.054986 0.00361408
 7 0.0566217 0.00344813
 8 0.057225 0.00306943
 9 0.0574049 0.00273365
 10 0.0575028 0.00246204
 11 0.0564113 0.00246835
 12 0.0565517 0.00226664
 13 0.0570772 0.00215235
 14 0.0549789 0.00284308
 15 0.0553899 0.00268309
 16 0.0549192 0.00255633
 17 0.0546694 0.00241814
 18 0.0551322 0.00232767
 19 0.0548072 0.00222774
 20 0.0554542 0.00220832
 1 0.033764 0
 2 0.039286 0.00390464
 3 0.0473253 0.0070614
 4 0.051082 0.00621551
 5 0.0523232 0.00509483
 6 0.0521373 0.00424908
 7 0.0513046 0.00372278
 8 0.051464 0.00326084
 9 0.0493862 0.00349842
 10 0.0481036 0.00337552
 11 0.0480945 0.00306867
 12 0.0467363 0.00309898
 13 0.04704 0.00287544
 14 0.0477129 0.00274765
 15 0.0479725 0.00257671
 16 0.0477843 0.00242254
 17 0.0471616 0.00235868
 18 0.0481129 0.00241184
 19 0.0476217 0.00233439
 20 0.0479426 0.00223962
 1 0.045144 0
 2 0.040412 0.00334603
 3 0.043616 0.00343798
 4 0.049332 0.00558149
 5 0.0526528 0.00536285
 6 0.053216 0.00449852
 7 0.0543366 0.003993
 8 0.0506475 0.00491073
 9 0.0498973 0.00442202
 10 0.0502472 0.00399363
 11 0.0515189 0.0038277
 12 0.0522493 0.00357774
 13 0.0529397 0.00336848
 14 0.05318 0.00313643
 15 0.0541339 0.00306896
 16 0.0528 0.00315372
 17 0.0519254 0.0030871
 18 0.052012 0.00291681
 19 0.0523459 0.00278234
 20 0.0523578 0.00264325
 1 0.049128 0
 2 0.056862 0.00546876
 3 0.0541173 0.00427952
 4 0.054361 0.00321657
 5 0.0546624 0.00258734
 6 0.0557987 0.00239265
 7 0.0536657 0.00284702
 8 0.054564 0.00262904
 9 0.0547822 0.00234596
 10 0.0525952 0.00296017
 11 0.053172 0.00274669
 12 0.0524723 0.00260539
 13 0.0523274 0.002409
 14 0.0541297 0.002832
 15 0.0533648 0.00274456
 16 0.053883 0.00262148
 17 0.0542668 0.00249522
 18 0.0538407 0.00239271
 19 0.0538535 0.00226681
 20 0.0540358 0.00216079
 1 0.039084 0
 2 0.053834 0.0104298
 3 0.054496 0.00697419
 4 0.052764 0.00544146
 5 0.05588 0.00516891
 6 0.057018 0.00443093
 7 0.0553743 0.00409148
 8 0.0572725 0.00399619
 9 0.0581436 0.00364586
 10 0.0585936 0.00330894
 11 0.05738 0.003223
 12 0.0556373 0.00339299
 13 0.057112 0.00343755
 14 0.0582617 0.00337881
 15 0.0578539 0.00317808
 16 0.0583067 0.00301154
 17 0.0586864 0.00285822
 18 0.0591173 0.00273173
 19 0.0588145 0.00260468
 20 0.0591482 0.00249573
 1 0.040232 0
 2 0.038756 0.00104369
 3 0.036192 0.0022061
 4 0.04095 0.00444033
 5 0.0391464 0.0039014
 6 0.0395253 0.00326952
 7 0.040372 0.00291001
 8 0.0420775 0.00300476
 9 0.0416511 0.00270098
 10 0.0421848 0.00248305
 11 0.043156 0.00243987
 12 0.043144 0.00223658
 13 0.0434523 0.00208567
 14 0.0438766 0.00197938
 15 0.0440152 0.00185227
 16 0.0436262 0.00177687
 17 0.0444913 0.0018711
 18 0.0446518 0.00177402
 19 0.0437994 0.00187429
 20 0.0446338 0.00195752
 1 0.049364 0
 2 0.043754 0.00396687
 3 0.0446173 0.00273691
 4 0.045023 0.00208253
 5 0.0446616 0.00169709
 6 0.0472607 0.00276213
 7 0.0471714 0.00236898
 8 0.0448875 0.00297675
 9 0.0458831 0.00280756
 10 0.0473212 0.00287159
 11 0.0467971 0.00265794
 12 0.046343 0.00247493
 13 0.0463142 0.00228472
 14 0.0470171 0.00222705
 15 0.0451907 0.00272656
 16 0.0454937 0.00257294
 17 0.0462666 0.002535
 18 0.0462362 0.00239435
 19 0.045816 0.00230491
 20 0.0457882 0.00218983
 1 0.039828 0
 2 0.047154 0.00518026
 3 0.050064 0.00419191
 4 0.050143 0.00314468
 5 0.0466248 0.00402879
 6 0.0450167 0.00366425
 7 0.0422463 0.00405501
 8 0.042129 0.00354983
 9 0.042992 0.00325862
 10 0.0445604 0.00328861
 11 0.04432 0.00299842
 12 0.04282 0.00310113
 13 0.0425951 0.00287073
 14 0.0428317 0.00267541
 15 0.0445104 0.00297748
 16 0.0450547 0.00284071
 17 0.0452965 0.00268388
 18 0.0444856 0.00265445
 19 0.0448284 0.00253679
 20 0.0455204 0.00250255
 1 0.040012 0
 2 0.047246 0.00511521
 3 0.0501253 0.00414199
 4 0.050189 0.00310698
 5 0.0466616 0.00401649
 6 0.0450473 0.00365711
 7 0.0422726 0.00405284
 8 0.042152 0.00354803
 9 0.0430124 0.00325647
 10 0.0445788 0.00328601
 11 0.0443367 0.00299618
 12 0.0428353 0.00309993
 13 0.0426092 0.00286971
 14 0.0428449 0.00267439
 15 0.0445227 0.00297622
 16 0.0450663 0.00283941
 17 0.0453073 0.0026826
 18 0.0444958 0.00265347
 19 0.0448381 0.0025358
 20 0.0455296 0.00250152
 1 0.031912 0
 2 0.03624 0.00306036
 3 0.0396307 0.00343904
 4 0.042324 0.00347753
 5 0.0436032 0.00300811
 6 0.044288 0.00258353
 7 0.0441949 0.00221613
 8 0.0449295 0.00205728
 9 0.0444769 0.00187782
 10 0.0432312 0.00206223
 11 0.0415371 0.00247463
 12 0.042335 0.0023936
 13 0.0433689 0.00242251
 14 0.043462 0.00225126
 15 0.0432971 0.00210721
 16 0.0438385 0.00204388
 17 0.0442741 0.00196953
 18 0.0448969 0.0019561
 19 0.0448002 0.00185553
 20 0.0444358 0.00179818
 1 0.03052 0
 2 0.037096 0.00464993
 3 0.037024 0.00310051
 4 0.036797 0.00233368
 5 0.0371752 0.00189734
 6 0.039734 0.00282066
 7 0.0402669 0.00246753
 8 0.03987 0.00219077
 9 0.0403898 0.00200807
 10 0.0398344 0.00188249
 11 0.039284 0.00179001
 12 0.0403007 0.00190784
 13 0.0396458 0.00187009
 14 0.0396229 0.00173665
 15 0.0395661 0.0016218
 16 0.040605 0.00182305
 17 0.0411085 0.00178398
 18 0.0405289 0.00177653
 19 0.0400055 0.00175844
 20 0.0404352 0.00172223
 1 0.04346 0
 2 0.036304 0.00506006
 3 0.0363093 0.00337337
 4 0.032266 0.00432001
 5 0.0344952 0.00398992
 6 0.0366947 0.00388414
 7 0.0350777 0.00365035
 8 0.0365805 0.0034897
 9 0.0354111 0.00329206
 10 0.0344328 0.00310482
 11 0.0337695 0.00289256
 12 0.0335297 0.00266143
 13 0.0334188 0.00245902
 14 0.0341291 0.00238377
 15 0.0357373 0.00271364
 16 0.0357037 0.00254424
 17 0.0360358 0.00241615
 18 0.036902 0.00243225
 19 0.0361398 0.00242072
 20 0.036188 0.00230016
 1 0.053148 0
 2 0.047852 0.00374484
 3 0.049092 0.00269404
 4 0.046415 0.00307527
 5 0.0421776 0.00451853
 6 0.0397473 0.0043704
 7 0.0399771 0.00375209
 8 0.0406215 0.00333795
 9 0.0405476 0.00296789
 10 0.0416656 0.00287398
 11 0.0420255 0.00263515
 12 0.0419223 0.00241757
 13 0.0411295 0.00235801
 14 0.0411909 0.00219038
 15 0.0411893 0.00204435
 16 0.0416283 0.00196313
 17 0.0414925 0.00185234
 18 0.0410731 0.00179628
 19 0.0417823 0.00183641
 20 0.0419466 0.00175193
 1 0.029672 0
 2 0.030052 0.000268701
 3 0.0330427 0.00244843
 4 0.03612 0.00323644
 5 0.0382736 0.00322709
 6 0.0377793 0.00272683
 7 0.0359566 0.00288283
 8 0.036317 0.00254491
 9 0.0385298 0.00307728
 10 0.0386876 0.00277359
 11 0.0397709 0.00272481
 12 0.0392423 0.00254849
 13 0.0390714 0.00235818
 14 0.0401831 0.00243776
 15 0.039864 0.00229604
 16 0.0398515 0.00215257
 17 0.0400704 0.00203704
 18 0.0400211 0.00192447
 19 0.0408084 0.00197768
 20 0.0401738 0.001978
 1 0.04166 0
 2 0.041838 0.000125865
 3 0.046296 0.00364091
 4 0.0481 0.00314602
 5 0.0455272 0.00341025
 6 0.0446607 0.00294991
 7 0.0442554 0.00255618
 8 0.044098 0.0022415
 9 0.0450262 0.00217617
 10 0.0441532 0.00212647
 11 0.0426044 0.00243267
 12 0.0429107 0.00224915
 13 0.0421652 0.0021962
 14 0.0415026 0.00213696
 15 0.0421339 0.00208566
 16 0.0423415 0.00196562
 17 0.0425358 0.00185957
 18 0.0430256 0.00181962
 19 0.0424621 0.00180898
 20 0.0415056 0.00195512
 1 0.038676 0
 2 0.036368 0.001632
 3 0.032524 0.00332184
 4 0.035415 0.00353205
 5 0.0362808 0.00292984
 6 0.0371747 0.00257428
 7 0.0370669 0.00220878
 8 0.037335 0.00194889
 9 0.0355133 0.00243942
 10 0.0364776 0.00237844
 11 0.0367458 0.00217729
 12 0.0363177 0.00203751
 13 0.0365258 0.00189138
 14 0.0368949 0.00179192
 15 0.0366595 0.00168785
 16 0.0363977 0.00160252
 17 0.0357856 0.00162094
 18 0.03552 0.00155251
 19 0.0360838 0.00156983
 20 0.0365756 0.00156649
 1 0.04538 0
 2 0.04154 0.00271529
 3 0.0379427 0.00345022
 4 0.035197 0.00351426
 5 0.0320568 0.003974
 6 0.03399 0.00375254
 7 0.0350034 0.00335051
 8 0.035437 0.00295962
 9 0.0353502 0.00263204
 10 0.0333488 0.00303587
 11 0.0342364 0.00288671
 12 0.0330693 0.00287238
 13 0.0323443 0.00274141
 14 0.0320003 0.00256709
 15 0.031844 0.0024007
 16 0.0320225 0.00225728
 17 0.0330692 0.0023547
 18 0.0328547 0.00223363
 19 0.0327082 0.00212087
 20 0.0328104 0.00201728
 1 0.038416 0
 2 0.039726 0.00092631
 3 0.0372253 0.00213313
 4 0.039783 0.00273235
 5 0.0403472 0.00224338
 6 0.0409667 0.00195314
 7 0.0427623 0.0023593
 8 0.0429835 0.00207473
 9 0.0420858 0.00202915
 10 0.040964 0.00211369
 11 0.0395095 0.00236974
 12 0.0391777 0.00219537
 13 0.0398025 0.00211353
 14 0.038814 0.0021815
 15 0.038768 0.00203655
 16 0.039012 0.00192383
 17 0.0391014 0.00181274
 18 0.0394704 0.00174919
 19 0.0389175 0.00174234
 20 0.0387936 0.00165962
 1 0.033196 0
 2 0.03491 0.00121198
 3 0.0370587 0.0019315
 4 0.037498 0.00149776
 5 0.0350104 0.0025271
 6 0.0357013 0.00219834
 7 0.0365303 0.00203459
 8 0.036031 0.00184051
 9 0.035484 0.00171537
 10 0.0360256 0.00162709
 11 0.0352913 0.00163651
 12 0.0359647 0.00163281
 13 0.0355646 0.00155544
 14 0.0353794 0.00145532
 15 0.0349867 0.00141031
 16 0.034889 0.00132554
 17 0.0356421 0.00144577
 18 0.0355102 0.00137145
 19 0.0348008 0.00147134
 20 0.0344222 0.00144567
 1 0.016236 0
 2 0.026306 0.00712057
 3 0.0320653 0.00668189
 4 0.032685 0.00504007
 5 0.037508 0.00590479
 6 0.03875 0.00504959
 7 0.0383429 0.0043446
 8 0.036747 0.00408412
 9 0.0366453 0.00363159
 10 0.0367456 0.00326982
 11 0.0359098 0.00307752
 12 0.0357757 0.00282399
 13 0.0354065 0.00263078
 14 0.0347706 0.00251855
 15 0.0341605 0.0024234
 16 0.0352322 0.0024977
 17 0.0349289 0.00236912
 18 0.0348464 0.00223893
 19 0.0352255 0.00215294
 20 0.035779 0.00211525
 1 0.017576 0
 2 0.023136 0.00393151
 3 0.0256773 0.00334294
 4 0.028049 0.00324109
 5 0.0276536 0.00261688
 6 0.0290027 0.00250445
 7 0.0296891 0.00223878
 8 0.029778 0.00196069
 9 0.0291627 0.00183686
 10 0.0283056 0.0018423
 11 0.027808 0.00174073
 12 0.0285293 0.00173871
 13 0.0289268 0.00164976
 14 0.0287683 0.00153951
 15 0.0285389 0.00145386
 16 0.0287338 0.00137599
 17 0.0288861 0.00130346
 18 0.0292416 0.00127859
 19 0.0290648 0.00122344
 20 0.0287276 0.00120786
 1 0.030568 0
 2 0.029756 0.000574171
 3 0.0311107 0.00117044
 4 0.031733 0.00103008
 5 0.0318744 0.000833712
 6 0.0323293 0.00080942
 7 0.0328394 0.000839267
 8 0.032969 0.000744294
 9 0.0320871 0.00106255
 10 0.0321808 0.00096042
 11 0.032172 0.000873149
 12 0.0312313 0.00120488
 13 0.0306988 0.00122425
 14 0.0309466 0.00116161
 15 0.0315963 0.00125275
 16 0.0307857 0.00141252
 17 0.0306379 0.00133715
 18 0.0304842 0.00127166
 19 0.0306051 0.00121046
 20 0.0306162 0.00114999
 1 0.028944 0
 2 0.02864 0.00021496
 3 0.0286067 0.000145869
 4 0.029949 0.00116763
 5 0.0294952 0.00101848
 6 0.0296253 0.000857006
 7 0.0306869 0.00122697
 8 0.0302825 0.00113828
 9 0.0306627 0.00107341
 10 0.029116 0.00175677
 11 0.0285967 0.00167205
 12 0.028267 0.00156489
 13 0.0287646 0.00152157
 14 0.0292783 0.00149709
 15 0.0296904 0.0014529
 16 0.0302292 0.0014586
 17 0.0295106 0.0015397
 18 0.0297958 0.00148033
 19 0.0300939 0.00143213
 20 0.0298008 0.00139019
 1 0.029044 0
 2 0.02869 0.000250316
 3 0.02864 0.000171798
 4 0.029974 0.00116244
 5 0.0295152 0.00101647
 6 0.029642 0.00085493
 7 0.0307011 0.00122414
 8 0.030295 0.0011365
 9 0.0306738 0.00107149
 10 0.029126 0.0017567
 11 0.0286058 0.00167225
 12 0.0282753 0.00156521
 13 0.0287723 0.00152166
 14 0.0292854 0.00149699
 15 0.0296971 0.00145268
 16 0.0302355 0.00145826
 17 0.0295165 0.00153958
 18 0.0298013 0.00148017
 19 0.0300992 0.00143191
 20 0.0298058 0.00139004
 1 0.031896 0
 2 0.02753 0.00308723
 3 0.0280907 0.00210845
 4 0.027203 0.00175829
 5 0.0260016 0.00177011
 6 0.0265333 0.00155291
 7 0.0284229 0.00219818
 8 0.0301365 0.0025038
 9 0.0307022 0.00228862
 10 0.0292556 0.00247508
 11 0.0293178 0.00225086
 12 0.029399 0.00206475
 13 0.0290258 0.00193935
 14 0.0286911 0.00182948
 15 0.0290744 0.0017472
 16 0.0282843 0.00180786
 17 0.0279035 0.00174114
 18 0.0274867 0.00169358
 19 0.0278749 0.00164835
 20 0.0291058 0.00197266
 1 0.031304 0
 2 0.032246 0.000666095
 3 0.028824 0.00282912
 4 0.027238 0.0025276
 5 0.0287088 0.00241234
 6 0.02768 0.00221885
 7 0.0285497 0.0020653
 8 0.028611 0.00180804
 9 0.0283613 0.0016243
 10 0.0300712 0.00218365
 11 0.0300029 0.0019862
 12 0.0288443 0.00213198
 13 0.028748 0.00197016
 14 0.0288891 0.00183448
 15 0.0287664 0.00171628
 16 0.0284293 0.0016418
 17 0.0290127 0.00164563
 18 0.0287778 0.00157089
 19 0.0287088 0.00148972
 20 0.028159 0.00151331
 1 0.025456 0
 2 0.028564 0.00219769
 3 0.023192 0.00462445
 4 0.023999 0.00353805
 5 0.0267344 0.0037413
 6 0.025628 0.00327726
 7 0.0255057 0.00281136
 8 0.026304 0.00257078
 9 0.0268613 0.00234478
 10 0.0274144 0.00217455
 11 0.0277215 0.00199842
 12 0.027886 0.00183865
 13 0.0275237 0.00173254
 14 0.0272343 0.00163278
 15 0.0274893 0.00154372
 16 0.026674 0.00164855
 17 0.0266273 0.00155224
 18 0.0269471 0.00149859
 19 0.0272789 0.00145599
 20 0.0276492 0.00142949
 1 0.028992 0
 2 0.020626 0.00591566
 3 0.02118 0.00396963
 4 0.024419 0.0040905
 5 0.0255784 0.00343278
 6 0.024446 0.0030417
 7 0.0250017 0.00265745
 8 0.024216 0.00243866
 9 0.0240782 0.00217158
 10 0.023212 0.00212016
 11 0.0226411 0.00200281
 12 0.023889 0.00219045
 13 0.0241517 0.00203764
 14 0.0249791 0.00205324
 15 0.0255733 0.00200049
 16 0.0259553 0.00191157
 17 0.0256504 0.00182328
 18 0.0256936 0.00172249
 19 0.0253865 0.00165897
 20 0.0256858 0.00160279
 1 0.037672 0
 2 0.036802 0.000615183
 3 0.0332533 0.00292636
 4 0.029483 0.00393428
 5 0.028788 0.00320822
 6 0.0294567 0.00274232
 7 0.0294846 0.0023507
 8 0.0299635 0.00210508
 9 0.0290289 0.00206828
 10 0.029676 0.00196007
 11 0.0296353 0.00178231
 12 0.028715 0.00185622
 13 0.0286905 0.0017136
 14 0.0292106 0.00166826
 15 0.0291845 0.00155725
 16 0.029456 0.0014834
 17 0.0291546 0.00142643
 18 0.0292278 0.00134906
 19 0.0291686 0.00127935
 20 0.0291504 0.00121552
 1 0.020688 0
 2 0.014502 0.00437416
 3 0.0185027 0.0043788
 4 0.018734 0.00329021
 5 0.0213888 0.00354495
 6 0.0216973 0.00296752
 7 0.0199017 0.00303867
 8 0.02121 0.00292695
 9 0.0217929 0.00265914
 10 0.0219748 0.00239944
 11 0.0229484 0.00237061
 12 0.0229557 0.00217307
 13 0.0239178 0.00220867
 14 0.0238466 0.00205206
 15 0.0239459 0.00191766
 16 0.0245313 0.00188504
 17 0.0246435 0.00177749
 18 0.0249564 0.00170606
 19 0.0248842 0.0016178
 20 0.0245236 0.00157659
