9.23491
9.21678
9.18618
9.13976
9.08468
9.02379
8.98334
8.96864
8.98273
9.03654
9.11427
9.19815
9.28524
9.36694
9.43514
9.48684
9.52656
9.55308
9.58699
9.62634
9.6774
9.7401
9.82348
9.91502
10.0008
10.0706
10.104
10.0977
10.0474
9.96472
9.84697
9.71571
9.58626
9.4591
9.34618
9.26395
9.2188
9.20717
9.2383
9.29514
9.38223
9.48047
9.59318
9.70859
9.81509
9.88984
9.9244
9.9088
9.85451
9.77381
9.68667
9.6099
9.55806
9.54405
9.54563
9.56835
9.60376
9.64115
9.67367
9.69526
9.70004
9.69408
9.67793
9.6547
9.62284
9.58886
9.55534
9.53775
9.51965
9.50957
9.51036
9.51498
9.52823
9.55131
9.59015
9.63787
9.69319
9.74489
9.77076
9.76515
9.74124
9.70623
9.67013
9.64658
9.63324
9.63733
9.65658
9.67919
9.7055
9.72577
9.73246
9.7138
9.67605
9.61779
9.54808
9.48475
9.44022
9.428
9.45253
9.49589
