0.849483
0.851219
0.855285
0.862283
0.871375
0.88062
0.887736
0.890887
0.88913
0.8826
0.872427
0.860197
0.84765
0.83623
0.826765
0.819417
0.813884
0.80958
0.805716
0.801329
0.795456
0.787386
0.776999
0.765076
0.75338
0.744379
0.740332
0.742531
0.750795
0.763878
0.7802
0.798344
0.817031
0.834867
0.850293
0.861753
0.868114
0.868941
0.864625
0.856117
0.84434
0.829888
0.813247
0.795526
0.77901
0.76675
0.761148
0.76271
0.77015
0.781184
0.793234
0.803918
0.811347
0.814679
0.814098
0.810593
0.805557
0.800346
0.796051
0.793333
0.792401
0.793172
0.795466
0.798997
0.803514
0.808587
0.813624
0.81802
0.821265
0.823121
0.823719
0.82329
0.821801
0.818911
0.814055
0.806996
0.798518
0.790706
0.786112
0.78614
0.790071
0.79578
0.801181
0.804962
0.806551
0.80582
0.802995
0.798657
0.79379
0.789759
0.788066
0.789941
0.795765
0.804829
0.81533
0.824882
0.831288
0.833243
0.830745
0.824817
