0.0115332
0.0345996
0.0576661
0.0807325
0.103799
0.126865
0.149932
0.172998
0.196065
0.219131
0.242198
0.265264
0.28833
0.311397
0.334463
0.35753
0.380596
0.403663
0.426729
0.449795
0.472862
0.495928
0.518995
0.542061
0.565128
0.588194
0.61126
0.634327
0.657393
0.68046
0.703526
0.726593
0.749659
0.772725
0.795792
0.818858
0.841925
0.864991
0.888058
0.911124
0.93419
0.957257
0.980323
1.00339
1.02646
1.04952
1.07259
1.09566
1.11872
1.14179
1.16485
1.18792
1.21099
1.23405
1.25712
1.28019
1.30325
1.32632
1.34939
1.37245
1.39552
1.41859
1.44165
1.46472
1.48778
1.51085
1.53392
1.55698
1.58005
1.60312
1.62618
1.64925
1.67232
1.69538
1.71845
1.74152
1.76458
1.78765
1.81071
1.83378
1.85685
1.87991
1.90298
1.92605
1.94911
1.97218
1.99525
2.01831
2.04138
2.06445
2.08751
2.11058
2.13364
2.15671
2.17978
2.20284
2.22591
2.24898
2.27204
2.29511
