1 -8.4884
2 -8.31981
3 -8.16844
4 -8.07955
5 -8.01869
6 -7.86348
7 -7.92149
8 -7.83453
9 -7.86489
10 -7.90088
11 -7.82185
12 -7.76657
13 -7.74104
14 -7.64471
15 -7.68102
16 -7.57504
17 -7.59227
18 -7.55007
19 -7.55835
20 -7.49696
21 -7.4742
22 -7.49092
23 -7.51707
24 -7.5128
25 -7.55724
26 -7.51652
27 -7.52671
28 -7.55316
29 -7.64786
30 -7.63295
31 -7.66959
32 -7.7
33 -7.66902
34 -7.68952
35 -7.73425
36 -7.73856
37 -7.71721
38 -7.73637
39 -7.8057
40 -7.765
41 -7.70905
42 -7.62093
43 -7.57215
44 -7.51051
45 -7.4743
46 -7.59603
47 -7.54203
48 -7.58096
49 -7.58038
50 -7.60429
51 -7.57701
52 -7.55971
53 -7.57452
54 -7.50202
55 -7.58354
56 -7.53073
57 -7.515
58 -7.49656
59 -7.47585
60 -7.41251
61 -7.45536
62 -7.52315
63 -7.43248
64 -7.42787
65 -7.55372
66 -7.55247
67 -7.47461
68 -7.40487
69 -7.43141
70 -7.43166
71 -7.44403
72 -7.47853
73 -7.45427
74 -7.42175
75 -7.5359
76 -7.48557
77 -7.50495
78 -7.52908
79 -7.56099
80 -7.53536
81 -7.41191
82 -7.55801
83 -7.54576
84 -7.52532
85 -7.64653
86 -7.65903
87 -7.62439
88 -7.67972
89 -7.71001
90 -7.66468
91 -7.67234
92 -7.62605
93 -7.58204
94 -7.54613
95 -7.62079
96 -7.66303
97 -7.71517
98 -7.7028
99 -7.68845
100 -7.62336
101 -7.54801
102 -7.48366
103 -7.48892
104 -7.51152
105 -7.56296
106 -7.53531
107 -7.59419
108 -7.46723
109 -7.47747
110 -7.45783
111 -7.46631
112 -7.41723
113 -7.4819
114 -7.47713
115 -7.41337
116 -7.37808
117 -7.39695
118 -7.47006
119 -7.51501
120 -7.48443
121 -7.47613
122 -7.50303
123 -7.51907
124 -7.42509
125 -7.4532
126 -7.49748
127 -7.51143
128 -7.46711
129 -7.51529
130 -7.53513
131 -7.56598
132 -7.51107
133 -7.50006
134 -7.49641
135 -7.47246
136 -7.47198
137 -7.45085
138 -7.53486
139 -7.5677
140 -7.52817
141 -7.61006
142 -7.6055
143 -7.56054
144 -7.52434
145 -7.55562
146 -7.53668
147 -7.48946
148 -7.47919
149 -7.47178
150 -7.46136
151 -7.47289
152 -7.42199
153 -7.44028
154 -7.46031
155 -7.41942
156 -7.36275
157 -7.36051
158 -7.35707
159 -7.4028
160 -7.48794
161 -7.45977
162 -7.5036
163 -7.5412
164 -7.58349
165 -7.49646
166 -7.54555
167 -7.58989
168 -7.61084
169 -7.62939
170 -7.59882
171 -7.65432
172 -7.70386
173 -7.68349
174 -7.61846
175 -7.62903
176 -7.53584
177 -7.48673
178 -7.49935
179 -7.47474
180 -7.46988
181 -7.45587
182 -7.42579
183 -7.45351
184 -7.49105
185 -7.51981
186 -7.54293
187 -7.50278
188 -7.51347
189 -7.56867
190 -7.48751
191 -7.51962
192 -7.61331
193 -7.64986
194 -7.64057
195 -7.65148
196 -7.64514
197 -7.62882
198 -7.56267
199 -7.50324
200 -7.56674
201 -7.63161
202 -7.69073
203 -7.68833
204 -7.66918
205 -7.6622
206 -7.68584
207 -7.70398
208 -7.63194
209 -7.67421
210 -7.60225
211 -7.61435
212 -7.58836
213 -7.62938
214 -7.57756
215 -7.56512
216 -7.56729
217 -7.51451
218 -7.48689
219 -7.56338
220 -7.55611
221 -7.57305
222 -7.57486
223 -7.62995
224 -7.58032
225 -7.45901
226 -7.45895
227 -7.45987
228 -7.50826
229 -7.61678
230 -7.52679
231 -7.46588
232 -7.50218
233 -7.52467
234 -7.53866
235 -7.59099
236 -7.59472
237 -7.59203
238 -7.55218
239 -7.61605
240 -7.6603
241 -7.73449
242 -7.68078
243 -7.57193
244 -7.57805
245 -7.59431
246 -7.67969
247 -7.64958
248 -7.64512
249 -7.57332
250 -7.63406
251 -7.62684
252 -7.62343
253 -7.68738
254 -7.64557
255 -7.63134
256 -7.62657
257 -7.63364
258 -7.66379
259 -7.60526
260 -7.62828
261 -7.65744
262 -7.60946
263 -7.57534
264 -7.55168
265 -7.61473
266 -7.63333
267 -7.50403
268 -7.44185
269 -7.43332
270 -7.44852
271 -7.43715
272 -7.42927
273 -7.42273
274 -7.37981
275 -7.46308
276 -7.54195
277 -7.59333
278 -7.57386
279 -7.59045
280 -7.56531
281 -7.55655
282 -7.57137
283 -7.56344
284 -7.56892
285 -7.65262
286 -7.57756
287 -7.53692
288 -7.55441
289 -7.56674
290 -7.56887
291 -7.57457
292 -7.53215
293 -7.55348
294 -7.58583
295 -7.53592
296 -7.53974
297 -7.57109
298 -7.58569
299 -7.63476
300 -7.71325
301 -7.68692
302 -7.66186
303 -7.60341
304 -7.60304
305 -7.55651
306 -7.55649
307 -7.63662
308 -7.53487
309 -7.48596
310 -7.56135
311 -7.50576
312 -7.53305
313 -7.60598
314 -7.62376
315 -7.5945
316 -7.62966
317 -7.68195
318 -7.70646
319 -7.64691
320 -7.70623
321 -7.74303
322 -7.72207
323 -7.70004
324 -7.6242
325 -7.62073
326 -7.64939
327 -7.6467
328 -7.69834
329 -7.71787
330 -7.70888
331 -7.70741
332 -7.7332
333 -7.8144
334 -7.75518
335 -7.70774
336 -7.71758
337 -7.7371
338 -7.73894
339 -7.75866
340 -7.73715
341 -7.71972
342 -7.63927
343 -7.68826
344 -7.70194
345 -7.68303
346 -7.71782
347 -7.68443
348 -7.58669
349 -7.5214
350 -7.56917
351 -7.4907
352 -7.47661
353 -7.46871
354 -7.46982
355 -7.53647
356 -7.48413
357 -7.50102
358 -7.47752
359 -7.50414
360 -7.49132
361 -7.46634
362 -7.50743
363 -7.37332
364 -7.33795
365 -7.31643
366 -7.40869
367 -7.46294
368 -7.5369
369 -7.57341
370 -7.58671
371 -7.54659
372 -7.49058
373 -7.50448
374 -7.51433
375 -7.55876
376 -7.54883
377 -7.44911
378 -7.46718
379 -7.43966
380 -7.43894
381 -7.47955
382 -7.48961
383 -7.37222
384 -7.43601
385 -7.46407
386 -7.53686
387 -7.59182
388 -7.64878
389 -7.63371
390 -7.51549
391 -7.50293
392 -7.56007
393 -7.62542
394 -7.57255
395 -7.60546
396 -7.54269
397 -7.63157
398 -7.68559
399 -7.64771
400 -7.65561
401 -7.66683
402 -7.72466
403 -7.65284
404 -7.64067
405 -7.59941
406 -7.56608
407 -7.56379
408 -7.53365
409 -7.46548
410 -7.45932
411 -7.52481
412 -7.54239
413 -7.55578
414 -7.4936
415 -7.45536
416 -7.47638
417 -7.50673
418 -7.44271
419 -7.42963
420 -7.54885
421 -7.47316
422 -7.49587
423 -7.4949
424 -7.46421
425 -7.40289
426 -7.43868
427 -7.48099
428 -7.57815
429 -7.51258
430 -7.52726
431 -7.54132
432 -7.5113
433 -7.46848
434 -7.44491
435 -7.54039
436 -7.51108
437 -7.52607
438 -7.5527
439 -7.54185
440 -7.46046
441 -7.31252
442 -7.27715
443 -7.3051
444 -7.32131
445 -7.32426
446 -7.32233
447 -7.2751
448 -7.32035
449 -7.34786
450 -7.34766
451 -7.44096
452 -7.43019
453 -7.39087
454 -7.3692
455 -7.29783
456 -7.30761
457 -7.30731
458 -7.3718
459 -7.4145
460 -7.4093
461 -7.47103
462 -7.51094
463 -7.58985
464 -7.60833
465 -7.59742
466 -7.55181
467 -7.544
468 -7.5341
469 -7.60224
470 -7.5996
471 -7.56193
472 -7.48049
473 -7.44923
474 -7.39075
475 -7.42177
476 -7.3728
477 -7.44612
478 -7.48309
479 -7.53136
480 -7.51431
481 -7.55578
482 -7.52274
483 -7.4857
484 -7.58881
485 -7.60843
486 -7.59234
487 -7.54443
488 -7.48248
489 -7.45458
490 -7.47161
491 -7.49319
492 -7.49456
493 -7.51025
494 -7.53803
495 -7.42753
496 -7.46429
497 -7.57537
498 -7.58183
499 -7.61631
500 -7.5747
501 -7.55292
502 -7.52943
503 -7.52247
504 -7.47593
505 -7.50038
506 -7.46074
507 -7.48563
508 -7.48715
509 -7.47484
510 -7.47666
511 -7.45636
512 -7.50963
513 -7.55851
514 -7.52612
515 -7.4444
516 -7.51941
517 -7.52669
518 -7.57087
519 -7.45604
520 -7.45724
521 -7.43234
522 -7.50022
523 -7.59298
524 -7.6891
525 -7.64665
526 -7.5512
527 -7.55168
528 -7.48856
529 -7.49191
530 -7.55145
531 -7.6457
532 -7.72035
533 -7.74775
534 -7.73919
535 -7.72199
536 -7.73276
537 -7.72329
538 -7.71809
539 -7.65843
540 -7.68103
541 -7.53942
542 -7.54941
543 -7.50232
544 -7.56524
545 -7.51983
546 -7.48908
547 -7.54453
548 -7.51787
549 -7.56653
550 -7.57016
551 -7.59083
552 -7.63638
553 -7.59332
554 -7.64922
555 -7.58025
556 -7.58066
557 -7.60569
558 -7.55063
559 -7.589
560 -7.51368
561 -7.58762
562 -7.51712
563 -7.49312
564 -7.50289
565 -7.51745
566 -7.42564
567 -7.51053
568 -7.58885
569 -7.7149
570 -7.66055
571 -7.64721
572 -7.63081
573 -7.66613
574 -7.6398
575 -7.61702
576 -7.61249
577 -7.59027
578 -7.64995
579 -7.64674
580 -7.66794
581 -7.63831
582 -7.6818
583 -7.66836
584 -7.61443
585 -7.60008
586 -7.62215
587 -7.59975
588 -7.59432
589 -7.66827
590 -7.54644
591 -7.54762
592 -7.58653
593 -7.55567
594 -7.55258
595 -7.61908
596 -7.65532
597 -7.68179
598 -7.66731
599 -7.55207
600 -7.52677
601 -7.57028
602 -7.56986
603 -7.64434
604 -7.60643
605 -7.52676
606 -7.48604
607 -7.55143
608 -7.65118
609 -7.66111
610 -7.62832
611 -7.59959
612 -7.59236
613 -7.54408
614 -7.59789
615 -7.59008
616 -7.58841
617 -7.55394
618 -7.5757
619 -7.62311
620 -7.62683
621 -7.66479
622 -7.60202
623 -7.58172
624 -7.59399
625 -7.60537
626 -7.60003
627 -7.61463
628 -7.61499
629 -7.63104
630 -7.60507
631 -7.5363
632 -7.56787
633 -7.53873
634 -7.49388
635 -7.50456
636 -7.44223
637 -7.47673
638 -7.49488
639 -7.41724
640 -7.41201
641 -7.45338
642 -7.42103
643 -7.42777
644 -7.44898
645 -7.49233
646 -7.52842
647 -7.47254
648 -7.46068
649 -7.45337
650 -7.50982
651 -7.53163
652 -7.47732
653 -7.51883
654 -7.50316
655 -7.46178
656 -7.50472
657 -7.51336
658 -7.51886
659 -7.51909
660 -7.49241
661 -7.52953
662 -7.61
663 -7.62961
664 -7.51748
665 -7.53845
666 -7.49866
667 -7.56084
668 -7.62109
669 -7.6323
670 -7.61832
671 -7.57171
672 -7.50532
673 -7.48533
674 -7.51283
675 -7.51466
676 -7.50647
677 -7.51648
678 -7.58582
679 -7.59613
680 -7.58694
681 -7.57633
682 -7.62051
683 -7.66671
684 -7.66109
685 -7.63033
686 -7.70779
687 -7.68787
688 -7.61169
689 -7.5549
690 -7.53809
691 -7.55202
692 -7.59157
693 -7.64261
694 -7.70758
695 -7.70851
696 -7.62796
697 -7.61952
698 -7.64592
699 -7.61939
700 -7.61211
701 -7.61171
702 -7.59882
703 -7.57212
704 -7.53216
705 -7.52733
706 -7.574
707 -7.56613
708 -7.54772
709 -7.52447
710 -7.50217
711 -7.53222
712 -7.49673
713 -7.48001
714 -7.44483
715 -7.43597
716 -7.47996
717 -7.47723
718 -7.56207
719 -7.50778
720 -7.48571
721 -7.5003
722 -7.54362
723 -7.57442
724 -7.62089
725 -7.55161
726 -7.50217
727 -7.5122
728 -7.47481
729 -7.51447
730 -7.56092
731 -7.63843
732 -7.63786
733 -7.61577
734 -7.59139
735 -7.59973
736 -7.62919
737 -7.6915
738 -7.67762
739 -7.73839
740 -7.69819
741 -7.62845
742 -7.63811
743 -7.62421
744 -7.5969
745 -7.58718
746 -7.59188
747 -7.46307
748 -7.51728
749 -7.48439
750 -7.46774
751 -7.43922
752 -7.48538
753 -7.48591
754 -7.50762
755 -7.46867
756 -7.51766
757 -7.47273
758 -7.3968
759 -7.35277
760 -7.41257
761 -7.41719
762 -7.43637
763 -7.3986
764 -7.47683
765 -7.4345
766 -7.48024
767 -7.57091
768 -7.54419
769 -7.61831
770 -7.54228
771 -7.60447
772 -7.60332
773 -7.57802
774 -7.5789
775 -7.57203
776 -7.59994
777 -7.62245
778 -7.62702
779 -7.66629
780 -7.61561
781 -7.62119
782 -7.74631
783 -7.79521
784 -7.79291
785 -7.72982
786 -7.68994
787 -7.69061
788 -7.64121
789 -7.63174
790 -7.63796
791 -7.60327
792 -7.61705
793 -7.62516
794 -7.54417
795 -7.58348
796 -7.58284
797 -7.58033
798 -7.59098
799 -7.58059
800 -7.63015
801 -7.62248
802 -7.57262
803 -7.65554
804 -7.7316
805 -7.74976
806 -7.7613
807 -7.75061
808 -7.76328
809 -7.6816
810 -7.69393
811 -7.57412
812 -7.55776
813 -7.571
814 -7.61983
815 -7.6515
816 -7.63935
817 -7.45518
818 -7.46766
819 -7.50375
820 -7.52822
821 -7.51973
822 -7.56042
823 -7.58466
824 -7.48504
825 -7.56931
826 -7.61893
827 -7.57516
828 -7.54677
829 -7.66017
830 -7.64961
831 -7.63818
832 -7.64872
833 -7.69894
834 -7.75225
835 -7.59891
836 -7.56941
837 -7.57094
838 -7.5714
839 -7.54816
840 -7.55768
841 -7.63935
842 -7.7296
843 -7.78801
844 -7.67594
845 -7.67815
846 -7.58859
847 -7.56983
848 -7.58187
849 -7.5179
850 -7.53619
851 -7.47318
852 -7.47617
853 -7.55008
854 -7.57921
855 -7.60241
856 -7.56243
857 -7.49897
858 -7.59941
859 -7.59063
860 -7.61805
861 -7.63391
862 -7.6863
863 -7.72407
864 -7.72837
865 -7.70676
866 -7.67887
867 -7.66851
868 -7.6181
869 -7.69137
870 -7.64451
871 -7.72044
872 -7.66694
873 -7.62441
874 -7.52373
875 -7.41975
876 -7.46996
877 -7.40401
878 -7.35533
879 -7.43549
880 -7.39089
881 -7.33663
882 -7.42701
883 -7.45396
884 -7.4407
885 -7.45149
886 -7.49064
887 -7.49566
888 -7.51597
889 -7.50688
890 -7.49122
891 -7.47967
892 -7.51975
893 -7.41573
894 -7.44639
895 -7.41826
896 -7.44427
897 -7.43037
898 -7.47509
899 -7.51927
900 -7.48428
901 -7.5295
902 -7.51418
903 -7.43908
904 -7.50284
905 -7.45728
906 -7.51971
907 -7.48265
908 -7.45325
909 -7.4654
910 -7.48609
911 -7.47174
912 -7.49008
913 -7.5421
914 -7.49627
915 -7.50752
916 -7.51453
917 -7.46321
918 -7.47611
919 -7.54383
920 -7.60322
921 -7.58638
922 -7.57035
923 -7.50701
924 -7.60575
925 -7.66814
926 -7.64935
927 -7.74079
928 -7.66132
929 -7.58478
930 -7.63283
931 -7.5839
932 -7.56325
933 -7.55917
934 -7.56487
935 -7.57583
936 -7.47737
937 -7.44577
938 -7.5135
939 -7.53013
940 -7.52061
941 -7.50031
942 -7.47066
943 -7.49798
944 -7.45893
945 -7.4789
946 -7.47786
947 -7.50855
948 -7.4902
949 -7.4476
950 -7.48723
951 -7.51311
952 -7.52284
953 -7.4167
954 -7.37736
955 -7.39889
956 -7.46121
957 -7.44474
958 -7.48615
959 -7.5152
960 -7.52586
961 -7.42719
962 -7.44708
963 -7.47782
964 -7.53097
965 -7.45883
966 -7.5154
967 -7.49937
968 -7.5863
969 -7.62991
970 -7.54927
971 -7.59964
972 -7.64429
973 -7.60222
974 -7.65048
975 -7.66827
976 -7.63508
977 -7.63608
978 -7.63996
979 -7.66735
980 -7.68771
981 -7.66638
982 -7.59569
983 -7.55493
984 -7.48538
985 -7.54122
986 -7.52945
987 -7.53831
988 -7.57053
989 -7.56507
990 -7.47971
991 -7.56367
992 -7.56764
993 -7.56986
994 -7.57264
995 -7.56276
996 -7.57588
997 -7.63926
998 -7.63719
999 -7.60421
1000 -7.63869
1001 -7.68766
1002 -7.71578
1003 -7.64218
1004 -7.58983
1005 -7.60335
1006 -7.63361
1007 -7.63344
1008 -7.6333
1009 -7.63629
1010 -7.56417
1011 -7.54719
1012 -7.54142
1013 -7.49361
1014 -7.52561
1015 -7.55171
1016 -7.49133
1017 -7.53184
1018 -7.53425
1019 -7.5583
1020 -7.51517
1021 -7.50175
1022 -7.53908
1023 -7.47344
1024 -7.57508
1025 -7.59679
1026 -7.66306
1027 -7.67557
1028 -7.70007
1029 -7.71538
1030 -7.68703
1031 -7.71319
1032 -7.63409
1033 -7.56858
1034 -7.61677
1035 -7.6307
1036 -7.6401
1037 -7.63648
1038 -7.68412
1039 -7.59681
1040 -7.64408
1041 -7.60601
1042 -7.69741
1043 -7.73084
1044 -7.72126
1045 -7.6678
1046 -7.69664
1047 -7.70391
1048 -7.64712
1049 -7.63729
1050 -7.67605
1051 -7.68262
1052 -7.61027
1053 -7.63507
1054 -7.58548
1055 -7.59344
1056 -7.62626
1057 -7.66426
1058 -7.6489
1059 -7.62131
1060 -7.55216
1061 -7.53195
1062 -7.60121
1063 -7.58395
1064 -7.6682
1065 -7.66359
1066 -7.62213
1067 -7.61952
1068 -7.62375
1069 -7.64201
1070 -7.64914
1071 -7.61711
1072 -7.55405
1073 -7.59434
1074 -7.57626
1075 -7.56245
1076 -7.48205
1077 -7.471
1078 -7.50863
1079 -7.50675
1080 -7.54266
1081 -7.56242
1082 -7.57291
1083 -7.53114
1084 -7.50036
1085 -7.5592
1086 -7.54439
1087 -7.55714
1088 -7.61393
1089 -7.60432
1090 -7.58055
1091 -7.62333
1092 -7.71403
1093 -7.70128
1094 -7.67054
1095 -7.66501
1096 -7.63295
1097 -7.58121
1098 -7.66986
1099 -7.61259
1100 -7.53279
1101 -7.53919
1102 -7.4647
1103 -7.50353
1104 -7.50316
1105 -7.52952
1106 -7.49487
1107 -7.54004
1108 -7.61253
1109 -7.56583
1110 -7.55511
1111 -7.6192
1112 -7.63022
1113 -7.6855
1114 -7.68459
1115 -7.70199
1116 -7.71771
1117 -7.6557
1118 -7.64735
1119 -7.59829
1120 -7.63318
1121 -7.60289
1122 -7.52553
1123 -7.48376
1124 -7.4875
1125 -7.50343
1126 -7.53952
1127 -7.55425
1128 -7.59706
1129 -7.59246
1130 -7.60183
1131 -7.49939
1132 -7.60092
1133 -7.54536
1134 -7.56589
1135 -7.61072
1136 -7.61626
1137 -7.61432
1138 -7.63497
1139 -7.66835
1140 -7.6598
1141 -7.58382
1142 -7.60988
1143 -7.54279
1144 -7.51606
1145 -7.53348
1146 -7.53727
1147 -7.55286
1148 -7.50535
1149 -7.52728
1150 -7.5209
1151 -7.54499
1152 -7.57803
1153 -7.51825
1154 -7.54916
1155 -7.49046
1156 -7.46075
1157 -7.44172
1158 -7.44745
1159 -7.46834
1160 -7.44926
1161 -7.47144
1162 -7.50525
1163 -7.5502
1164 -7.49908
1165 -7.57556
1166 -7.524
1167 -7.56599
1168 -7.59214
1169 -7.619
1170 -7.55902
1171 -7.62248
1172 -7.62193
1173 -7.6112
1174 -7.59769
1175 -7.58713
1176 -7.52809
1177 -7.52415
1178 -7.58026
1179 -7.58155
1180 -7.62003
1181 -7.63271
1182 -7.55667
1183 -7.52072
1184 -7.60418
1185 -7.47839
1186 -7.48898
1187 -7.50299
1188 -7.55411
1189 -7.53156
1190 -7.55123
1191 -7.55027
1192 -7.54602
1193 -7.51368
1194 -7.53728
1195 -7.53405
1196 -7.48289
1197 -7.48527
1198 -7.49082
1199 -7.47292
1200 -7.56824
1201 -7.53967
1202 -7.52138
1203 -7.50577
1204 -7.51893
1205 -7.42822
1206 -7.41097
1207 -7.3204
1208 -7.40885
1209 -7.44705
1210 -7.5884
1211 -7.61955
1212 -7.56496
1213 -7.60922
1214 -7.66321
1215 -7.66987
1216 -7.65324
1217 -7.65782
1218 -7.60576
1219 -7.53801
1220 -7.50033
1221 -7.55652
1222 -7.57229
1223 -7.53135
1224 -7.52839
1225 -7.42529
1226 -7.52965
1227 -7.5113
1228 -7.67204
1229 -7.62131
1230 -7.55642
1231 -7.54363
1232 -7.50311
1233 -7.43001
1234 -7.43803
1235 -7.57872
1236 -7.57495
1237 -7.55987
1238 -7.59919
1239 -7.59935
1240 -7.64244
1241 -7.62809
1242 -7.58254
1243 -7.63985
1244 -7.60955
1245 -7.57673
1246 -7.58216
1247 -7.65691
1248 -7.57956
1249 -7.6744
1250 -7.58084
1251 -7.57576
1252 -7.58395
1253 -7.64277
1254 -7.60067
1255 -7.64793
1256 -7.64035
1257 -7.60713
1258 -7.5887
1259 -7.6615
1260 -7.63911
1261 -7.62235
1262 -7.68341
1263 -7.66953
1264 -7.58949
1265 -7.59437
1266 -7.63137
1267 -7.64487
1268 -7.71283
1269 -7.68681
1270 -7.65021
1271 -7.65322
1272 -7.59073
1273 -7.58887
1274 -7.61167
1275 -7.59624
1276 -7.59974
1277 -7.56295
1278 -7.61099
1279 -7.69546
1280 -7.67783
1281 -7.69997
1282 -7.72294
1283 -7.63893
1284 -7.57277
1285 -7.58733
1286 -7.57112
1287 -7.61957
1288 -7.68447
1289 -7.70316
1290 -7.68956
1291 -7.70226
1292 -7.64898
1293 -7.6196
1294 -7.57706
1295 -7.49983
1296 -7.52482
1297 -7.51116
1298 -7.50269
1299 -7.53256
1300 -7.45608
1301 -7.51682
1302 -7.52032
1303 -7.5034
1304 -7.46369
1305 -7.50436
1306 -7.56553
1307 -7.54983
1308 -7.43655
1309 -7.39531
1310 -7.50108
1311 -7.56174
1312 -7.49182
1313 -7.508
1314 -7.5285
1315 -7.55249
1316 -7.52735
1317 -7.59756
1318 -7.62818
1319 -7.57359
1320 -7.54218
1321 -7.53856
1322 -7.57012
1323 -7.61968
1324 -7.62133
1325 -7.50398
1326 -7.57809
1327 -7.59774
1328 -7.55341
1329 -7.49488
1330 -7.40703
1331 -7.4399
1332 -7.43713
1333 -7.48662
1334 -7.36321
1335 -7.45536
1336 -7.43755
1337 -7.4668
1338 -7.47838
1339 -7.47654
1340 -7.49356
1341 -7.51438
1342 -7.47943
1343 -7.46362
1344 -7.36784
1345 -7.3457
1346 -7.39758
1347 -7.42296
1348 -7.43841
1349 -7.48533
1350 -7.5269
1351 -7.51156
1352 -7.45377
1353 -7.49754
1354 -7.46309
1355 -7.4333
1356 -7.49102
1357 -7.50643
1358 -7.50926
1359 -7.5656
1360 -7.62184
1361 -7.55585
1362 -7.50906
1363 -7.5342
1364 -7.54437
1365 -7.53633
1366 -7.54231
1367 -7.56031
1368 -7.54232
1369 -7.44789
1370 -7.50036
1371 -7.46782
1372 -7.53628
1373 -7.48832
1374 -7.5456
1375 -7.50001
1376 -7.51492
1377 -7.52278
1378 -7.53213
1379 -7.53686
1380 -7.55075
1381 -7.49063
1382 -7.54121
1383 -7.44307
1384 -7.45033
1385 -7.44651
1386 -7.44829
1387 -7.56957
1388 -7.60265
1389 -7.63784
1390 -7.60031
1391 -7.67466
1392 -7.62214
1393 -7.61435
1394 -7.62252
1395 -7.58267
1396 -7.58048
1397 -7.56447
1398 -7.45006
1399 -7.4456
1400 -7.54714
1401 -7.50236
1402 -7.43698
1403 -7.47709
1404 -7.51134
1405 -7.47575
1406 -7.48025
1407 -7.45437
1408 -7.45362
1409 -7.46729
1410 -7.4782
1411 -7.46264
1412 -7.46929
1413 -7.42181
1414 -7.43612
1415 -7.4885
1416 -7.50989
1417 -7.46692
1418 -7.4306
1419 -7.44191
1420 -7.4113
1421 -7.40675
1422 -7.40226
1423 -7.46161
1424 -7.46775
1425 -7.52156
1426 -7.51319
1427 -7.48977
1428 -7.56649
1429 -7.59024
1430 -7.46392
1431 -7.55629
1432 -7.46145
1433 -7.50513
1434 -7.48739
1435 -7.52693
1436 -7.47139
1437 -7.43741
1438 -7.49431
1439 -7.49677
1440 -7.48559
1441 -7.49459
1442 -7.54208
1443 -7.48261
1444 -7.52553
1445 -7.56305
1446 -7.58584
1447 -7.62014
1448 -7.51591
1449 -7.51828
1450 -7.55233
1451 -7.49932
1452 -7.48523
1453 -7.44509
1454 -7.37479
1455 -7.40075
1456 -7.40964
1457 -7.415
1458 -7.30653
1459 -7.29621
1460 -7.40178
1461 -7.4283
1462 -7.37317
1463 -7.37824
1464 -7.39729
1465 -7.42133
1466 -7.50208
1467 -7.49882
1468 -7.56661
1469 -7.5276
1470 -7.60616
1471 -7.66689
1472 -7.62983
1473 -7.60449
1474 -7.58065
1475 -7.54226
1476 -7.54222
1477 -7.54464
1478 -7.55406
1479 -7.50212
1480 -7.4964
1481 -7.4016
1482 -7.46098
1483 -7.46496
1484 -7.54671
1485 -7.54318
1486 -7.46236
1487 -7.47862
1488 -7.48058
1489 -7.44993
1490 -7.45139
1491 -7.47387
1492 -7.52415
1493 -7.50366
1494 -7.4959
1495 -7.48428
1496 -7.44431
1497 -7.45426
1498 -7.4641
1499 -7.52706
1500 -7.50326
1501 -7.47172
1502 -7.49642
1503 -7.49061
1504 -7.49473
1505 -7.49217
1506 -7.51499
1507 -7.52409
1508 -7.55043
1509 -7.51309
1510 -7.57322
1511 -7.58944
1512 -7.62475
1513 -7.59953
1514 -7.55536
1515 -7.56097
1516 -7.5586
1517 -7.53883
1518 -7.57395
1519 -7.58275
1520 -7.57439
1521 -7.4744
1522 -7.46376
1523 -7.48516
1524 -7.40554
1525 -7.46203
1526 -7.50622
1527 -7.42929
1528 -7.5049
1529 -7.54034
1530 -7.54233
1531 -7.55504
1532 -7.6129
1533 -7.48931
1534 -7.34231
1535 -7.38428
1536 -7.45778
1537 -7.49787
1538 -7.49676
1539 -7.53906
1540 -7.56359
1541 -7.56721
1542 -7.41016
1543 -7.39783
1544 -7.35019
1545 -7.4094
1546 -7.33702
1547 -7.28748
1548 -7.3322
1549 -7.40514
1550 -7.49023
1551 -7.57082
1552 -7.64914
1553 -7.66624
1554 -7.68028
1555 -7.66292
1556 -7.67764
1557 -7.67874
1558 -7.68768
1559 -7.69839
1560 -7.66721
1561 -7.60522
1562 -7.63092
1563 -7.5906
1564 -7.61207
1565 -7.52865
1566 -7.57578
1567 -7.53505
1568 -7.61104
1569 -7.6076
1570 -7.63358
1571 -7.50983
1572 -7.58889
1573 -7.58803
1574 -7.54456
1575 -7.60047
1576 -7.59286
1577 -7.62936
1578 -7.61663
1579 -7.59509
1580 -7.57548
1581 -7.57817
1582 -7.49965
1583 -7.52343
1584 -7.62398
1585 -7.61553
1586 -7.51688
1587 -7.47779
1588 -7.45001
1589 -7.42209
1590 -7.48516
1591 -7.55783
1592 -7.63425
1593 -7.69398
1594 -7.62948
1595 -7.5992
1596 -7.56456
1597 -7.54018
1598 -7.51977
1599 -7.55908
1600 -7.56338
1601 -7.69215
1602 -7.65049
1603 -7.63773
1604 -7.66465
1605 -7.6419
1606 -7.67382
1607 -7.5922
1608 -7.61051
1609 -7.57554
1610 -7.55983
1611 -7.55652
1612 -7.55893
1613 -7.58036
1614 -7.61424
1615 -7.52956
1616 -7.52714
1617 -7.5241
1618 -7.51126
1619 -7.5001
1620 -7.49924
1621 -7.47369
1622 -7.4398
1623 -7.37851
1624 -7.44482
1625 -7.46383
1626 -7.5457
1627 -7.51175
1628 -7.47043
1629 -7.48986
1630 -7.58538
1631 -7.65836
1632 -7.63149
1633 -7.64298
1634 -7.63134
1635 -7.67016
1636 -7.59096
1637 -7.61781
1638 -7.64682
1639 -7.5784
1640 -7.57591
1641 -7.62404
1642 -7.62644
1643 -7.59756
1644 -7.64314
1645 -7.62671
1646 -7.61873
1647 -7.56809
1648 -7.5221
1649 -7.52385
1650 -7.47001
1651 -7.48287
1652 -7.58825
1653 -7.52445
1654 -7.52487
1655 -7.57707
1656 -7.57976
1657 -7.60119
1658 -7.54902
1659 -7.47792
1660 -7.49647
1661 -7.53572
1662 -7.63577
1663 -7.61506
1664 -7.64334
1665 -7.65996
1666 -7.60822
1667 -7.59124
1668 -7.57157
1669 -7.56466
1670 -7.65046
1671 -7.63478
1672 -7.67961
1673 -7.71687
1674 -7.67153
1675 -7.70745
1676 -7.71197
1677 -7.71098
1678 -7.66364
1679 -7.54709
1680 -7.46467
1681 -7.52172
1682 -7.60466
1683 -7.59925
1684 -7.71349
1685 -7.7182
1686 -7.71941
1687 -7.67581
1688 -7.58104
1689 -7.57521
1690 -7.61619
1691 -7.64071
1692 -7.70938
1693 -7.65525
1694 -7.65981
1695 -7.59606
1696 -7.5378
1697 -7.58779
1698 -7.52054
1699 -7.51719
1700 -7.56675
1701 -7.58113
1702 -7.57153
1703 -7.58242
1704 -7.60277
1705 -7.58988
1706 -7.66826
1707 -7.64891
1708 -7.64608
1709 -7.69453
1710 -7.75186
1711 -7.77392
1712 -7.75762
1713 -7.73855
1714 -7.67168
1715 -7.66842
1716 -7.67334
1717 -7.72003
1718 -7.73532
1719 -7.7758
1720 -7.77006
1721 -7.70532
1722 -7.71424
1723 -7.66665
1724 -7.64631
1725 -7.58801
1726 -7.59912
1727 -7.60831
1728 -7.55141
1729 -7.51152
1730 -7.60898
1731 -7.7104
1732 -7.57681
1733 -7.59397
1734 -7.58847
1735 -7.51837
1736 -7.51785
1737 -7.54376
1738 -7.58238
1739 -7.51132
1740 -7.57479
1741 -7.62085
1742 -7.62831
1743 -7.58962
1744 -7.62171
1745 -7.57495
1746 -7.62155
1747 -7.61633
1748 -7.57512
1749 -7.52852
1750 -7.38085
1751 -7.40463
1752 -7.37132
1753 -7.38525
1754 -7.41788
1755 -7.52449
1756 -7.57097
1757 -7.60843
1758 -7.62548
1759 -7.62065
1760 -7.62133
1761 -7.55938
1762 -7.56847
1763 -7.5257
1764 -7.50484
1765 -7.4841
1766 -7.51246
1767 -7.54266
1768 -7.56217
1769 -7.53771
1770 -7.54416
1771 -7.51263
1772 -7.45129
1773 -7.46138
1774 -7.48517
1775 -7.47631
1776 -7.51747
1777 -7.54492
1778 -7.44684
1779 -7.45908
1780 -7.55676
1781 -7.50238
1782 -7.55668
1783 -7.58735
1784 -7.61208
1785 -7.63627
1786 -7.6288
1787 -7.66133
1788 -7.58596
1789 -7.58764
1790 -7.60547
1791 -7.70777
1792 -7.75134
1793 -7.69718
1794 -7.68796
1795 -7.63682
1796 -7.67712
1797 -7.62328
1798 -7.60411
1799 -7.62279
1800 -7.65335
1801 -7.61108
1802 -7.53843
1803 -7.46766
1804 -7.48487
1805 -7.4505
1806 -7.55386
1807 -7.54446
1808 -7.56216
1809 -7.49188
1810 -7.45295
1811 -7.425
1812 -7.49949
1813 -7.44414
1814 -7.48887
1815 -7.53926
1816 -7.58249
1817 -7.56355
1818 -7.55206
1819 -7.43583
1820 -7.44465
1821 -7.4685
1822 -7.43136
1823 -7.37155
1824 -7.428
1825 -7.42862
1826 -7.42127
1827 -7.50505
1828 -7.50075
1829 -7.53974
1830 -7.59537
1831 -7.47214
1832 -7.42665
1833 -7.54434
1834 -7.58749
1835 -7.59348
1836 -7.65259
1837 -7.62504
1838 -7.62911
1839 -7.60796
1840 -7.59911
1841 -7.61151
1842 -7.71238
1843 -7.64976
1844 -7.58147
1845 -7.61831
1846 -7.57472
1847 -7.59843
1848 -7.52564
1849 -7.48881
1850 -7.54711
1851 -7.47278
1852 -7.45732
1853 -7.51665
1854 -7.52493
1855 -7.56912
1856 -7.6162
1857 -7.5973
1858 -7.55399
1859 -7.55328
1860 -7.55159
1861 -7.65579
1862 -7.63853
1863 -7.5744
1864 -7.54137
1865 -7.54687
1866 -7.51553
1867 -7.51546
1868 -7.49863
1869 -7.54478
1870 -7.59498
1871 -7.60946
1872 -7.56156
1873 -7.56578
1874 -7.58606
1875 -7.44072
1876 -7.52202
1877 -7.56227
1878 -7.58702
1879 -7.56571
1880 -7.49446
1881 -7.44441
1882 -7.4514
1883 -7.3889
1884 -7.47225
1885 -7.47111
1886 -7.48449
1887 -7.5165
1888 -7.52972
1889 -7.55522
1890 -7.584
1891 -7.54459
1892 -7.56333
1893 -7.44714
1894 -7.41868
1895 -7.45069
1896 -7.4695
1897 -7.44824
1898 -7.37407
1899 -7.41831
1900 -7.41608
1901 -7.4334
1902 -7.47422
1903 -7.50604
1904 -7.50441
1905 -7.47347
1906 -7.54678
1907 -7.63234
1908 -7.57729
1909 -7.4523
1910 -7.45889
1911 -7.45124
1912 -7.44721
1913 -7.49722
1914 -7.51901
1915 -7.53469
1916 -7.48436
1917 -7.46658
1918 -7.50706
1919 -7.48648
1920 -7.52011
1921 -7.49234
1922 -7.5745
1923 -7.55841
1924 -7.48684
1925 -7.41965
1926 -7.49572
1927 -7.51684
1928 -7.42728
1929 -7.44138
1930 -7.42408
1931 -7.41852
1932 -7.345
1933 -7.36592
1934 -7.4525
1935 -7.49976
1936 -7.57087
1937 -7.5027
1938 -7.46022
1939 -7.50627
1940 -7.52932
1941 -7.58415
1942 -7.66297
1943 -7.62635
1944 -7.6812
1945 -7.73833
1946 -7.68849
1947 -7.70639
1948 -7.76626
1949 -7.73642
1950 -7.65633
1951 -7.62131
1952 -7.63318
1953 -7.59857
1954 -7.61669
1955 -7.57209
1956 -7.5489
1957 -7.47149
1958 -7.48884
1959 -7.42979
1960 -7.39119
1961 -7.34061
1962 -7.34015
1963 -7.29016
1964 -7.34738
1965 -7.4544
1966 -7.45988
1967 -7.42061
1968 -7.45419
1969 -7.47438
1970 -7.5024
1971 -7.57062
1972 -7.63439
1973 -7.5722
1974 -7.55295
1975 -7.50113
1976 -7.53084
1977 -7.54952
1978 -7.5157
1979 -7.50942
1980 -7.57847
1981 -7.60062
1982 -7.58914
1983 -7.55061
1984 -7.55897
1985 -7.63105
1986 -7.6073
1987 -7.58856
1988 -7.5806
1989 -7.53812
1990 -7.55334
1991 -7.58219
1992 -7.62567
1993 -7.60701
1994 -7.6091
1995 -7.48945
1996 -7.53746
1997 -7.52432
1998 -7.47397
1999 -7.41491
2000 -7.5477
2001 -7.52612
2002 -7.52714
2003 -7.56856
2004 -7.5285
2005 -7.53569
2006 -7.49772
2007 -7.53488
2008 -7.58041
2009 -7.56748
2010 -7.50353
2011 -7.49248
2012 -7.52494
2013 -7.51117
2014 -7.56739
2015 -7.60883
2016 -7.56821
2017 -7.58755
2018 -7.66923
2019 -7.70541
2020 -7.63517
2021 -7.68641
2022 -7.68084
2023 -7.67804
2024 -7.66438
2025 -7.66935
2026 -7.57581
2027 -7.50307
2028 -7.46477
2029 -7.44524
2030 -7.4605
2031 -7.49901
2032 -7.55195
2033 -7.49938
2034 -7.44274
2035 -7.54853
2036 -7.53884
2037 -7.58083
2038 -7.6503
2039 -7.63522
2040 -7.5623
2041 -7.55726
2042 -7.52448
2043 -7.53983
2044 -7.58947
2045 -7.60096
2046 -7.65397
2047 -7.66907
2048 -7.69127
2049 -7.61052
2050 -7.54249
2051 -7.54442
2052 -7.50324
2053 -7.47079
2054 -7.59478
2055 -7.59971
2056 -7.70145
2057 -7.71158
2058 -7.69799
2059 -7.64702
2060 -7.61245
2061 -7.63913
2062 -7.6529
2063 -7.58995
2064 -7.48577
2065 -7.4249
2066 -7.42115
2067 -7.40329
2068 -7.31484
2069 -7.25218
2070 -7.35456
2071 -7.41549
2072 -7.42873
2073 -7.33677
2074 -7.36706
2075 -7.46802
2076 -7.52244
2077 -7.46954
2078 -7.45663
2079 -7.49215
2080 -7.51599
2081 -7.50153
2082 -7.54331
2083 -7.53327
2084 -7.503
2085 -7.44963
2086 -7.39353
2087 -7.45013
2088 -7.45854
2089 -7.49563
2090 -7.5359
2091 -7.53615
2092 -7.49968
2093 -7.48251
2094 -7.48095
2095 -7.43734
2096 -7.50365
2097 -7.42671
2098 -7.36087
2099 -7.379
2100 -7.42551
2101 -7.42252
2102 -7.44858
2103 -7.45758
2104 -7.32557
2105 -7.33926
2106 -7.39061
2107 -7.34247
2108 -7.3249
2109 -7.36595
2110 -7.26905
2111 -7.30345
2112 -7.34203
2113 -7.35631
2114 -7.35413
2115 -7.43033
2116 -7.44148
2117 -7.49855
2118 -7.44187
2119 -7.56411
2120 -7.58908
2121 -7.62844
2122 -7.62874
2123 -7.57313
2124 -7.57434
2125 -7.59162
2126 -7.6346
2127 -7.61852
2128 -7.5721
2129 -7.60211
2130 -7.60901
2131 -7.70029
2132 -7.77799
2133 -7.79125
2134 -7.72308
2135 -7.61862
2136 -7.64423
2137 -7.65898
2138 -7.62078
2139 -7.6291
2140 -7.67402
2141 -7.624
2142 -7.57544
2143 -7.58228
2144 -7.60405
2145 -7.7098
2146 -7.67659
2147 -7.65093
2148 -7.63536
2149 -7.62771
2150 -7.60482
2151 -7.59
2152 -7.63423
2153 -7.57709
2154 -7.66506
2155 -7.63342
2156 -7.67923
2157 -7.71136
2158 -7.62961
2159 -7.61979
2160 -7.70809
2161 -7.70072
2162 -7.73555
2163 -7.74586
2164 -7.71332
2165 -7.71876
2166 -7.74153
2167 -7.72921
2168 -7.76558
2169 -7.73939
2170 -7.72833
2171 -7.64658
2172 -7.62982
2173 -7.57702
2174 -7.60139
2175 -7.60368
2176 -7.67619
2177 -7.70128
2178 -7.60716
2179 -7.54657
2180 -7.52194
2181 -7.45872
2182 -7.42857
2183 -7.43548
2184 -7.49491
2185 -7.56759
2186 -7.61214
2187 -7.65649
2188 -7.68303
2189 -7.62594
2190 -7.72726
2191 -7.72291
2192 -7.71409
2193 -7.70652
2194 -7.64403
2195 -7.65556
2196 -7.63761
2197 -7.48521
2198 -7.47309
2199 -7.50758
2200 -7.56444
2201 -7.57121
2202 -7.53646
2203 -7.50907
2204 -7.54159
2205 -7.55955
2206 -7.60806
2207 -7.6113
2208 -7.57931
2209 -7.47719
2210 -7.46395
2211 -7.38365
2212 -7.40086
2213 -7.4127
2214 -7.42045
2215 -7.38106
2216 -7.50002
2217 -7.54458
2218 -7.42245
2219 -7.49285
2220 -7.50119
2221 -7.47353
2222 -7.46056
2223 -7.36827
2224 -7.42597
2225 -7.50139
2226 -7.45967
2227 -7.34574
2228 -7.36169
2229 -7.405
2230 -7.45886
2231 -7.49409
2232 -7.55313
2233 -7.66582
2234 -7.7217
2235 -7.70532
2236 -7.65396
2237 -7.66472
2238 -7.68725
2239 -7.67384
2240 -7.7395
2241 -7.77541
2242 -7.7201
2243 -7.65418
2244 -7.67998
2245 -7.68458
2246 -7.74669
2247 -7.67824
2248 -7.70254
2249 -7.7174
2250 -7.63556
2251 -7.59958
2252 -7.6143
2253 -7.68676
2254 -7.65129
2255 -7.6481
2256 -7.64454
2257 -7.67086
2258 -7.65364
2259 -7.63255
2260 -7.56682
2261 -7.58904
2262 -7.49404
2263 -7.50289
2264 -7.55249
2265 -7.54471
2266 -7.49064
2267 -7.4783
2268 -7.5325
2269 -7.55046
2270 -7.64749
2271 -7.61297
2272 -7.59026
2273 -7.55932
2274 -7.50059
2275 -7.49604
2276 -7.56065
2277 -7.53192
2278 -7.48787
2279 -7.46293
2280 -7.45078
2281 -7.49515
2282 -7.44098
2283 -7.36788
2284 -7.40916
2285 -7.41267
2286 -7.41725
2287 -7.40919
2288 -7.45224
2289 -7.46678
2290 -7.51808
2291 -7.5022
2292 -7.49752
2293 -7.52852
2294 -7.44467
2295 -7.44629
2296 -7.43029
2297 -7.50402
2298 -7.35264
2299 -7.33799
2300 -7.32432
2301 -7.3459
2302 -7.3486
2303 -7.27778
2304 -7.2656
2305 -7.28233
2306 -7.29117
2307 -7.3746
2308 -7.44072
2309 -7.47928
2310 -7.51401
2311 -7.53238
2312 -7.55435
2313 -7.53354
2314 -7.49465
2315 -7.47485
2316 -7.49994
2317 -7.501
2318 -7.37425
2319 -7.39246
2320 -7.43896
2321 -7.46508
2322 -7.53299
2323 -7.54535
2324 -7.52321
2325 -7.5963
2326 -7.6608
2327 -7.62175
2328 -7.65282
2329 -7.67685
2330 -7.7054
2331 -7.67005
2332 -7.63724
2333 -7.65873
2334 -7.61944
2335 -7.5465
2336 -7.60738
2337 -7.56939
2338 -7.63107
2339 -7.60678
2340 -7.57424
2341 -7.60034
2342 -7.51879
2343 -7.54508
2344 -7.57046
2345 -7.61864
2346 -7.55638
2347 -7.54319
2348 -7.59563
2349 -7.56391
2350 -7.61865
2351 -7.68456
2352 -7.63097
2353 -7.70389
2354 -7.7464
2355 -7.69007
2356 -7.69347
2357 -7.64092
2358 -7.59716
2359 -7.6614
2360 -7.65727
2361 -7.65047
2362 -7.62045
2363 -7.656
2364 -7.60535
2365 -7.56392
2366 -7.56388
2367 -7.45804
2368 -7.44213
2369 -7.44303
2370 -7.47489
2371 -7.45448
2372 -7.45001
2373 -7.52073
2374 -7.567
2375 -7.54287
2376 -7.57794
2377 -7.57832
2378 -7.51958
2379 -7.56243
2380 -7.52472
2381 -7.51392
2382 -7.46204
2383 -7.45907
2384 -7.48974
2385 -7.47069
2386 -7.47693
2387 -7.51963
2388 -7.51948
2389 -7.5142
2390 -7.49163
2391 -7.55602
2392 -7.48062
2393 -7.53388
2394 -7.58053
2395 -7.6033
2396 -7.55703
2397 -7.50053
2398 -7.54716
2399 -7.51016
2400 -7.52023
2401 -7.5454
2402 -7.56144
2403 -7.5093
2404 -7.60678
2405 -7.66293
2406 -7.70554
2407 -7.69224
2408 -7.72165
2409 -7.70447
2410 -7.65615
2411 -7.63003
2412 -7.59382
2413 -7.64796
2414 -7.64535
2415 -7.64998
2416 -7.63452
2417 -7.59474
2418 -7.59737
2419 -7.59588
2420 -7.59783
2421 -7.56305
2422 -7.65638
2423 -7.62961
2424 -7.66346
2425 -7.63405
2426 -7.55056
2427 -7.57363
2428 -7.62278
2429 -7.57978
2430 -7.59544
2431 -7.64246
2432 -7.65344
2433 -7.67978
2434 -7.70932
2435 -7.70414
2436 -7.71434
2437 -7.60049
2438 -7.59881
2439 -7.54506
2440 -7.54585
2441 -7.55669
2442 -7.56362
2443 -7.60459
2444 -7.63239
2445 -7.63369
2446 -7.54159
2447 -7.54861
2448 -7.59574
2449 -7.51779
2450 -7.5569
2451 -7.5798
2452 -7.52634
2453 -7.48322
2454 -7.51668
2455 -7.58866
2456 -7.53622
2457 -7.48207
2458 -7.52753
2459 -7.49959
2460 -7.57893
2461 -7.63156
2462 -7.60974
2463 -7.50348
2464 -7.53408
2465 -7.50996
2466 -7.48471
2467 -7.50157
2468 -7.53826
2469 -7.52509
2470 -7.4431
2471 -7.43679
2472 -7.33954
2473 -7.34569
2474 -7.36946
2475 -7.3654
2476 -7.39428
2477 -7.39269
2478 -7.42327
2479 -7.53401
2480 -7.57786
2481 -7.51532
2482 -7.60535
2483 -7.62066
2484 -7.63474
2485 -7.59649
2486 -7.50432
2487 -7.49434
2488 -7.5753
2489 -7.63484
2490 -7.60873
2491 -7.47058
2492 -7.53181
2493 -7.61057
2494 -7.58954
2495 -7.62975
2496 -7.5627
2497 -7.53576
2498 -7.55152
2499 -7.58127
2500 -7.48573
2501 -7.47282
2502 -7.44479
2503 -7.59043
2504 -7.53488
2505 -7.58042
2506 -7.53213
2507 -7.57166
2508 -7.59969
2509 -7.55332
2510 -7.53731
2511 -7.53276
2512 -7.53837
2513 -7.56026
2514 -7.61618
2515 -7.61349
2516 -7.69751
2517 -7.75524
2518 -7.70698
2519 -7.5579
2520 -7.48214
2521 -7.58504
2522 -7.59141
2523 -7.60156
2524 -7.5741
2525 -7.49129
2526 -7.46147
2527 -7.43268
2528 -7.36404
2529 -7.32017
2530 -7.29036
2531 -7.31522
2532 -7.35729
2533 -7.36215
2534 -7.41474
2535 -7.44221
2536 -7.40772
2537 -7.5031
2538 -7.45456
2539 -7.44253
2540 -7.48732
2541 -7.47075
2542 -7.49794
2543 -7.47541
2544 -7.42695
2545 -7.42084
2546 -7.43877
2547 -7.40614
2548 -7.45505
2549 -7.57681
2550 -7.43559
2551 -7.44483
2552 -7.49553
2553 -7.5659
2554 -7.56002
2555 -7.57843
2556 -7.5689
2557 -7.46607
2558 -7.48448
2559 -7.51378
2560 -7.57245
2561 -7.61526
2562 -7.61466
2563 -7.60095
2564 -7.64102
2565 -7.60744
2566 -7.63601
2567 -7.70855
2568 -7.68554
2569 -7.72766
2570 -7.71425
2571 -7.73724
2572 -7.69308
2573 -7.69751
2574 -7.71302
2575 -7.65108
2576 -7.62757
2577 -7.64228
2578 -7.69204
2579 -7.63655
2580 -7.6191
2581 -7.66873
2582 -7.71177
2583 -7.65818
2584 -7.68338
2585 -7.6987
2586 -7.69016
2587 -7.64319
2588 -7.66092
2589 -7.74204
2590 -7.71618
2591 -7.68949
2592 -7.67698
2593 -7.57529
2594 -7.58246
2595 -7.59196
2596 -7.5846
2597 -7.54439
2598 -7.49491
2599 -7.47258
2600 -7.49567
2601 -7.47488
2602 -7.4522
2603 -7.49089
2604 -7.51405
2605 -7.56762
2606 -7.53207
2607 -7.5322
2608 -7.54175
2609 -7.63043
2610 -7.59231
2611 -7.57181
2612 -7.56665
2613 -7.47919
2614 -7.54462
2615 -7.50938
2616 -7.63652
2617 -7.58066
2618 -7.63611
2619 -7.6389
2620 -7.61222
2621 -7.6418
2622 -7.71772
2623 -7.74864
2624 -7.69984
2625 -7.66136
2626 -7.65502
2627 -7.6699
2628 -7.63688
2629 -7.62267
2630 -7.56223
2631 -7.4693
2632 -7.49458
2633 -7.57751
2634 -7.72534
2635 -7.6995
2636 -7.70868
2637 -7.67122
2638 -7.58863
2639 -7.53237
2640 -7.48583
2641 -7.45202
2642 -7.46271
2643 -7.4482
2644 -7.40199
2645 -7.46026
2646 -7.43117
2647 -7.42122
2648 -7.38821
2649 -7.36088
2650 -7.47235
2651 -7.48324
2652 -7.51273
2653 -7.41861
2654 -7.36961
2655 -7.35368
2656 -7.47964
2657 -7.40576
2658 -7.53631
2659 -7.47759
2660 -7.46042
2661 -7.45987
2662 -7.49364
2663 -7.62787
2664 -7.58423
2665 -7.58652
2666 -7.50316
2667 -7.4203
2668 -7.4271
2669 -7.49322
2670 -7.48381
2671 -7.51472
2672 -7.53121
2673 -7.5425
2674 -7.54982
2675 -7.54718
2676 -7.53217
2677 -7.51519
2678 -7.51958
2679 -7.57559
2680 -7.5838
2681 -7.63393
2682 -7.60034
2683 -7.60887
2684 -7.552
2685 -7.58436
2686 -7.53615
2687 -7.47749
2688 -7.48407
2689 -7.52863
2690 -7.57769
2691 -7.56403
2692 -7.55161
2693 -7.54609
2694 -7.59875
2695 -7.61356
2696 -7.61372
2697 -7.61989
2698 -7.60325
2699 -7.56983
2700 -7.50276
2701 -7.52891
2702 -7.48044
2703 -7.46388
2704 -7.42411
2705 -7.395
2706 -7.37879
2707 -7.35796
2708 -7.42363
2709 -7.4321
2710 -7.41934
2711 -7.52258
2712 -7.52026
2713 -7.47581
2714 -7.43631
2715 -7.42507
2716 -7.31157
2717 -7.38907
2718 -7.39741
2719 -7.31964
2720 -7.3227
2721 -7.38851
2722 -7.51611
2723 -7.4542
2724 -7.36069
2725 -7.35526
2726 -7.43739
2727 -7.39827
2728 -7.40971
2729 -7.44684
2730 -7.50497
2731 -7.49814
2732 -7.49878
2733 -7.47076
2734 -7.5109
2735 -7.495
2736 -7.58269
2737 -7.50774
2738 -7.51621
2739 -7.54445
2740 -7.52834
2741 -7.54773
2742 -7.57325
2743 -7.54597
2744 -7.57653
2745 -7.61994
2746 -7.61103
2747 -7.6404
2748 -7.5867
2749 -7.5624
2750 -7.48696
2751 -7.46721
2752 -7.4897
2753 -7.51316
2754 -7.49574
2755 -7.47589
2756 -7.4272
2757 -7.36571
2758 -7.38066
2759 -7.42741
2760 -7.43969
2761 -7.39917
2762 -7.27734
2763 -7.27114
2764 -7.25649
2765 -7.33697
2766 -7.3738
2767 -7.36337
2768 -7.42355
2769 -7.47225
2770 -7.53206
2771 -7.52451
2772 -7.46686
2773 -7.58203
2774 -7.48336
2775 -7.55519
2776 -7.54179
2777 -7.49223
2778 -7.52155
2779 -7.48638
2780 -7.49126
2781 -7.4573
2782 -7.53748
2783 -7.57027
2784 -7.53148
2785 -7.5758
2786 -7.56225
2787 -7.45871
2788 -7.43732
2789 -7.49826
2790 -7.5559
2791 -7.52358
2792 -7.52542
2793 -7.53065
2794 -7.54073
2795 -7.53231
2796 -7.4782
2797 -7.47413
2798 -7.52065
2799 -7.49915
2800 -7.54901
2801 -7.57924
2802 -7.57316
2803 -7.617
2804 -7.64615
2805 -7.61707
2806 -7.58474
2807 -7.53859
2808 -7.51166
2809 -7.4441
2810 -7.46109
2811 -7.41321
2812 -7.51461
2813 -7.49606
2814 -7.41346
2815 -7.40146
2816 -7.49153
2817 -7.5699
2818 -7.59645
2819 -7.59234
2820 -7.68411
2821 -7.63708
2822 -7.66931
2823 -7.62589
2824 -7.6117
2825 -7.65514
2826 -7.68854
2827 -7.61291
2828 -7.62068
2829 -7.59736
2830 -7.59849
2831 -7.59816
2832 -7.6459
2833 -7.5386
2834 -7.47321
2835 -7.36897
2836 -7.39111
2837 -7.53024
2838 -7.48372
2839 -7.55003
2840 -7.59458
2841 -7.55931
2842 -7.64778
2843 -7.55856
2844 -7.6364
2845 -7.605
2846 -7.59676
2847 -7.56675
2848 -7.51636
2849 -7.53332
2850 -7.51968
2851 -7.54541
2852 -7.52195
2853 -7.52
2854 -7.50045
2855 -7.4827
2856 -7.50228
2857 -7.59322
2858 -7.66194
2859 -7.68055
2860 -7.63423
2861 -7.57389
2862 -7.53755
2863 -7.48023
2864 -7.50336
2865 -7.42475
2866 -7.51486
2867 -7.5323
2868 -7.52399
2869 -7.60049
2870 -7.62117
2871 -7.65595
2872 -7.63631
2873 -7.68682
2874 -7.70039
2875 -7.60421
2876 -7.52584
2877 -7.56707
2878 -7.50978
2879 -7.49079
2880 -7.49113
2881 -7.54308
2882 -7.49118
2883 -7.42574
2884 -7.46085
2885 -7.42151
2886 -7.41747
2887 -7.401
2888 -7.40968
2889 -7.45264
2890 -7.41372
2891 -7.45258
2892 -7.4464
2893 -7.49025
2894 -7.50335
2895 -7.56565
2896 -7.57083
2897 -7.52859
2898 -7.54111
2899 -7.68823
2900 -7.66072
2901 -7.62066
2902 -7.59736
2903 -7.66372
2904 -7.63481
2905 -7.60627
2906 -7.65775
2907 -7.67505
2908 -7.66532
2909 -7.65374
2910 -7.57573
2911 -7.65262
2912 -7.67676
2913 -7.67865
2914 -7.70634
2915 -7.68411
2916 -7.61142
2917 -7.56435
2918 -7.56163
2919 -7.50348
2920 -7.50086
2921 -7.46742
2922 -7.43811
2923 -7.42809
2924 -7.47424
2925 -7.56668
2926 -7.57556
2927 -7.56451
2928 -7.57251
2929 -7.50585
2930 -7.5237
2931 -7.64206
2932 -7.63211
2933 -7.61694
2934 -7.57589
2935 -7.57843
2936 -7.51561
2937 -7.48173
2938 -7.49578
2939 -7.50566
2940 -7.50314
2941 -7.47833
2942 -7.4919
2943 -7.51692
2944 -7.4831
2945 -7.56167
2946 -7.44809
2947 -7.48579
2948 -7.49523
2949 -7.48473
2950 -7.43159
2951 -7.41666
2952 -7.38409
2953 -7.43896
2954 -7.48657
2955 -7.44583
2956 -7.44373
2957 -7.53307
2958 -7.46732
2959 -7.50058
2960 -7.51901
2961 -7.54811
2962 -7.48693
2963 -7.47504
2964 -7.52254
2965 -7.52876
2966 -7.59957
2967 -7.56318
2968 -7.63849
2969 -7.66985
2970 -7.71117
2971 -7.73265
2972 -7.6713
2973 -7.64435
2974 -7.63178
2975 -7.59451
2976 -7.59255
2977 -7.58585
2978 -7.59634
2979 -7.66729
2980 -7.56865
2981 -7.638
2982 -7.63776
2983 -7.6214
2984 -7.50325
2985 -7.53628
2986 -7.47867
2987 -7.42968
2988 -7.43409
2989 -7.43511
2990 -7.4646
2991 -7.41892
2992 -7.38836
2993 -7.36703
2994 -7.45108
2995 -7.51823
2996 -7.52161
2997 -7.53221
2998 -7.46428
2999 -7.55259
3000 -7.53394
