1 2.33444
2 3.26872
3 4.2968
4 4.76738
5 5.43482
6 5.3663
7 5.55904
8 5.24331
9 5.78165
10 6.03109
11 6.02129
12 6.27287
13 6.31912
14 6.3182
15 6.71858
16 6.97232
17 7.40419
18 7.58875
19 7.31259
20 7.19376
21 7.32672
22 7.67537
23 7.82947
24 7.49404
25 7.72506
26 7.02315
27 7.0498
28 7.55794
29 7.33672
30 7.58358
31 7.66417
32 7.66431
33 7.42222
34 7.49741
35 7.20996
36 7.48964
37 7.90328
38 7.92138
39 7.66857
40 7.80156
41 7.698
42 7.53433
43 7.39638
44 7.4545
45 7.39891
46 7.20311
47 7.34669
48 7.71626
49 7.95723
50 7.7271
51 7.88387
52 7.60496
53 7.37495
54 6.95392
55 6.85609
56 6.94843
57 7.2999
58 7.08331
59 7.19118
60 6.79548
61 7.50166
62 7.39687
63 7.37299
64 7.41915
65 7.41363
66 7.3645
67 7.30673
68 7.25107
69 6.99541
70 7.06306
71 7.21823
72 7.11797
73 7.10425
74 6.90992
75 6.78525
76 6.62591
77 6.65072
78 6.96053
79 6.97229
80 7.09414
81 6.76524
82 6.54365
83 6.20355
84 6.52433
85 6.85458
86 7.01452
87 7.16799
88 7.45471
89 7.06651
90 6.85911
91 6.55943
92 6.94484
93 6.81824
94 7.29202
95 7.3565
96 7.93207
97 7.61414
98 7.37959
99 7.42868
100 7.30754
101 6.78491
102 6.62004
103 7.04147
104 6.61523
105 7.22322
106 7.04842
107 7.34843
108 7.39041
109 7.28626
110 7.05651
111 7.24763
112 7.17448
113 7.23118
114 6.76974
115 6.67867
116 6.94235
117 6.90001
118 6.92757
119 6.68592
120 6.98161
121 7.33437
122 7.6133
123 7.72885
124 8.0727
125 7.67733
126 7.8557
127 7.83777
128 8.231
129 8.12318
130 7.89874
131 8.15332
132 7.98087
133 7.56758
134 7.59844
135 7.61769
136 7.39009
137 7.79685
138 7.33058
139 6.63086
140 6.82981
141 6.94908
142 7.10049
143 6.87741
144 7.43337
145 7.61877
146 7.7026
147 7.69113
148 7.7921
149 7.8604
150 7.38215
151 7.28098
152 7.77505
153 7.6918
154 7.58206
155 7.34171
156 7.65238
157 7.77134
158 8.07813
159 8.24245
160 8.07103
161 7.66926
162 8.08927
163 8.09059
164 8.01783
165 8.2322
166 8.21869
167 8.29504
168 8.18937
169 8.28508
170 8.53667
171 8.75207
172 8.05174
173 8.19323
174 8.0434
175 8.21954
176 8.36239
177 8.48384
178 8.65291
179 8.48611
180 8.17331
181 8.45027
182 8.57153
183 8.3865
184 8.66961
185 7.97216
186 8.5065
187 7.74406
188 8.31525
189 7.84588
190 8.68842
191 8.73868
192 8.58474
193 8.36743
194 8.42214
195 8.61699
196 8.25506
197 8.23876
198 8.28403
199 7.94117
200 7.90249
201 7.86588
202 7.95498
203 7.84419
204 7.60288
205 7.64009
206 7.63306
207 7.96629
208 7.76489
209 7.20975
210 7.47161
211 7.49715
212 7.29321
213 7.35556
214 7.14176
215 6.86017
216 7.15302
217 7.08072
218 7.2335
219 7.02498
220 7.15547
221 7.11479
222 7.17624
223 7.52282
224 7.401
225 7.0472
226 7.10885
227 7.27542
228 7.25304
229 7.57305
230 7.1019
231 7.39297
232 7.67453
233 7.79371
234 8.01768
235 8.24625
236 8.05015
237 8.26565
238 8.34223
239 8.46516
240 8.23386
241 8.06668
242 8.33979
243 8.24388
244 8.61213
245 8.26822
246 7.94913
247 7.52496
248 7.67337
249 7.54226
250 7.59804
251 7.66872
252 7.38716
253 6.94156
254 6.81852
255 6.81098
256 6.83357
257 6.82503
258 6.5999
259 6.83457
260 7.05699
261 7.11549
262 6.92251
263 7.03909
264 7.00994
265 6.86256
266 6.8107
267 7.41074
268 7.33092
269 7.04609
270 7.28609
271 7.52442
272 7.88525
273 7.7622
274 7.5282
275 7.40136
276 7.00697
277 7.27522
278 7.03435
279 7.24322
280 7.67841
281 7.63792
282 7.57435
283 7.33949
284 7.25486
285 7.29903
286 7.42382
287 7.41754
288 7.68852
289 7.66157
290 7.53427
291 7.41336
292 7.67194
293 7.91201
294 7.9003
295 7.72537
296 7.92908
297 7.83313
298 7.56203
299 7.29933
300 7.35806
301 7.57586
302 7.97324
303 7.25437
304 7.31666
305 7.74447
306 7.46634
307 7.73653
308 7.42316
309 7.35764
310 7.76987
311 7.92933
312 7.71103
313 7.02199
314 7.26233
315 6.74351
316 7.01615
317 7.25351
318 7.0945
319 7.32194
320 7.28088
321 7.44496
322 6.94594
323 7.0473
324 6.72247
325 6.97311
326 7.40578
327 6.87094
328 7.19685
329 7.15299
330 7.52116
331 7.22563
332 7.5425
333 7.23835
334 7.57226
335 7.12748
336 7.25862
337 7.18348
338 7.31351
339 6.91821
340 7.31291
341 7.41972
342 8.11818
343 7.89293
344 7.62187
345 7.47557
346 7.02882
347 7.52014
348 7.87488
349 8.24466
350 8.47782
351 8.30154
352 8.1374
353 7.69421
354 7.93612
355 8.00991
356 7.74378
357 7.47231
358 7.53709
359 7.31544
360 8.00699
361 7.50498
362 7.2012
363 7.42752
364 7.6833
365 7.78745
366 7.67883
367 7.42957
368 7.46151
369 7.86799
370 7.68005
371 7.63156
372 7.63492
373 7.93916
374 7.91704
375 7.69242
376 7.45156
377 7.41941
378 7.08308
379 7.35585
380 7.483
381 7.8143
382 7.71941
383 7.52642
384 7.6684
385 8.08498
386 7.90537
387 7.27049
388 7.46155
389 7.59474
390 7.33115
391 7.20022
392 7.1
393 7.04662
394 6.33326
395 6.21273
396 6.93305
397 7.05193
398 7.14563
399 7.90069
400 7.81401
401 7.6076
402 7.85098
403 7.34182
404 7.15033
405 7.16316
406 7.10462
407 7.4424
408 7.25665
409 7.4746
410 7.32889
411 7.62262
412 7.41522
413 7.47654
414 7.68003
415 7.44689
416 7.93898
417 7.77251
418 7.91212
419 7.59127
420 7.81509
421 7.56328
422 7.51094
423 7.92503
424 7.97356
425 7.62912
426 7.9174
427 8.08474
428 7.89662
429 7.95016
430 7.7396
431 7.37937
432 7.9147
433 8.14152
434 7.91176
435 7.87494
436 7.68056
437 7.68452
438 8.24858
439 7.87291
440 7.74408
441 7.44852
442 7.26275
443 7.29181
444 7.38916
445 7.56955
446 7.35861
447 7.1554
448 7.55412
449 7.5649
450 7.19878
451 7.64424
452 7.33777
453 6.96801
454 7.27828
455 6.98742
456 7.12465
457 7.36108
458 7.54095
459 7.17762
460 7.20111
461 7.42085
462 7.88965
463 7.7515
464 7.75311
465 7.71386
466 7.81943
467 7.53816
468 7.75935
469 7.97939
470 7.43387
471 7.16563
472 7.12998
473 7.57108
474 7.53001
475 7.99268
476 7.85899
477 7.93946
478 6.83631
479 7.06259
480 7.36937
481 7.58893
482 6.92968
483 7.08609
484 7.1415
485 7.68686
486 7.69821
487 7.67146
488 7.90785
489 7.46358
490 7.41881
491 7.33447
492 7.29589
493 7.20355
494 6.77166
495 7.0545
496 7.46579
497 7.42689
498 7.34562
499 7.37252
500 7.24394
501 7.53017
502 7.44523
503 7.48193
504 7.69092
505 7.86904
506 8.01945
507 8.0009
508 7.80421
509 7.48827
510 7.32987
511 7.22919
512 6.86085
513 7.15864
514 6.71066
515 6.67986
516 7.21257
517 7.10375
518 6.89461
519 7.01302
520 7.43669
521 7.79825
522 7.47809
523 7.44183
524 7.55308
525 7.37528
526 7.36119
527 7.63149
528 7.78501
529 7.26061
530 7.67525
531 7.33119
532 7.13289
533 7.02505
534 7.17155
535 7.42246
536 6.94788
537 6.87779
538 7.24666
539 7.64743
540 7.87412
541 8.02847
542 7.61789
543 7.8337
544 7.81812
545 7.71607
546 7.62284
547 7.90848
548 8.19474
549 7.72435
550 7.61647
551 7.33794
552 7.12934
553 7.2982
554 7.24081
555 7.38268
556 7.12899
557 7.62679
558 8.14015
559 8.02508
560 7.51182
561 7.60216
562 7.51769
563 7.90987
564 7.7665
565 7.71629
566 7.26044
567 7.34057
568 7.3067
569 7.44727
570 7.63185
571 7.27084
572 7.89746
573 7.75622
574 7.84949
575 8.02652
576 7.73236
577 7.67793
578 7.49854
579 7.37145
580 7.21723
581 7.1919
582 7.54431
583 7.85445
584 8.13729
585 7.67286
586 7.76007
587 8.11777
588 8.2896
589 7.7953
590 8.09697
591 8.16355
592 8.21716
593 8.06106
594 8.1409
595 8.38678
596 7.9621
597 8.0588
598 7.87098
599 7.51911
600 7.83671
601 8.11421
602 8.01552
603 7.50637
604 7.36663
605 7.83335
606 7.83413
607 7.7844
608 8.09517
609 8.11684
610 8.11262
611 7.9869
612 8.23861
613 8.41544
614 8.17309
615 8.62868
616 8.63953
617 8.05672
618 8.14571
619 8.83884
620 8.70812
621 9.16203
622 9.0566
623 8.83975
624 8.45189
625 8.24471
626 8.01336
627 7.73079
628 7.34504
629 7.61238
630 7.77197
631 7.63235
632 7.37466
633 7.57258
634 7.21827
635 6.97036
636 7.19839
637 7.05184
638 7.0605
639 7.01437
640 6.83249
641 7.06755
642 7.17735
643 7.16834
644 7.46593
645 7.77097
646 7.49696
647 7.65774
648 7.60074
649 7.90181
650 7.91044
651 7.99324
652 8.13628
653 7.8512
654 7.7475
655 7.8367
656 7.23685
657 7.36584
658 7.32592
659 7.7966
660 7.72562
661 7.79411
662 7.63254
663 7.69228
664 7.70714
665 7.55178
666 7.56006
667 7.24341
668 7.57612
669 7.96147
670 7.84501
671 8.08088
672 7.89352
673 7.56201
674 8.16292
675 7.62753
676 7.69723
677 7.68487
678 7.27326
679 7.35859
680 7.49229
681 7.90539
682 7.22893
683 7.38688
684 7.2172
685 6.81039
686 6.80119
687 7.23762
688 7.32103
689 7.26227
690 7.55807
691 8.21515
692 8.37205
693 8.60804
694 8.67251
695 8.429
696 7.97386
697 8.13089
698 7.77208
699 7.23045
700 7.22015
701 7.23302
702 6.94625
703 7.01134
704 6.86144
705 7.01407
706 7.10612
707 6.83154
708 7.21908
709 7.28902
710 7.75348
711 7.96716
712 7.89615
713 7.75696
714 7.88672
715 8.17428
716 7.92526
717 7.58433
718 7.41427
719 7.49211
720 7.42236
721 7.64545
722 8.04029
723 8.12515
724 7.95795
725 8.05451
726 8.18638
727 8.01993
728 8.16738
729 8.295
730 8.05332
731 7.59912
732 7.53044
733 7.44979
734 7.45075
735 7.41637
736 7.37324
737 7.53833
738 7.28021
739 6.82308
740 7.1857
741 6.9823
742 7.11354
743 7.22199
744 6.85784
745 6.49065
746 7.15132
747 7.10082
748 7.21631
749 7.26732
750 7.37719
751 6.90517
752 6.77403
753 6.65997
754 6.87749
755 6.77661
756 7.07995
757 6.98928
758 7.18531
759 6.81881
760 6.71846
761 7.01068
762 7.21236
763 7.3783
764 7.50831
765 7.99006
766 8.02943
767 8.22772
768 8.33536
769 8.28938
770 7.66429
771 7.50462
772 7.53312
773 7.54343
774 7.49566
775 6.91427
776 7.24033
777 7.57538
778 7.619
779 7.64395
780 7.53912
781 7.18485
782 6.95693
783 6.82662
784 7.03728
785 7.17506
786 7.13834
787 7.05583
788 7.09655
789 7.33178
790 7.11207
791 7.75391
792 7.49094
793 7.72799
794 7.90297
795 7.68597
796 7.52689
797 7.45801
798 7.47373
799 7.53583
800 7.86669
801 8.30515
802 8.26012
803 8.14231
804 7.93511
805 7.49573
806 6.87908
807 6.42061
808 6.62588
809 7.03476
810 7.20729
811 7.34368
812 7.80815
813 7.44069
814 7.54697
815 7.64603
816 7.88095
817 8.08306
818 7.66284
819 8.0389
820 7.45361
821 7.44261
822 7.40766
823 7.49367
824 7.24591
825 7.37385
826 7.36424
827 7.30031
828 7.6862
829 7.2112
830 7.06598
831 7.34285
832 7.65379
833 7.85751
834 7.96617
835 7.95185
836 7.40357
837 7.10474
838 7.41731
839 7.37836
840 7.42086
841 7.34643
842 7.01645
843 7.11176
844 6.60525
845 6.29243
846 6.34024
847 6.39632
848 6.68528
849 6.90463
850 7.19609
851 7.34216
852 7.04815
853 7.05195
854 7.12408
855 7.106
856 7.08517
857 7.05575
858 7.20739
859 7.54454
860 7.65136
861 7.79935
862 7.69995
863 8.07552
864 8.08443
865 8.26014
866 8.41797
867 8.76197
868 8.05677
869 7.88205
870 7.94666
871 7.76631
872 7.38117
873 7.67424
874 7.32455
875 7.08316
876 7.35798
877 7.92711
878 8.08808
879 7.86433
880 7.51039
881 7.40863
882 7.85788
883 7.71616
884 7.43452
885 7.61944
886 7.63969
887 8.07102
888 7.83383
889 7.97706
890 7.76124
891 8.02922
892 7.73195
893 7.36599
894 7.63866
895 7.37249
896 7.41536
897 7.59748
898 7.30545
899 7.09532
900 6.99822
901 7.35496
902 7.37915
903 7.55482
904 7.66515
905 7.75284
906 7.61425
907 7.28311
908 7.51983
909 7.2663
910 7.30359
911 6.98471
912 6.8194
913 6.74597
914 6.88164
915 7.39182
916 7.67369
917 7.04135
918 7.13361
919 6.91467
920 6.98017
921 7.00179
922 6.96284
923 7.2352
924 6.90425
925 7.45649
926 7.66444
927 7.54662
928 6.94043
929 7.22376
930 7.64597
931 7.573
932 7.34443
933 7.00837
934 6.51846
935 7.05544
936 7.31737
937 7.43996
938 7.77514
939 7.83612
940 7.61989
941 7.51478
942 7.63764
943 8.07567
944 8.16072
945 8.16832
946 8.5282
947 7.91561
948 7.64447
949 7.60144
950 7.52392
951 7.60481
952 7.37791
953 7.72159
954 7.9083
955 7.80907
956 7.73349
957 7.28734
958 7.28987
959 7.43569
960 7.92858
961 8.39424
962 8.63469
963 8.20806
964 8.33942
965 8.52009
966 8.90429
967 8.12639
968 7.67259
969 7.79661
970 7.66179
971 7.71841
972 7.92131
973 7.49382
974 7.06344
975 7.36648
976 7.02663
977 6.89976
978 7.1926
979 6.84662
980 7.62257
981 7.22455
982 6.86749
983 6.6602
984 6.75165
985 6.91882
986 7.21537
987 7.1472
988 6.93338
989 6.8827
990 6.52086
991 6.89937
992 7.09281
993 6.79054
994 6.63634
995 6.61181
996 6.51125
997 6.41907
998 6.58406
999 6.62554
1000 6.66673
1001 6.7049
1002 6.46489
1003 7.20907
1004 7.26423
1005 7.19881
1006 7.32077
1007 6.81366
1008 6.50588
1009 6.62516
1010 6.84028
1011 7.37421
1012 7.71626
1013 7.05434
1014 6.88142
1015 6.75208
1016 6.81579
1017 6.68414
1018 6.54924
1019 6.93351
1020 7.20115
1021 6.4907
1022 6.36458
1023 6.39295
1024 6.87019
1025 6.8188
1026 6.87956
1027 7.43326
1028 7.41735
1029 7.14764
1030 7.55306
1031 7.15623
1032 7.06244
1033 7.13621
1034 7.00785
1035 7.0531
1036 7.49208
1037 7.27113
1038 7.87078
1039 7.39005
1040 8.08751
1041 7.85418
1042 7.7439
1043 7.46426
1044 7.78391
1045 7.73604
1046 7.52162
1047 7.45585
1048 7.65886
1049 8.19229
1050 8.12501
1051 7.76635
1052 7.59552
1053 7.6903
1054 8.2148
1055 8.30712
1056 8.43678
1057 8.68903
1058 8.95895
1059 9.11448
1060 8.93409
1061 8.87317
1062 8.89186
1063 8.36196
1064 8.5596
1065 8.60286
1066 8.3315
1067 7.62834
1068 7.21817
1069 7.12102
1070 7.05363
1071 6.70508
1072 6.72538
1073 7.31365
1074 7.35187
1075 6.8564
1076 7.25026
1077 6.90486
1078 7.20794
1079 7.21025
1080 6.89876
1081 7.16166
1082 7.1797
1083 6.96969
1084 6.83211
1085 6.78406
1086 6.45846
1087 6.52457
1088 6.49042
1089 7.03659
1090 7.25857
1091 7.1298
1092 7.19915
1093 7.37013
1094 7.71999
1095 7.6425
1096 7.76654
1097 7.63484
1098 7.98215
1099 7.93381
1100 8.18113
1101 7.77001
1102 7.57459
1103 7.6176
1104 7.686
1105 8.07564
1106 7.95159
1107 7.7173
1108 7.5987
1109 7.36153
1110 7.13363
1111 6.73265
1112 6.93422
1113 6.82572
1114 7.09914
1115 7.27615
1116 7.3082
1117 7.48902
1118 7.26011
1119 7.27883
1120 7.0405
1121 7.2917
1122 6.85474
1123 6.98731
1124 7.20835
1125 7.1059
1126 7.53139
1127 7.76655
1128 7.71413
1129 7.71675
1130 7.48068
1131 7.59386
1132 8.2192
1133 7.95636
1134 7.92618
1135 7.57039
1136 7.20717
1137 7.75864
1138 7.72927
1139 8.47702
1140 8.52637
1141 8.25564
1142 8.32549
1143 8.13576
1144 7.86392
1145 7.88287
1146 7.61192
1147 7.34992
1148 7.205
1149 7.56022
1150 7.42876
1151 7.45815
1152 7.59632
1153 7.47414
1154 7.19197
1155 7.13665
1156 7.35658
1157 7.31571
1158 7.50379
1159 7.78736
1160 8.07795
1161 7.92009
1162 7.41288
1163 6.83494
1164 6.81729
1165 6.90355
1166 7.05364
1167 7.06399
1168 6.88156
1169 7.45811
1170 7.3589
1171 7.4653
1172 7.74204
1173 8.08343
1174 7.78465
1175 7.36354
1176 7.57364
1177 7.3844
1178 7.61977
1179 7.33989
1180 7.28166
1181 7.27163
1182 7.1974
1183 6.86107
1184 6.96596
1185 7.31948
1186 6.89267
1187 6.70883
1188 6.48172
1189 6.69032
1190 6.90566
1191 7.1808
1192 7.60825
1193 7.68209
1194 7.34007
1195 7.64123
1196 8.26653
1197 7.91974
1198 8.14511
1199 8.07326
1200 8.09518
1201 7.6166
1202 7.55107
1203 8.19133
1204 8.17823
1205 7.97567
1206 7.87545
1207 7.00431
1208 7.19191
1209 7.35347
1210 7.14288
1211 7.12174
1212 7.07305
1213 7.20676
1214 7.17259
1215 6.72446
1216 6.34425
1217 6.64488
1218 6.79763
1219 7.33442
1220 7.0526
1221 7.25749
1222 7.26033
1223 7.03961
1224 7.07454
1225 6.92693
1226 7.4513
1227 7.57013
1228 6.85112
1229 6.6408
1230 6.76891
1231 6.69397
1232 6.66234
1233 6.82067
1234 6.97132
1235 7.21739
1236 7.59275
1237 7.93919
1238 7.95662
1239 8.14056
1240 7.8454
1241 7.52576
1242 7.67383
1243 7.80565
1244 7.97082
1245 8.0887
1246 8.21426
1247 7.76077
1248 7.77697
1249 8.06057
1250 8.35754
1251 8.07296
1252 8.13304
1253 8.15163
1254 7.7447
1255 7.75887
1256 8.33029
1257 7.93435
1258 7.50398
1259 7.75082
1260 7.67125
1261 7.64431
1262 7.99649
1263 7.53018
1264 7.62644
1265 7.63362
1266 7.39148
1267 7.1263
1268 7.06744
1269 6.90459
1270 7.75888
1271 7.16136
1272 7.5853
1273 7.26996
1274 7.3124
1275 7.40348
1276 7.66601
1277 7.35096
1278 7.60823
1279 7.63758
1280 7.75319
1281 7.77934
1282 7.71088
1283 7.77232
1284 7.84673
1285 7.90699
1286 7.67363
1287 7.49757
1288 7.79291
1289 7.43339
1290 7.54201
1291 7.98336
1292 7.98913
1293 7.95171
1294 8.04359
1295 8.15768
1296 8.49343
1297 8.73407
1298 8.19382
1299 7.67207
1300 7.45042
1301 7.40084
1302 7.60359
1303 8.07467
1304 7.94904
1305 7.73936
1306 7.70953
1307 8.18247
1308 8.27954
1309 7.98089
1310 8.00147
1311 7.86137
1312 8.2501
1313 8.2827
1314 7.97209
1315 7.90307
1316 7.7359
1317 7.40244
1318 7.40304
1319 7.62771
1320 7.92309
1321 8.0403
1322 8.081
1323 8.00541
1324 8.01788
1325 7.71193
1326 7.62134
1327 7.2095
1328 7.02634
1329 7.33917
1330 7.69746
1331 7.5531
1332 7.1034
1333 7.33081
1334 7.56407
1335 7.84176
1336 7.98164
1337 7.67165
1338 7.83263
1339 7.88397
1340 7.56592
1341 7.29936
1342 7.28338
1343 7.23194
1344 7.32921
1345 6.79278
1346 6.88086
1347 6.87499
1348 7.44005
1349 7.69072
1350 7.75158
1351 7.97725
1352 7.80208
1353 8.62691
1354 8.30001
1355 8.27838
1356 8.06716
1357 7.9734
1358 7.91215
1359 8.41014
1360 8.34847
1361 8.17428
1362 8.18053
1363 8.24263
1364 8.11577
1365 8.10376
1366 8.27725
1367 8.69486
1368 8.18852
1369 8.71192
1370 8.55989
1371 8.41326
1372 8.12763
1373 8.09801
1374 7.83899
1375 7.50343
1376 7.26616
1377 7.84244
1378 7.99446
1379 7.76929
1380 7.69549
1381 7.81746
1382 8.23443
1383 8.02795
1384 7.84198
1385 7.8938
1386 7.8785
1387 7.73111
1388 7.85309
1389 8.12499
1390 8.11312
1391 8.06609
1392 8.13397
1393 8.15499
1394 8.05027
1395 8.21975
1396 7.97959
1397 8.4926
1398 8.677
1399 8.71983
1400 8.52659
1401 8.37671
1402 7.96948
1403 7.76459
1404 7.774
1405 7.86392
1406 7.55821
1407 7.76217
1408 8.09704
1409 7.64029
1410 7.8173
1411 8.06746
1412 7.77058
1413 7.71063
1414 8.10661
1415 8.36395
1416 8.46529
1417 8.53025
1418 8.46968
1419 8.02101
1420 7.89218
1421 7.74985
1422 7.73649
1423 7.69174
1424 7.89969
1425 7.81016
1426 8.34338
1427 8.37629
1428 8.67114
1429 8.69296
1430 7.98855
1431 8.48253
1432 8.02644
1433 7.78815
1434 8.1964
1435 7.84027
1436 8.09463
1437 8.32507
1438 8.59542
1439 8.33492
1440 7.93462
1441 8.22813
1442 8.0388
1443 8.04819
1444 7.87012
1445 8.05223
1446 7.97936
1447 8.29273
1448 7.97745
1449 7.60897
1450 7.43574
1451 7.4122
1452 7.43679
1453 7.64006
1454 7.43362
1455 7.13148
1456 6.85799
1457 7.14764
1458 7.0145
1459 6.98474
1460 7.02935
1461 7.03392
1462 7.12252
1463 7.12504
1464 7.47114
1465 7.64385
1466 7.59675
1467 7.39751
1468 7.39076
1469 7.09861
1470 6.94395
1471 7.30768
1472 6.94683
1473 7.18846
1474 7.38175
1475 7.18484
1476 7.15823
1477 7.17317
1478 7.30262
1479 7.22431
1480 7.63105
1481 7.96274
1482 7.77048
1483 7.69809
1484 7.48732
1485 7.4916
1486 7.4481
1487 7.97139
1488 8.40392
1489 8.10574
1490 7.90503
1491 7.59192
1492 7.93402
1493 8.14015
1494 7.78681
1495 7.80293
1496 7.76643
1497 7.74849
1498 7.54854
1499 7.09344
1500 7.06135
1501 7.41764
1502 7.75541
1503 7.78194
1504 7.87692
1505 7.72014
1506 7.43686
1507 7.34554
1508 7.21042
1509 6.74465
1510 7.11005
1511 7.381
1512 7.61657
1513 7.56595
1514 7.5087
1515 6.96811
1516 6.88552
1517 6.70518
1518 6.45977
1519 6.77475
1520 6.92182
1521 7.29207
1522 7.24748
1523 7.44287
1524 7.61533
1525 7.41042
1526 6.93491
1527 7.36815
1528 7.36177
1529 8.11414
1530 7.97088
1531 7.67342
1532 7.93592
1533 7.92046
1534 7.84915
1535 8.01831
1536 7.8187
1537 8.3358
1538 7.94182
1539 8.57828
1540 8.63108
1541 8.15943
1542 8.42492
1543 7.62218
1544 7.55504
1545 7.5174
1546 7.45931
1547 7.21573
1548 7.51825
1549 7.54478
1550 7.57608
1551 8.28977
1552 8.32787
1553 8.22167
1554 7.7367
1555 7.2982
1556 7.63741
1557 7.62529
1558 7.56621
1559 7.38734
1560 7.26787
1561 6.90848
1562 7.47449
1563 7.34283
1564 7.79624
1565 8.19942
1566 7.5072
1567 7.72884
1568 7.97278
1569 7.58992
1570 7.5462
1571 7.31598
1572 7.37541
1573 7.55229
1574 7.59345
1575 7.07562
1576 7.56569
1577 7.62186
1578 7.60957
1579 7.26095
1580 7.64197
1581 7.67695
1582 6.92957
1583 7.10964
1584 7.28438
1585 7.46221
1586 7.62268
1587 7.25577
1588 7.39583
1589 7.94327
1590 7.63345
1591 7.69749
1592 7.58843
1593 7.67952
1594 7.33494
1595 7.00872
1596 7.07332
1597 7.27547
1598 6.86701
1599 7.02527
1600 7.24806
1601 7.49893
1602 7.38636
1603 6.84505
1604 6.89607
1605 6.88557
1606 7.24706
1607 7.25162
1608 7.56062
1609 7.53347
1610 7.36984
1611 7.15534
1612 8.00087
1613 7.98372
1614 7.8256
1615 7.52112
1616 7.33728
1617 6.7303
1618 6.5801
1619 6.71371
1620 7.10846
1621 7.67119
1622 7.66536
1623 7.71873
1624 7.31495
1625 7.25588
1626 7.25425
1627 7.71254
1628 7.76511
1629 7.52852
1630 7.75764
1631 7.50832
1632 7.1674
1633 7.76766
1634 7.8664
1635 8.20781
1636 8.3701
1637 7.89527
1638 7.95125
1639 8.24333
1640 8.74254
1641 8.43236
1642 8.28038
1643 8.15136
1644 8.42041
1645 7.86142
1646 8.10316
1647 8.11844
1648 8.66268
1649 8.88258
1650 8.81591
1651 8.53196
1652 8.65051
1653 8.87371
1654 8.65445
1655 9.28802
1656 9.4864
1657 8.98058
1658 9.02261
1659 9.07489
1660 9.24984
1661 9.24824
1662 8.90477
1663 9.18868
1664 8.65236
1665 8.77428
1666 8.67578
1667 8.62355
1668 8.6634
1669 8.41531
1670 8.11488
1671 8.0946
1672 7.84269
1673 7.91937
1674 7.64014
1675 7.73027
1676 7.72277
1677 7.91574
1678 8.00498
1679 7.99195
1680 7.9539
1681 7.5354
1682 7.75418
1683 8.0166
1684 8.12506
1685 8.34563
1686 8.33082
1687 7.96805
1688 7.65136
1689 7.6553
1690 7.92469
1691 7.86571
1692 7.65248
1693 7.65067
1694 8.00602
1695 8.14019
1696 8.07102
1697 8.15197
1698 7.999
1699 7.48571
1700 7.50094
1701 7.48778
1702 7.71575
1703 7.52699
1704 7.57515
1705 7.66334
1706 7.78586
1707 7.78506
1708 7.96388
1709 8.16511
1710 7.58296
1711 7.67598
1712 7.98993
1713 7.92698
1714 7.63333
1715 7.71284
1716 8.27497
1717 7.68716
1718 7.92173
1719 7.27366
1720 7.48919
1721 7.3118
1722 6.99201
1723 7.63053
1724 7.64849
1725 7.49732
1726 7.80652
1727 7.56667
1728 7.4756
1729 7.49536
1730 7.51056
1731 7.9118
1732 8.07767
1733 7.80408
1734 7.72484
1735 7.88611
1736 7.75145
1737 8.27236
1738 8.18229
1739 8.4394
1740 8.34663
1741 8.06971
1742 7.75774
1743 7.71553
1744 7.15518
1745 7.33282
1746 7.20562
1747 6.87959
1748 6.64373
1749 6.83607
1750 6.39351
1751 5.89295
1752 6.23523
1753 6.3318
1754 6.33475
1755 6.87252
1756 6.94099
1757 7.01334
1758 6.99837
1759 7.6165
1760 7.8063
1761 7.75623
1762 7.53271
1763 7.39083
1764 7.39294
1765 7.30555
1766 7.34676
1767 7.4294
1768 7.16397
1769 7.26744
1770 7.67438
1771 7.36265
1772 7.48504
1773 7.56223
1774 6.93163
1775 7.07729
1776 7.28483
1777 7.64706
1778 7.59868
1779 7.36597
1780 7.31898
1781 7.24986
1782 7.39259
1783 6.84399
1784 7.32626
1785 7.92266
1786 7.71331
1787 7.81909
1788 8.13806
1789 8.32416
1790 8.07004
1791 7.86247
1792 8.05529
1793 8.40575
1794 8.45273
1795 8.57724
1796 8.75328
1797 9.02156
1798 9.01239
1799 8.89549
1800 8.97547
1801 9.04492
1802 8.75002
1803 9.29356
1804 9.03604
1805 8.68373
1806 8.381
1807 8.14348
1808 8.01815
1809 8.23264
1810 8.06065
1811 8.05275
1812 7.58727
1813 7.18172
1814 7.47215
1815 7.26836
1816 7.22574
1817 7.17223
1818 6.58938
1819 6.74531
1820 6.73777
1821 6.72627
1822 6.96993
1823 7.41722
1824 7.86414
1825 7.50373
1826 7.07591
1827 7.21527
1828 7.15409
1829 6.83759
1830 6.67408
1831 6.91822
1832 6.9385
1833 7.09896
1834 7.11893
1835 6.7958
1836 6.83959
1837 6.79574
1838 6.98654
1839 6.57242
1840 6.54392
1841 6.76251
1842 6.90453
1843 6.97699
1844 7.12303
1845 7.09509
1846 7.15432
1847 7.07109
1848 7.428
1849 7.32345
1850 7.17458
1851 6.93422
1852 7.05351
1853 7.30372
1854 7.38208
1855 7.30324
1856 7.46655
1857 7.31568
1858 7.32217
1859 7.53031
1860 7.74375
1861 7.6774
1862 8.3003
1863 7.93176
1864 8.14818
1865 8.36455
1866 8.06984
1867 7.68252
1868 7.72574
1869 7.6025
1870 7.48307
1871 7.46352
1872 7.35357
1873 7.46827
1874 7.76214
1875 7.36428
1876 7.05729
1877 7.17474
1878 7.20553
1879 7.62929
1880 7.17359
1881 7.53117
1882 7.53493
1883 8.0588
1884 8.25859
1885 7.71265
1886 7.81483
1887 7.80072
1888 8.0262
1889 7.93664
1890 7.74934
1891 7.64243
1892 7.53399
1893 7.73637
1894 8.12448
1895 8.11304
1896 7.9207
1897 7.54191
1898 7.54136
1899 7.77327
1900 7.8012
1901 7.66672
1902 7.46641
1903 7.21956
1904 7.49124
1905 7.58592
1906 7.59385
1907 8.01112
1908 8.17752
1909 8.65169
1910 8.25036
1911 8.25056
1912 8.00202
1913 8.03671
1914 8.27943
1915 8.0783
1916 8.28336
1917 8.49962
1918 8.33478
1919 8.13784
1920 7.91446
1921 7.9965
1922 8.0982
1923 8.34457
1924 8.36557
1925 8.36081
1926 7.89507
1927 7.9396
1928 7.75995
1929 7.67628
1930 7.55819
1931 7.48063
1932 7.87071
1933 7.63464
1934 7.59888
1935 7.30168
1936 7.70191
1937 7.38533
1938 7.28722
1939 6.93379
1940 6.70845
1941 7.21162
1942 7.19845
1943 7.06941
1944 6.76532
1945 6.77883
1946 6.76337
1947 6.80764
1948 6.91141
1949 7.12447
1950 7.02076
1951 7.27595
1952 6.84799
1953 7.15454
1954 6.69045
1955 7.12279
1956 7.35013
1957 7.65718
1958 8.02062
1959 7.96445
1960 8.09338
1961 7.56019
1962 7.69975
1963 7.94036
1964 7.58283
1965 7.91642
1966 7.93671
1967 7.6932
1968 7.54978
1969 7.559
1970 7.44032
1971 7.46725
1972 7.24398
1973 7.5191
1974 7.61543
1975 7.53513
1976 7.19901
1977 7.06458
1978 7.34322
1979 7.13932
1980 7.16486
1981 7.36295
1982 7.34132
1983 7.17573
1984 7.3724
1985 7.45543
1986 7.54308
1987 7.07073
1988 6.9148
1989 7.52334
1990 7.93541
1991 7.83091
1992 7.95909
1993 7.95657
1994 8.27572
1995 8.67542
1996 8.19151
1997 8.49979
1998 8.34943
1999 8.43346
2000 8.36811
2001 8.66101
2002 8.0002
2003 7.44706
2004 7.68052
2005 7.43473
2006 7.56739
2007 7.68915
2008 7.99639
2009 7.74547
2010 7.72675
2011 7.21418
2012 7.4076
2013 7.72121
2014 7.35738
2015 7.74565
2016 7.98674
2017 7.74348
2018 7.75896
2019 7.47527
2020 7.27042
2021 6.94254
2022 7.22486
2023 7.46912
2024 7.15099
2025 7.37807
2026 7.29745
2027 7.27627
2028 7.52206
2029 7.74133
2030 7.45347
2031 6.86314
2032 6.74702
2033 6.79092
2034 6.99811
2035 7.02918
2036 7.35022
2037 7.22511
2038 6.75553
2039 7.03633
2040 7.40126
2041 7.62041
2042 7.64468
2043 7.8739
2044 8.00541
2045 8.36048
2046 8.25435
2047 8.07337
2048 7.78263
2049 7.81904
2050 7.72422
2051 7.58911
2052 7.82396
2053 7.59498
2054 7.71958
2055 7.30662
2056 7.3069
2057 7.2677
2058 7.75705
2059 7.95456
2060 7.53859
2061 7.27812
2062 7.62494
2063 7.91741
2064 7.85166
2065 7.58973
2066 7.71544
2067 7.72902
2068 7.429
2069 7.21805
2070 7.21187
2071 7.12833
2072 7.10351
2073 6.67432
2074 6.8104
2075 6.87893
2076 6.76065
2077 6.99862
2078 6.50935
2079 6.76283
2080 6.53071
2081 6.94954
2082 6.81891
2083 6.81242
2084 6.65116
2085 7.18652
2086 7.21254
2087 7.38865
2088 7.30999
2089 7.10103
2090 7.24925
2091 7.47217
2092 7.34504
2093 7.25624
2094 7.46509
2095 7.33186
2096 7.43636
2097 7.49187
2098 7.76943
2099 7.96412
2100 7.98179
2101 7.90608
2102 8.0809
2103 7.67364
2104 7.56898
2105 7.90192
2106 7.82059
2107 7.43742
2108 7.4406
2109 7.7439
2110 7.46684
2111 7.46646
2112 7.84182
2113 7.45839
2114 7.25616
2115 7.31083
2116 7.69346
2117 7.8923
2118 7.96731
2119 8.23701
2120 8.16275
2121 8.16647
2122 8.29309
2123 7.95591
2124 7.7153
2125 7.37679
2126 8.03531
2127 8.41847
2128 8.31545
2129 7.80034
2130 7.36726
2131 7.62926
2132 7.65961
2133 7.6216
2134 7.46625
2135 7.59114
2136 7.59326
2137 7.65575
2138 7.96368
2139 8.10517
2140 7.43686
2141 7.82317
2142 7.74941
2143 7.77816
2144 8.40638
2145 8.59365
2146 8.63583
2147 8.80853
2148 9.04735
2149 8.58658
2150 8.10374
2151 7.93391
2152 7.41126
2153 7.44809
2154 7.43132
2155 7.63692
2156 7.92702
2157 7.86782
2158 7.50536
2159 7.54396
2160 8.06962
2161 8.01863
2162 7.81543
2163 7.90324
2164 7.56194
2165 7.43394
2166 7.13303
2167 7.2964
2168 7.70367
2169 7.46653
2170 7.16611
2171 7.25724
2172 7.21116
2173 7.3427
2174 7.31405
2175 7.34259
2176 7.28633
2177 7.39802
2178 7.42209
2179 7.52136
2180 7.2403
2181 7.77208
2182 7.7195
2183 7.74401
2184 7.51675
2185 7.52271
2186 7.43828
2187 7.44897
2188 7.72298
2189 8.09915
2190 8.0121
2191 8.01382
2192 7.97281
2193 7.85722
2194 7.76563
2195 7.40295
2196 7.52672
2197 7.66309
2198 8.37643
2199 8.00041
2200 8.19326
2201 8.33607
2202 8.00197
2203 7.72984
2204 7.63664
2205 7.81894
2206 8.03178
2207 7.8821
2208 7.74873
2209 7.44873
2210 7.64551
2211 7.53568
2212 7.74604
2213 7.89148
2214 7.36709
2215 7.60814
2216 7.68336
2217 7.3992
2218 7.71599
2219 7.72901
2220 7.07694
2221 6.90205
2222 7.04228
2223 7.14679
2224 7.81835
2225 7.71237
2226 7.49475
2227 7.68541
2228 7.98232
2229 8.19225
2230 8.23186
2231 7.91767
2232 7.6311
2233 7.10326
2234 6.87424
2235 7.01099
2236 7.80702
2237 8.00532
2238 8.14197
2239 8.41083
2240 7.77981
2241 7.40751
2242 7.53796
2243 8.33334
2244 8.0058
2245 7.78279
2246 7.69519
2247 7.8415
2248 7.69442
2249 7.62533
2250 7.64275
2251 7.58813
2252 7.70968
2253 7.64987
2254 7.60398
2255 7.41509
2256 7.08375
2257 7.16193
2258 7.4812
2259 7.16704
2260 6.91828
2261 7.18421
2262 7.25223
2263 7.59596
2264 7.27656
2265 7.2697
2266 7.32998
2267 7.65666
2268 7.27707
2269 7.3009
2270 7.70998
2271 7.89814
2272 7.79488
2273 7.96931
2274 7.8958
2275 7.79814
2276 7.55526
2277 7.86061
2278 8.23576
2279 8.18376
2280 8.3103
2281 7.94679
2282 8.06164
2283 8.05018
2284 7.84192
2285 7.76521
2286 7.78886
2287 7.53001
2288 7.57201
2289 8.0841
2290 7.57925
2291 7.77841
2292 7.8091
2293 8.0281
2294 8.14228
2295 7.5521
2296 7.64094
2297 7.83627
2298 8.18979
2299 7.98503
2300 7.34727
2301 7.50021
2302 7.50348
2303 7.24539
2304 7.35894
2305 7.06667
2306 7.10101
2307 6.80387
2308 7.10073
2309 7.01439
2310 6.84836
2311 6.98316
2312 6.6264
2313 6.81995
2314 6.40015
2315 6.54496
2316 6.77648
2317 6.5985
2318 6.89659
2319 7.3986
2320 7.53453
2321 7.47004
2322 7.65047
2323 8.03498
2324 7.91788
2325 8.31601
2326 8.0311
2327 8.29957
2328 7.99894
2329 8.02516
2330 8.25543
2331 8.25302
2332 7.72266
2333 7.3541
2334 7.62533
2335 7.4543
2336 7.31682
2337 6.89516
2338 6.58463
2339 6.77127
2340 6.9456
2341 6.9039
2342 7.63446
2343 7.42575
2344 7.79008
2345 7.89265
2346 7.993
2347 7.77887
2348 7.30222
2349 7.59063
2350 7.76185
2351 8.03581
2352 8.72226
2353 7.82842
2354 7.88833
2355 7.1519
2356 6.86403
2357 7.44757
2358 7.17842
2359 7.24856
2360 7.69315
2361 7.72203
2362 7.48901
2363 7.68132
2364 7.70325
2365 8.0267
2366 7.96611
2367 7.74067
2368 8.07506
2369 7.68755
2370 7.75701
2371 7.72035
2372 7.29212
2373 7.07365
2374 7.42418
2375 7.66412
2376 7.58213
2377 7.37246
2378 7.3812
2379 7.17563
2380 7.26543
2381 6.91161
2382 7.02209
2383 7.51891
2384 7.46974
2385 7.23532
2386 7.40002
2387 7.12131
2388 7.289
2389 7.15968
2390 7.64078
2391 7.95991
2392 7.98977
2393 7.54853
2394 7.89227
2395 7.98764
2396 8.04026
2397 7.68966
2398 7.85796
2399 7.2392
2400 7.34487
2401 7.72483
2402 7.88395
2403 7.61438
2404 7.38568
2405 7.4904
2406 7.70313
2407 7.67672
2408 7.73573
2409 8.24864
2410 8.36733
2411 8.40684
2412 8.4326
2413 7.7096
2414 8.49973
2415 8.54775
2416 9.03216
2417 8.89098
2418 8.74156
2419 8.32379
2420 8.79412
2421 8.29603
2422 8.64813
2423 8.50478
2424 8.38035
2425 7.94463
2426 7.72263
2427 7.89205
2428 8.34161
2429 7.8857
2430 7.65216
2431 7.71375
2432 7.77265
2433 7.94682
2434 7.81221
2435 8.02152
2436 8.03842
2437 8.46383
2438 8.59196
2439 8.45525
2440 8.48823
2441 8.55749
2442 8.56119
2443 8.48247
2444 8.47831
2445 8.26064
2446 7.99875
2447 7.97984
2448 8.08355
2449 7.58266
2450 7.25676
2451 7.0732
2452 7.53017
2453 7.62021
2454 7.80995
2455 7.58987
2456 7.46695
2457 7.54938
2458 7.88564
2459 7.76183
2460 7.75717
2461 7.9649
2462 7.83546
2463 8.03306
2464 7.71634
2465 7.44726
2466 7.66146
2467 7.74952
2468 7.66216
2469 7.21467
2470 7.4178
2471 7.63863
2472 7.31449
2473 7.3993
2474 7.67057
2475 7.51074
2476 7.30722
2477 7.45621
2478 7.22159
2479 7.08542
2480 7.2612
2481 7.0313
2482 7.03722
2483 7.1443
2484 7.37713
2485 7.0364
2486 7.38467
2487 6.97386
2488 7.28575
2489 7.24742
2490 7.40407
2491 7.31034
2492 7.76163
2493 8.00468
2494 8.36187
2495 8.63298
2496 7.82595
2497 7.69456
2498 7.57913
2499 7.61796
2500 7.87399
2501 8.3259
2502 8.11224
2503 8.0537
2504 7.61523
2505 7.46753
2506 7.56479
2507 7.44042
2508 7.64347
2509 7.76754
2510 7.62181
2511 7.55831
2512 7.62964
2513 7.83971
2514 7.82817
2515 7.34534
2516 7.25669
2517 8.02549
2518 7.82306
2519 7.99124
2520 7.90358
2521 7.67661
2522 7.25331
2523 7.81598
2524 7.75934
2525 7.64442
2526 7.37526
2527 7.64158
2528 8.13846
2529 8.02472
2530 8.03254
2531 7.897
2532 7.82626
2533 7.54106
2534 7.4141
2535 7.21001
2536 7.45607
2537 7.34377
2538 7.32139
2539 7.83823
2540 7.18514
2541 7.33364
2542 7.05875
2543 7.1273
2544 7.55402
2545 7.36103
2546 7.35675
2547 7.11818
2548 7.14665
2549 7.32834
2550 7.44403
2551 7.22634
2552 7.01748
2553 6.94365
2554 6.50196
2555 6.24356
2556 6.74985
2557 7.08924
2558 6.92153
2559 7.09606
2560 7.37945
2561 7.44198
2562 7.29051
2563 7.62537
2564 7.87503
2565 7.59395
2566 7.46729
2567 7.66725
2568 7.50701
2569 7.60113
2570 7.35886
2571 7.60696
2572 7.90722
2573 7.54174
2574 7.5775
2575 7.6599
2576 7.82219
2577 7.9365
2578 8.0868
2579 7.68769
2580 7.93991
2581 8.13807
2582 7.96762
2583 7.48456
2584 7.58943
2585 7.56483
2586 7.29135
2587 7.48009
2588 7.58542
2589 7.31302
2590 7.7111
2591 7.38455
2592 6.99531
2593 7.12077
2594 6.66171
2595 6.8589
2596 7.06266
2597 7.11607
2598 6.82752
2599 6.84874
2600 7.14677
2601 6.96748
2602 7.21571
2603 7.27509
2604 7.32999
2605 7.38101
2606 7.29431
2607 7.35443
2608 7.50699
2609 7.34778
2610 7.62801
2611 7.87171
2612 7.5888
2613 7.89102
2614 8.16185
2615 7.86602
2616 7.41236
2617 7.76483
2618 7.90869
2619 8.08018
2620 8.31372
2621 8.15836
2622 8.33388
2623 8.6707
2624 8.4195
2625 8.61959
2626 8.91812
2627 9.01279
2628 8.753
2629 8.42662
2630 8.36485
2631 7.80723
2632 7.30531
2633 7.19562
2634 7.49861
2635 7.44548
2636 7.38977
2637 7.5113
2638 7.40218
2639 6.97328
2640 6.76936
2641 6.90693
2642 7.10191
2643 7.23939
2644 7.33706
2645 7.76564
2646 8.00878
2647 7.52622
2648 7.75507
2649 7.69578
2650 7.11743
2651 7.20727
2652 7.68882
2653 7.6334
2654 8.02819
2655 7.66024
2656 7.58187
2657 8.00344
2658 7.72045
2659 7.80456
2660 7.93188
2661 8.28581
2662 8.03057
2663 7.84878
2664 7.85031
2665 8.08645
2666 8.10995
2667 7.96897
2668 7.43572
2669 7.43321
2670 7.51039
2671 7.39995
2672 7.57455
2673 7.48266
2674 7.4031
2675 7.48451
2676 7.14555
2677 7.22013
2678 7.69583
2679 7.45846
2680 7.5722
2681 7.43345
2682 7.54435
2683 7.81171
2684 7.78764
2685 7.90303
2686 7.90429
2687 7.92141
2688 7.79885
2689 8.1256
2690 7.76317
2691 7.7031
2692 7.53087
2693 8.29662
2694 8.07847
2695 8.05018
2696 7.92061
2697 8.23319
2698 7.9237
2699 7.6557
2700 7.71116
2701 8.09251
2702 7.6922
2703 7.904
2704 7.76201
2705 7.69218
2706 7.39766
2707 7.39548
2708 7.37561
2709 7.58686
2710 7.31449
2711 7.42192
2712 7.42622
2713 7.61873
2714 7.60888
2715 8.3589
2716 8.19431
2717 8.18953
2718 7.88235
2719 7.62998
2720 7.87299
2721 7.64234
2722 7.4947
2723 7.36646
2724 7.61819
2725 7.21802
2726 7.01199
2727 6.57436
2728 6.69571
2729 7.16917
2730 7.05449
2731 7.02772
2732 6.95755
2733 7.27656
2734 7.59911
2735 7.32543
2736 7.27368
2737 7.66069
2738 7.81068
2739 8.21987
2740 8.11702
2741 8.18494
2742 8.251
2743 8.18433
2744 8.32512
2745 8.01607
2746 8.10907
2747 8.21676
2748 8.31487
2749 8.2738
2750 7.61195
2751 7.8508
2752 7.81206
2753 7.68335
2754 7.82515
2755 7.05183
2756 6.83624
2757 6.5505
2758 6.5732
2759 6.31104
2760 6.73197
2761 6.77248
2762 7.24393
2763 6.96655
2764 7.13687
2765 6.9991
2766 7.35797
2767 7.54811
2768 7.29521
2769 6.93106
2770 6.58866
2771 7.05565
2772 6.87629
2773 6.32681
2774 6.52025
2775 6.50095
2776 6.66684
2777 6.65878
2778 6.45533
2779 6.61299
2780 6.51688
2781 6.64852
2782 6.34864
2783 6.27945
2784 6.18937
2785 6.19727
2786 6.28685
2787 6.46847
2788 6.74646
2789 6.99311
2790 6.84802
2791 6.64506
2792 6.80366
2793 7.08554
2794 7.09687
2795 6.88022
2796 7.13202
2797 6.85633
2798 6.92444
2799 6.9789
2800 7.15178
2801 6.95402
2802 6.90404
2803 7.03514
2804 7.19605
2805 7.22896
2806 7.01288
2807 6.99358
2808 7.39278
2809 7.47105
2810 7.52244
2811 7.57821
2812 7.53682
2813 7.72945
2814 7.88587
2815 7.9765
2816 7.41949
2817 7.34316
2818 7.44982
2819 7.27179
2820 7.20323
2821 7.21164
2822 7.2741
2823 7.46058
2824 7.32955
2825 7.23651
2826 7.15291
2827 6.98499
2828 7.34179
2829 7.42119
2830 7.59308
2831 7.83998
2832 7.88213
2833 7.90448
2834 7.59747
2835 7.88787
2836 8.41348
2837 8.48008
2838 7.86329
2839 8.26048
2840 8.33517
2841 8.04504
2842 7.77602
2843 7.58794
2844 7.85757
2845 8.23726
2846 8.07906
2847 8.41366
2848 8.26106
2849 8.09058
2850 8.07488
2851 8.25519
2852 8.26439
2853 8.02036
2854 8.02561
2855 7.97969
2856 7.94535
2857 8.12498
2858 8.06524
2859 8.1739
2860 7.6422
2861 7.71542
2862 7.44334
2863 7.23733
2864 7.70085
2865 7.52673
2866 7.429
2867 7.85954
2868 7.9304
2869 7.69575
2870 7.35128
2871 7.36544
2872 7.25778
2873 7.28337
2874 7.80113
2875 7.68525
2876 7.7729
2877 7.57103
2878 7.48465
2879 7.33564
2880 7.20975
2881 7.04324
2882 7.4438
2883 7.19213
2884 7.49716
2885 7.3932
2886 7.55549
2887 7.5685
2888 7.57327
2889 7.35063
2890 7.22406
2891 7.19381
2892 7.27579
2893 7.12092
2894 7.45956
2895 7.81575
2896 7.53739
2897 7.49087
2898 7.73832
2899 7.99955
2900 7.31136
2901 7.70964
2902 7.39042
2903 7.25555
2904 7.46328
2905 7.65655
2906 7.67803
2907 7.58233
2908 7.922
2909 7.62312
2910 7.28084
2911 7.50951
2912 7.49936
2913 7.97576
2914 7.79471
2915 7.85257
2916 7.9776
2917 7.58224
2918 7.14697
2919 7.73484
2920 8.04118
2921 7.94941
2922 7.85315
2923 7.79267
2924 7.94596
2925 7.79487
2926 8.18158
2927 7.46953
2928 8.04795
2929 7.96958
2930 7.82754
2931 7.58914
2932 7.86478
2933 7.51276
2934 7.50793
2935 7.53726
2936 6.94828
2937 6.91545
2938 7.01267
2939 7.39255
2940 7.79183
2941 7.95809
2942 7.81069
2943 7.67803
2944 7.97617
2945 7.96789
2946 7.36814
2947 7.63281
2948 7.59563
2949 7.2407
2950 7.16574
2951 6.86556
2952 7.14876
2953 7.04705
2954 7.27495
2955 7.52282
2956 7.82651
2957 7.59384
2958 7.60237
2959 7.56863
2960 7.87217
2961 7.9689
2962 7.86763
2963 7.25684
2964 7.38166
2965 7.53258
2966 7.32375
2967 7.61768
2968 7.80008
2969 7.70429
2970 7.34053
2971 7.13924
2972 7.1085
2973 7.13309
2974 7.00997
2975 7.13336
2976 6.8106
2977 7.15075
2978 7.458
2979 7.57399
2980 7.36044
2981 7.28893
2982 7.6507
2983 7.6066
2984 7.31208
2985 7.37362
2986 6.95582
2987 7.52732
2988 7.65243
2989 7.53435
2990 7.58593
2991 7.67253
2992 7.92147
2993 8.3378
2994 8.09755
2995 7.97283
2996 7.94915
2997 8.01194
2998 8.00771
2999 8.00511
3000 7.83362
