 1 81.0019 0
 2 76.8862 2.91024
 3 75.3813 2.29654
 4 75.459 1.72372
 5 76.7679 1.8089
 6 77.966 1.8624
 7 78.8088 1.77684
 8 78.426 1.59544
 9 78.1065 1.4498
 10 78.6748 1.41181
 11 78.3176 1.32787
 12 78.3388 1.21738
 13 78.4463 1.12847
 14 78.2393 1.06667
 15 78.4238 1.01138
 16 78.3391 0.951703
 17 78.6483 0.944628
 18 78.7105 0.894188
 19 79.1769 0.961136
 20 78.8117 0.98003
 1 71.0834 0
 2 75.478 3.10742
 3 75.9547 2.10787
 4 75.5103 1.62707
 5 75.9127 1.35051
 6 75.2575 1.27452
 7 75.0909 1.10327
 8 74.8881 0.983838
 9 74.8897 0.874524
 10 75.7141 1.10955
 11 77.0853 1.65131
 12 77.2016 1.51779
 13 77.642 1.46353
 14 77.9657 1.39434
 15 78.4016 1.36781
 16 78.9849 1.40119
 17 78.8488 1.32537
 18 78.858 1.25177
 19 79.042 1.19933
 20 79.3856 1.18755
 1 74.3465 0
 2 74.8963 0.388796
 3 74.9866 0.269478
 4 74.4999 0.467484
 5 75.4978 0.96776
 6 75.7047 0.828298
 7 75.5309 0.727983
 8 76.666 1.23823
 9 76.7745 1.10539
 10 77.6516 1.29697
 11 77.8123 1.18899
 12 78.3348 1.19922
 13 78.3481 1.10705
 14 78.7295 1.0917
 15 78.0362 1.21936
 16 78.0455 1.14319
 17 78.0446 1.07594
 18 78.4919 1.10525
 19 78.2738 1.06838
 20 78.6646 1.08407
 1 77.3977 0
 2 79.3377 1.37172
 3 81.4801 1.97392
 4 79.6094 2.19461
 5 78.3717 2.07556
 6 79.1122 1.85701
 7 79.6688 1.67308
 8 80.7849 1.79805
 9 80.1449 1.70836
 10 80.1452 1.53753
 11 80.6686 1.48416
 12 81.0571 1.41043
 13 80.8753 1.3136
 14 81.2567 1.27395
 15 80.7518 1.28517
 16 81.1597 1.26792
 17 81.2202 1.19478
 18 81.1633 1.12976
 19 81.0003 1.082
 20 81.0187 1.02806
 1 83.5004 0
 2 80.9254 1.82075
 3 80.6324 1.23719
 4 81.5399 1.21598
 5 80.5786 1.29825
 6 79.9688 1.21669
 7 80.6233 1.20613
 8 80.3919 1.07734
 9 80.6492 0.987876
 10 80.6874 0.889829
 11 80.2824 0.896383
 12 80.6831 0.906822
 13 80.5194 0.851717
 14 80.0534 0.90946
 15 80.6599 1.03143
 16 79.9091 1.20975
 17 79.9573 1.13954
 18 80.0745 1.08225
 19 80.1499 1.02791
 20 80.5305 1.04458
 1 39.9893 0
 2 40.3425 0.249784
 3 42.8285 2.03655
 4 43.2197 1.56454
 5 43.7398 1.33528
 6 43.3523 1.1676
 7 43.2704 1.00367
 8 43.8118 1.01375
 9 42.8494 1.27874
 10 42.379 1.23436
 11 42.4368 1.1235
 12 42.3164 1.03631
 13 41.946 1.02063
 14 42.1851 0.975327
 15 41.9834 0.93093
 16 41.8462 0.882796
 17 41.8658 0.831086
 18 42.0058 0.796619
 19 41.8449 0.770779
 20 41.414 0.84413
 1 46.0671 0
 2 45.8155 0.177911
 3 46.2185 0.349777
 4 44.1578 1.8038
 5 43.4269 1.58422
 6 43.4786 1.32103
 7 43.4681 1.13235
 8 43.1495 1.03467
 9 42.7363 0.998817
 10 42.4766 0.932064
 11 42.6165 0.85776
 12 42.6207 0.78629
 13 42.5352 0.730433
 14 42.9272 0.776335
 15 42.8105 0.733299
 16 42.5981 0.717572
 17 42.7835 0.698916
 18 43.1945 0.771491
 19 43.2075 0.730997
 20 43.1523 0.69653
 1 41.4991 0
 2 44.1399 1.86732
 3 43.9594 1.25357
 4 43.5331 1.01008
 5 41.8202 1.7321
 6 41.63 1.45382
 7 41.9493 1.28072
 8 41.9614 1.12069
 9 42.6728 1.20092
 10 42.6436 1.08119
 11 42.5704 0.985369
 12 42.0093 1.05093
 13 42.4285 1.05034
 14 42.2863 0.9849
 15 42.3294 0.920184
 16 42.2334 0.867667
 17 41.7999 0.91857
 18 41.6051 0.887937
 19 41.8934 0.886755
 20 41.7831 0.849249
 1 41.6124 0
 2 42.5884 0.690123
 3 42.1373 0.589342
 4 42.1224 0.442195
 5 42.055 0.358863
 6 42.7526 0.703581
 7 43.3482 0.817144
 8 43.4969 0.728413
 9 43.4373 0.649911
 10 43.469 0.585693
 11 43.526 0.535211
 12 43.6318 0.500966
 13 43.3076 0.557599
 14 43.4166 0.528323
 15 42.9407 0.674196
 16 43.0832 0.646955
 17 42.962 0.620149
 18 43.1132 0.603836
 19 43.0166 0.579724
 20 42.9503 0.554515
 1 41.4819 0
 2 40.2426 0.876327
 3 41.4977 1.17959
 4 40.9628 0.998647
 5 41.012 0.800128
 6 41.4487 0.776895
 7 41.681 0.699781
 8 41.0908 0.824499
 9 41.0902 0.732888
 10 41.643 0.842649
 11 42.232 0.949893
 12 42.4261 0.890337
 13 42.7019 0.863508
 14 42.627 0.805066
 15 42.4596 0.768618
 16 42.2307 0.753895
 17 42.5945 0.792517
 18 42.5455 0.750006
 19 42.8728 0.778708
 20 43.1366 0.783153
 1 23.3734 0
 2 22.5695 0.568441
 3 22.7172 0.397673
 4 21.9573 0.722483
 5 22.1454 0.601975
 6 22.4352 0.567125
 7 22.8159 0.600446
 8 22.2552 0.742404
 9 22.3239 0.663088
 10 22.2497 0.600919
 11 22.4355 0.574288
 12 22.6851 0.578133
 13 22.764 0.539024
 14 22.6272 0.517578
 15 22.5971 0.483949
 16 22.6124 0.453942
 17 22.6527 0.42903
 18 22.7111 0.409153
 19 22.6992 0.387794
 20 22.7165 0.368791
 1 25.6745 0
 2 26.0318 0.252663
 3 24.8374 0.989693
 4 24.5438 0.784605
 5 24.66 0.636238
 6 24.2156 0.667603
 7 23.688 0.752378
 8 23.6051 0.662876
 9 23.6247 0.58951
 10 23.4515 0.555415
 11 23.2108 0.554625
 12 23.0508 0.530991
 13 22.7425 0.572697
 14 22.7458 0.531799
 15 22.6542 0.504167
 16 22.8334 0.503507
 17 23.0529 0.519499
 18 23.1552 0.500614
 19 23.1092 0.476376
 20 23.1527 0.454543
 1 22.0442 0
 2 23.9385 1.33949
 3 22.3819 1.55332
 4 22.1426 1.18327
 5 22.2845 0.955084
 6 22.468 0.813345
 7 22.6049 0.708577
 8 22.8417 0.658372
 9 23.0733 0.624643
 10 23.1278 0.564549
 11 23.2077 0.518856
 12 23.309 0.485401
 13 23.1732 0.466677
 14 23.1394 0.434565
 15 23.2072 0.41085
 16 23.0396 0.41798
 17 22.962 0.400519
 18 22.9177 0.380713
 19 23.1364 0.418806
 20 23.1613 0.398604
 1 25.1727 0
 2 25.5985 0.301103
 3 24.9553 0.562282
 4 24.6267 0.508736
 5 24.3258 0.487931
 6 24.0145 0.496051
 7 23.8597 0.448685
 8 24.1582 0.481762
 9 24.4383 0.50308
 10 24.2476 0.487562
 11 24.0406 0.485207
 12 24.0713 0.445742
 13 23.8606 0.458542
 14 23.8156 0.427986
 15 23.616 0.443599
 16 23.4679 0.439893
 17 23.573 0.426401
 18 23.4603 0.417358
 19 23.509 0.398231
 20 23.3044 0.427679
 1 22.871 0
 2 23.0402 0.119606
 3 23.2552 0.192852
 4 23.0538 0.226619
 5 22.4797 0.544554
 6 22.5695 0.461137
 7 22.5579 0.395405
 8 22.7066 0.372878
 9 22.945 0.400473
 10 22.6616 0.449665
 11 22.7549 0.418359
 12 23.2184 0.586537
 13 23.0157 0.575379
 14 22.9054 0.544756
 15 23.0008 0.516718
 16 23.0771 0.490021
 17 23.0212 0.464367
 18 23.0254 0.438587
 19 23.1753 0.440367
 20 23.2332 0.422144
 1 14.2503 0
 2 14.4783 0.16124
 3 14.7088 0.216749
 4 14.5974 0.189012
 5 14.2894 0.314313
 6 13.8885 0.450044
 7 14.0766 0.423244
 8 14.1829 0.383456
 9 14.3533 0.376819
 10 14.3153 0.34105
 11 14.3158 0.310045
 12 14.228 0.296399
 13 14.1754 0.27822
 14 14.2457 0.267081
 15 14.2579 0.249554
 16 14.1777 0.246494
 17 14.1779 0.231995
 18 14.1121 0.228236
 19 14.1351 0.217372
 20 14.1112 0.207812
 1 15.1086 0
 2 15.0968 0.00832591
 3 14.8789 0.178014
 4 14.4347 0.407177
 5 14.2763 0.35525
 6 14.3909 0.313996
 7 14.32 0.277021
 8 14.1826 0.274388
 9 14.4168 0.328994
 10 14.3618 0.300656
 11 14.353 0.273453
 12 14.3776 0.251775
 13 14.2698 0.254441
 14 14.2072 0.243851
 15 14.1279 0.240139
 16 14.0931 0.227644
 17 14.1935 0.235354
 18 14.2106 0.2229
 19 14.2937 0.226125
 20 14.2803 0.215217
 1 15.1535 0
 2 14.6375 0.364856
 3 13.7412 0.771197
 4 13.6935 0.579874
 5 13.7551 0.467169
 6 13.9129 0.415083
 7 13.8634 0.358718
 8 13.8219 0.316272
 9 13.8684 0.284527
 10 13.8053 0.262986
 11 13.8506 0.242961
 12 13.845 0.22278
 13 13.8207 0.206965
 14 13.8495 0.19418
 15 13.8782 0.183339
 16 13.9371 0.181088
 17 13.8944 0.1754
 18 13.8751 0.166716
 19 13.8787 0.15798
 20 13.9464 0.163966
 1 13.1742 0
 2 13.2768 0.0725607
 3 13.1018 0.150826
 4 13.206 0.14471
 5 13.3541 0.175925
 6 13.2565 0.171586
 7 13.2029 0.155209
 8 13.2441 0.141166
 9 13.4525 0.233163
 10 13.298 0.255986
 11 13.3952 0.250508
 12 13.3659 0.23135
 13 13.388 0.214609
 14 13.4016 0.199715
 15 13.465 0.1962
 16 13.4837 0.184825
 17 13.5986 0.206575
 18 13.5903 0.195263
 19 13.5534 0.188441
 20 13.6711 0.212635
 1 13.581 0
 2 13.3974 0.12984
 3 13.2942 0.120791
 4 13.0581 0.223617
 5 13.2686 0.259679
 6 13.4277 0.260631
 7 13.55 0.25048
 8 13.361 0.281607
 9 13.3241 0.252727
 10 13.4383 0.251929
 11 13.4036 0.231398
 12 13.4734 0.222397
 13 13.607 0.2421
 14 13.6902 0.238663
 15 13.5509 0.260235
 16 13.5295 0.24485
 17 13.5355 0.230522
 18 13.5024 0.220082
 19 13.5496 0.213501
 20 13.5754 0.204377
 1 10.1536 0
 2 9.64821 0.35735
 3 9.43472 0.295193
 4 9.34797 0.233796
 5 9.30838 0.190358
 6 9.31705 0.158829
 7 9.33813 0.13753
 8 9.37545 0.1253
 9 9.36031 0.112289
 10 9.37934 0.102659
 11 9.29762 0.121572
 12 9.33042 0.115781
 13 9.32875 0.106887
 14 9.27868 0.110358
 15 9.29532 0.104247
 16 9.28764 0.0980135
 17 9.28965 0.0922686
 18 9.27909 0.0877453
 19 9.32052 0.092394
 20 9.30435 0.0891781
 1 9.30359 0
 2 9.30837 0.00338106
 3 9.33065 0.0183302
 4 9.54285 0.184285
 5 9.42462 0.181436
 6 9.47241 0.157365
 7 9.43677 0.138862
 8 9.38719 0.130054
 9 9.31169 0.135761
 10 9.29943 0.122737
 11 9.32355 0.113923
 12 9.29303 0.10844
 13 9.28635 0.100304
 14 9.26352 0.095703
 15 9.27993 0.09072
 16 9.28579 0.0852392
 17 9.28375 0.0802496
 18 9.29554 0.0766529
 19 9.28196 0.0738117
 20 9.27149 0.0708601
 1 10.0744 0
 2 9.87177 0.143314
 3 9.48851 0.327185
 4 9.53469 0.248626
 5 9.558 0.199991
 6 9.57954 0.167814
 7 9.58335 0.143884
 8 9.51862 0.1397
 9 9.49302 0.126502
 10 9.41962 0.133455
 11 9.45073 0.124895
 12 9.42122 0.117921
 13 9.44103 0.110502
 14 9.40657 0.107847
 15 9.38518 0.102756
 16 9.36922 0.0975657
 17 9.39488 0.0951393
 18 9.38793 0.090107
 19 9.35673 0.0906043
 20 9.36066 0.086159
 1 9.1104 0
 2 9.23639 0.0890924
 3 9.08533 0.136901
 4 9.16415 0.123294
 5 9.19844 0.103294
 6 9.35844 0.169538
 7 9.31019 0.152028
 8 9.32713 0.133964
 9 9.29941 0.121914
 10 9.26509 0.11445
 11 9.21027 0.116437
 12 9.20124 0.107083
 13 9.14712 0.11169
 14 9.21656 0.123425
 15 9.19392 0.117256
 16 9.20059 0.110117
 17 9.1737 0.106874
 18 9.17336 0.100937
 19 9.16472 0.095994
 20 9.13484 0.0957308
 1 8.65213 0
 2 8.77594 0.087545
 3 9.01252 0.201796
 4 8.98618 0.153057
 5 9.06888 0.143057
 6 9.06974 0.119216
 7 9.03073 0.10838
 8 8.97825 0.106786
 9 8.96754 0.0954567
 10 9.01599 0.0974354
 11 9.04761 0.0935663
 12 8.96851 0.114421
 13 8.97025 0.105632
 14 8.90384 0.117119
 15 8.9592 0.121692
 16 9.03255 0.134387
 17 9.05538 0.128406
 18 9.0682 0.121911
 19 9.09082 0.117575
 20 9.11409 0.113976
 1 6.47248 0
 2 6.63308 0.113564
 3 6.51324 0.12372
 4 6.53352 0.0944365
 5 6.58315 0.087624
 6 6.60951 0.0768838
 7 6.5685 0.0760534
 8 6.54586 0.0698372
 9 6.60733 0.0849248
 10 6.70353 0.119041
 11 6.66568 0.114076
 12 6.63381 0.108932
 13 6.61358 0.102413
 14 6.61783 0.0951854
 15 6.62958 0.0895621
 16 6.68054 0.097388
 17 6.70767 0.0953632
 18 6.72688 0.0919793
 19 6.72427 0.0871752
 20 6.71403 0.0834155
 1 6.28116 0
 2 6.49739 0.1529
 3 6.6881 0.186111
 4 6.60873 0.155593
 5 6.70229 0.149991
 6 6.67217 0.127982
 7 6.6706 0.109708
 8 6.61693 0.108333
 9 6.57474 0.104187
 10 6.54012 0.0993542
 11 6.53495 0.0904564
 12 6.53446 0.0829197
 13 6.5548 0.0789946
 14 6.58237 0.0780175
 15 6.57866 0.0729045
 16 6.549 0.0741364
 17 6.58359 0.0774226
 18 6.55786 0.077278
 19 6.57548 0.0751924
 20 6.58544 0.0720897
 1 6.96226 0
 2 6.92969 0.0230324
 3 6.88884 0.0367189
 4 6.77049 0.106129
 5 6.71639 0.0977217
 6 6.74834 0.0865001
 7 6.81963 0.0992623
 8 6.75937 0.103543
 9 6.70784 0.104073
 10 6.73652 0.0975362
 11 6.77255 0.095091
 12 6.78431 0.087892
 13 6.74865 0.0880715
 14 6.79816 0.0946795
 15 6.80154 0.088428
 16 6.85806 0.0993339
 17 6.84047 0.0950346
 18 6.86522 0.0929201
 19 6.85861 0.0882643
 20 6.8605 0.0838714
 1 6.17349 0
 2 6.51966 0.244781
 3 6.64588 0.193007
 4 6.66442 0.145642
 5 6.64346 0.118012
 6 6.62863 0.09927
 7 6.58671 0.0935248
 8 6.62255 0.0884358
 9 6.60264 0.0808199
 10 6.64186 0.081703
 11 6.62268 0.0764927
 12 6.64067 0.0722024
 13 6.64339 0.0666993
 14 6.61364 0.0682481
 15 6.6023 0.0646331
 16 6.61022 0.0610769
 17 6.61051 0.0574848
 18 6.60418 0.0546386
 19 6.61654 0.0531416
 20 6.643 0.0566913
 1 6.45976 0
 2 6.34515 0.081042
 3 6.41991 0.0815216
 4 6.44618 0.0652357
 5 6.48154 0.0610227
 6 6.56935 0.0949263
 7 6.67743 0.128971
 8 6.6643 0.113516
 9 6.6535 0.101416
 10 6.62556 0.0950444
 11 6.57922 0.0970481
 12 6.57936 0.0889608
 13 6.58549 0.0823287
 14 6.59956 0.0776405
 15 6.62585 0.0767855
 16 6.64111 0.0734872
 17 6.62957 0.0700638
 18 6.64859 0.0687027
 19 6.66444 0.066891
 20 6.64003 0.067854
 1 5.10668 0
 2 5.05275 0.0381329
 3 5.05546 0.0255184
 4 5.06277 0.0201591
 5 5.0562 0.0171648
 6 5.00363 0.0500758
 7 4.93596 0.0759461
 8 4.91116 0.0703857
 9 4.91824 0.0629198
 10 4.93003 0.0577228
 11 4.93439 0.0526393
 12 4.9534 0.0515741
 13 4.94031 0.0492401
 14 4.93986 0.0457251
 15 4.92962 0.0438077
 16 4.96012 0.0505854
 17 4.98268 0.0523998
 18 4.98431 0.049514
 19 4.98803 0.0470474
 20 4.99487 0.045189
 1 5.30089 0
 2 5.25687 0.031124
 3 5.25128 0.0212455
 4 5.2148 0.035383
 5 5.17713 0.0440091
 6 5.17163 0.0370157
 7 5.15618 0.0348045
 8 5.12141 0.0445594
 9 5.1266 0.0399095
 10 5.12634 0.0359194
 11 5.1603 0.0459891
 12 5.15281 0.042763
 13 5.17936 0.0469967
 14 5.17152 0.0442884
 15 5.16437 0.0419083
 16 5.15178 0.0411379
 17 5.13508 0.0419702
 18 5.14147 0.040122
 19 5.13876 0.0381018
 20 5.13694 0.03624
 1 5.03682 0
 2 4.94214 0.0669503
 3 4.91448 0.0500226
 4 4.98223 0.0696429
 5 4.94335 0.0656756
 6 4.96042 0.056905
 7 4.94073 0.0520698
 8 4.93165 0.0463464
 9 4.90895 0.046425
 10 4.89688 0.0433238
 11 4.93354 0.0526572
 12 4.94225 0.0489851
 13 4.96991 0.0524453
 14 4.98312 0.0503356
 15 5.00053 0.0499021
 16 5.00406 0.0469079
 17 4.99465 0.0450829
 18 4.98913 0.0429153
 19 4.98424 0.0409344
 20 4.97535 0.0398396
 1 5.37179 0
 2 5.11962 0.178315
 3 5.0108 0.148411
 4 5.03278 0.112924
 5 5.1066 0.111896
 6 5.0848 0.0953467
 7 5.1055 0.0839422
 8 5.07678 0.0782081
 9 5.05733 0.0718961
 10 5.05964 0.0647436
 11 5.05743 0.0588956
 12 5.05975 0.0540334
 13 5.07947 0.0533548
 14 5.06664 0.0510636
 15 5.08523 0.0509306
 16 5.06616 0.0511935
 17 5.08016 0.050061
 18 5.06396 0.0498331
 19 5.05616 0.0478164
 20 5.04782 0.046148
 1 5.3457 0
 2 5.21572 0.0919094
 3 5.17087 0.071384
 4 5.14524 0.0579579
 5 5.06458 0.0857535
 6 5.07239 0.0718157
 7 5.04263 0.0674431
 8 5.035 0.0594421
 9 5.01447 0.0562704
 10 5.01419 0.0506441
 11 4.99485 0.0495971
 12 5.00557 0.0466081
 13 5.01242 0.0435233
 14 5.00529 0.0409947
 15 4.99134 0.0405636
 16 5.00179 0.0393514
 17 4.99672 0.0373614
 18 5.00504 0.0361996
 19 4.97986 0.0421553
 20 5.00114 0.0451027
 1 4.02145 0
 2 3.95113 0.049726
 3 3.91391 0.0449702
 4 4.01196 0.0913627
 5 4.02435 0.0739256
 6 4.03179 0.0619778
 7 3.97833 0.0726062
 8 3.95765 0.0664091
 9 3.99258 0.067595
 10 3.97226 0.0638164
 11 3.97738 0.0582199
 12 3.95984 0.0559481
 13 3.94233 0.0543172
 14 3.9459 0.0505548
 15 3.94316 0.0472585
 16 3.94427 0.0443178
 17 3.93539 0.0425913
 18 3.93887 0.040367
 19 3.93664 0.0383038
 20 3.93691 0.0363896
 1 4.05316 0
 2 3.98917 0.045248
 3 4.04413 0.0540697
 4 3.9941 0.0593431
 5 3.97033 0.0520183
 6 3.98944 0.046725
 7 3.9715 0.0433566
 8 3.96325 0.0387131
 9 3.94282 0.0394388
 10 3.96431 0.040935
 11 3.98766 0.0433631
 12 3.99494 0.0403571
 13 4.0056 0.0386348
 14 3.99151 0.0383577
 15 3.99073 0.0358085
 16 3.99282 0.0336312
 17 3.98743 0.0320811
 18 3.97622 0.0321984
 19 3.97571 0.0305078
 20 3.98364 0.0299948
 1 3.9262 0
 2 4.07363 0.104247
 3 4.07636 0.0695337
 4 4.06128 0.0537627
 5 4.04839 0.0445265
 6 4.02959 0.0408852
 7 4.0276 0.0350925
 8 4.00974 0.0349583
 9 3.99712 0.0332748
 10 3.98916 0.0308846
 11 3.97921 0.029636
 12 3.97277 0.0278579
 13 3.97686 0.0260137
 14 4.00166 0.0339832
 15 4.01073 0.0329051
 16 4.01254 0.0308982
 17 4.00825 0.0293774
 18 4.00892 0.027753
 19 3.99093 0.0315868
 20 3.99736 0.030654
 1 3.98664 0
 2 3.87653 0.0778632
 3 3.86638 0.0525658
 4 3.88887 0.0439742
 5 3.89364 0.0354363
 6 3.87967 0.0321634
 7 3.86156 0.0322678
 8 3.83825 0.0356749
 9 3.88734 0.0561033
 10 3.92693 0.0629313
 11 3.92929 0.0572544
 12 3.93732 0.0530428
 13 3.98007 0.0639122
 14 3.95992 0.0624431
 15 3.97002 0.0590907
 16 3.96279 0.0558375
 17 3.94836 0.0543867
 18 3.95107 0.051433
 19 3.94996 0.048738
 20 3.94273 0.0468346
 1 4.03478 0
 2 4.12577 0.0643411
 3 4.15487 0.0490341
 4 4.10116 0.0592963
 5 4.05643 0.0620559
 6 3.99658 0.0752227
 7 4.00192 0.0646657
 8 3.98831 0.0579974
 9 4.01238 0.0563272
 10 4.00502 0.0511729
 11 3.99276 0.047968
 12 4.00329 0.045113
 13 3.9882 0.0440956
 14 3.98715 0.0409586
 15 3.98165 0.0385949
 16 3.97345 0.0370436
 17 3.9731 0.0348662
 18 3.9709 0.0329986
 19 3.98602 0.0345517
 20 3.98781 0.0328708
 1 3.16844 0
 2 3.15317 0.0107977
 3 3.17424 0.0186465
 4 3.18468 0.0166532
 5 3.18752 0.0135629
 6 3.20442 0.019128
 7 3.21415 0.0187084
 8 3.20776 0.0174275
 9 3.22207 0.0205376
 10 3.24584 0.0291582
 11 3.24942 0.0267263
 12 3.24885 0.024505
 13 3.23854 0.0246931
 14 3.22479 0.026482
 15 3.2185 0.025454
 16 3.2151 0.0240882
 17 3.21427 0.0226858
 18 3.21535 0.0214515
 19 3.2178 0.0204611
 20 3.21535 0.0195838
 1 3.26866 0
 2 3.2621 0.00463713
 3 3.25411 0.00721944
 4 3.25866 0.00669473
 5 3.24005 0.0174887
 6 3.23468 0.0153739
 7 3.22646 0.015218
 8 3.22684 0.0133204
 9 3.22856 0.0119508
 10 3.20949 0.0210482
 11 3.22459 0.0239476
 12 3.21857 0.0226971
 13 3.21728 0.0209878
 14 3.21673 0.0194957
 15 3.21684 0.0181963
 16 3.21441 0.0172214
 17 3.21795 0.0165677
 18 3.22242 0.0162403
 19 3.219 0.0157424
 20 3.21897 0.0149553
 1 3.20105 0
 2 3.16321 0.0267536
 3 3.17866 0.0218456
 4 3.23388 0.0505495
 5 3.23011 0.0405797
 6 3.20557 0.0405662
 7 3.20003 0.0351471
 8 3.21674 0.034496
 9 3.22125 0.0309571
 10 3.21772 0.0280617
 11 3.21851 0.0255219
 12 3.21658 0.0234681
 13 3.21789 0.0216995
 14 3.22618 0.0216745
 15 3.2171 0.0220518
 16 3.20895 0.0221281
 17 3.21512 0.0216706
 18 3.21745 0.0205916
 19 3.22489 0.0208098
 20 3.22643 0.0198259
 1 3.33614 0
 2 3.22367 0.0795294
 3 3.17242 0.0675439
 4 3.19536 0.0544142
 5 3.2012 0.0438444
 6 3.20682 0.0368956
 7 3.21067 0.0318241
 8 3.21338 0.0279617
 9 3.20883 0.0252228
 10 3.22089 0.0254234
 11 3.20007 0.0304693
 12 3.19207 0.0289624
 13 3.19189 0.026735
 14 3.182 0.0265928
 15 3.18565 0.0250688
 16 3.18953 0.0238015
 17 3.18686 0.0225513
 18 3.18629 0.0213055
 19 3.18269 0.0204859
 20 3.18475 0.0195651
 1 3.24548 0
 2 3.21287 0.0230585
 3 3.21128 0.0154268
 4 3.26202 0.0454402
 5 3.26528 0.0364686
 6 3.25304 0.0323779
 7 3.24679 0.0283497
 8 3.26622 0.0307508
 9 3.251 0.0308718
 10 3.25511 0.0280575
 11 3.24666 0.0267491
 12 3.25835 0.0269509
 13 3.25992 0.0249236
 14 3.25522 0.0235831
 15 3.25479 0.0220147
 16 3.24223 0.0239583
 17 3.23354 0.0240723
 18 3.22958 0.0230581
 19 3.23174 0.0219456
 20 3.23462 0.0210361
 1 2.6059 0
 2 2.66945 0.0449427
 3 2.65463 0.0323135
 4 2.64873 0.0247676
 5 2.66274 0.0234406
 6 2.66004 0.0196887
 7 2.66201 0.0169743
 8 2.68569 0.0266693
 9 2.67726 0.0250009
 10 2.69223 0.0266077
 11 2.68439 0.0253184
 12 2.68049 0.0235064
 13 2.69451 0.0255384
 14 2.69699 0.0238343
 15 2.70255 0.0228832
 16 2.70561 0.0216571
 17 2.70151 0.020768
 18 2.69597 0.0203394
 19 2.696 0.0192689
 20 2.70081 0.0188965
 1 2.62491 0
 2 2.65636 0.0222405
 3 2.63936 0.0203125
 4 2.66649 0.0280013
 5 2.67882 0.0249702
 6 2.67654 0.0209122
 7 2.6774 0.0179424
 8 2.68605 0.0176626
 9 2.69248 0.0168287
 10 2.70245 0.0178592
 11 2.69747 0.0169178
 12 2.69447 0.0157719
 13 2.68937 0.0153583
 14 2.68046 0.01665
 15 2.6837 0.0158518
 16 2.68432 0.0148733
 17 2.68076 0.0144171
 18 2.67812 0.0138569
 19 2.68325 0.0140453
 20 2.68591 0.0135931
 1 2.63955 0
 2 2.68917 0.0350877
 3 2.68307 0.0239158
 4 2.69045 0.0190397
 5 2.69861 0.0168914
 6 2.68819 0.0169901
 7 2.69226 0.0150436
 8 2.70449 0.017437
 9 2.69976 0.016127
 10 2.69626 0.0148908
 11 2.69329 0.0138304
 12 2.69668 0.013089
 13 2.69417 0.0123214
 14 2.69299 0.011498
 15 2.69209 0.0107663
 16 2.69094 0.0101546
 17 2.69765 0.0115651
 18 2.69418 0.011433
 19 2.69299 0.0108925
 20 2.69221 0.0103757
 1 2.6936 0
 2 2.75822 0.0456941
 3 2.67912 0.0714108
 4 2.66381 0.0551735
 5 2.62495 0.056185
 6 2.64025 0.0488599
 7 2.65654 0.0445138
 8 2.66767 0.0403171
 9 2.66211 0.036219
 10 2.64737 0.0354689
 11 2.65344 0.0327591
 12 2.65429 0.0300402
 13 2.65674 0.0278289
 14 2.66623 0.0274141
 15 2.66954 0.0257855
 16 2.67176 0.0242686
 17 2.67493 0.0230479
 18 2.67845 0.0220339
 19 2.67758 0.0208911
 20 2.67995 0.0199796
 1 2.73714 0
 2 2.72461 0.00886415
 3 2.73747 0.0120501
 4 2.73413 0.00948857
 5 2.7413 0.00993811
 6 2.70365 0.035353
 7 2.70256 0.0303195
 8 2.69481 0.0275024
 9 2.69926 0.024804
 10 2.68559 0.0258169
 11 2.67907 0.0242794
 12 2.67315 0.0229677
 13 2.67665 0.0214666
 14 2.68285 0.0208095
 15 2.67274 0.0217389
 16 2.66968 0.0205946
 17 2.66418 0.0201049
 18 2.67314 0.0208905
 19 2.67353 0.0197947
 20 2.67829 0.0193686
 1 2.32165 0
 2 2.27443 0.0333865
 3 2.30159 0.031418
 4 2.28517 0.0275204
 5 2.25983 0.0316008
 6 2.27589 0.0301423
 7 2.28627 0.0275631
 8 2.28679 0.0241227
 9 2.29235 0.0220743
 10 2.29326 0.0198857
 11 2.29889 0.018858
 12 2.29959 0.0172994
 13 2.30045 0.0159899
 14 2.30624 0.0158625
 15 2.30036 0.015858
 16 2.29711 0.0151972
 17 2.29727 0.0143042
 18 2.30181 0.0142102
 19 2.30299 0.0135117
 20 2.3023 0.0128538
 1 2.17802 0
 2 2.19379 0.011154
 3 2.24281 0.0407092
 4 2.27871 0.0435725
 5 2.29313 0.0371686
 6 2.27982 0.0332733
 7 2.28097 0.0285401
 8 2.28194 0.0249888
 9 2.27881 0.0224068
 10 2.2685 0.0224147
 11 2.27146 0.0205722
 12 2.27066 0.0188735
 13 2.267 0.0177718
 14 2.26865 0.0165782
 15 2.26692 0.015563
 16 2.26754 0.0146028
 17 2.26962 0.0138909
 18 2.27112 0.0131999
 19 2.26831 0.0128008
 20 2.26538 0.0124918
 1 2.21707 0
 2 2.23462 0.0124086
 3 2.22209 0.0131538
 4 2.25405 0.0293826
 5 2.26623 0.025908
 6 2.2656 0.0215978
 7 2.25593 0.0205634
 8 2.2477 0.0195699
 9 2.25068 0.0176216
 10 2.25833 0.0174412
 11 2.25955 0.0158982
 12 2.27232 0.0190232
 13 2.27104 0.0176028
 14 2.27237 0.0163956
 15 2.26747 0.0160195
 16 2.26782 0.0150221
 17 2.2682 0.0141433
 18 2.27009 0.0134828
 19 2.26884 0.0128307
 20 2.26897 0.0121898
 1 2.33674 0
 2 2.36006 0.0164908
 3 2.2893 0.0588122
 4 2.31131 0.0480523
 5 2.2962 0.0407484
 6 2.29729 0.0339716
 7 2.30996 0.0313919
 8 2.29634 0.0302803
 9 2.28766 0.0281305
 10 2.28083 0.0261332
 11 2.28131 0.0237617
 12 2.27092 0.0239452
 13 2.26508 0.0228049
 14 2.26055 0.0216213
 15 2.25929 0.0202163
 16 2.26277 0.0192503
 17 2.25907 0.0184714
 18 2.26286 0.0178309
 19 2.25653 0.0179809
 20 2.25198 0.0176484
 1 2.23212 0
 2 2.23824 0.00433058
 3 2.2059 0.0265622
 4 2.20674 0.0199347
 5 2.18959 0.0221243
 6 2.20493 0.0231491
 7 2.20163 0.0200752
 8 2.20739 0.0183732
 9 2.2126 0.0170528
 10 2.23066 0.0230077
 11 2.22719 0.0211775
 12 2.22836 0.0194455
 13 2.22941 0.0179777
 14 2.23299 0.0170458
 15 2.23415 0.0159493
 16 2.23996 0.0159764
 17 2.24344 0.0154103
 18 2.24823 0.015279
 19 2.24925 0.0145091
 20 2.24902 0.0137854
 1 1.95269 0
 2 1.95934 0.00469615
 3 1.94825 0.00957814
 4 1.97093 0.0209165
 5 1.97619 0.017382
 6 1.9715 0.0151047
 7 1.95663 0.0188974
 8 1.9616 0.0171765
 9 1.96503 0.0156052
 10 1.9643 0.0140614
 11 1.96264 0.0128814
 12 1.96091 0.0119238
 13 1.95953 0.0110854
 14 1.9608 0.0103655
 15 1.9569 0.0103795
 16 1.95997 0.0101744
 17 1.9591 0.00961295
 18 1.95983 0.00910638
 19 1.9587 0.008697
 20 1.96006 0.00836806
 1 1.98571 0
 2 1.93485 0.0359651
 3 1.92388 0.0255964
 4 1.94426 0.0260812
 5 1.94955 0.0213953
 6 1.95114 0.017888
 7 1.95889 0.0169304
 8 1.96333 0.0153832
 9 1.95639 0.0151565
 10 1.95727 0.0136665
 11 1.94954 0.0144484
 12 1.948 0.0133254
 13 1.94318 0.0131463
 14 1.94085 0.0124106
 15 1.9436 0.0118822
 16 1.9411 0.0113983
 17 1.94402 0.0110964
 18 1.94189 0.0106832
 19 1.94034 0.0102323
 20 1.94148 0.009784
 1 1.85865 0
 2 1.89691 0.0270496
 3 1.90557 0.0193723
 4 1.90559 0.0145293
 5 1.92524 0.0210744
 6 1.92063 0.0180609
 7 1.92712 0.0166073
 8 1.93526 0.0164063
 9 1.94396 0.0167317
 10 1.94054 0.0154039
 11 1.94315 0.0142227
 12 1.94467 0.0131186
 13 1.94176 0.0124292
 14 1.9455 0.0120902
 15 1.94663 0.0113371
 16 1.9464 0.0106308
 17 1.94518 0.010076
 18 1.95096 0.0110522
 19 1.95375 0.0108173
 20 1.95286 0.0103134
 1 1.97648 0
 2 1.95959 0.0119401
 3 1.97619 0.0157127
 4 1.97996 0.0122281
 5 1.97677 0.0101877
 6 1.98501 0.0113393
 7 1.98229 0.0100391
 8 1.98671 0.00970837
 9 1.97537 0.0137418
 10 1.97196 0.0127826
 11 1.96926 0.0119027
 12 1.96774 0.0110078
 13 1.96635 0.0102489
 14 1.96986 0.0101
 15 1.96677 0.00988773
 16 1.96201 0.01035
 17 1.96447 0.0100282
 18 1.95837 0.0111705
 19 1.95689 0.0106809
 20 1.95402 0.0105243
 1 1.9833 0
 2 1.94917 0.0241278
 3 1.95541 0.0168715
 4 1.94387 0.0161232
 5 1.95616 0.0169443
 6 1.96703 0.0172582
 7 1.95979 0.0162404
 8 1.95818 0.0142893
 9 1.95272 0.0137057
 10 1.95476 0.0124852
 11 1.95927 0.0121378
 12 1.95931 0.0111264
 13 1.96198 0.0105854
 14 1.96054 0.00992711
 15 1.95352 0.0114795
 16 1.95877 0.0119016
 17 1.9563 0.0114563
 18 1.95595 0.0108251
 19 1.95513 0.0102866
 20 1.95752 0.0100478
 1 1.74298 0
 2 1.7153 0.0195741
 3 1.73037 0.0179361
 4 1.72671 0.0138203
 5 1.72849 0.0111706
 6 1.71605 0.0146857
 7 1.70707 0.0150863
 8 1.71232 0.0140866
 9 1.70522 0.0142002
 10 1.70543 0.0127817
 11 1.70671 0.0116844
 12 1.70657 0.0107116
 13 1.70018 0.0116401
 14 1.70019 0.0108086
 15 1.69665 0.0106527
 16 1.6975 0.0100207
 17 1.70252 0.010617
 18 1.70046 0.0102255
 19 1.69746 0.0101171
 20 1.69881 0.00970083
 1 1.70966 0
 2 1.72796 0.012939
 3 1.71968 0.010958
 4 1.69986 0.0190312
 5 1.70024 0.0152288
 6 1.71254 0.0169423
 7 1.71708 0.0151194
 8 1.70718 0.0161492
 9 1.70939 0.0145052
 10 1.70926 0.0130553
 11 1.70616 0.0122322
 12 1.71117 0.0121954
 13 1.70942 0.011381
 14 1.70997 0.0105812
 15 1.70954 0.00988473
 16 1.71316 0.00990977
 17 1.71333 0.00932821
 18 1.71398 0.00883283
 19 1.71534 0.00847192
 20 1.71397 0.00815809
 1 1.69164 0
 2 1.71505 0.016552
 3 1.70929 0.0119964
 4 1.71504 0.0102842
 5 1.70715 0.0108375
 6 1.70658 0.0090466
 7 1.71348 0.0100466
 8 1.7052 0.0117114
 9 1.71078 0.0116611
 10 1.70649 0.0112555
 11 1.71174 0.0113905
 12 1.71294 0.0105043
 13 1.71701 0.0104575
 14 1.72276 0.0111773
 15 1.72184 0.0104698
 16 1.72223 0.00982271
 17 1.72462 0.00953125
 18 1.72392 0.00902758
 19 1.72403 0.00855309
 20 1.7249 0.00816965
 1 1.77079 0
 2 1.72954 0.0291631
 3 1.71756 0.0217644
 4 1.72085 0.0165701
 5 1.72703 0.014362
 6 1.72285 0.012561
 7 1.72206 0.0107916
 8 1.72393 0.00960238
 9 1.72278 0.00860404
 10 1.72526 0.00809473
 11 1.72219 0.00791999
 12 1.72029 0.00748483
 13 1.71887 0.00704338
 14 1.72048 0.00672308
 15 1.71917 0.00640203
 16 1.71353 0.00811406
 17 1.71294 0.00765796
 18 1.71163 0.00734415
 19 1.71275 0.00704211
 20 1.7119 0.00674022
 1 1.77337 0
 2 1.72317 0.0354972
 3 1.73064 0.0244379
 4 1.74708 0.023206
 5 1.73626 0.020936
 6 1.73718 0.017467
 7 1.74032 0.015252
 8 1.73374 0.014698
 9 1.73612 0.0132562
 10 1.73444 0.0120365
 11 1.72977 0.0118135
 12 1.73361 0.0114353
 13 1.72859 0.0116054
 14 1.72817 0.0107837
 15 1.7241 0.0108085
 16 1.7189 0.0113112
 17 1.71758 0.0107233
 18 1.71904 0.0102268
 19 1.72211 0.0101384
 20 1.72515 0.010076
 1 1.50461 0
 2 1.5081 0.00247002
 3 1.51477 0.00568512
 4 1.5234 0.00860532
 5 1.52819 0.00810923
 6 1.53234 0.00774819
 7 1.52179 0.0118129
 8 1.52307 0.0104059
 9 1.52883 0.0107225
 10 1.52734 0.00975246
 11 1.52461 0.00924147
 12 1.52256 0.00869424
 13 1.52707 0.00912026
 14 1.52529 0.00864042
 15 1.52428 0.00812334
 16 1.52219 0.00788169
 17 1.52229 0.00741878
 18 1.52297 0.00703746
 19 1.51983 0.0073356
 20 1.51768 0.00727699
 1 1.51703 0
 2 1.49983 0.0121633
 3 1.50571 0.00942136
 4 1.50716 0.00717716
 5 1.50681 0.00575024
 6 1.51184 0.00663459
 7 1.51937 0.00900193
 8 1.52402 0.00899466
 9 1.52163 0.00830489
 10 1.52415 0.00784536
 11 1.52652 0.00748296
 12 1.52463 0.00709368
 13 1.52528 0.00657703
 14 1.52288 0.00653017
 15 1.51907 0.00711912
 16 1.52002 0.00673755
 17 1.52112 0.00643106
 18 1.52479 0.00704167
 19 1.52381 0.00673908
 20 1.52757 0.0073794
 1 1.52827 0
 2 1.5052 0.0163174
 3 1.5205 0.0165647
 4 1.50342 0.0193133
 5 1.50717 0.0158111
 6 1.4997 0.0148354
 7 1.50752 0.0146292
 8 1.50653 0.0128339
 9 1.50636 0.0114091
 10 1.50484 0.0103681
 11 1.51158 0.0114053
 12 1.51402 0.0107129
 13 1.51435 0.00989382
 14 1.50943 0.0103342
 15 1.51262 0.0101245
 16 1.51446 0.00965795
 17 1.51201 0.00939534
 18 1.51438 0.00916588
 19 1.5156 0.00876487
 20 1.51543 0.00832829
 1 1.49341 0
 2 1.51953 0.0184691
 3 1.55092 0.0284326
 4 1.54572 0.0217937
 5 1.53312 0.0207608
 6 1.52611 0.0184455
 7 1.52128 0.0164308
 8 1.5226 0.0144295
 9 1.51861 0.013365
 10 1.51702 0.0121224
 11 1.51807 0.0110649
 12 1.51676 0.0102199
 13 1.51543 0.00951953
 14 1.51634 0.00888282
 15 1.51714 0.00832638
 16 1.51814 0.00786669
 17 1.51972 0.00756066
 18 1.51824 0.00728417
 19 1.52103 0.0074157
 20 1.51887 0.00735367
 1 1.51564 0
 2 1.50185 0.00974857
 3 1.51996 0.0161489
 4 1.52174 0.0122095
 5 1.51926 0.0100153
 6 1.51232 0.0104791
 7 1.51854 0.0106681
 8 1.51963 0.00938978
 9 1.52282 0.00887416
 10 1.5194 0.00862241
 11 1.52145 0.00807902
 12 1.5228 0.00751812
 13 1.52104 0.00714428
 14 1.52157 0.00665356
 15 1.5215 0.00621027
 16 1.51601 0.00788449
 17 1.51466 0.00753612
 18 1.51272 0.00736356
 19 1.51416 0.00711519
 20 1.51511 0.0068231
 1 1.35608 0
 2 1.35056 0.00390889
 3 1.34392 0.00601138
 4 1.34498 0.00460133
 5 1.34072 0.0052968
 6 1.34376 0.00521383
 7 1.34144 0.00495841
 8 1.34761 0.00721509
 9 1.34663 0.00647944
 10 1.35275 0.00822673
 11 1.35348 0.00751191
 12 1.35525 0.00708933
 13 1.35528 0.00654408
 14 1.36093 0.00815594
 15 1.36096 0.00761229
 16 1.3582 0.00762204
 17 1.35615 0.00744292
 18 1.35667 0.00704716
 19 1.35506 0.00685604
 20 1.35315 0.0067745
 1 1.38882 0
 2 1.37613 0.00896753
 3 1.3683 0.0087537
 4 1.36485 0.00721268
 5 1.36299 0.00600628
 6 1.35501 0.00883571
 7 1.35706 0.00780652
 8 1.35975 0.00728112
 9 1.35372 0.00861802
 10 1.35407 0.00776343
 11 1.3492 0.00844933
 12 1.3506 0.00786042
 13 1.35238 0.00745597
 14 1.35283 0.00693683
 15 1.35474 0.00673236
 16 1.3546 0.00631316
 17 1.35536 0.00598738
 18 1.35518 0.00565728
 19 1.35274 0.00586422
 20 1.35579 0.00631495
 1 1.35187 0
 2 1.36438 0.00884732
 3 1.36768 0.00648542
 4 1.3661 0.00505325
 5 1.36071 0.00629311
 6 1.37012 0.0100679
 7 1.37017 0.00862976
 8 1.36507 0.00892848
 9 1.37196 0.0102536
 10 1.37233 0.00923474
 11 1.36826 0.0092452
 12 1.37022 0.00867969
 13 1.37229 0.00825481
 14 1.37007 0.00795704
 15 1.36921 0.00747376
 16 1.36816 0.00707984
 17 1.37092 0.00718059
 18 1.36818 0.00728532
 19 1.37013 0.007158
 20 1.37313 0.00740498
 1 1.35474 0
 2 1.37033 0.0110181
 3 1.36262 0.00967392
 4 1.34936 0.0135828
 5 1.35315 0.0113847
 6 1.36222 0.0125879
 7 1.35397 0.0132201
 8 1.36034 0.0130156
 9 1.36208 0.0116846
 10 1.36204 0.0105162
 11 1.36731 0.0108011
 12 1.36548 0.0100546
 13 1.37079 0.0105905
 14 1.37007 0.0098587
 15 1.36696 0.00968118
 16 1.36512 0.009248
 17 1.36658 0.00881789
 18 1.36714 0.00834591
 19 1.36857 0.00802753
 20 1.36812 0.00763835
 1 1.34627 0
 2 1.35505 0.00620698
 3 1.35129 0.00514826
 4 1.36393 0.0116054
 5 1.35469 0.0124336
 6 1.36402 0.0134133
 7 1.3679 0.0120459
 8 1.36971 0.0106757
 9 1.36806 0.00961716
 10 1.3677 0.00866188
 11 1.36877 0.00793997
 12 1.37022 0.00740852
 13 1.36622 0.00784231
 14 1.365 0.00737683
 15 1.36226 0.00737494
 16 1.36242 0.00691578
 17 1.36579 0.00728306
 18 1.36647 0.00690989
 19 1.36753 0.00662767
 20 1.3673 0.00630054
