 1 -0.976592 0
 2 -0.972936 0.00258518
 3 -0.970971 0.00235485
 4 -0.970984 0.00176618
 5 -0.972189 0.00177697
 6 -0.973395 0.00184515
 7 -0.974026 0.0016862
 8 -0.973569 0.00153618
 9 -0.973133 0.00142593
 10 -0.973723 0.00140004
 11 -0.973407 0.00130792
 12 -0.97346 0.00119999
 13 -0.973522 0.00110931
 14 -0.973326 0.00104728
 15 -0.973492 0.000990439
 16 -0.973363 0.000936865
 17 -0.97371 0.00094371
 18 -0.973795 0.000895103
 19 -0.974276 0.000968902
 20 -0.973941 0.000976659
 1 -0.9652 0
 2 -0.969516 0.00305187
 3 -0.970883 0.0023205
 4 -0.9705 0.00177164
 5 -0.970995 0.00148491
 6 -0.970249 0.00141238
 7 -0.970074 0.00122141
 8 -0.969878 0.00108439
 9 -0.969824 0.000965248
 10 -0.97072 0.00121541
 11 -0.972034 0.0016706
 12 -0.972203 0.00153992
 13 -0.972516 0.00145292
 14 -0.972931 0.0014072
 15 -0.973267 0.00135285
 16 -0.973877 0.001399
 17 -0.973831 0.00131746
 18 -0.973833 0.00124427
 19 -0.974059 0.00119913
 20 -0.974427 0.00119415
 1 -0.968672 0
 2 -0.9695 0.000585484
 3 -0.969261 0.000436264
 4 -0.96905 0.000374907
 5 -0.970194 0.00106593
 6 -0.970305 0.000894114
 7 -0.970091 0.000791557
 8 -0.971189 0.00123846
 9 -0.971423 0.00112277
 10 -0.972322 0.00132247
 11 -0.972561 0.00122354
 12 -0.973162 0.00126069
 13 -0.973203 0.00116438
 14 -0.973629 0.00115634
 15 -0.972862 0.00130898
 16 -0.972838 0.00122739
 17 -0.972919 0.00115783
 18 -0.973347 0.00117012
 19 -0.973128 0.00112879
 20 -0.973502 0.00113248
 1 -0.973824 0
 2 -0.975468 0.00116248
 3 -0.977515 0.00184206
 4 -0.975594 0.00216226
 5 -0.974221 0.00212151
 6 -0.974713 0.0018242
 7 -0.97536 0.0016743
 8 -0.976598 0.00186744
 9 -0.975863 0.00179874
 10 -0.97564 0.00163265
 11 -0.976069 0.00153958
 12 -0.976391 0.00144447
 13 -0.976199 0.00134605
 14 -0.976635 0.00131883
 15 -0.976024 0.0013653
 16 -0.976378 0.00132507
 17 -0.976345 0.00124754
 18 -0.976265 0.00118079
 19 -0.97608 0.00113303
 20 -0.976124 0.00107723
 1 -0.977968 0
 2 -0.975364 0.00184131
 3 -0.975619 0.00124502
 4 -0.97667 0.00130419
 5 -0.975619 0.00140425
 6 -0.975077 0.00127046
 7 -0.975698 0.0012314
 8 -0.975364 0.00112193
 9 -0.975564 0.00101502
 10 -0.975658 0.000917857
 11 -0.975236 0.000926376
 12 -0.9756 0.000917777
 13 -0.975473 0.000855973
 14 -0.975007 0.000912795
 15 -0.97557 0.00101063
 16 -0.974899 0.0011486
 17 -0.974926 0.00108135
 18 -0.975091 0.00103385
 19 -0.975171 0.000982486
 20 -0.975535 0.000998611
 1 -0.929568 0
 2 -0.9287 0.000613769
 3 -0.932688 0.0032818
 4 -0.93285 0.00246534
 5 -0.933819 0.00215438
 6 -0.933537 0.00181366
 7 -0.933163 0.00159264
 8 -0.933749 0.00149735
 9 -0.932805 0.00160095
 10 -0.932134 0.00157549
 11 -0.932459 0.00146547
 12 -0.932379 0.00134554
 13 -0.931767 0.00137414
 14 -0.932133 0.00132378
 15 -0.931814 0.00127319
 16 -0.931586 0.00121385
 17 -0.931561 0.0011427
 18 -0.931771 0.00109829
 19 -0.93149 0.00107594
 20 -0.930874 0.00118528
 1 -0.935296 0
 2 -0.936744 0.00102389
 3 -0.936835 0.000686596
 4 -0.93433 0.00222939
 5 -0.933229 0.00203741
 6 -0.933189 0.00169822
 7 -0.93312 0.00145703
 8 -0.932817 0.00130603
 9 -0.932333 0.00124726
 10 -0.932089 0.00114626
 11 -0.932287 0.00105897
 12 -0.932272 0.000970824
 13 -0.932191 0.000899486
 14 -0.932842 0.00104419
 15 -0.932643 0.000993371
 16 -0.932485 0.000943715
 17 -0.932659 0.000904154
 18 -0.93329 0.00105126
 19 -0.933342 0.000997217
 20 -0.933183 0.000959967
 1 -0.932432 0
 2 -0.935044 0.00184696
 3 -0.934368 0.00134936
 4 -0.933544 0.00123831
 5 -0.931237 0.00228909
 6 -0.931029 0.00191695
 7 -0.931359 0.00167118
 8 -0.931387 0.00146252
 9 -0.93219 0.0015045
 10 -0.932043 0.00136122
 11 -0.931916 0.00124343
 12 -0.931219 0.00132078
 13 -0.931825 0.00135131
 14 -0.931792 0.00125519
 15 -0.932048 0.00119733
 16 -0.931834 0.00114146
 17 -0.931307 0.00118984
 18 -0.93116 0.00113276
 19 -0.93146 0.00111211
 20 -0.931278 0.00107132
 1 -0.93004 0
 2 -0.933044 0.00212415
 3 -0.932675 0.00144785
 4 -0.932622 0.00108685
 5 -0.932782 0.000881234
 6 -0.933869 0.00123443
 7 -0.934149 0.0010892
 8 -0.934189 0.000953804
 9 -0.933766 0.000936851
 10 -0.933997 0.000871079
 11 -0.934036 0.000792755
 12 -0.934303 0.000770353
 13 -0.933785 0.000867641
 14 -0.933692 0.00081066
 15 -0.933097 0.000950479
 16 -0.933139 0.000892045
 17 -0.93306 0.000843086
 18 -0.933388 0.000857757
 19 -0.933184 0.000836719
 20 -0.933137 0.000796167
 1 -0.929792 0
 2 -0.928924 0.000613769
 3 -0.930576 0.00140955
 4 -0.930088 0.00113851
 5 -0.93015 0.000912515
 6 -0.930591 0.000860105
 7 -0.930422 0.000753644
 8 -0.92962 0.00099863
 9 -0.929724 0.000893116
 10 -0.930334 0.000990426
 11 -0.931254 0.00125665
 12 -0.931717 0.00123446
 13 -0.932038 0.0011803
 14 -0.932164 0.00110275
 15 -0.931906 0.00105907
 16 -0.931647 0.00102385
 17 -0.93212 0.00106709
 18 -0.931968 0.00101858
 19 -0.932473 0.00108306
 20 -0.932754 0.00106457
 1 -0.88128 0
 2 -0.884776 0.00247205
 3 -0.884707 0.001649
 4 -0.883644 0.00154159
 5 -0.883918 0.00125746
 6 -0.885016 0.00144982
 7 -0.885901 0.00148829
 8 -0.884699 0.00172022
 9 -0.884727 0.00152932
 10 -0.884961 0.00139413
 11 -0.885628 0.00141824
 12 -0.886052 0.00136185
 13 -0.885935 0.00126208
 14 -0.885694 0.00119484
 15 -0.885782 0.00111847
 16 -0.885848 0.00105046
 17 -0.885896 0.000989768
 18 -0.885842 0.000936215
 19 -0.885717 0.000895325
 20 -0.885789 0.000853495
 1 -0.894024 0
 2 -0.893196 0.000585484
 3 -0.891237 0.00164619
 4 -0.891006 0.00125079
 5 -0.890782 0.00102042
 6 -0.88992 0.00115883
 7 -0.888747 0.00147143
 8 -0.888653 0.00129053
 9 -0.888583 0.00114903
 10 -0.888143 0.00111516
 11 -0.887511 0.00117967
 12 -0.887088 0.00115456
 13 -0.886662 0.00114159
 14 -0.886663 0.00106004
 15 -0.886535 0.000997068
 16 -0.886883 0.000993474
 17 -0.887323 0.00102798
 18 -0.887532 0.000991919
 19 -0.887433 0.000944659
 20 -0.887408 0.000897753
 1 -0.882768 0
 2 -0.885564 0.00197707
 3 -0.884272 0.00168822
 4 -0.884012 0.00128603
 5 -0.884818 0.00125605
 6 -0.885119 0.00108219
 7 -0.885621 0.00103747
 8 -0.885985 0.000969685
 9 -0.886282 0.00090622
 10 -0.886219 0.000817756
 11 -0.885947 0.000787443
 12 -0.886315 0.000803401
 13 -0.886445 0.00075198
 14 -0.886277 0.00071674
 15 -0.886217 0.000671515
 16 -0.885908 0.000696622
 17 -0.885771 0.000669111
 18 -0.885691 0.000636668
 19 -0.886 0.000674121
 20 -0.885916 0.000645629
 1 -0.889856 0
 2 -0.890556 0.000494975
 3 -0.888411 0.00178247
 4 -0.888666 0.00135502
 5 -0.888013 0.00123143
 6 -0.887207 0.00126278
 7 -0.887407 0.00109814
 8 -0.887878 0.00105712
 9 -0.888379 0.00105156
 10 -0.888312 0.000948514
 11 -0.887904 0.000945974
 12 -0.887813 0.000871477
 13 -0.887516 0.000853756
 14 -0.887514 0.000792775
 15 -0.887458 0.000741947
 16 -0.887197 0.000739763
 17 -0.887199 0.000696248
 18 -0.887205 0.000657596
 19 -0.887107 0.000630299
 20 -0.886638 0.000753286
 1 -0.890792 0
 2 -0.888364 0.00171686
 3 -0.88788 0.00121087
 4 -0.887282 0.00104544
 5 -0.885858 0.00152401
 6 -0.885721 0.00127609
 7 -0.885247 0.0011787
 8 -0.88575 0.00113368
 9 -0.886104 0.00106155
 10 -0.885558 0.00108695
 11 -0.885482 0.000990753
 12 -0.886293 0.00119497
 13 -0.886152 0.00111137
 14 -0.886095 0.00103346
 15 -0.885854 0.00099226
 16 -0.885973 0.000937369
 17 -0.885808 0.000896634
 18 -0.885889 0.000850502
 19 -0.886165 0.000849385
 20 -0.886293 0.000816403
 1 -0.84004 0
 2 -0.840228 0.000132936
 3 -0.839397 0.000684002
 4 -0.839092 0.000577141
 5 -0.839026 0.000465517
 6 -0.838277 0.000785542
 7 -0.838351 0.000676754
 8 -0.839263 0.00103858
 9 -0.839384 0.000930208
 10 -0.839357 0.000837584
 11 -0.839591 0.000793386
 12 -0.839437 0.000741917
 13 -0.839237 0.000711399
 14 -0.839485 0.000702369
 15 -0.839255 0.000692066
 16 -0.839294 0.000649914
 17 -0.839302 0.000611729
 18 -0.839169 0.00059188
 19 -0.839283 0.000571529
 20 -0.839214 0.000547144
 1 -0.84472 0
 2 -0.842552 0.00153301
 3 -0.841608 0.00128007
 4 -0.840698 0.00124209
 5 -0.84088 0.00100691
 6 -0.840973 0.00084341
 7 -0.840656 0.000780341
 8 -0.840084 0.000867468
 9 -0.840004 0.000774803
 10 -0.839718 0.000748233
 11 -0.839847 0.000691357
 12 -0.839615 0.000671524
 13 -0.839402 0.000652922
 14 -0.839114 0.000666837
 15 -0.838801 0.000692027
 16 -0.838901 0.0006561
 17 -0.83932 0.000739273
 18 -0.839444 0.000708374
 19 -0.839707 0.000718246
 20 -0.839816 0.000690626
 1 -0.84144 0
 2 -0.840212 0.000868327
 3 -0.838576 0.00145583
 4 -0.838638 0.00109319
 5 -0.839022 0.000939709
 6 -0.839239 0.000807594
 7 -0.839729 0.000827873
 8 -0.839769 0.000725347
 9 -0.840027 0.000689001
 10 -0.840106 0.000624606
 11 -0.839815 0.000631704
 12 -0.839361 0.000724402
 13 -0.839239 0.000678755
 14 -0.839342 0.00063794
 15 -0.839313 0.000596077
 16 -0.839346 0.00055979
 17 -0.839172 0.000553461
 18 -0.839081 0.000530049
 19 -0.839184 0.000511918
 20 -0.839303 0.000500013
 1 -0.83932 0
 2 -0.838976 0.000243245
 3 -0.837515 0.00120414
 4 -0.837966 0.000984062
 5 -0.83824 0.000824514
 6 -0.838199 0.00068813
 7 -0.837968 0.000627296
 8 -0.83851 0.000747206
 9 -0.838521 0.000664263
 10 -0.838378 0.000613096
 11 -0.838743 0.000657428
 12 -0.838801 0.000605142
 13 -0.838858 0.000561346
 14 -0.838917 0.000524249
 15 -0.838963 0.000491321
 16 -0.838954 0.00046069
 17 -0.839028 0.000439456
 18 -0.838948 0.000422219
 19 -0.838835 0.000414856
 20 -0.83892 0.000402818
 1 -0.840048 0
 2 -0.839292 0.000534573
 3 -0.839208 0.000362921
 4 -0.838878 0.000394668
 5 -0.838181 0.00069897
 6 -0.838699 0.000750177
 7 -0.839248 0.000819828
 8 -0.838623 0.000925412
 9 -0.83851 0.000829432
 10 -0.838114 0.000835615
 11 -0.837921 0.000781772
 12 -0.837856 0.000719299
 13 -0.838066 0.000694075
 14 -0.838345 0.000697996
 15 -0.838054 0.000709218
 16 -0.83792 0.0006776
 17 -0.837906 0.000637869
 18 -0.837811 0.000609501
 19 -0.837782 0.000578122
 20 -0.837723 0.000552228
 1 -0.798168 0
 2 -0.796004 0.00153018
 3 -0.793693 0.00214478
 4 -0.793636 0.00160935
 5 -0.793514 0.00129213
 6 -0.79346 0.00107789
 7 -0.793387 0.000926342
 8 -0.793112 0.00085051
 9 -0.792467 0.000970429
 10 -0.79277 0.000919691
 11 -0.792539 0.000864726
 12 -0.79232 0.000819906
 13 -0.792348 0.000757325
 14 -0.791973 0.000790966
 15 -0.791737 0.000772651
 16 -0.791625 0.000732295
 17 -0.791457 0.000708247
 18 -0.791455 0.000668904
 19 -0.791768 0.000703257
 20 -0.791716 0.000670045
 1 -0.790424 0
 2 -0.790136 0.000203647
 3 -0.790701 0.000481144
 4 -0.79141 0.000711952
 5 -0.791302 0.000577635
 6 -0.791536 0.000526483
 7 -0.792111 0.00069778
 8 -0.792451 0.000688488
 9 -0.792115 0.000689262
 10 -0.791938 0.000642677
 11 -0.791673 0.000636498
 12 -0.7915 0.000606441
 13 -0.79147 0.000560525
 14 -0.791531 0.000523826
 15 -0.791637 0.00049939
 16 -0.791608 0.000469008
 17 -0.791367 0.000499702
 18 -0.791504 0.000490353
 19 -0.791499 0.000464563
 20 -0.791481 0.000441706
 1 -0.797616 0
 2 -0.796772 0.000596798
 3 -0.794883 0.00159312
 4 -0.793882 0.00147602
 5 -0.794082 0.00119424
 6 -0.793829 0.00102149
 7 -0.793979 0.000886524
 8 -0.793583 0.000859788
 9 -0.792769 0.00108315
 10 -0.792631 0.000983551
 11 -0.792741 0.000900255
 12 -0.792399 0.000887736
 13 -0.792711 0.000872369
 14 -0.792682 0.000810541
 15 -0.792501 0.000776317
 16 -0.79256 0.00073001
 17 -0.79255 0.000687142
 18 -0.792428 0.00065957
 19 -0.792317 0.000634192
 20 -0.792362 0.000604102
 1 -0.792464 0
 2 -0.791944 0.000367696
 3 -0.792229 0.00033818
 4 -0.792866 0.000606909
 5 -0.792472 0.000599938
 6 -0.793181 0.000818073
 7 -0.793342 0.000716754
 8 -0.793581 0.000665905
 9 -0.793398 0.00061649
 10 -0.793382 0.000555044
 11 -0.793305 0.000509991
 12 -0.793061 0.000522353
 13 -0.79288 0.000512681
 14 -0.792872 0.000476124
 15 -0.792701 0.000474164
 16 -0.79285 0.000467263
 17 -0.792866 0.000440081
 18 -0.792596 0.000491942
 19 -0.792671 0.000471824
 20 -0.792691 0.000448659
 1 -0.788864 0
 2 -0.789408 0.000384666
 3 -0.790869 0.00122042
 4 -0.79156 0.00109342
 5 -0.79123 0.000923078
 6 -0.791531 0.000816609
 7 -0.791517 0.000700072
 8 -0.791089 0.000731573
 9 -0.791175 0.000655335
 10 -0.791523 0.000675955
 11 -0.791735 0.000646918
 12 -0.791263 0.000745923
 13 -0.791228 0.000689364
 14 -0.791081 0.000655635
 15 -0.791202 0.000622996
 16 -0.791084 0.000595148
 17 -0.79122 0.000575632
 18 -0.791316 0.000551488
 19 -0.791221 0.000530569
 20 -0.791153 0.000508358
 1 -0.7466 0
 2 -0.746408 0.000135765
 3 -0.745192 0.000996977
 4 -0.7447 0.000860611
 5 -0.745046 0.000754991
 6 -0.745603 0.000808518
 7 -0.745819 0.000721488
 8 -0.745751 0.000634538
 9 -0.745943 0.000592402
 10 -0.746654 0.000859405
 11 -0.746419 0.000812691
 12 -0.746679 0.000785585
 13 -0.74678 0.000731616
 14 -0.746926 0.000693768
 15 -0.746931 0.000647531
 16 -0.747227 0.000671245
 17 -0.747128 0.000639015
 18 -0.747227 0.000611224
 19 -0.747005 0.000617933
 20 -0.746966 0.000588296
 1 -0.746328 0
 2 -0.7462 9.05097e-05
 3 -0.747144 0.000773131
 4 -0.746366 0.000888925
 5 -0.746293 0.000714147
 6 -0.745936 0.000678424
 7 -0.746223 0.000639282
 8 -0.745929 0.000623261
 9 -0.745796 0.000567931
 10 -0.745678 0.000523262
 11 -0.745697 0.000476014
 12 -0.745389 0.000526679
 13 -0.745686 0.000563658
 14 -0.745654 0.000524262
 15 -0.745468 0.000521269
 16 -0.745494 0.000489325
 17 -0.745624 0.000477498
 18 -0.745602 0.000451466
 19 -0.745621 0.000428097
 20 -0.745696 0.000413132
 1 -0.750176 0
 2 -0.748172 0.00141704
 3 -0.747699 0.00102069
 4 -0.7474 0.000808035
 5 -0.747442 0.000647498
 6 -0.747685 0.000583655
 7 -0.74775 0.000503814
 8 -0.747587 0.000466373
 9 -0.747386 0.000455902
 10 -0.747449 0.000414645
 11 -0.74743 0.000377384
 12 -0.74761 0.000386563
 13 -0.747412 0.00040423
 14 -0.747293 0.000392528
 15 -0.747286 0.000366418
 16 -0.747197 0.000354137
 17 -0.746944 0.000414487
 18 -0.747163 0.000445845
 19 -0.74726 0.000432735
 20 -0.747414 0.00043758
 1 -0.74752 0
 2 -0.74844 0.000650538
 3 -0.748595 0.000451704
 4 -0.748262 0.000444715
 5 -0.747568 0.000715459
 6 -0.747061 0.000754586
 7 -0.746438 0.000866994
 8 -0.746738 0.000808952
 9 -0.746377 0.000795595
 10 -0.746298 0.000719897
 11 -0.746196 0.000661643
 12 -0.746147 0.00060832
 13 -0.746273 0.000574282
 14 -0.746163 0.000543543
 15 -0.745895 0.000569541
 16 -0.745943 0.000535924
 17 -0.745984 0.000506001
 18 -0.745985 0.000477891
 19 -0.746095 0.000465187
 20 -0.74623 0.000461168
 1 -0.741464 0
 2 -0.74316 0.00119925
 3 -0.743992 0.00104914
 4 -0.744568 0.000931648
 5 -0.74537 0.00103419
 6 -0.745985 0.00102892
 7 -0.746259 0.000917716
 8 -0.746532 0.000842508
 9 -0.746479 0.000750554
 10 -0.747129 0.000914431
 11 -0.746625 0.000959889
 12 -0.746627 0.0008799
 13 -0.746892 0.000851178
 14 -0.746631 0.000829395
 15 -0.746616 0.000774246
 16 -0.746507 0.000733488
 17 -0.746589 0.000694877
 18 -0.746647 0.000658723
 19 -0.746704 0.000626469
 20 -0.746722 0.000595416
 1 -0.702616 0
 2 -0.702108 0.00035921
 3 -0.700629 0.00123085
 4 -0.701722 0.00132198
 5 -0.702906 0.0014964
 6 -0.703315 0.00130171
 7 -0.703389 0.00111785
 8 -0.70353 0.000987023
 9 -0.703119 0.000959072
 10 -0.703294 0.000879038
 11 -0.703369 0.000802262
 12 -0.703771 0.000830305
 13 -0.703936 0.000782594
 14 -0.704042 0.000733799
 15 -0.704091 0.00068651
 16 -0.704234 0.000658499
 17 -0.704358 0.000631173
 18 -0.704192 0.00061735
 19 -0.704189 0.000584867
 20 -0.704039 0.000574599
 1 -0.702912 0
 2 -0.703232 0.000226274
 3 -0.703525 0.000283052
 4 -0.703552 0.000213542
 5 -0.703669 0.000200244
 6 -0.70344 0.000267339
 7 -0.703933 0.000510367
 8 -0.704012 0.00045271
 9 -0.703972 0.000404133
 10 -0.704207 0.000426487
 11 -0.704664 0.000583112
 12 -0.704289 0.000644086
 13 -0.70458 0.00065726
 14 -0.704706 0.000622162
 15 -0.704793 0.000586711
 16 -0.704661 0.000564702
 17 -0.704467 0.00056372
 18 -0.704697 0.000577611
 19 -0.704576 0.000559723
 20 -0.704505 0.000536299
 1 -0.70336 0
 2 -0.702412 0.000670337
 3 -0.702173 0.000487531
 4 -0.701782 0.000498553
 5 -0.701765 0.000399139
 6 -0.701757 0.000332686
 7 -0.701824 0.000291762
 8 -0.701595 0.000333256
 9 -0.70162 0.000297198
 10 -0.701615 0.000267524
 11 -0.701791 0.000295125
 12 -0.701712 0.000280789
 13 -0.702014 0.00038917
 14 -0.702328 0.000471226
 15 -0.702332 0.000439826
 16 -0.70251 0.000446819
 17 -0.702519 0.000420628
 18 -0.702588 0.000403019
 19 -0.702464 0.000400684
 20 -0.702475 0.000380818
 1 -0.7092 0
 2 -0.705724 0.0024579
 3 -0.703904 0.00221208
 4 -0.704592 0.0017628
 5 -0.705458 0.00160879
 6 -0.705149 0.00136987
 7 -0.704714 0.00124134
 8 -0.704456 0.00111272
 9 -0.70453 0.000991524
 10 -0.704326 0.000913152
 11 -0.704064 0.0008668
 12 -0.704004 0.000796641
 13 -0.704227 0.000765958
 14 -0.704205 0.00071156
 15 -0.704159 0.000665587
 16 -0.703946 0.000657177
 17 -0.704024 0.000623072
 18 -0.703857 0.000610341
 19 -0.704001 0.00059485
 20 -0.703894 0.000574623
 1 -0.704576 0
 2 -0.70456 1.13137e-05
 3 -0.704499 5.06433e-05
 4 -0.70509 0.000513516
 5 -0.70447 0.000689848
 6 -0.704108 0.000663268
 7 -0.704206 0.000575668
 8 -0.704028 0.000530432
 9 -0.703703 0.000562256
 10 -0.703577 0.000520025
 11 -0.703319 0.000533034
 12 -0.703394 0.000493926
 13 -0.703416 0.000456421
 14 -0.703399 0.00042412
 15 -0.703317 0.000403815
 16 -0.703272 0.000381053
 17 -0.703148 0.000378204
 18 -0.703348 0.000406541
 19 -0.703441 0.000395697
 20 -0.70358 0.000399362
 1 -0.661824 0
 2 -0.661432 0.000277186
 3 -0.662496 0.000888188
 4 -0.663322 0.000977472
 5 -0.663446 0.000789854
 6 -0.663628 0.000678767
 7 -0.663315 0.000649796
 8 -0.663465 0.000585533
 9 -0.664239 0.000896414
 10 -0.66423 0.000806823
 11 -0.664131 0.000739487
 12 -0.664049 0.000682347
 13 -0.663883 0.000649798
 14 -0.663905 0.000603758
 15 -0.66389 0.000563708
 16 -0.663794 0.000536605
 17 -0.663828 0.000506133
 18 -0.663706 0.000492496
 19 -0.663745 0.000468155
 20 -0.663759 0.000444943
 1 -0.669064 0
 2 -0.66792 0.00080893
 3 -0.667253 0.000766242
 4 -0.665684 0.00147559
 5 -0.66527 0.00123708
 6 -0.664816 0.00111122
 7 -0.664079 0.00117174
 8 -0.66401 0.00102729
 9 -0.664307 0.000955024
 10 -0.664377 0.000862093
 11 -0.664433 0.00078558
 12 -0.66455 0.000728709
 13 -0.664493 0.000674886
 14 -0.664459 0.000627511
 15 -0.664399 0.000588585
 16 -0.664544 0.000569395
 17 -0.664568 0.000536427
 18 -0.664528 0.000508183
 19 -0.664658 0.000497923
 20 -0.664814 0.000496952
 1 -0.660472 0
 2 -0.66404 0.00252296
 3 -0.664131 0.0016836
 4 -0.663666 0.00132527
 5 -0.663842 0.00107179
 6 -0.664299 0.00098581
 7 -0.66452 0.000869472
 8 -0.663814 0.00100744
 9 -0.66357 0.000924628
 10 -0.663572 0.000832168
 11 -0.663569 0.00075652
 12 -0.663687 0.000702498
 13 -0.663885 0.000675857
 14 -0.664045 0.000646293
 15 -0.664129 0.000608563
 16 -0.664034 0.000577824
 17 -0.664121 0.000550406
 18 -0.66416 0.00052121
 19 -0.664137 0.000494312
 20 -0.664073 0.000473676
 1 -0.663272 0
 2 -0.663496 0.000158392
 3 -0.663571 0.00012193
 4 -0.663912 0.000309425
 5 -0.665141 0.0011266
 6 -0.664729 0.00101119
 7 -0.664317 0.000947237
 8 -0.664357 0.000829695
 9 -0.664597 0.00077153
 10 -0.665174 0.000884231
 11 -0.665067 0.000810354
 12 -0.665305 0.000776921
 13 -0.665448 0.00073026
 14 -0.665114 0.000750721
 15 -0.665043 0.000703977
 16 -0.664994 0.000661695
 17 -0.66481 0.000647756
 18 -0.664839 0.000612388
 19 -0.664889 0.000582209
 20 -0.664971 0.000558837
 1 -0.668336 0
 2 -0.668012 0.000229103
 3 -0.666872 0.000943254
 4 -0.667068 0.000727519
 5 -0.666477 0.000786356
 6 -0.665889 0.000846765
 7 -0.665848 0.000726807
 8 -0.665444 0.000739766
 9 -0.665366 0.000661646
 10 -0.665178 0.000621787
 11 -0.665036 0.000581241
 12 -0.665142 0.000542449
 13 -0.664991 0.000521213
 14 -0.665117 0.000498791
 15 -0.664961 0.000489178
 16 -0.66501 0.000461045
 17 -0.664833 0.000466687
 18 -0.664765 0.000445694
 19 -0.664952 0.000459838
 20 -0.664914 0.000438447
 1 -0.6284 0
 2 -0.62784 0.00039598
 3 -0.6272 0.000585453
 4 -0.627854 0.00071665
 5 -0.628083 0.000608869
 6 -0.628457 0.000611631
 7 -0.628272 0.00055162
 8 -0.627715 0.000710236
 9 -0.628077 0.000717819
 10 -0.627812 0.000693344
 11 -0.627985 0.000651648
 12 -0.627943 0.000598747
 13 -0.627999 0.00055537
 14 -0.627921 0.000521183
 15 -0.627777 0.000506102
 16 -0.627775 0.000474475
 17 -0.627777 0.000446573
 18 -0.62767 0.000434437
 19 -0.627541 0.000430467
 20 -0.627515 0.000409718
 1 -0.622352 0
 2 -0.624136 0.00126148
 3 -0.625 0.00109769
 4 -0.625888 0.00112658
 5 -0.625598 0.000937746
 6 -0.626333 0.00102994
 7 -0.626759 0.000966721
 8 -0.626558 0.000866496
 9 -0.626402 0.000784175
 10 -0.626458 0.000707799
 11 -0.626518 0.000645943
 12 -0.626595 0.000596747
 13 -0.626659 0.000554237
 14 -0.626571 0.000521623
 15 -0.626556 0.000487067
 16 -0.626549 0.000456665
 17 -0.626646 0.000439808
 18 -0.626664 0.000415739
 19 -0.626474 0.000434886
 20 -0.626596 0.000429994
 1 -0.628488 0
 2 -0.626308 0.00154149
 3 -0.626709 0.00107864
 4 -0.626616 0.000813009
 5 -0.626541 0.000653876
 6 -0.626568 0.000545462
 7 -0.626279 0.000538751
 8 -0.6265 0.000514797
 9 -0.626741 0.000511044
 10 -0.626917 0.000489136
 11 -0.62691 0.000444719
 12 -0.626833 0.000414184
 13 -0.62672 0.000397527
 14 -0.626845 0.00038816
 15 -0.626762 0.000370934
 16 -0.626868 0.00036268
 17 -0.626835 0.000342863
 18 -0.627016 0.000368576
 19 -0.627154 0.000373856
 20 -0.62708 0.000362429
 1 -0.625024 0
 2 -0.625728 0.000497803
 3 -0.625147 0.000579168
 4 -0.626602 0.00133311
 5 -0.62647 0.00107296
 6 -0.626487 0.000894259
 7 -0.626995 0.000899664
 8 -0.626934 0.000789301
 9 -0.627064 0.000712226
 10 -0.627534 0.000781047
 11 -0.627616 0.000714292
 12 -0.627577 0.00065585
 13 -0.627498 0.000610118
 14 -0.62754 0.000567992
 15 -0.627644 0.000539612
 16 -0.62783 0.0005369
 17 -0.627936 0.000515675
 18 -0.628003 0.000491317
 19 -0.627923 0.000471881
 20 -0.627849 0.000454075
 1 -0.632792 0
 2 -0.629476 0.00234477
 3 -0.628387 0.00179851
 4 -0.628764 0.0013879
 5 -0.629026 0.0011347
 6 -0.629037 0.000945648
 7 -0.628672 0.000878294
 8 -0.628512 0.000782946
 9 -0.6282 0.000755564
 10 -0.62819 0.000680069
 11 -0.627863 0.000692466
 12 -0.627827 0.000635728
 13 -0.627692 0.000600983
 14 -0.627603 0.0005645
 15 -0.627566 0.00052808
 16 -0.627442 0.000509402
 17 -0.627334 0.000490832
 18 -0.627432 0.000473136
 19 -0.627651 0.000496501
 20 -0.627599 0.000474365
 1 -0.596832 0
 2 -0.59534 0.001055
 3 -0.594696 0.000878164
 4 -0.594156 0.000807765
 5 -0.59456 0.00074038
 6 -0.594381 0.000638177
 7 -0.594408 0.000547566
 8 -0.594524 0.000491253
 9 -0.594053 0.00062257
 10 -0.594319 0.000614465
 11 -0.593978 0.000646344
 12 -0.593536 0.000728194
 13 -0.593574 0.000673177
 14 -0.593701 0.000636853
 15 -0.593717 0.000594603
 16 -0.593821 0.000566497
 17 -0.593668 0.00055351
 18 -0.593555 0.000534189
 19 -0.593693 0.000523798
 20 -0.593803 0.000508971
 1 -0.592024 0
 2 -0.593768 0.00123319
 3 -0.593963 0.000837353
 4 -0.594324 0.000701658
 5 -0.59388 0.000687602
 6 -0.59402 0.000587081
 7 -0.593704 0.000582077
 8 -0.59376 0.000512004
 9 -0.594005 0.000510519
 10 -0.593723 0.000531742
 11 -0.593446 0.00055102
 12 -0.593679 0.000552371
 13 -0.59357 0.000520618
 14 -0.593538 0.000484422
 15 -0.593486 0.000454837
 16 -0.593277 0.000472158
 17 -0.593335 0.000447882
 18 -0.593364 0.000423994
 19 -0.593387 0.000402253
 20 -0.593388 0.000382144
 1 -0.591024 0
 2 -0.593188 0.00153018
 3 -0.594131 0.00127791
 4 -0.593842 0.0009905
 5 -0.592573 0.00138441
 6 -0.592657 0.00115625
 7 -0.593049 0.00105537
 8 -0.593251 0.000942558
 9 -0.593155 0.000842738
 10 -0.593045 0.000765592
 11 -0.593177 0.000707392
 12 -0.593238 0.000651029
 13 -0.593314 0.000605423
 14 -0.593281 0.000563095
 15 -0.593261 0.000525903
 16 -0.593187 0.00049826
 17 -0.593185 0.000468955
 18 -0.593279 0.000452171
 19 -0.593299 0.000428846
 20 -0.593225 0.000413836
 1 -0.591776 0
 2 -0.593916 0.00151321
 3 -0.593763 0.00101654
 4 -0.5939 0.000771629
 5 -0.593693 0.000644522
 6 -0.593853 0.000556735
 7 -0.594063 0.000515122
 8 -0.594338 0.000519037
 9 -0.594203 0.000478685
 10 -0.594076 0.000447261
 11 -0.593959 0.000421741
 12 -0.593856 0.000398868
 13 -0.593912 0.000372097
 14 -0.594111 0.000395365
 15 -0.593902 0.000420898
 16 -0.593934 0.000395817
 17 -0.59369 0.00044144
 18 -0.593725 0.000418301
 19 -0.593865 0.000419044
 20 -0.593913 0.000400872
 1 -0.594584 0
 2 -0.593848 0.000520431
 3 -0.593651 0.00038254
 4 -0.593644 0.000286963
 5 -0.593958 0.000363016
 6 -0.593693 0.000387382
 7 -0.593638 0.000336011
 8 -0.593613 0.000294917
 9 -0.593857 0.000348704
 10 -0.593421 0.000519276
 11 -0.593387 0.000473174
 12 -0.593159 0.000485681
 13 -0.59331 0.000471354
 14 -0.593064 0.000497828
 15 -0.593277 0.000508298
 16 -0.593352 0.000481982
 17 -0.593068 0.000530865
 18 -0.593293 0.000547201
 19 -0.593346 0.000520899
 20 -0.593452 0.000505587
 1 -0.565424 0
 2 -0.564064 0.000961665
 3 -0.564507 0.000735974
 4 -0.563794 0.000828011
 5 -0.563142 0.000882299
 6 -0.563497 0.000803476
 7 -0.56305 0.000803492
 8 -0.563181 0.000713609
 9 -0.563532 0.000715259
 10 -0.563539 0.000643774
 11 -0.563319 0.000621915
 12 -0.563293 0.0005706
 13 -0.563336 0.0005283
 14 -0.563547 0.00053119
 15 -0.563426 0.000509557
 16 -0.563491 0.000481888
 17 -0.563624 0.000471538
 18 -0.563397 0.000497034
 19 -0.563254 0.000491013
 20 -0.563296 0.000468231
 1 -0.560232 0
 2 -0.561896 0.00117663
 3 -0.563051 0.00122644
 4 -0.56271 0.000965983
 5 -0.562922 0.000795625
 6 -0.562691 0.000695728
 7 -0.562784 0.000602566
 8 -0.562761 0.000527684
 9 -0.562708 0.000471663
 10 -0.562406 0.000512582
 11 -0.562441 0.000467236
 12 -0.562545 0.000439696
 13 -0.562349 0.000447596
 14 -0.562178 0.000447172
 15 -0.562133 0.000419557
 16 -0.562034 0.000405038
 17 -0.562149 0.000397388
 18 -0.562124 0.000376107
 19 -0.562123 0.000356313
 20 -0.562097 0.000339457
 1 -0.562984 0
 2 -0.561616 0.000967322
 3 -0.562427 0.000924117
 4 -0.562908 0.000808784
 5 -0.5634 0.000782493
 6 -0.563672 0.000697753
 7 -0.563141 0.000774444
 8 -0.562821 0.000740644
 9 -0.56296 0.000671267
 10 -0.562682 0.000659046
 11 -0.562655 0.000599721
 12 -0.562613 0.000551158
 13 -0.562753 0.000526217
 14 -0.562718 0.000489789
 15 -0.562631 0.000464767
 16 -0.562552 0.000442461
 17 -0.562606 0.000419673
 18 -0.562394 0.000446648
 19 -0.562396 0.000423145
 20 -0.562324 0.000407965
 1 -0.562616 0
 2 -0.562724 7.63675e-05
 3 -0.56256 0.000143257
 4 -0.562754 0.000199427
 5 -0.562813 0.000167986
 6 -0.562825 0.000140455
 7 -0.56297 0.000180287
 8 -0.562815 0.000214441
 9 -0.562443 0.000399452
 10 -0.562679 0.000423791
 11 -0.562504 0.00041992
 12 -0.562331 0.000418925
 13 -0.562132 0.000431657
 14 -0.561893 0.000462062
 15 -0.561765 0.000448728
 16 -0.562021 0.000488129
 17 -0.561901 0.000473887
 18 -0.56192 0.000447953
 19 -0.561877 0.00042639
 20 -0.561815 0.000409593
 1 -0.563056 0
 2 -0.564196 0.000806102
 3 -0.563563 0.000745793
 4 -0.56282 0.000852368
 5 -0.562136 0.000916114
 6 -0.562408 0.000802793
 7 -0.562458 0.000689681
 8 -0.562563 0.000611369
 9 -0.562546 0.000543682
 10 -0.562726 0.000518449
 11 -0.562637 0.000478948
 12 -0.56242 0.00048575
 13 -0.56247 0.000450904
 14 -0.562617 0.000442196
 15 -0.562505 0.000426683
 16 -0.562397 0.000413474
 17 -0.562254 0.000413256
 18 -0.562253 0.000390298
 19 -0.562276 0.000370401
 20 -0.562297 0.000352476
 1 -0.536048 0
 2 -0.536404 0.00025173
 3 -0.535104 0.00107463
 4 -0.535138 0.00080651
 5 -0.534843 0.000697007
 6 -0.534543 0.000642372
 7 -0.534712 0.000572488
 8 -0.534542 0.000525562
 9 -0.534768 0.000513464
 10 -0.534694 0.000467363
 11 -0.53467 0.000425521
 12 -0.534527 0.000413228
 13 -0.534265 0.000457394
 14 -0.534199 0.000429424
 15 -0.534047 0.000426648
 16 -0.53389 0.000428228
 17 -0.533876 0.000403244
 18 -0.533965 0.000390465
 19 -0.53386 0.000383798
 20 -0.533796 0.000369806
 1 -0.53512 0
 2 -0.534536 0.00041295
 3 -0.535475 0.000814363
 4 -0.536154 0.000848035
 5 -0.535168 0.00111266
 6 -0.534688 0.00102554
 7 -0.534699 0.0008791
 8 -0.534634 0.000771643
 9 -0.534879 0.000723789
 10 -0.534598 0.000703742
 11 -0.534221 0.000733976
 12 -0.533976 0.000712558
 13 -0.534152 0.000679134
 14 -0.534383 0.000668712
 15 -0.534176 0.000655344
 16 -0.534021 0.000632565
 17 -0.533968 0.000597491
 18 -0.533739 0.000606883
 19 -0.533755 0.000575172
 20 -0.533842 0.00055284
 1 -0.529224 0
 2 -0.53252 0.00233062
 3 -0.532883 0.00158171
 4 -0.532694 0.00119749
 5 -0.533136 0.00103636
 6 -0.533248 0.00086966
 7 -0.533338 0.000750095
 8 -0.533403 0.000659119
 9 -0.53399 0.000806086
 10 -0.534065 0.000728919
 11 -0.533915 0.00067789
 12 -0.533782 0.000634295
 13 -0.533743 0.000586677
 14 -0.533757 0.000544933
 15 -0.533844 0.000515522
 16 -0.533844 0.000483302
 17 -0.533772 0.000460166
 18 -0.53374 0.000435696
 19 -0.533748 0.000412842
 20 -0.533869 0.000409545
 1 -0.533688 0
 2 -0.533868 0.000127279
 3 -0.533533 0.000286126
 4 -0.533636 0.000232284
 5 -0.533878 0.000285549
 6 -0.534297 0.00045042
 7 -0.533782 0.000613951
 8 -0.534103 0.000615559
 9 -0.533996 0.00055631
 10 -0.53419 0.000533158
 11 -0.534131 0.000487909
 12 -0.534255 0.000462679
 13 -0.534388 0.000445802
 14 -0.534306 0.000421429
 15 -0.534333 0.000394203
 16 -0.534109 0.000428654
 17 -0.534138 0.000404478
 18 -0.534033 0.000395517
 19 -0.534064 0.000375889
 20 -0.534072 0.000357189
 1 -0.532672 0
 2 -0.533132 0.000325269
 3 -0.533019 0.000235765
 4 -0.532168 0.000757623
 5 -0.53252 0.000682992
 6 -0.532777 0.000615733
 7 -0.532673 0.000536514
 8 -0.532956 0.000538878
 9 -0.532895 0.000482431
 10 -0.532945 0.000436739
 11 -0.533184 0.000457878
 12 -0.533049 0.000439079
 13 -0.533088 0.000407002
 14 -0.533129 0.000379948
 15 -0.533123 0.000354656
 16 -0.533359 0.000403605
 17 -0.533451 0.000390163
 18 -0.533332 0.000386294
 19 -0.53322 0.000381796
 20 -0.533303 0.000371616
 1 -0.506744 0
 2 -0.507868 0.000794788
 3 -0.507355 0.000675592
 4 -0.506594 0.000831083
 5 -0.506403 0.000686419
 6 -0.506564 0.00059055
 7 -0.506813 0.000556044
 8 -0.507081 0.00054751
 9 -0.507377 0.000560959
 10 -0.507759 0.000621637
 11 -0.508143 0.0006734
 12 -0.508265 0.00062813
 13 -0.508342 0.000584497
 14 -0.508439 0.000550883
 15 -0.508447 0.000514217
 16 -0.508614 0.000508177
 17 -0.508514 0.00048786
 18 -0.508433 0.000467509
 19 -0.508275 0.000468824
 20 -0.508236 0.000446997
 1 -0.510088 0
 2 -0.507236 0.00201667
 3 -0.507168 0.00134559
 4 -0.507228 0.00101053
 5 -0.507611 0.00087808
 6 -0.507785 0.0007488
 7 -0.50752 0.000687233
 8 -0.5075 0.000601619
 9 -0.507324 0.00056005
 10 -0.507194 0.000518723
 11 -0.507236 0.000473203
 12 -0.507217 0.000434149
 13 -0.507268 0.000403813
 14 -0.507427 0.000405108
 15 -0.50717 0.000452774
 16 -0.507178 0.000424545
 17 -0.507375 0.000442963
 18 -0.507283 0.000427695
 19 -0.507365 0.00041296
 20 -0.507349 0.000392616
 1 -0.503664 0
 2 -0.50554 0.00132653
 3 -0.506808 0.0013616
 4 -0.50674 0.0010229
 5 -0.507112 0.000883377
 6 -0.507585 0.00085359
 7 -0.507621 0.000732376
 8 -0.507305 0.000705549
 9 -0.507307 0.000627156
 10 -0.507191 0.000574972
 11 -0.507351 0.000544528
 12 -0.507255 0.000507648
 13 -0.507287 0.000469651
 14 -0.507669 0.000570541
 15 -0.507629 0.000533929
 16 -0.50771 0.000506771
 17 -0.50776 0.000479327
 18 -0.507663 0.000462381
 19 -0.507523 0.000458669
 20 -0.507443 0.000442614
 1 -0.510608 0
 2 -0.510084 0.000370524
 3 -0.509091 0.000847835
 4 -0.508232 0.000978427
 5 -0.507917 0.000831965
 6 -0.508137 0.000721942
 7 -0.507829 0.000681643
 8 -0.508006 0.000619099
 9 -0.50802 0.000550459
 10 -0.508179 0.000518046
 11 -0.50829 0.000482692
 12 -0.508243 0.0004448
 13 -0.508242 0.000410585
 14 -0.508269 0.000382087
 15 -0.507999 0.00044132
 16 -0.507933 0.000418788
 17 -0.508017 0.000402669
 18 -0.508219 0.000427645
 19 -0.508163 0.000408751
 20 -0.50819 0.000389182
 1 -0.512104 0
 2 -0.509744 0.00166877
 3 -0.508501 0.00150571
 4 -0.50912 0.00124994
 5 -0.509109 0.001
 6 -0.509508 0.00090953
 7 -0.509297 0.000803667
 8 -0.509415 0.000711798
 9 -0.509173 0.000672484
 10 -0.509173 0.000605236
 11 -0.508971 0.000582916
 12 -0.508906 0.000537941
 13 -0.508873 0.000497558
 14 -0.508764 0.000473856
 15 -0.508689 0.000448235
 16 -0.508644 0.000422427
 17 -0.508549 0.000408185
 18 -0.508421 0.000405026
 19 -0.508627 0.000432964
 20 -0.508589 0.000412958
 1 -0.486392 0
 2 -0.484124 0.00160372
 3 -0.484219 0.00107194
 4 -0.48486 0.000977149
 5 -0.484736 0.000789548
 6 -0.484944 0.000684807
 7 -0.484782 0.000605901
 8 -0.484612 0.000553422
 9 -0.48468 0.000496091
 10 -0.48467 0.000446575
 11 -0.484627 0.000408089
 12 -0.484748 0.000391635
 13 -0.484928 0.000400745
 14 -0.484905 0.000372772
 15 -0.484911 0.000347965
 16 -0.484581 0.000456586
 17 -0.484649 0.000434823
 18 -0.484588 0.000415042
 19 -0.484516 0.000399354
 20 -0.484442 0.000386144
 1 -0.484048 0
 2 -0.483736 0.000220617
 3 -0.483432 0.000288518
 4 -0.483892 0.000453348
 5 -0.484096 0.00040599
 6 -0.483685 0.000504978
 7 -0.484455 0.000833619
 8 -0.484146 0.000784549
 9 -0.484086 0.000699651
 10 -0.48418 0.000635939
 11 -0.484176 0.000578139
 12 -0.483916 0.000585513
 13 -0.483993 0.000545463
 14 -0.483897 0.000514888
 15 -0.48379 0.000491386
 16 -0.483895 0.000471676
 17 -0.483955 0.000447768
 18 -0.484058 0.000434461
 19 -0.484121 0.000416208
 20 -0.484307 0.000434952
 1 -0.481608 0
 2 -0.483564 0.0013831
 3 -0.484125 0.00102969
 4 -0.483126 0.00115992
 5 -0.483501 0.00098663
 6 -0.483343 0.000834768
 7 -0.483365 0.000715802
 8 -0.483163 0.000654093
 9 -0.483542 0.000682551
 10 -0.48358 0.00061534
 11 -0.483718 0.000574627
 12 -0.483772 0.000529289
 13 -0.48371 0.000492175
 14 -0.483671 0.00045854
 15 -0.483684 0.000428136
 16 -0.483637 0.000403975
 17 -0.483615 0.00038078
 18 -0.483861 0.000431986
 19 -0.483969 0.000422416
 20 -0.484052 0.000409476
 1 -0.487192 0
 2 -0.487936 0.000526087
 3 -0.487579 0.000456216
 4 -0.487702 0.000358445
 5 -0.486891 0.000779837
 6 -0.486601 0.000701671
 7 -0.485845 0.000923362
 8 -0.48596 0.000815125
 9 -0.485634 0.000787132
 10 -0.48532 0.000768419
 11 -0.485489 0.000717004
 12 -0.485371 0.000666912
 13 -0.485063 0.000683019
 14 -0.485202 0.000648088
 15 -0.485177 0.000605371
 16 -0.485005 0.000591339
 17 -0.485032 0.00055717
 18 -0.484856 0.000553316
 19 -0.48475 0.000534192
 20 -0.484516 0.000556504
 1 -0.4816 0
 2 -0.482512 0.000644881
 3 -0.483445 0.00087497
 4 -0.483332 0.000663527
 5 -0.484294 0.00101131
 6 -0.483921 0.000908967
 7 -0.484329 0.000865777
 8 -0.484445 0.000765267
 9 -0.48439 0.000682195
 10 -0.48416 0.000651666
 11 -0.484062 0.000599774
 12 -0.483901 0.000571032
 13 -0.483974 0.000531814
 14 -0.483954 0.000494198
 15 -0.483933 0.000461696
 16 -0.483879 0.000436025
 17 -0.483908 0.000411324
 18 -0.483788 0.000405534
 19 -0.483841 0.000387618
 20 -0.483918 0.00037576
 1 -0.46412 0
 2 -0.462984 0.000803273
 3 -0.462171 0.000853103
 4 -0.462958 0.00093504
 5 -0.462462 0.00086951
 6 -0.463044 0.000898284
 7 -0.462885 0.000783978
 8 -0.462845 0.000686979
 9 -0.462924 0.000615224
 10 -0.462864 0.000556663
 11 -0.462833 0.000506935
 12 -0.462845 0.000464847
 13 -0.462673 0.000459847
 14 -0.462762 0.000435538
 15 -0.46254 0.000459861
 16 -0.462586 0.000433441
 17 -0.462558 0.00040887
 18 -0.462606 0.00038903
 19 -0.462508 0.000380804
 20 -0.46244 0.000367818
 1 -0.462368 0
 2 -0.460628 0.00123037
 3 -0.461613 0.00114894
 4 -0.46176 0.000871013
 5 -0.461934 0.000714057
 6 -0.462308 0.000685854
 7 -0.462295 0.000588001
 8 -0.462611 0.000593434
 9 -0.462484 0.000541009
 10 -0.462397 0.000493815
 11 -0.462217 0.000480635
 12 -0.462111 0.00045199
 13 -0.462382 0.000491707
 14 -0.462467 0.000463823
 15 -0.46234 0.000449845
 16 -0.462215 0.000438959
 17 -0.462312 0.000423929
 18 -0.46205 0.000474843
 19 -0.462008 0.000451723
 20 -0.462152 0.000451755
 1 -0.461592 0
 2 -0.462488 0.000633568
 3 -0.462968 0.000576197
 4 -0.46314 0.0004571
 5 -0.462282 0.000850413
 6 -0.462228 0.000710365
 7 -0.462192 0.000609795
 8 -0.462023 0.000556497
 9 -0.462285 0.00055305
 10 -0.462326 0.000499209
 11 -0.462132 0.0004898
 12 -0.462113 0.000449379
 13 -0.462257 0.00043726
 14 -0.462206 0.000408913
 15 -0.462292 0.000390587
 16 -0.462312 0.000366674
 17 -0.462378 0.000351057
 18 -0.462416 0.000333566
 19 -0.462422 0.00031607
 20 -0.462482 0.000305924
 1 -0.464112 0
 2 -0.463316 0.000562857
 3 -0.461941 0.00118347
 4 -0.460868 0.00128525
 5 -0.460821 0.00102907
 6 -0.461492 0.00105396
 7 -0.461446 0.000904409
 8 -0.461348 0.000796619
 9 -0.461269 0.000711979
 10 -0.461338 0.000644046
 11 -0.461868 0.000773437
 12 -0.461827 0.000710068
 13 -0.461889 0.000658198
 14 -0.461779 0.000620275
 15 -0.461633 0.000596064
 16 -0.461609 0.000559274
 17 -0.461444 0.000550243
 18 -0.461607 0.000543379
 19 -0.461623 0.000515017
 20 -0.461529 0.000497835
 1 -0.462696 0
 2 -0.460668 0.00143401
 3 -0.460307 0.0010005
 4 -0.460734 0.000836671
 5 -0.461021 0.000716809
 6 -0.461377 0.000680255
 7 -0.461618 0.000624292
 8 -0.461326 0.000610858
 9 -0.461508 0.000569326
 10 -0.461585 0.000517607
 11 -0.461719 0.000487707
 12 -0.461501 0.000493362
 13 -0.461473 0.000456247
 14 -0.46135 0.000439899
 15 -0.461263 0.000419045
 16 -0.461401 0.000414821
 17 -0.461418 0.000390804
 18 -0.461464 0.000371698
 19 -0.461431 0.000353544
 20 -0.461618 0.000382061
