 1 0.318701 0
 2 0.347603 0.0204365
 3 0.356602 0.0154794
 4 0.355199 0.0116729
 5 0.345087 0.0129999
 6 0.334644 0.0144305
 7 0.332517 0.0125249
 8 0.334377 0.0110965
 9 0.336201 0.0100123
 10 0.331535 0.0100396
 11 0.334441 0.00953843
 12 0.335435 0.00879519
 13 0.334009 0.00823346
 14 0.333452 0.00766415
 15 0.332125 0.00726725
 16 0.333429 0.00692915
 17 0.330235 0.00722051
 18 0.329759 0.00683501
 19 0.325065 0.00792492
 20 0.327016 0.00776497
 1 0.374752 0
 2 0.346164 0.0202151
 3 0.329691 0.0190401
 4 0.348431 0.0216176
 5 0.351267 0.0174792
 6 0.352746 0.0146284
 7 0.351775 0.0125707
 8 0.35358 0.0111281
 9 0.354658 0.00994377
 10 0.347028 0.0115102
 11 0.336212 0.0146917
 12 0.334999 0.0135174
 13 0.336566 0.012568
 14 0.334753 0.0118003
 15 0.333458 0.0110844
 16 0.327111 0.012073
 17 0.326527 0.011377
 18 0.327326 0.0107729
 19 0.324626 0.0105387
 20 0.321681 0.0104153
 1 0.361023 0
 2 0.357621 0.00240586
 3 0.365537 0.00665926
 4 0.362451 0.00566439
 5 0.353071 0.00953559
 6 0.353054 0.00794634
 7 0.354454 0.00693333
 8 0.349723 0.00750899
 9 0.349575 0.00667613
 10 0.339612 0.0111995
 11 0.337516 0.0103757
 12 0.331031 0.0113581
 13 0.331865 0.0105149
 14 0.327547 0.0106136
 15 0.332309 0.0109219
 16 0.332104 0.0102412
 17 0.330087 0.00983551
 18 0.326546 0.00990596
 19 0.329085 0.00970446
 20 0.326704 0.00950685
 1 0.332723 0
 2 0.3086 0.0170581
 3 0.287929 0.0203515
 4 0.305577 0.0216004
 5 0.314579 0.0190641
 6 0.310129 0.016398
 7 0.304693 0.0149293
 8 0.292794 0.0171622
 9 0.302903 0.0179879
 10 0.307398 0.0167414
 11 0.303544 0.0156569
 12 0.303096 0.0143586
 13 0.304636 0.0133363
 14 0.299517 0.0133298
 15 0.30497 0.0135104
 16 0.302206 0.0129457
 17 0.302177 0.0121842
 18 0.303558 0.0115853
 19 0.304773 0.0110391
 20 0.303835 0.0105268
 1 0.295366 0
 2 0.311625 0.0114969
 3 0.307913 0.0082421
 4 0.30191 0.00807756
 5 0.314804 0.0132203
 6 0.318678 0.0115705
 7 0.318108 0.00993165
 8 0.319512 0.00878887
 9 0.319786 0.0078166
 10 0.317099 0.00748255
 11 0.32251 0.00853779
 12 0.31912 0.00847283
 13 0.320095 0.00787702
 14 0.323716 0.008104
 15 0.318032 0.00934695
 16 0.322262 0.00967274
 17 0.322715 0.00911433
 18 0.321562 0.00868054
 19 0.319792 0.00840223
 20 0.316948 0.00844958
 1 0.438299 0
 2 0.448985 0.00755626
 3 0.437866 0.0103824
 4 0.443794 0.00932672
 5 0.444114 0.00746687
 6 0.435639 0.00992849
 7 0.437875 0.00875845
 8 0.440015 0.00792068
 9 0.431017 0.0110246
 10 0.431312 0.00992613
 11 0.427948 0.00957669
 12 0.42765 0.00878328
 13 0.425821 0.00829586
 14 0.425624 0.00770565
 15 0.424272 0.00730956
 16 0.424312 0.00685282
 17 0.425367 0.00653039
 18 0.42602 0.00620021
 19 0.426427 0.0058872
 20 0.427294 0.00565631
 1 0.421064 0
 2 0.411969 0.00643096
 3 0.420098 0.00790163
 4 0.413503 0.00823059
 5 0.41767 0.00756615
 6 0.421619 0.00726286
 7 0.430833 0.0105607
 8 0.427483 0.0097575
 9 0.426361 0.00873759
 10 0.423755 0.00824335
 11 0.422521 0.00758573
 12 0.424558 0.00722187
 13 0.423994 0.00668836
 14 0.425006 0.00628671
 15 0.424615 0.00587976
 16 0.421021 0.00651861
 17 0.421053 0.00613524
 18 0.418991 0.00613103
 19 0.418743 0.00581334
 20 0.420276 0.00572104
 1 0.408918 0
 2 0.430247 0.0150822
 3 0.423478 0.0114737
 4 0.42791 0.00942244
 5 0.419219 0.0108282
 6 0.419766 0.00903735
 7 0.425293 0.00928353
 8 0.426868 0.00825569
 9 0.431076 0.00834197
 10 0.430682 0.00751705
 11 0.431266 0.00685626
 12 0.42794 0.00704525
 13 0.427019 0.00656321
 14 0.427611 0.00612097
 15 0.424904 0.00628282
 16 0.426006 0.00598602
 17 0.424754 0.00576342
 18 0.424902 0.00544514
 19 0.425261 0.00517032
 20 0.424361 0.00498943
 1 0.418553 0
 2 0.416126 0.00171571
 3 0.416758 0.00125488
 4 0.418461 0.00174898
 5 0.411203 0.0066403
 6 0.407469 0.00649927
 7 0.408448 0.00564404
 8 0.411146 0.00554611
 9 0.415615 0.0064852
 10 0.413564 0.00615248
 11 0.413074 0.00561266
 12 0.412425 0.00518238
 13 0.415325 0.00553642
 14 0.419271 0.00639417
 15 0.41824 0.00605046
 16 0.419218 0.00575079
 17 0.420359 0.00552467
 18 0.42015 0.00522172
 19 0.420955 0.00500857
 20 0.420165 0.00481995
 1 0.435627 0
 2 0.423274 0.00873451
 3 0.423045 0.00582601
 4 0.41876 0.00573287
 5 0.42187 0.00536382
 6 0.422183 0.00447896
 7 0.425189 0.00474171
 8 0.426772 0.00440559
 9 0.423238 0.00514192
 10 0.425541 0.00511751
 11 0.425578 0.00465241
 12 0.424216 0.0044596
 13 0.42375 0.00414081
 14 0.422713 0.00397283
 15 0.422778 0.0037085
 16 0.424391 0.00381152
 17 0.423391 0.00371629
 18 0.425302 0.00397073
 19 0.42457 0.00382852
 20 0.424416 0.0036402
 1 0.469487 0
 2 0.431154 0.0271056
 3 0.438453 0.0190278
 4 0.43411 0.0147581
 5 0.435606 0.0118821
 6 0.435192 0.009909
 7 0.436187 0.00854326
 8 0.433694 0.00783078
 9 0.436042 0.00730423
 10 0.434523 0.00672987
 11 0.433117 0.00626313
 12 0.436102 0.00641327
 13 0.437341 0.00603833
 14 0.435651 0.00583855
 15 0.43369 0.00576934
 16 0.434022 0.00541827
 17 0.434799 0.00515497
 18 0.435389 0.00490232
 19 0.435573 0.00464773
 20 0.434572 0.00452172
 1 0.401326 0
 2 0.415071 0.00971901
 3 0.411233 0.00719727
 4 0.415266 0.00642926
 5 0.426007 0.0108974
 6 0.43099 0.0101565
 7 0.430038 0.0087501
 8 0.430036 0.00765634
 9 0.432733 0.00726503
 10 0.431837 0.0065935
 11 0.430906 0.00605951
 12 0.431493 0.00558295
 13 0.42973 0.00542475
 14 0.428909 0.00509903
 15 0.429379 0.00478069
 16 0.430843 0.00470067
 17 0.431994 0.00456304
 18 0.432385 0.00432627
 19 0.431066 0.0042951
 20 0.433512 0.00472578
 1 0.455976 0
 2 0.459764 0.00267804
 3 0.435201 0.0201345
 4 0.429037 0.0160167
 5 0.427387 0.012898
 6 0.425309 0.0109144
 7 0.425045 0.00935841
 8 0.425181 0.00818959
 9 0.426992 0.00747724
 10 0.42762 0.00675583
 11 0.431154 0.00700537
 12 0.431184 0.00642166
 13 0.427948 0.00669359
 14 0.429313 0.00635309
 15 0.428402 0.00599455
 16 0.430028 0.00583648
 17 0.430515 0.00551337
 18 0.42968 0.00526983
 19 0.431628 0.00534041
 20 0.432679 0.0051757
 1 0.447834 0
 2 0.455669 0.00553967
 3 0.454505 0.00381333
 4 0.451658 0.00377617
 5 0.448713 0.00400783
 6 0.448065 0.00339185
 7 0.440703 0.00741024
 8 0.441098 0.00649445
 9 0.441582 0.00579091
 10 0.441134 0.00522914
 11 0.437609 0.00582193
 12 0.44059 0.00605173
 13 0.437786 0.00620153
 14 0.438701 0.00582564
 15 0.437221 0.00562215
 16 0.43708 0.00527254
 17 0.438924 0.0052751
 18 0.437546 0.00515908
 19 0.437015 0.00491473
 20 0.437217 0.00467312
 1 0.425243 0
 2 0.433927 0.00614075
 3 0.437667 0.00510708
 4 0.434669 0.00462708
 5 0.437801 0.00464194
 6 0.435021 0.00462639
 7 0.43469 0.00397728
 8 0.433757 0.00358783
 9 0.437099 0.0044827
 10 0.435846 0.00420575
 11 0.438914 0.00481382
 12 0.444006 0.00657573
 13 0.440483 0.00694983
 14 0.439713 0.00649587
 15 0.443826 0.0072489
 16 0.443292 0.00681554
 17 0.443353 0.0064149
 18 0.442233 0.00615548
 19 0.442633 0.00584453
 20 0.442132 0.00557377
 1 0.431997 0
 2 0.441215 0.00651802
 3 0.450536 0.00876378
 4 0.445591 0.00784502
 5 0.442546 0.0068415
 6 0.43898 0.00656487
 7 0.441504 0.00609278
 8 0.439398 0.0056836
 9 0.438801 0.00508332
 10 0.439936 0.00469997
 11 0.438732 0.00442417
 12 0.438654 0.00405618
 13 0.438912 0.00375242
 14 0.438458 0.00351184
 15 0.439941 0.00357743
 16 0.437886 0.0039
 17 0.438272 0.00368963
 18 0.43897 0.00355003
 19 0.437974 0.00349995
 20 0.437602 0.00334468
 1 0.421099 0
 2 0.441932 0.0147315
 3 0.439093 0.0100909
 4 0.434385 0.00859646
 5 0.436563 0.00714773
 6 0.439436 0.00650832
 7 0.441155 0.00580111
 8 0.440028 0.00518429
 9 0.444734 0.00639687
 10 0.444092 0.00578928
 11 0.443872 0.00526717
 12 0.442964 0.00490595
 13 0.442326 0.00456984
 14 0.442565 0.00424969
 15 0.443038 0.00399256
 16 0.442391 0.00379498
 17 0.443351 0.00369119
 18 0.444252 0.00359436
 19 0.444848 0.00345425
 20 0.444287 0.00332679
 1 0.443083 0
 2 0.445849 0.00195553
 3 0.436893 0.00742782
 4 0.434434 0.00596399
 5 0.43306 0.00492695
 6 0.435466 0.00465647
 7 0.433574 0.00435883
 8 0.431 0.00451055
 9 0.431064 0.00400984
 10 0.430114 0.00371974
 11 0.431829 0.00375624
 12 0.433583 0.00383097
 13 0.43455 0.00365613
 14 0.436143 0.00372619
 15 0.436911 0.00355591
 16 0.438752 0.00378067
 17 0.437126 0.00389238
 18 0.437407 0.00368622
 19 0.437804 0.00351359
 20 0.437763 0.00333815
 1 0.425608 0
 2 0.43063 0.00355131
 3 0.432024 0.00262661
 4 0.440094 0.00726192
 5 0.438753 0.00593213
 6 0.435585 0.00572705
 7 0.434082 0.00510239
 8 0.433541 0.00449318
 9 0.437142 0.0052421
 10 0.435545 0.00495518
 11 0.433869 0.00477986
 12 0.433458 0.00439916
 13 0.434545 0.00419284
 14 0.435392 0.00397804
 15 0.436044 0.00376587
 16 0.436271 0.00353732
 17 0.436519 0.00333791
 18 0.436533 0.00315251
 19 0.436362 0.00299124
 20 0.437786 0.0031625
 1 0.436028 0
 2 0.431562 0.00315806
 3 0.433123 0.00246106
 4 0.432012 0.00208151
 5 0.438116 0.00570768
 6 0.44 0.00505789
 7 0.437156 0.00507254
 8 0.436596 0.00446928
 9 0.434046 0.00464347
 10 0.435698 0.00446347
 11 0.435016 0.00410951
 12 0.436081 0.00390274
 13 0.438016 0.00405381
 14 0.438399 0.00378231
 15 0.436226 0.00410736
 16 0.43538 0.00393685
 17 0.435428 0.00370557
 18 0.436556 0.00366728
 19 0.438244 0.00384301
 20 0.438562 0.00366401
 1 0.43506 0
 2 0.435653 0.000419277
 3 0.430366 0.00432537
 4 0.433066 0.00399868
 5 0.433964 0.00329815
 6 0.430341 0.00429987
 7 0.431088 0.00374981
 8 0.430284 0.00336603
 9 0.429765 0.00303182
 10 0.428586 0.00294896
 11 0.428115 0.00271825
 12 0.42802 0.00249338
 13 0.429155 0.00254663
 14 0.429515 0.00239006
 15 0.430385 0.00238375
 16 0.430732 0.00225992
 17 0.431157 0.00216661
 18 0.430929 0.00205823
 19 0.431546 0.00204039
 20 0.431148 0.00197686
 1 0.415315 0
 2 0.41736 0.00144655
 3 0.42018 0.00249593
 4 0.425848 0.00525346
 5 0.428099 0.00466015
 6 0.427206 0.00396809
 7 0.426591 0.0034485
 8 0.423324 0.00429485
 9 0.424416 0.00395391
 10 0.425078 0.00361351
 11 0.426724 0.0036408
 12 0.4263 0.00336202
 13 0.427567 0.00333364
 14 0.427978 0.0031208
 15 0.429195 0.00314113
 16 0.42912 0.00294571
 17 0.430411 0.00304215
 18 0.431234 0.00298234
 19 0.430701 0.0028725
 20 0.430404 0.00274424
 1 0.434331 0
 2 0.436427 0.00148233
 3 0.433418 0.00264838
 4 0.431001 0.00288546
 5 0.430286 0.00239537
 6 0.427896 0.0029573
 7 0.426249 0.00295819
 8 0.425816 0.00261993
 9 0.427049 0.00260314
 10 0.426312 0.00244503
 11 0.426507 0.00223048
 12 0.428387 0.0027244
 13 0.428231 0.0025193
 14 0.428843 0.00241244
 15 0.428506 0.00227503
 16 0.428057 0.00217662
 17 0.428016 0.00204896
 18 0.429274 0.00228889
 19 0.428865 0.0022047
 20 0.430031 0.00238299
 1 0.425281 0
 2 0.423682 0.00113081
 3 0.426513 0.00243116
 4 0.42936 0.00306693
 5 0.433363 0.00434047
 6 0.435109 0.00395256
 7 0.431754 0.00459618
 8 0.431973 0.00402686
 9 0.431457 0.00361237
 10 0.429857 0.00358794
 11 0.429797 0.00326226
 12 0.431221 0.00328671
 13 0.429582 0.00341849
 14 0.431249 0.00355796
 15 0.431153 0.00332207
 16 0.430927 0.00312209
 17 0.430126 0.00303951
 18 0.43094 0.0029777
 19 0.431246 0.00283665
 20 0.430639 0.00275895
 1 0.402975 0
 2 0.412922 0.00703314
 3 0.420141 0.00753167
 4 0.421698 0.00580759
 5 0.423422 0.00489527
 6 0.423206 0.00408419
 7 0.426874 0.00487762
 8 0.424742 0.00471092
 9 0.425879 0.00432262
 10 0.426971 0.0040257
 11 0.426634 0.00367377
 12 0.426803 0.00337154
 13 0.427471 0.00317751
 14 0.428023 0.00299819
 15 0.428968 0.00294351
 16 0.429787 0.0028711
 17 0.429729 0.0027028
 18 0.42905 0.00263643
 19 0.429236 0.00250423
 20 0.429496 0.00239239
 1 0.395335 0
 2 0.402013 0.00472174
 3 0.405278 0.00412483
 4 0.408287 0.00404516
 5 0.409037 0.00330497
 6 0.410795 0.0031872
 7 0.408477 0.00347386
 8 0.406892 0.00338168
 9 0.406595 0.00301901
 10 0.4083 0.0031622
 11 0.408239 0.00287531
 12 0.407367 0.0027648
 13 0.407693 0.00257124
 14 0.408944 0.0026747
 15 0.409276 0.00251692
 16 0.408269 0.00255328
 17 0.409982 0.00292203
 18 0.410731 0.002854
 19 0.410749 0.00270385
 20 0.410694 0.00256922
 1 0.417664 0
 2 0.416545 0.00079144
 3 0.42022 0.00304701
 4 0.417796 0.00310307
 5 0.417763 0.00248263
 6 0.417247 0.0021217
 7 0.416211 0.00205597
 8 0.415254 0.00200943
 9 0.414345 0.00198106
 10 0.412483 0.00251044
 11 0.41084 0.00276801
 12 0.410749 0.00253883
 13 0.410598 0.00234801
 14 0.411595 0.00238258
 15 0.41095 0.00230939
 16 0.41158 0.00224919
 17 0.411562 0.00211696
 18 0.41041 0.00229149
 19 0.409868 0.0022339
 20 0.410334 0.00217009
 1 0.423519 0
 2 0.417386 0.00433631
 3 0.411342 0.0057196
 4 0.407266 0.0055556
 5 0.41079 0.00544883
 6 0.410512 0.00454777
 7 0.410102 0.00391649
 8 0.41078 0.00348497
 9 0.410553 0.00310509
 10 0.410574 0.00279465
 11 0.410903 0.00255989
 12 0.410768 0.00235015
 13 0.410732 0.00216964
 14 0.412816 0.00284437
 15 0.413063 0.00266546
 16 0.41325 0.00250539
 17 0.413055 0.00236556
 18 0.414265 0.00252468
 19 0.414144 0.0023947
 20 0.414856 0.00237836
 1 0.401845 0
 2 0.399674 0.00153489
 3 0.403241 0.00308719
 4 0.402265 0.00246493
 5 0.402712 0.00201203
 6 0.404235 0.00217793
 7 0.407126 0.00326327
 8 0.40724 0.00285738
 9 0.407109 0.00254289
 10 0.408629 0.00270499
 11 0.406361 0.00327485
 12 0.408129 0.00344646
 13 0.407912 0.0031882
 14 0.407914 0.00296047
 15 0.408153 0.00277266
 16 0.409125 0.00276472
 17 0.409476 0.00262421
 18 0.408338 0.002714
 19 0.408768 0.00260513
 20 0.40886 0.00247647
 1 0.410779 0
 2 0.40855 0.00157672
 3 0.410361 0.00181413
 4 0.410521 0.00136764
 5 0.406909 0.00341082
 6 0.407932 0.0029918
 7 0.409537 0.00296398
 8 0.409029 0.0026367
 9 0.40863 0.00237367
 10 0.40982 0.00241613
 11 0.410095 0.00221212
 12 0.410083 0.00202781
 13 0.410281 0.00188144
 14 0.409805 0.00180624
 15 0.409741 0.00168698
 16 0.411053 0.002029
 17 0.410412 0.00200833
 18 0.410188 0.00190928
 19 0.41062 0.00185699
 20 0.410124 0.00182895
 1 0.384596 0
 2 0.382185 0.00170475
 3 0.383946 0.00183275
 4 0.384198 0.00139179
 5 0.382776 0.00169061
 6 0.382995 0.00142293
 7 0.383461 0.00129368
 8 0.384368 0.00141454
 9 0.385538 0.00167297
 10 0.385857 0.00153576
 11 0.385755 0.00139951
 12 0.385958 0.0012975
 13 0.385073 0.00146873
 14 0.38499 0.00136618
 15 0.385447 0.00134947
 16 0.385934 0.00135019
 17 0.386199 0.00129641
 18 0.386089 0.00122903
 19 0.386168 0.00116691
 20 0.386103 0.00111038
 1 0.390279 0
 2 0.384344 0.00419646
 3 0.387415 0.00375697
 4 0.383548 0.00437718
 5 0.385144 0.00378163
 6 0.386704 0.00345829
 7 0.387283 0.00301238
 8 0.386188 0.0028279
 9 0.387467 0.00278795
 10 0.387704 0.00251918
 11 0.389183 0.00268965
 12 0.39 0.00258649
 13 0.389192 0.00251036
 14 0.388217 0.00251326
 15 0.388774 0.00240645
 16 0.388395 0.00228559
 17 0.388373 0.00215125
 18 0.388231 0.00203643
 19 0.38837 0.00193399
 20 0.388388 0.00183737
 1 0.398501 0
 2 0.385881 0.00892373
 3 0.385475 0.00595839
 4 0.382564 0.00513081
 5 0.382151 0.00412126
 6 0.382289 0.00343671
 7 0.38255 0.00295566
 8 0.381387 0.00280575
 9 0.381651 0.00250639
 10 0.382027 0.00228381
 11 0.381381 0.00216565
 12 0.382586 0.00229616
 13 0.384064 0.00255102
 14 0.383461 0.0024391
 15 0.384035 0.00234315
 16 0.383848 0.00220417
 17 0.38395 0.0020769
 18 0.383476 0.00201502
 19 0.383536 0.00190986
 20 0.383229 0.00183882
 1 0.391063 0
 2 0.389567 0.00105804
 3 0.388364 0.00120916
 4 0.387936 0.000979548
 5 0.385555 0.00226938
 6 0.386605 0.00212032
 7 0.385695 0.0020035
 8 0.386665 0.00197419
 9 0.385766 0.00194877
 10 0.384843 0.00196032
 11 0.386154 0.00217645
 12 0.38576 0.00203038
 13 0.386085 0.00190011
 14 0.384716 0.00220335
 15 0.385096 0.00208905
 16 0.385327 0.00197122
 17 0.385317 0.0018553
 18 0.385298 0.00175232
 19 0.385028 0.00168083
 20 0.38569 0.00172233
 1 0.398916 0
 2 0.398015 0.000637042
 3 0.39724 0.000762271
 4 0.393102 0.00362836
 5 0.388792 0.00482597
 6 0.388103 0.00407056
 7 0.388592 0.00351829
 8 0.387409 0.00327107
 9 0.387468 0.00290814
 10 0.387897 0.00264881
 11 0.388092 0.00241518
 12 0.388318 0.00222445
 13 0.387576 0.00217367
 14 0.387563 0.00201845
 15 0.386668 0.00207299
 16 0.386708 0.00194382
 17 0.386702 0.00182949
 18 0.386555 0.00173379
 19 0.386568 0.00164258
 20 0.386233 0.00159426
 1 0.362451 0
 2 0.361944 0.000358357
 3 0.3656 0.00299459
 4 0.366974 0.00254171
 5 0.362278 0.00466647
 6 0.359841 0.00448018
 7 0.359424 0.00385953
 8 0.358526 0.00348
 9 0.35866 0.00309591
 10 0.358157 0.00282685
 11 0.357701 0.00260643
 12 0.359149 0.00276247
 13 0.358823 0.00256918
 14 0.359052 0.0023959
 15 0.359558 0.00228897
 16 0.359659 0.00214813
 17 0.35949 0.00202837
 18 0.359956 0.00196849
 19 0.359911 0.00186542
 20 0.359451 0.00182793
 1 0.364711 0
 2 0.359136 0.00394167
 3 0.362947 0.00407299
 4 0.361721 0.00323411
 5 0.360363 0.00285829
 6 0.361339 0.00254321
 7 0.36116 0.00218619
 8 0.360526 0.00200278
 9 0.359129 0.00221466
 10 0.359467 0.00201888
 11 0.359008 0.00188686
 12 0.358267 0.00186956
 13 0.35818 0.00172776
 14 0.358304 0.00160881
 15 0.359008 0.0016486
 16 0.359391 0.00158929
 17 0.359675 0.00152105
 18 0.359605 0.00143817
 19 0.36012 0.00145163
 20 0.360453 0.00141688
 1 0.357522 0
 2 0.362928 0.00382246
 3 0.360644 0.00315808
 4 0.362361 0.0027967
 5 0.362768 0.00226677
 6 0.35922 0.00374959
 7 0.358617 0.00326199
 8 0.358205 0.00288019
 9 0.357166 0.00274113
 10 0.358629 0.00283088
 11 0.358072 0.00262781
 12 0.357842 0.00241885
 13 0.358134 0.00225036
 14 0.358234 0.00209183
 15 0.358497 0.00196878
 16 0.358297 0.00185582
 17 0.357629 0.00186304
 18 0.35806 0.0018087
 19 0.357933 0.00171797
 20 0.358322 0.00167555
 1 0.364212 0
 2 0.361192 0.00213526
 3 0.36136 0.00143007
 4 0.358615 0.00260777
 5 0.357796 0.00221114
 6 0.356452 0.00221353
 7 0.356159 0.00191662
 8 0.355705 0.0017299
 9 0.356599 0.00175332
 10 0.355966 0.00168834
 11 0.355138 0.00172585
 12 0.356089 0.00182536
 13 0.355985 0.00168794
 14 0.355566 0.00161839
 15 0.355722 0.00151799
 16 0.355865 0.0014298
 17 0.355475 0.00139786
 18 0.354937 0.00141998
 19 0.354693 0.00136603
 20 0.353808 0.00155843
 1 0.346387 0
 2 0.362922 0.0116919
 3 0.364234 0.0078679
 4 0.3632 0.00596848
 5 0.36155 0.00499763
 6 0.360366 0.00430271
 7 0.360413 0.00368829
 8 0.360506 0.00322844
 9 0.359474 0.00303018
 10 0.358094 0.00302517
 11 0.357758 0.00276876
 12 0.357754 0.00253803
 13 0.357555 0.00235059
 14 0.357321 0.00219435
 15 0.357708 0.00208194
 16 0.358115 0.00199128
 17 0.357462 0.00197843
 18 0.35777 0.00189239
 19 0.357765 0.00179279
 20 0.357777 0.00170319
 1 0.312901 0
 2 0.316562 0.00258875
 3 0.318564 0.00237734
 4 0.318487 0.00178426
 5 0.320216 0.00210469
 6 0.321505 0.00211187
 7 0.322789 0.00216572
 8 0.323141 0.00192332
 9 0.322484 0.00181839
 10 0.323135 0.00174922
 11 0.323653 0.00166519
 12 0.324029 0.00156845
 13 0.325341 0.00191947
 14 0.325885 0.00185781
 15 0.325539 0.00176579
 16 0.32547 0.00165679
 17 0.325338 0.00156456
 18 0.325209 0.00148302
 19 0.325262 0.00140591
 20 0.325654 0.0013893
 1 0.325229 0
 2 0.32621 0.000693401
 3 0.325034 0.00106553
 4 0.326342 0.00138616
 5 0.327802 0.00171349
 6 0.328615 0.001609
 7 0.328618 0.00137914
 8 0.32786 0.00139948
 9 0.328456 0.001365
 10 0.328984 0.00132647
 11 0.328935 0.00120679
 12 0.329157 0.00112642
 13 0.329121 0.00104033
 14 0.32908 0.00096684
 15 0.329323 0.000932376
 16 0.329228 0.000878939
 17 0.329526 0.000876556
 18 0.329104 0.000924221
 19 0.329319 0.000900314
 20 0.329395 0.000858496
 1 0.333249 0
 2 0.329178 0.00287815
 3 0.33147 0.00267998
 4 0.33272 0.00228286
 5 0.330293 0.00283649
 6 0.329555 0.002458
 7 0.328374 0.0023734
 8 0.329027 0.00216455
 9 0.329389 0.0019541
 10 0.327902 0.00225422
 11 0.328945 0.00227773
 12 0.32971 0.00221256
 13 0.329584 0.00204594
 14 0.328882 0.00201675
 15 0.328044 0.00204889
 16 0.327991 0.00192154
 17 0.328167 0.00181659
 18 0.327748 0.00176324
 19 0.327377 0.00170918
 20 0.327865 0.00169208
 1 0.329437 0
 2 0.329792 0.000250599
 3 0.32973 0.000174643
 4 0.329348 0.000355422
 5 0.330046 0.000686028
 6 0.330525 0.000719881
 7 0.330895 0.000705747
 8 0.330548 0.000697911
 9 0.328937 0.00164076
 10 0.329839 0.00170689
 11 0.329978 0.00155739
 12 0.329803 0.00143742
 13 0.329756 0.00132762
 14 0.329037 0.00141429
 15 0.328847 0.0013327
 16 0.32905 0.00126475
 17 0.329378 0.00123212
 18 0.32934 0.00116423
 19 0.329497 0.00111337
 20 0.328921 0.00119715
 1 0.318027 0
 2 0.326835 0.00622794
 3 0.329771 0.00479445
 4 0.328528 0.00375363
 5 0.328329 0.00300816
 6 0.327079 0.00275413
 7 0.326371 0.00245012
 8 0.327949 0.00260282
 9 0.327263 0.00240225
 10 0.328053 0.00228812
 11 0.327906 0.0020848
 12 0.328525 0.00200082
 13 0.32888 0.00187819
 14 0.329007 0.00174828
 15 0.329761 0.00178701
 16 0.329547 0.00168806
 17 0.328723 0.00177836
 18 0.328987 0.00169904
 19 0.328349 0.00172532
 20 0.328423 0.00164064
 1 0.294255 0
 2 0.299401 0.00363845
 3 0.299147 0.00243446
 4 0.302766 0.00362693
 5 0.303102 0.00291707
 6 0.305108 0.00304373
 7 0.304851 0.00261975
 8 0.305114 0.0023054
 9 0.304667 0.00209204
 10 0.304473 0.00189179
 11 0.304182 0.00174215
 12 0.304709 0.0016749
 13 0.304833 0.00155061
 14 0.304363 0.00150941
 15 0.304884 0.00149616
 16 0.304439 0.00146726
 17 0.304468 0.00138124
 18 0.304566 0.00130796
 19 0.304613 0.00123997
 20 0.304241 0.00123257
 1 0.300871 0
 2 0.303587 0.0019203
 3 0.304744 0.00159107
 4 0.304042 0.00133909
 5 0.303742 0.00110436
 6 0.302868 0.00121826
 7 0.30317 0.00108106
 8 0.302539 0.00111483
 9 0.302734 0.00100776
 10 0.302486 0.000936888
 11 0.302733 0.000883735
 12 0.303025 0.00085691
 13 0.303195 0.000807743
 14 0.302921 0.00079526
 15 0.303161 0.00077764
 16 0.303253 0.000734381
 17 0.302692 0.000879588
 18 0.302539 0.000843889
 19 0.302042 0.000934442
 20 0.302627 0.00105523
 1 0.307326 0
 2 0.300887 0.004553
 3 0.303596 0.00375571
 4 0.304196 0.00286426
 5 0.304752 0.00234479
 6 0.303783 0.00214479
 7 0.304041 0.00185389
 8 0.30396 0.00162393
 9 0.302661 0.00189292
 10 0.302075 0.00179228
 11 0.301192 0.00183379
 12 0.301004 0.00169059
 13 0.30103 0.00156074
 14 0.301111 0.00145135
 15 0.301195 0.00135702
 16 0.301705 0.00136492
 17 0.301552 0.00129323
 18 0.301531 0.00122155
 19 0.301711 0.00117039
 20 0.301964 0.00113892
 1 0.305956 0
 2 0.306153 0.000139162
 3 0.305673 0.000402492
 4 0.306319 0.00063553
 5 0.305823 0.000674825
 6 0.305022 0.000922443
 7 0.304862 0.000804388
 8 0.303945 0.00110997
 9 0.304589 0.00115861
 10 0.304434 0.00105303
 11 0.303816 0.00112425
 12 0.304342 0.00114731
 13 0.304679 0.00110726
 14 0.304157 0.00114464
 15 0.303999 0.0010791
 16 0.303691 0.00105463
 17 0.303845 0.00100376
 18 0.303771 0.000950724
 19 0.303675 0.000905532
 20 0.303482 0.000880675
 1 0.301402 0
 2 0.302922 0.00107485
 3 0.302797 0.00072377
 4 0.30177 0.00104177
 5 0.302267 0.000944394
 6 0.30351 0.00138116
 7 0.302693 0.00140518
 8 0.302922 0.00124816
 9 0.303654 0.00130667
 10 0.303682 0.00117629
 11 0.303242 0.00114879
 12 0.303548 0.001093
 13 0.304042 0.0011153
 14 0.303862 0.00105019
 15 0.303855 0.000980199
 16 0.303767 0.000922872
 17 0.303982 0.000893387
 18 0.303516 0.000957582
 19 0.303273 0.0009376
 20 0.303167 0.000896736
 1 0.277057 0
 2 0.272901 0.00293888
 3 0.272474 0.00198996
 4 0.273211 0.00162303
 5 0.273232 0.00129857
 6 0.274886 0.00185741
 7 0.275699 0.00176112
 8 0.276092 0.00158419
 9 0.27627 0.00141815
 10 0.27598 0.00130561
 11 0.276663 0.00135348
 12 0.27662 0.00124137
 13 0.276008 0.0012877
 14 0.276459 0.00127217
 15 0.27637 0.00119044
 16 0.276568 0.00113228
 17 0.277019 0.0011521
 18 0.277294 0.00112053
 19 0.276906 0.00112678
 20 0.276599 0.00111159
 1 0.275785 0
 2 0.279532 0.00264945
 3 0.279679 0.00177038
 4 0.280778 0.00163351
 5 0.280956 0.00131646
 6 0.280389 0.00121309
 7 0.280528 0.00104778
 8 0.27986 0.00110958
 9 0.279353 0.00109627
 10 0.277967 0.00164368
 11 0.277761 0.00150706
 12 0.277706 0.0013825
 13 0.277785 0.00127845
 14 0.278374 0.00131562
 15 0.278521 0.00123615
 16 0.279045 0.00126494
 17 0.279168 0.00119652
 18 0.279085 0.00113293
 19 0.278706 0.00113488
 20 0.278727 0.00107833
 1 0.275088 0
 2 0.277108 0.00142861
 3 0.277749 0.00108675
 4 0.275841 0.00184273
 5 0.27492 0.00168858
 6 0.275079 0.00141455
 7 0.275828 0.00139679
 8 0.276165 0.00126228
 9 0.276616 0.00119973
 10 0.276318 0.00111618
 11 0.276026 0.00105219
 12 0.27614 0.000970741
 13 0.276836 0.00111795
 14 0.276965 0.00104548
 15 0.277319 0.00103403
 16 0.27715 0.000983176
 17 0.277177 0.000925726
 18 0.277333 0.000887312
 19 0.277383 0.000842023
 20 0.277223 0.000814947
 1 0.276063 0
 2 0.27609 1.90653e-05
 3 0.279419 0.00271867
 4 0.27988 0.00207771
 5 0.278526 0.00205655
 6 0.27799 0.00178242
 7 0.278047 0.00152871
 8 0.27742 0.00146056
 9 0.27701 0.0013545
 10 0.276875 0.00122581
 11 0.276337 0.00122685
 12 0.27615 0.00113871
 13 0.276319 0.00106363
 14 0.276016 0.00102992
 15 0.275693 0.0010106
 16 0.276339 0.00113528
 17 0.276173 0.00108067
 18 0.276415 0.0010474
 19 0.276334 0.000995382
 20 0.276604 0.00098162
 1 0.277826 0
 2 0.277684 0.000100321
 3 0.277146 0.000444848
 4 0.275735 0.00126643
 5 0.274412 0.00155802
 6 0.274852 0.00135916
 7 0.275286 0.00123221
 8 0.276827 0.0018005
 9 0.27728 0.00165646
 10 0.277512 0.00150699
 11 0.277058 0.00143694
 12 0.276662 0.0013705
 13 0.276638 0.00126529
 14 0.277129 0.00126649
 15 0.276872 0.00120776
 16 0.277405 0.00124407
 17 0.277142 0.00119835
 18 0.277088 0.00113297
 19 0.276962 0.0010804
 20 0.276938 0.00102663
 1 0.256509 0
 2 0.253683 0.00199764
 3 0.251139 0.00246781
 4 0.252034 0.00200667
 5 0.25204 0.00160535
 6 0.252294 0.00135773
 7 0.250699 0.00188009
 8 0.250904 0.00165621
 9 0.250615 0.00149728
 10 0.250453 0.00135624
 11 0.250368 0.00123562
 12 0.250609 0.00115592
 13 0.250612 0.00106701
 14 0.250948 0.00104215
 15 0.251259 0.00101802
 16 0.251321 0.000956275
 17 0.251466 0.000910994
 18 0.251597 0.000869819
 19 0.252008 0.000915869
 20 0.251921 0.00087419
 1 0.251162 0
 2 0.250918 0.000172434
 3 0.250074 0.000698132
 4 0.252379 0.00206374
 5 0.25262 0.00166502
 6 0.254 0.00187382
 7 0.253845 0.00161252
 8 0.252447 0.00192406
 9 0.253184 0.00184601
 10 0.252716 0.00171956
 11 0.252902 0.00157322
 12 0.252948 0.0014428
 13 0.253227 0.00135856
 14 0.253064 0.00127136
 15 0.253164 0.00119058
 16 0.253292 0.00112303
 17 0.25384 0.00118305
 18 0.253939 0.00112148
 19 0.253844 0.00106648
 20 0.254018 0.00102718
 1 0.245566 0
 2 0.246883 0.000931919
 3 0.250387 0.00292761
 4 0.250863 0.00223402
 5 0.252066 0.00208591
 6 0.251482 0.00181806
 7 0.252992 0.00209379
 8 0.252993 0.00183206
 9 0.253508 0.00169941
 10 0.254222 0.00167303
 11 0.254002 0.00153535
 12 0.254144 0.00141394
 13 0.253797 0.00134704
 14 0.253529 0.0012772
 15 0.253552 0.00119225
 16 0.253938 0.00117879
 17 0.254106 0.00112138
 18 0.25415 0.00105994
 19 0.254209 0.00100575
 20 0.254104 0.000960902
 1 0.255766 0
 2 0.255524 0.000171061
 3 0.254837 0.000572537
 4 0.2543 0.000633189
 5 0.254051 0.000553334
 6 0.254592 0.000675843
 7 0.255135 0.000766977
 8 0.255203 0.000674067
 9 0.255607 0.000710175
 10 0.255553 0.000641214
 11 0.255271 0.000641924
 12 0.255474 0.000619655
 13 0.255719 0.000618487
 14 0.255611 0.000583639
 15 0.255178 0.000686759
 16 0.255072 0.000652017
 17 0.255006 0.000616932
 18 0.255209 0.000614926
 19 0.255219 0.000582656
 20 0.255427 0.000589509
 1 0.246463 0
 2 0.247526 0.00075186
 3 0.247748 0.000532967
 4 0.249359 0.001451
 5 0.25074 0.00169481
 6 0.251109 0.0014521
 7 0.251309 0.0012583
 8 0.251225 0.00110383
 9 0.251838 0.00113894
 10 0.252174 0.00107332
 11 0.252052 0.000982637
 12 0.253195 0.0014174
 13 0.253608 0.00136733
 14 0.253637 0.00126997
 15 0.25333 0.0012219
 16 0.252988 0.00119231
 17 0.252722 0.0011515
 18 0.252806 0.00109059
 19 0.252858 0.00103443
 20 0.253043 0.000999128
 1 0.234788 0
 2 0.231849 0.00207831
 3 0.232181 0.00141188
 4 0.234368 0.00216999
 5 0.235248 0.00190588
 6 0.234972 0.00160799
 7 0.234496 0.00144724
 8 0.233773 0.00143527
 9 0.233424 0.00131773
 10 0.233723 0.00121953
 11 0.233257 0.00119436
 12 0.233471 0.00111372
 13 0.233332 0.00103661
 14 0.233405 0.000965105
 15 0.233365 0.000901574
 16 0.233581 0.000870612
 17 0.233515 0.000821868
 18 0.233513 0.000776213
 19 0.233051 0.000861748
 20 0.233174 0.000827407
 1 0.226309 0
 2 0.228203 0.0013393
 3 0.227367 0.00112401
 4 0.227867 0.000947773
 5 0.228943 0.00122521
 6 0.229623 0.00119522
 7 0.229712 0.00102775
 8 0.230334 0.00107102
 9 0.230261 0.000954518
 10 0.230419 0.000872113
 11 0.230374 0.000793997
 12 0.230613 0.000762928
 13 0.230432 0.000725239
 14 0.230546 0.000682243
 15 0.230564 0.000636999
 16 0.230536 0.000597775
 17 0.230577 0.000563999
 18 0.230719 0.000550278
 19 0.230505 0.000561661
 20 0.230587 0.000539665
 1 0.238848 0
 2 0.237917 0.000657996
 3 0.233583 0.00356599
 4 0.234023 0.0027015
 5 0.234075 0.00216169
 6 0.23406 0.00180146
 7 0.233867 0.00155435
 8 0.233096 0.00153951
 9 0.233279 0.00137926
 10 0.232979 0.00127349
 11 0.233317 0.00120164
 12 0.233345 0.00110185
 13 0.232987 0.00107369
 14 0.23323 0.00102416
 15 0.23353 0.00099883
 16 0.233407 0.000944044
 17 0.233113 0.000933133
 18 0.233016 0.000886266
 19 0.233041 0.000839967
 20 0.233325 0.000844493
 1 0.235548 0
 2 0.234045 0.00106253
 3 0.232693 0.00131189
 4 0.23188 0.00121
 5 0.231934 0.00096923
 6 0.231228 0.00103317
 7 0.230509 0.00110826
 8 0.230736 0.000992797
 9 0.230885 0.000893509
 10 0.230716 0.0008199
 11 0.230284 0.000851478
 12 0.230767 0.000907291
 13 0.230876 0.000843921
 14 0.231467 0.000968784
 15 0.231601 0.000913487
 16 0.231476 0.000864953
 17 0.23154 0.000816475
 18 0.231108 0.000878032
 19 0.231039 0.000834515
 20 0.231347 0.000847483
 1 0.227935 0
 2 0.229013 0.000761836
 3 0.228924 0.00051302
 4 0.229759 0.000818778
 5 0.230262 0.000794887
 6 0.230697 0.000772067
 7 0.230667 0.000662333
 8 0.230935 0.000631301
 9 0.230759 0.000585186
 10 0.230498 0.000582042
 11 0.231375 0.000990097
 12 0.231026 0.000967393
 13 0.231388 0.000958365
 14 0.231419 0.000890432
 15 0.231941 0.000972102
 16 0.232091 0.000922767
 17 0.232277 0.000887052
 18 0.232106 0.000854093
 19 0.232157 0.000810678
 20 0.231873 0.000818395
 1 0.212852 0
 2 0.213318 0.000329845
 3 0.213995 0.000594559
 4 0.213236 0.000794489
 5 0.213269 0.000636299
 6 0.212702 0.000740923
 7 0.212156 0.000811796
 8 0.211772 0.000796269
 9 0.211549 0.000738125
 10 0.212275 0.000956898
 11 0.212416 0.000880149
 12 0.212361 0.000808483
 13 0.212404 0.000747423
 14 0.21211 0.000749712
 15 0.212362 0.000741016
 16 0.212168 0.000719652
 17 0.212219 0.000679115
 18 0.212648 0.000764597
 19 0.212688 0.000725435
 20 0.212799 0.000697548
 1 0.217409 0
 2 0.21453 0.00203581
 3 0.213534 0.00158213
 4 0.214284 0.00135286
 5 0.215413 0.0014799
 6 0.215727 0.00126612
 7 0.215264 0.00116674
 8 0.215911 0.00118684
 9 0.215148 0.00127698
 10 0.214926 0.00116844
 11 0.215182 0.00108983
 12 0.215349 0.00101182
 13 0.215233 0.000940665
 14 0.214724 0.00100171
 15 0.214682 0.000935801
 16 0.214329 0.000941808
 17 0.214157 0.000901969
 18 0.213941 0.00087728
 19 0.213803 0.000841877
 20 0.213511 0.000849029
 1 0.209492 0
 2 0.210476 0.00069605
 3 0.21289 0.00202475
 4 0.212126 0.00165668
 5 0.213237 0.00165664
 6 0.213532 0.00140665
 7 0.213783 0.00122786
 8 0.213496 0.00110745
 9 0.213516 0.000984576
 10 0.21375 0.000913396
 11 0.213377 0.000903266
 12 0.213387 0.000828048
 13 0.213101 0.000812129
 14 0.213277 0.000773009
 15 0.21305 0.000754029
 16 0.213403 0.00078516
 17 0.213412 0.000739028
 18 0.213646 0.000733828
 19 0.213557 0.000700477
 20 0.213539 0.00066569
 1 0.217398 0
 2 0.215161 0.00158169
 3 0.216881 0.001756
 4 0.216008 0.00151868
 5 0.216554 0.00130944
 6 0.216214 0.00113438
 7 0.216749 0.00109089
 8 0.216284 0.00104875
 9 0.215662 0.00110131
 10 0.215799 0.000999668
 11 0.215407 0.000982644
 12 0.215301 0.000906436
 13 0.215376 0.000839779
 14 0.215359 0.000779976
 15 0.215128 0.000761285
 16 0.21501 0.000722865
 17 0.214847 0.000698495
 18 0.214752 0.000666082
 19 0.214485 0.000682365
 20 0.214597 0.000657387
 1 0.214369 0
 2 0.214385 1.16253e-05
 3 0.213284 0.000899256
 4 0.21226 0.00111399
 5 0.213065 0.00114551
 6 0.21371 0.00112164
 7 0.213797 0.000964762
 8 0.214037 0.000873485
 9 0.214101 0.000778794
 10 0.214075 0.00070134
 11 0.214233 0.000655041
 12 0.214394 0.000619896
 13 0.214167 0.00061218
 14 0.214533 0.000668819
 15 0.214532 0.000624231
 16 0.214653 0.000596857
 17 0.214781 0.000575165
 18 0.214682 0.000551615
 19 0.214918 0.000570655
 20 0.214927 0.000542202
 1 0.192064 0
 2 0.193629 0.00110644
 3 0.195562 0.00174233
 4 0.193878 0.00195812
 5 0.194735 0.00174415
 6 0.194204 0.00153217
 7 0.19409 0.00131753
 8 0.194362 0.00118057
 9 0.193883 0.00114267
 10 0.194379 0.00113103
 11 0.194655 0.0010613
 12 0.194956 0.0010147
 13 0.194889 0.00093886
 14 0.19481 0.00087506
 15 0.194982 0.000833322
 16 0.195111 0.000791198
 17 0.195262 0.000758917
 18 0.195456 0.000741232
 19 0.195567 0.000710514
 20 0.195738 0.000695171
 1 0.200114 0
 2 0.201727 0.00114079
 3 0.199725 0.00180333
 4 0.198719 0.00160847
 5 0.198298 0.00134079
 6 0.197799 0.00120674
 7 0.197324 0.0011237
 8 0.197967 0.00115241
 9 0.197547 0.00109831
 10 0.197304 0.00101495
 11 0.197297 0.000922708
 12 0.197216 0.000849335
 13 0.19717 0.000785239
 14 0.197375 0.000755307
 15 0.196948 0.000816574
 16 0.196834 0.000773397
 17 0.196688 0.000741562
 18 0.196741 0.000702243
 19 0.196597 0.000679893
 20 0.196655 0.000648377
 1 0.195268 0
 2 0.195725 0.000322631
 3 0.197348 0.00134293
 4 0.196928 0.0010708
 5 0.196184 0.00108484
 6 0.195697 0.00100758
 7 0.19612 0.000948358
 8 0.197005 0.0011724
 9 0.196596 0.00111136
 10 0.196254 0.00105136
 11 0.196269 0.000955878
 12 0.196762 0.000995508
 13 0.196715 0.000920031
 14 0.196597 0.000861899
 15 0.196631 0.00080511
 16 0.196489 0.000767168
 17 0.196575 0.000726824
 18 0.196594 0.000686702
 19 0.196701 0.00065878
 20 0.19654 0.000645229
 1 0.196333 0
 2 0.196513 0.000127271
 3 0.19737 0.000704919
 4 0.197002 0.000617188
 5 0.196686 0.000568834
 6 0.197451 0.000843783
 7 0.198448 0.00117275
 8 0.197852 0.00116791
 9 0.197643 0.00105668
 10 0.197332 0.000995626
 11 0.197245 0.000908919
 12 0.197255 0.000833226
 13 0.197161 0.000774346
 14 0.197099 0.000721506
 15 0.197211 0.000681945
 16 0.19732 0.000647952
 17 0.197137 0.00063494
 18 0.197229 0.000606282
 19 0.197192 0.000575526
 20 0.197035 0.00056777
 1 0.194689 0
 2 0.195341 0.00046094
 3 0.196581 0.00105828
 4 0.197413 0.00107197
 5 0.196966 0.000946269
 6 0.196734 0.000816458
 7 0.196894 0.000715338
 8 0.196926 0.000626609
 9 0.196279 0.000825741
 10 0.195604 0.000980882
 11 0.195282 0.000943074
 12 0.195398 0.000871545
 13 0.195172 0.000833288
 14 0.195537 0.000849991
 15 0.195402 0.000804059
 16 0.195412 0.000753878
 17 0.195839 0.000821389
 18 0.196098 0.000815583
 19 0.196116 0.000772855
 20 0.196271 0.000749616
