1.57859
1.57859
1.5786
1.5786
1.5786
1.5786
1.57859
1.57859
1.57859
1.57859
1.57859
1.57859
1.57858
1.57859
1.57858
1.57858
1.57857
1.57858
1.57858
1.57858
1.57858
1.57858
1.57858
1.57858
1.57858
1.57858
1.57857
1.57858
1.57858
1.57858
1.57857
1.57857
1.57857
1.57857
1.57856
1.57856
1.57855
1.57854
1.57855
1.57855
1.57854
1.57853
1.57853
1.57853
1.57853
1.57853
1.57853
1.57853
1.57854
1.57854
1.57854
1.57853
1.57853
1.57853
1.57853
1.57853
1.57852
1.57852
1.57853
1.57853
1.57852
1.57851
1.57851
1.57851
1.57851
1.5785
1.5785
1.5785
1.57849
1.57849
1.57849
1.57849
1.57848
1.57848
1.57849
1.5785
1.5785
1.57849
1.57849
1.5785
1.57849
1.57849
1.57849
1.57849
1.57848
1.57848
1.57848
1.57848
1.57848
1.57848
1.57847
1.57846
1.57845
1.57846
1.57847
1.57847
1.57847
1.57847
1.57847
1.57847
