1.25448
1.25416
1.25352
1.25248
1.25099
1.24905
1.24673
1.24417
1.24158
1.23919
1.23717
1.23561
1.23447
1.23365
1.23306
1.23262
1.23233
1.23225
1.23241
1.23287
1.23362
1.23463
1.23583
1.23711
1.23834
1.23937
1.2401
1.24046
1.24043
1.24006
1.23947
1.23882
1.23823
1.23781
1.23756
1.23745
1.23737
1.23723
1.23696
1.23654
1.236
1.23541
1.23487
1.23444
1.23418
1.23409
1.23415
1.23429
1.23441
1.23441
1.23422
1.23374
1.23292
1.23176
1.23027
1.22855
1.22672
1.22494
1.22342
1.22231
1.22168
1.22153
1.22175
1.22217
1.22259
1.22285
1.22283
1.22244
1.2217
1.22061
1.21925
1.2177
1.21604
1.21435
1.21268
1.21109
1.2096
1.20824
1.20706
1.20619
1.20578
1.20605
1.20713
1.20904
1.21164
1.21465
1.21768
1.22037
1.22244
1.22373
1.22421
1.22399
1.22333
1.22257
1.22208
1.22218
1.22301
1.22451
1.22649
1.22867
