1.88172
1.88124
1.88027
1.87872
1.87649
1.87358
1.8701
1.86626
1.86237
1.85878
1.85575
1.85341
1.8517
1.85048
1.84958
1.84893
1.8485
1.84837
1.84862
1.8493
1.85043
1.85195
1.85375
1.85567
1.8575
1.85906
1.86016
1.86069
1.86064
1.86009
1.85921
1.85822
1.85735
1.85671
1.85635
1.85618
1.85606
1.85585
1.85544
1.85481
1.854
1.85312
1.8523
1.85166
1.85127
1.85114
1.85123
1.85143
1.85161
1.85162
1.85132
1.8506
1.84938
1.84764
1.84541
1.84282
1.84007
1.83742
1.83513
1.83346
1.83252
1.83229
1.83262
1.83325
1.83389
1.83428
1.83424
1.83367
1.83254
1.83092
1.82888
1.82655
1.82406
1.82152
1.81903
1.81664
1.8144
1.81235
1.81059
1.80928
1.80868
1.80907
1.81069
1.81356
1.81746
1.82197
1.82651
1.83055
1.83366
1.83559
1.83631
1.83599
1.83499
1.83385
1.83312
1.83327
1.83451
1.83677
1.83974
1.84301
