0.809547
0.795871
0.785246
0.779658
0.780104
0.78615
0.795778
0.805973
0.813728
0.816866
0.814667
0.807995
0.798974
0.790418
0.784844
0.783745
0.787356
0.795015
0.805659
0.818155
0.831061
0.842458
0.850093
0.852064
0.847319
0.835993
0.819423
0.79983
0.779996
0.762909
0.751329
0.747311
0.751451
0.762517
0.77764
0.793192
0.805911
0.813606
0.815553
0.812374
0.805743
0.797802
0.79047
0.784855
0.781056
0.778483
0.77639
0.774135
0.771273
0.76744
0.762403
0.756212
0.749284
0.742262
0.735683
0.729951
0.72543
0.722834
0.723478
0.729117
0.741197
0.759898
0.783493
0.808753
0.831965
0.850122
0.861548
0.865764
0.863199
0.854769
0.841734
0.82587
0.809593
0.795812
0.78745
0.786574
0.793647
0.807284
0.82484
0.843252
0.859758
0.872352
0.879668
0.880872
0.875419
0.863062
0.843984
0.819162
0.790535
0.760877
0.733575
0.712014
0.69877
0.695052
0.700574
0.713871
0.732871
0.755338
0.779153
0.802309
