1 -5.02222
2 -4.28461
3 -3.44584
4 -3.18978
5 -2.70613
6 -2.08942
7 -2.30298
8 -1.72118
9 -1.68153
10 -1.64072
11 -1.21961
12 -0.929897
13 -1.00112
14 -0.703574
15 -0.860188
16 -0.607962
17 -0.905413
18 -0.657365
19 -0.556675
20 -0.303143
21 0.0935112
22 0.165187
23 -0.181368
24 0.0605771
25 0.111492
26 -0.0300417
27 -0.170759
28 -0.112399
29 -0.548282
30 -0.4454
31 -0.737169
32 -0.779837
33 -0.794484
34 -0.412402
35 -0.405049
36 -0.2974
37 -0.572086
38 -0.616962
39 -0.712013
40 -0.513648
41 -0.929371
42 -0.671937
43 -0.37017
44 -0.281444
45 0.180574
46 -0.209954
47 0.095255
48 -0.530641
49 -0.160999
50 0.152688
51 0.0836707
52 0.0328546
53 -0.403435
54 -0.125864
55 -0.258135
56 -0.317512
57 -0.20862
58 -0.0156124
59 -0.455221
60 0.075068
61 0.246666
62 0.336713
63 1.23441
64 1.00841
65 0.676212
66 -0.168183
67 0.0593839
68 0.326996
69 0.312439
70 0.2595
71 0.198975
72 -0.0328825
73 -0.00493228
74 0.0489064
75 -0.345275
76 -0.0987352
77 -0.005231
78 -0.332453
79 0.128475
80 0.275279
81 0.46194
82 0.435044
83 1.06555
84 0.698666
85 -0.113861
86 -0.0826681
87 0.352166
88 -0.457543
89 -0.327342
90 -0.279432
91 -0.498409
92 0.100124
93 0.286502
94 0.460831
95 0.658367
96 0.579186
97 0.443432
98 0.919398
99 0.75147
100 0.721886
101 0.573793
102 0.945922
103 1.20885
104 1.22596
105 1.08957
106 0.998354
107 0.880429
108 1.48847
109 1.2903
110 0.874646
111 1.06508
112 0.712447
113 0.846064
114 1.01133
115 1.27052
116 1.36046
117 1.05598
118 0.914881
119 0.994146
120 1.01081
121 0.570651
122 0.55209
123 0.704238
124 0.703583
125 0.596493
126 0.390982
127 0.386762
128 0.402543
129 0.382879
130 0.755218
131 0.320681
132 0.497961
133 0.573645
134 0.472876
135 0.744287
136 1.03466
137 1.16632
138 1.21861
139 0.613177
140 0.888625
141 0.485014
142 0.137409
143 0.589741
144 0.302259
145 0.191939
146 0.431788
147 0.62672
148 0.916559
149 0.879708
150 1.05802
151 0.773816
152 0.825728
153 1.02091
154 0.511802
155 0.723914
156 0.949774
157 0.91596
158 0.651881
159 0.539774
160 0.699654
161 0.971561
162 0.957866
163 0.752445
164 0.546394
165 0.700003
166 1.07307
167 0.862675
168 0.685333
169 0.750634
170 0.163357
171 0.163237
172 -0.0502112
173 0.196878
174 0.474666
175 0.585996
176 0.781677
177 1.34017
178 1.4597
179 1.29694
180 0.983356
181 1.0498
182 1.2717
183 1.25433
184 1.13953
185 0.919655
186 0.943062
187 1.30966
188 1.58209
189 1.28315
190 1.45903
191 1.36741
192 0.739012
193 0.805861
194 0.760803
195 0.217129
196 0.328198
197 0.351114
198 0.813436
199 0.945411
200 0.671249
201 0.711689
202 0.692237
203 0.348408
204 0.453006
205 0.199136
206 0.59944
207 0.0101235
208 0.0845066
209 -0.0360854
210 0.165795
211 0.261926
212 0.19107
213 0.198455
214 0.668963
215 0.919961
216 0.861638
217 0.814657
218 0.627033
219 0.67635
220 0.203925
221 0.60129
222 0.348934
223 0.255941
224 0.156534
225 0.276704
226 0.700617
227 1.09099
228 1.1731
229 0.763466
230 1.0903
231 1.29516
232 1.19532
233 1.0167
234 0.663845
235 0.83065
236 0.154185
237 0.51214
238 0.515981
239 0.480095
240 0.326202
241 0.466266
242 0.525974
243 0.98481
244 0.987467
245 1.00379
246 0.905273
247 0.932551
248 1.10587
249 1.41629
250 1.23397
251 1.47756
252 1.45198
253 1.25111
254 0.731632
255 0.865626
256 0.517963
257 0.453693
258 0.37182
259 0.25456
260 0.118769
261 0.22486
262 0.459937
263 0.586983
264 0.520265
265 0.227812
266 0.355754
267 0.515791
268 1.00754
269 1.25565
270 1.19159
271 1.30891
272 1.40521
273 1.48668
274 1.39159
275 1.23547
276 1.11888
277 1.29587
278 1.33549
279 1.12239
280 0.972934
281 0.783196
282 0.865134
283 0.737152
284 0.788429
285 0.490914
286 0.502999
287 0.978534
288 1.09786
289 0.965644
290 1.10818
291 1.10248
292 1.13442
293 1.15342
294 0.866033
295 1.19014
296 1.18454
297 1.06231
298 0.948325
299 0.594719
300 0.54952
301 0.766591
302 0.766244
303 0.676082
304 0.866798
305 1.00979
306 0.739868
307 0.967931
308 0.631921
309 0.957041
310 0.753757
311 1.00621
312 1.16
313 0.451478
314 0.28943
315 0.505901
316 0.705048
317 0.599549
318 0.932174
319 0.854501
320 0.396175
321 0.10892
322 0.73333
323 0.662732
324 1.05186
325 0.983242
326 0.751857
327 0.621393
328 0.49617
329 0.518588
330 0.785087
331 0.585833
332 0.771113
333 1.03548
334 1.40595
335 1.31121
336 1.01928
337 0.673164
338 0.681874
339 0.527899
340 1.29082
341 1.24784
342 1.36306
343 0.961005
344 1.15417
345 0.697939
346 0.548418
347 0.729874
348 0.804366
349 1.07066
350 0.464541
351 0.593901
352 0.734341
353 0.904432
354 1.1562
355 0.837571
356 1.00846
357 1.26325
358 1.40706
359 1.43268
360 2.01711
361 1.793
362 1.74159
363 2.54035
364 2.41495
365 2.15586
366 2.16424
367 1.89901
368 2.08586
369 2.00482
370 1.96543
371 2.05748
372 2.07155
373 2.01302
374 1.62669
375 1.57737
376 1.77794
377 2.32749
378 2.25071
379 2.11935
380 1.89379
381 1.51642
382 1.80201
383 1.35335
384 1.1225
385 1.21003
386 0.937379
387 1.21996
388 1.30788
389 1.07857
390 1.5186
391 1.65153
392 1.64958
393 1.08462
394 1.57578
395 1.38686
396 1.873
397 1.55653
398 1.72256
399 1.52192
400 1.33243
401 1.20574
402 1.20677
403 1.17366
404 1.72459
405 1.55365
406 1.72288
407 1.67739
408 1.73549
409 1.48108
410 2.08112
411 1.78182
412 2.00528
413 1.80218
414 1.76051
415 1.59007
416 1.46678
417 1.22179
418 1.31358
419 1.3422
420 1.2953
421 1.55539
422 1.56148
423 1.73123
424 1.40555
425 1.88252
426 1.84236
427 1.747
428 1.48518
429 1.53385
430 1.69341
431 1.8865
432 1.67295
433 2.08511
434 1.7955
435 1.27613
436 1.34946
437 1.31343
438 1.05182
439 1.02087
440 1.78448
441 2.23139
442 2.11014
443 2.04887
444 1.92185
445 2.10836
446 1.6105
447 1.8277
448 2.11396
449 2.10237
450 1.71651
451 1.62379
452 1.62882
453 1.65491
454 1.9819
455 2.01067
456 2.09501
457 1.96098
458 1.97759
459 1.60088
460 1.2909
461 1.43161
462 1.18867
463 1.26415
464 1.40603
465 1.24964
466 1.53824
467 1.44424
468 1.55839
469 1.68264
470 2.00696
471 1.8665
472 2.00595
473 2.12635
474 2.26643
475 2.21311
476 2.18578
477 1.74597
478 1.79356
479 1.3899
480 1.49814
481 1.42122
482 1.26522
483 1.34074
484 1.46433
485 1.29702
486 1.5497
487 1.53584
488 1.61806
489 1.13073
490 0.574426
491 0.564426
492 0.714037
493 0.533104
494 0.708107
495 0.955214
496 0.95883
497 0.455735
498 0.92296
499 1.55715
500 1.87738
501 1.72362
502 1.68975
503 1.24717
504 0.888002
505 0.781551
506 1.23935
507 1.43828
508 1.0992
509 0.876679
510 0.839736
511 1.33781
512 1.28357
513 1.15807
514 1.52812
515 1.7934
516 1.35985
517 1.51204
518 1.11194
519 1.40899
520 1.39532
521 1.57127
522 1.69164
523 1.429
524 1.18485
525 1.40874
526 1.39991
527 1.51688
528 1.36924
529 0.833447
530 0.857418
531 0.5558
532 0.594392
533 0.540269
534 1.19958
535 1.29533
536 1.84964
537 1.82873
538 1.75433
539 2.04201
540 2.12328
541 2.59524
542 2.5757
543 2.08033
544 1.57515
545 1.6497
546 1.81197
547 1.91774
548 2.11426
549 1.64647
550 1.51259
551 1.58103
552 1.72198
553 1.96844
554 1.75578
555 1.38299
556 1.2824
557 1.49177
558 1.8012
559 1.66095
560 1.53542
561 1.7137
562 1.46429
563 1.41729
564 1.36088
565 1.37344
566 1.42872
567 1.28766
568 0.91256
569 1.17486
570 1.32213
571 0.764685
572 0.812243
573 1.23084
574 1.22425
575 1.63213
576 1.88009
577 1.78796
578 1.72492
579 1.30232
580 1.40792
581 1.92627
582 1.7186
583 1.81655
584 2.2797
585 2.43171
586 2.38342
587 2.1374
588 2.25324
589 1.43727
590 1.8638
591 1.75404
592 1.16022
593 1.55941
594 1.04685
595 1.14262
596 0.838606
597 1.27968
598 1.53495
599 1.72441
600 1.95708
601 1.58223
602 1.59382
603 1.22098
604 1.49677
605 1.45514
606 1.76387
607 1.22731
608 1.27233
609 0.942903
610 1.11599
611 1.07916
612 0.83564
613 0.673793
614 1.12348
615 1.15898
616 1.27782
617 0.812432
618 1.27371
619 1.13774
620 1.2404
621 1.22844
622 1.03931
623 1.29884
624 1.53957
625 1.53492
626 1.33859
627 1.66937
628 1.82239
629 2.03365
630 1.76842
631 1.7464
632 1.68357
633 1.59048
634 1.7456
635 1.80068
636 2.10658
637 2.01913
638 1.99651
639 2.0373
640 2.35577
641 2.19627
642 2.00916
643 1.93904
644 1.98721
645 1.63346
646 1.73809
647 1.49666
648 1.60075
649 1.95021
650 1.63761
651 1.54401
652 1.82096
653 1.70403
654 2.42088
655 2.08965
656 1.69239
657 1.47594
658 2.04652
659 2.07531
660 2.44192
661 2.421
662 2.1711
663 1.39482
664 1.53005
665 1.2761
666 1.43427
667 1.14943
668 1.02547
669 0.813912
670 0.844737
671 1.62348
672 1.48615
673 1.73079
674 1.74313
675 1.46708
676 1.39645
677 1.62986
678 1.35952
679 1.39821
680 1.28743
681 1.42787
682 1.01651
683 1.18069
684 1.72896
685 1.68582
686 1.71136
687 1.53754
688 1.71794
689 1.47304
690 1.92093
691 1.50127
692 1.67085
693 2.04552
694 1.81673
695 1.72862
696 1.93361
697 2.01535
698 2.44971
699 2.35052
700 2.32836
701 2.02228
702 1.70323
703 1.93393
704 2.46416
705 2.65004
706 2.07882
707 2.28198
708 2.11271
709 2.2464
710 2.22387
711 1.61029
712 1.80665
713 1.97032
714 1.87323
715 1.54826
716 1.42057
717 1.08045
718 1.11246
719 1.45514
720 1.29603
721 1.38661
722 1.36996
723 1.16892
724 1.55394
725 1.35853
726 0.940216
727 1.1278
728 1.134
729 0.957497
730 0.847235
731 0.856069
732 1.59432
733 1.81127
734 1.74462
735 1.81263
736 1.81539
737 1.2208
738 1.30812
739 0.989998
740 0.771614
741 1.21648
742 0.704966
743 0.763958
744 0.985131
745 1.52975
746 1.4016
747 1.40469
748 1.00881
749 1.01796
750 1.10381
751 1.09968
752 1.36528
753 1.47645
754 1.58144
755 1.38044
756 1.42315
757 1.39806
758 1.56456
759 1.44087
760 1.19867
761 1.33996
762 1.19857
763 1.5022
764 1.16733
765 1.45318
766 0.999306
767 0.797848
768 1.4417
769 1.57033
770 1.79758
771 1.37796
772 1.0738
773 0.872579
774 1.20208
775 1.32604
776 1.00377
777 1.24093
778 1.23602
779 1.17945
780 1.77022
781 1.89404
782 1.98626
783 1.28387
784 1.42313
785 2.15485
786 1.93519
787 1.98321
788 1.96085
789 1.56174
790 1.19835
791 1.23375
792 1.08832
793 1.37765
794 1.56301
795 1.37839
796 1.82302
797 1.70362
798 1.62408
799 1.9545
800 1.62163
801 0.991384
802 0.898444
803 0.70397
804 0.749071
805 0.918271
806 0.887638
807 0.795413
808 1.06348
809 0.909639
810 0.509538
811 0.425573
812 0.28118
813 0.535907
814 0.242752
815 0.240771
816 0.570275
817 0.981003
818 0.683117
819 0.698736
820 0.835087
821 0.878872
822 0.837515
823 0.885409
824 0.61439
825 0.638218
826 0.726688
827 0.799016
828 0.801761
829 0.82158
830 0.864474
831 0.565355
832 0.875527
833 0.963969
834 1.02984
835 1.263
836 1.18374
837 0.914345
838 1.14071
839 1.06816
840 0.921253
841 1.16052
842 0.505798
843 0.574949
844 0.792271
845 0.975709
846 1.2295
847 1.33062
848 1.1555
849 1.52145
850 1.33243
851 1.32749
852 1.1339
853 0.948869
854 1.25477
855 0.945454
856 1.06528
857 1.15546
858 1.3702
859 1.81903
860 2.07384
861 1.93444
862 2.0477
863 1.83269
864 1.91541
865 1.51968
866 1.64183
867 1.50487
868 1.56919
869 1.36256
870 1.33085
871 1.27639
872 0.980165
873 0.995488
874 1.09679
875 1.36036
876 1.38756
877 0.973158
878 1.07524
879 0.98876
880 0.965861
881 0.953477
882 1.00979
883 1.06761
884 0.990062
885 0.985999
886 0.545232
887 0.543806
888 0.622717
889 0.785175
890 0.99293
891 0.876261
892 0.670661
893 0.991392
894 0.554286
895 0.561842
896 0.606105
897 0.756457
898 0.942647
899 0.838653
900 1.23259
901 0.86328
902 0.702329
903 1.16606
904 1.11315
905 1.84934
906 1.4317
907 1.21193
908 1.02614
909 0.9644
910 0.707278
911 0.888355
912 0.933546
913 1.02116
914 1.15303
915 1.12452
916 1.1426
917 1.15701
918 1.10543
919 0.577467
920 0.557306
921 0.601831
922 0.753707
923 0.611682
924 0.383254
925 0.247015
926 1.27779
927 0.696337
928 0.824951
929 0.909498
930 0.688468
931 1.07734
932 0.948875
933 1.03876
934 0.655561
935 0.578624
936 0.658926
937 0.90993
938 1.15821
939 0.924608
940 0.854539
941 0.522974
942 0.704759
943 0.618638
944 1.10717
945 1.35988
946 1.16396
947 0.82458
948 0.929518
949 0.936625
950 1.27554
951 1.25448
952 1.31283
953 1.46747
954 1.36495
955 1.5736
956 1.90215
957 1.76802
958 1.80542
959 1.97438
960 1.88087
961 2.18493
962 2.1134
963 1.91849
964 2.18407
965 2.45614
966 1.74094
967 1.89018
968 1.70065
969 1.70632
970 1.68535
971 1.56964
972 1.57745
973 1.38294
974 1.82294
975 1.6861
976 1.64154
977 1.62318
978 1.54705
979 1.65926
980 1.3902
981 1.91007
982 1.57888
983 1.44757
984 1.80879
985 1.86231
986 2.09133
987 1.70096
988 1.53154
989 1.45614
990 1.72493
991 2.09025
992 1.69156
993 1.73063
994 2.29592
995 2.4006
996 1.70425
997 1.4496
998 1.53499
999 1.85642
1000 1.3166
1001 1.30524
1002 1.30462
1003 1.3326
1004 1.39663
1005 0.846958
1006 0.603423
1007 0.494887
1008 0.774129
1009 0.72125
1010 1.14994
1011 1.12428
1012 1.15429
1013 1.04443
1014 1.10036
1015 0.777713
1016 0.606392
1017 0.674068
1018 0.428265
1019 0.632622
1020 0.788399
1021 0.862017
1022 0.875322
1023 0.928777
1024 1.12077
1025 1.45805
1026 1.33458
1027 1.11201
1028 0.996217
1029 0.951606
1030 0.964598
1031 0.862391
1032 0.845393
1033 0.695157
1034 0.653237
1035 0.748365
1036 0.863575
1037 0.747981
1038 0.601878
1039 0.466579
1040 0.8188
1041 0.639777
1042 0.548075
1043 0.412434
1044 0.929996
1045 0.463365
1046 0.307698
1047 0.188419
1048 1.13682
1049 1.13677
1050 1.48083
1051 1.43287
1052 1.4905
1053 1.09291
1054 1.14815
1055 0.512193
1056 0.491852
1057 0.593694
1058 0.373988
1059 0.349876
1060 1.28818
1061 1.41409
1062 1.10009
1063 1.42446
1064 1.37253
1065 1.58426
1066 1.1524
1067 1.38133
1068 1.11707
1069 1.4706
1070 1.19367
1071 0.895147
1072 0.953522
1073 1.12706
1074 1.6833
1075 1.07281
1076 1.32434
1077 1.22911
1078 0.770052
1079 0.676396
1080 0.544977
1081 0.680574
1082 1.04697
1083 0.527121
1084 0.437528
1085 0.640233
1086 0.866152
1087 0.950455
1088 1.01908
1089 1.17674
1090 1.0831
1091 1.43452
1092 1.51387
1093 1.66903
1094 1.26792
1095 1.21629
1096 1.15148
1097 0.939086
1098 0.965804
1099 0.818745
1100 0.759414
1101 0.932422
1102 0.944108
1103 0.568844
1104 0.791576
1105 1.1468
1106 1.06218
1107 1.13725
1108 1.35592
1109 1.14422
1110 1.29562
1111 1.33559
1112 1.47828
1113 1.53414
1114 1.76678
1115 1.69396
1116 1.65371
1117 1.51037
1118 1.38636
1119 1.03592
1120 1.35891
1121 0.915213
1122 0.94836
1123 1.03101
1124 1.16504
1125 0.885637
1126 0.727202
1127 0.800144
1128 1.20028
1129 0.867237
1130 0.800949
1131 1.15651
1132 1.04469
1133 1.21437
1134 1.1386
1135 1.45025
1136 1.16819
1137 1.12366
1138 0.877349
1139 0.709112
1140 0.525792
1141 0.44602
1142 0.267637
1143 0.459538
1144 0.70577
1145 0.620098
1146 0.610276
1147 0.970315
1148 1.14806
1149 0.859932
1150 1.30973
1151 1.09978
1152 1.06331
1153 0.963741
1154 0.945896
1155 1.27831
1156 1.35651
1157 0.905053
1158 0.909364
1159 0.747238
1160 1.30402
1161 1.2608
1162 1.16294
1163 1.66306
1164 1.94431
1165 1.63825
1166 1.18316
1167 1.1007
1168 1.00836
1169 1.89458
1170 1.6522
1171 1.34485
1172 1.15715
1173 1.16498
1174 1.04172
1175 1.2731
1176 2.06929
1177 2.07503
1178 2.59286
1179 2.21697
1180 1.50108
1181 1.51583
1182 2.21243
1183 1.97943
1184 1.59316
1185 1.7247
1186 1.93597
1187 1.7535
1188 1.91471
1189 1.76177
1190 1.98678
1191 1.49944
1192 1.54953
1193 2.18455
1194 2.04128
1195 2.18872
1196 2.17753
1197 2.3546
1198 2.2469
1199 2.08747
1200 1.96361
1201 1.91373
1202 1.78844
1203 2.02045
1204 2.2496
1205 2.04738
1206 1.95032
1207 1.93247
1208 2.27956
1209 2.24845
1210 2.18833
1211 1.98305
1212 1.7603
1213 2.17572
1214 2.52845
1215 2.19049
1216 2.32267
1217 2.00818
1218 2.12534
1219 2.29151
1220 2.52105
1221 2.3069
1222 2.24492
1223 2.24407
1224 2.51611
1225 2.18384
1226 2.05199
1227 2.36913
1228 2.09909
1229 1.83277
1230 1.55428
1231 1.7958
1232 1.8191
1233 1.97594
1234 2.05012
1235 1.65783
1236 1.34095
1237 1.35994
1238 1.41756
1239 1.52133
1240 1.40566
1241 1.53192
1242 2.04942
1243 1.8157
1244 1.8855
1245 2.0579
1246 2.03356
1247 1.96945
1248 2.10485
1249 2.18106
1250 1.94334
1251 1.67493
1252 1.52568
1253 1.27908
1254 1.42382
1255 1.4605
1256 1.28438
1257 1.57079
1258 1.58146
1259 1.30738
1260 0.946321
1261 1.49769
1262 1.45454
1263 1.55751
1264 1.7403
1265 1.49914
1266 1.74852
1267 1.66364
1268 1.12971
1269 0.846158
1270 1.38674
1271 1.30965
1272 1.26012
1273 1.68687
1274 1.97152
1275 1.83474
1276 1.81204
1277 1.71169
1278 1.74092
1279 1.2979
1280 1.4914
1281 1.19525
1282 1.53773
1283 1.2847
1284 1.55589
1285 1.23628
1286 1.26208
1287 0.88878
1288 0.905746
1289 1.22123
1290 1.38168
1291 1.31664
1292 1.23323
1293 1.3371
1294 1.90477
1295 2.2334
1296 1.97513
1297 2.64503
1298 2.44513
1299 2.0853
1300 1.97392
1301 1.98879
1302 1.68216
1303 1.47089
1304 1.45235
1305 1.26261
1306 1.2527
1307 1.11867
1308 1.32732
1309 1.38302
1310 1.11756
1311 1.47038
1312 1.5353
1313 1.39502
1314 1.32593
1315 1.26259
1316 1.52043
1317 1.2775
1318 1.66026
1319 1.87226
1320 1.88527
1321 1.91454
1322 2.31562
1323 2.12021
1324 2.0998
1325 2.58155
1326 2.25857
1327 2.3802
1328 2.25737
1329 1.97028
1330 1.93884
1331 1.87635
1332 2.01206
1333 1.88728
1334 2.01072
1335 1.63054
1336 1.76703
1337 1.98098
1338 2.11996
1339 2.45824
1340 2.52486
1341 2.97676
1342 3.09477
1343 2.68579
1344 2.72861
1345 2.36536
1346 2.53124
1347 2.66597
1348 2.49915
1349 2.50116
1350 2.37606
1351 1.89123
1352 2.43437
1353 2.60112
1354 2.49011
1355 2.24802
1356 2.22069
1357 2.3159
1358 2.08091
1359 1.86755
1360 1.80776
1361 1.47324
1362 1.43793
1363 1.31631
1364 1.39797
1365 1.61284
1366 1.58037
1367 1.51905
1368 1.47563
1369 1.50726
1370 1.1693
1371 1.29433
1372 1.44745
1373 1.3749
1374 1.39241
1375 1.44771
1376 1.10188
1377 1.36415
1378 1.23324
1379 1.44264
1380 1.48168
1381 2.22963
1382 1.82272
1383 2.05463
1384 2.06114
1385 1.91837
1386 1.73901
1387 2.15222
1388 1.57958
1389 1.34488
1390 1.32201
1391 1.24691
1392 1.15366
1393 1.56162
1394 1.27989
1395 1.396
1396 1.95497
1397 1.81477
1398 1.98431
1399 1.81188
1400 1.85643
1401 1.56217
1402 1.49963
1403 1.20619
1404 1.14424
1405 1.19965
1406 1.49483
1407 1.38099
1408 1.37703
1409 1.52669
1410 1.74728
1411 1.66263
1412 1.36975
1413 2.00735
1414 1.75518
1415 1.02271
1416 0.760868
1417 0.70764
1418 0.617249
1419 0.670382
1420 0.779385
1421 0.938229
1422 0.755017
1423 0.698303
1424 0.816408
1425 0.785874
1426 1.23956
1427 1.25623
1428 1.02357
1429 1.20952
1430 1.3101
1431 0.506168
1432 0.646305
1433 0.323776
1434 0.306205
1435 0.885915
1436 0.893371
1437 0.821275
1438 0.813138
1439 0.992604
1440 0.910789
1441 1.17448
1442 1.2367
1443 1.2289
1444 1.62459
1445 1.58658
1446 1.22522
1447 0.882478
1448 1.63136
1449 1.53244
1450 1.62119
1451 1.50935
1452 2.27298
1453 2.03109
1454 2.03338
1455 2.26422
1456 2.09365
1457 1.86036
1458 2.22466
1459 1.81537
1460 1.28436
1461 1.53508
1462 1.54898
1463 1.69789
1464 1.67251
1465 1.46085
1466 1.66571
1467 1.53744
1468 1.65746
1469 1.71405
1470 1.27405
1471 1.10158
1472 1.40084
1473 1.61821
1474 1.56504
1475 1.62701
1476 1.72233
1477 1.18342
1478 1.11
1479 1.31343
1480 1.30745
1481 1.77632
1482 1.52345
1483 1.67844
1484 1.59436
1485 1.61832
1486 1.3816
1487 1.52812
1488 1.71559
1489 1.95978
1490 1.40009
1491 1.61622
1492 1.3112
1493 1.1191
1494 1.2501
1495 1.55308
1496 1.72592
1497 1.69991
1498 1.71156
1499 2.08644
1500 2.0566
1501 2.04383
1502 1.44841
1503 1.5936
1504 1.98076
1505 1.99419
1506 2.1046
1507 2.0975
1508 2.17869
1509 2.1467
1510 2.19651
1511 2.01424
1512 1.89888
1513 1.83127
1514 2.22949
1515 1.94364
1516 1.56751
1517 1.53824
1518 1.79981
1519 1.82039
1520 1.81512
1521 2.04869
1522 2.28602
1523 1.71855
1524 1.68123
1525 2.01018
1526 2.41021
1527 2.29947
1528 1.94527
1529 1.85472
1530 2.0658
1531 2.20647
1532 2.00262
1533 2.13673
1534 2.67603
1535 2.59978
1536 2.35944
1537 2.45566
1538 2.53945
1539 2.57128
1540 2.85665
1541 2.76226
1542 2.734
1543 3.01239
1544 2.92448
1545 2.4851
1546 2.68033
1547 2.78056
1548 2.65671
1549 2.48828
1550 2.32882
1551 3.11131
1552 3.08914
1553 2.95563
1554 2.46243
1555 2.60677
1556 2.30894
1557 1.89153
1558 1.94714
1559 1.79174
1560 1.64287
1561 1.57838
1562 1.5268
1563 1.62414
1564 1.74248
1565 1.78899
1566 1.55325
1567 1.21922
1568 1.49534
1569 1.10561
1570 1.1489
1571 1.44218
1572 1.67989
1573 1.60768
1574 1.59861
1575 1.53512
1576 1.56538
1577 1.34544
1578 1.34257
1579 1.54405
1580 1.96135
1581 1.9814
1582 2.26534
1583 2.10732
1584 2.22036
1585 2.03673
1586 2.13773
1587 1.87004
1588 2.40002
1589 2.31759
1590 1.93514
1591 2.11471
1592 1.90739
1593 1.54167
1594 1.74624
1595 1.80896
1596 1.75401
1597 2.2244
1598 1.73184
1599 1.90833
1600 1.77574
1601 1.73792
1602 2.11171
1603 2.15328
1604 1.90715
1605 1.56136
1606 1.61753
1607 1.81071
1608 1.93195
1609 1.81338
1610 1.53255
1611 1.96165
1612 1.8163
1613 1.4213
1614 1.67244
1615 1.31076
1616 1.2781
1617 1.33258
1618 1.17963
1619 1.5348
1620 1.64349
1621 1.99709
1622 2.17475
1623 2.17837
1624 2.27802
1625 2.20625
1626 2.07536
1627 2.03286
1628 1.80205
1629 1.40987
1630 1.16157
1631 1.23752
1632 1.52077
1633 1.6274
1634 1.46777
1635 1.19669
1636 1.28307
1637 1.46206
1638 1.31033
1639 1.37212
1640 1.20059
1641 1.4599
1642 1.24135
1643 1.49419
1644 1.23616
1645 0.958379
1646 0.738409
1647 0.599706
1648 0.660753
1649 0.814058
1650 0.966009
1651 0.996734
1652 1.07667
1653 1.28951
1654 1.23305
1655 1.69708
1656 1.72794
1657 1.57078
1658 1.12559
1659 1.21666
1660 1.10814
1661 1.33452
1662 1.27647
1663 1.06899
1664 0.814747
1665 1.03104
1666 1.26413
1667 1.08016
1668 1.39994
1669 1.36436
1670 1.25916
1671 1.16397
1672 1.17601
1673 1.37561
1674 1.58712
1675 1.61173
1676 1.79063
1677 1.63643
1678 2.33658
1679 2.79293
1680 3.10727
1681 3.32611
1682 2.84314
1683 3.111
1684 2.90587
1685 2.62592
1686 2.90733
1687 2.82292
1688 2.88609
1689 2.42156
1690 1.84046
1691 1.69045
1692 1.72467
1693 2.14542
1694 1.89173
1695 1.59755
1696 1.96109
1697 1.79355
1698 1.59865
1699 1.61328
1700 1.4392
1701 1.59489
1702 1.71284
1703 1.78466
1704 1.24866
1705 0.845973
1706 0.727145
1707 1.25903
1708 1.31785
1709 1.21215
1710 1.28131
1711 1.20387
1712 1.53189
1713 1.38327
1714 1.21141
1715 1.60969
1716 1.69449
1717 1.55753
1718 1.06768
1719 0.849193
1720 0.826653
1721 1.21213
1722 1.23356
1723 0.684106
1724 0.649376
1725 0.642268
1726 0.680649
1727 0.640833
1728 0.881466
1729 0.852198
1730 0.811486
1731 0.571237
1732 1.07723
1733 0.955783
1734 0.994213
1735 1.80221
1736 2.07401
1737 1.62537
1738 1.35192
1739 1.46937
1740 1.46445
1741 1.21829
1742 1.13368
1743 1.45619
1744 1.68676
1745 1.65175
1746 1.6883
1747 1.71572
1748 1.92403
1749 2.20746
1750 2.26316
1751 2.17179
1752 1.98758
1753 2.36308
1754 1.95545
1755 2.00686
1756 2.21992
1757 2.13513
1758 1.88599
1759 1.90757
1760 1.02263
1761 1.13822
1762 1.22032
1763 1.46
1764 1.56997
1765 1.22194
1766 1.3925
1767 1.55378
1768 1.49463
1769 1.3049
1770 1.43514
1771 1.48801
1772 1.9414
1773 1.65164
1774 1.42301
1775 1.62592
1776 1.7041
1777 1.79793
1778 2.02594
1779 1.87034
1780 1.94568
1781 1.691
1782 1.6181
1783 1.64235
1784 1.67396
1785 1.76342
1786 1.58337
1787 1.63773
1788 1.70867
1789 1.47001
1790 1.43553
1791 1.38287
1792 1.3708
1793 1.43046
1794 1.83734
1795 1.80273
1796 1.7365
1797 1.79833
1798 1.36645
1799 1.13144
1800 1.07681
1801 1.06739
1802 1.13092
1803 1.05613
1804 1.11425
1805 1.0696
1806 1.63019
1807 1.51647
1808 1.32211
1809 1.46335
1810 1.61451
1811 1.53008
1812 1.00004
1813 0.956512
1814 0.692189
1815 0.720057
1816 0.837627
1817 0.807627
1818 0.754741
1819 1.08034
1820 0.845301
1821 0.998033
1822 1.07848
1823 1.32921
1824 0.902041
1825 0.824862
1826 0.927754
1827 0.892065
1828 1.09617
1829 1.0104
1830 1.03556
1831 1.21394
1832 1.26659
1833 1.29672
1834 1.0141
1835 0.615597
1836 0.66822
1837 0.492018
1838 0.523081
1839 0.601716
1840 0.650875
1841 0.562982
1842 0.531748
1843 0.836069
1844 0.785711
1845 0.522725
1846 0.985897
1847 0.8404
1848 0.974365
1849 1.03532
1850 1.21317
1851 1.24017
1852 1.18588
1853 0.795977
1854 0.97345
1855 0.869214
1856 0.736071
1857 1.14699
1858 0.998578
1859 1.00144
1860 1.13545
1861 1.02776
1862 1.11902
1863 1.37186
1864 1.54114
1865 1.41705
1866 1.60684
1867 1.46782
1868 1.62502
1869 1.40829
1870 1.45413
1871 1.09615
1872 1.45597
1873 1.47563
1874 1.36331
1875 1.34562
1876 1.63092
1877 1.49036
1878 1.26443
1879 1.23676
1880 1.13541
1881 1.13271
1882 1.13263
1883 0.926636
1884 0.915371
1885 1.26716
1886 1.14384
1887 1.47744
1888 1.5255
1889 1.697
1890 1.72835
1891 1.41431
1892 0.745389
1893 0.849268
1894 1.02151
1895 0.483746
1896 0.505357
1897 0.688504
1898 1.13989
1899 0.747319
1900 0.795203
1901 0.758929
1902 0.786195
1903 0.654272
1904 0.536633
1905 0.475874
1906 0.576448
1907 0.496292
1908 0.308993
1909 0.624586
1910 0.982613
1911 1.13716
1912 1.19386
1913 0.978713
1914 1.22151
1915 1.03224
1916 1.43634
1917 1.31431
1918 1.26426
1919 1.30822
1920 1.72467
1921 1.44177
1922 1.24594
1923 0.824802
1924 1.07792
1925 1.21955
1926 0.873648
1927 0.979848
1928 1.13475
1929 1.31407
1930 1.35832
1931 1.29244
1932 1.05688
1933 0.808434
1934 0.557507
1935 0.651317
1936 0.466834
1937 0.585599
1938 0.504631
1939 0.484094
1940 0.182979
1941 0.513154
1942 0.497962
1943 1.06356
1944 1.02607
1945 0.780966
1946 0.807351
1947 1.03487
1948 0.739501
1949 0.838825
1950 1.03875
1951 1.43839
1952 1.1583
1953 1.26707
1954 1.22138
1955 1.56849
1956 1.71705
1957 2.03508
1958 1.71329
1959 2.13873
1960 1.61608
1961 1.94328
1962 1.49248
1963 1.55024
1964 1.1789
1965 1.16891
1966 1.16035
1967 1.90119
1968 1.33527
1969 1.16318
1970 1.07984
1971 0.49528
1972 0.622846
1973 0.474796
1974 0.458921
1975 0.49304
1976 1.05146
1977 0.674128
1978 0.80314
1979 0.623042
1980 0.352127
1981 0.265728
1982 0.171113
1983 0.0685069
1984 0.222811
1985 0.305846
1986 0.256882
1987 0.246103
1988 0.397495
1989 0.448868
1990 0.668869
1991 0.482279
1992 0.955566
1993 0.757663
1994 0.761312
1995 0.643694
1996 0.569262
1997 0.516511
1998 0.716951
1999 0.481401
2000 0.287669
2001 0.715254
2002 0.696196
2003 0.883802
2004 0.606622
2005 0.224654
2006 0.276924
2007 0.428768
2008 0.214922
2009 0.604348
2010 0.678866
2011 0.941135
2012 1.01798
2013 0.949812
2014 0.792846
2015 0.892267
2016 1.31162
2017 1.09621
2018 1.32132
2019 1.32614
2020 1.23207
2021 0.811437
2022 0.560457
2023 0.9219
2024 1.40158
2025 1.47037
2026 1.56226
2027 2.03598
2028 2.15881
2029 2.27782
2030 1.94947
2031 1.96478
2032 2.12038
2033 1.86428
2034 1.86367
2035 2.15367
2036 1.92754
2037 1.79805
2038 1.77271
2039 1.57279
2040 1.46092
2041 1.15516
2042 1.25933
2043 0.954893
2044 0.813616
2045 0.523086
2046 0.620532
2047 1.15285
2048 0.574574
2049 0.53606
2050 0.567447
2051 0.849826
2052 1.25868
2053 1.79186
2054 1.45612
2055 1.34963
2056 1.07603
2057 1.18707
2058 0.931257
2059 1.06333
2060 1.12705
2061 1.21983
2062 1.41877
2063 1.56556
2064 1.58789
2065 1.62365
2066 1.45813
2067 1.45757
2068 1.63969
2069 1.43605
2070 1.73661
2071 1.49569
2072 1.75252
2073 1.81516
2074 1.44249
2075 1.63515
2076 1.49703
2077 1.64366
2078 1.60565
2079 1.39666
2080 1.26267
2081 1.11696
2082 1.36311
2083 1.35258
2084 1.34068
2085 1.30099
2086 1.96666
2087 1.10192
2088 1.05609
2089 1.02633
2090 1.04922
2091 0.953166
2092 0.882936
2093 0.833618
2094 0.882717
2095 0.931593
2096 0.548263
2097 0.760599
2098 0.876416
2099 1.18165
2100 1.0629
2101 0.675664
2102 0.792527
2103 0.951989
2104 1.36213
2105 0.7861
2106 0.783976
2107 0.614841
2108 0.900342
2109 0.916538
2110 0.869594
2111 0.715765
2112 0.92385
2113 0.881856
2114 0.997381
2115 1.07564
2116 1.07686
2117 0.74937
2118 0.72161
2119 0.973677
2120 1.19794
2121 1.24783
2122 1.19651
2123 1.29801
2124 0.943572
2125 0.92928
2126 0.755562
2127 0.702292
2128 0.994688
2129 1.19287
2130 1.21766
2131 1.23454
2132 1.29338
2133 1.1238
2134 1.49894
2135 1.77416
2136 1.89015
2137 1.53383
2138 1.60483
2139 1.84943
2140 1.62782
2141 1.55475
2142 1.68508
2143 1.7762
2144 1.52632
2145 1.43513
2146 1.17265
2147 1.18871
2148 1.24235
2149 1.00313
2150 1.12035
2151 1.08996
2152 1.00687
2153 1.3253
2154 1.02256
2155 1.35379
2156 1.34443
2157 1.07971
2158 1.70771
2159 1.07467
2160 1.08452
2161 0.933444
2162 0.947608
2163 1.07584
2164 1.229
2165 1.10843
2166 0.914802
2167 1.11374
2168 1.03382
2169 0.912176
2170 1.20577
2171 0.927647
2172 1.28088
2173 1.62065
2174 1.63484
2175 1.95125
2176 1.59288
2177 1.43664
2178 1.5901
2179 1.84667
2180 1.68588
2181 1.90463
2182 1.83542
2183 1.35349
2184 1.90013
2185 0.732807
2186 0.21866
2187 0.480865
2188 0.553714
2189 0.41439
2190 0.318739
2191 0.388309
2192 0.396318
2193 -0.0429254
2194 0.129751
2195 0.615463
2196 0.550503
2197 0.894769
2198 1.09958
2199 1.02687
2200 0.906801
2201 1.06261
2202 0.934631
2203 0.812381
2204 0.688779
2205 1.03749
2206 0.594801
2207 0.537485
2208 0.542017
2209 0.826583
2210 1.28584
2211 1.16069
2212 1.69549
2213 1.80575
2214 1.61859
2215 1.62626
2216 0.939452
2217 1.11843
2218 1.00401
2219 0.820491
2220 1.20156
2221 1.31624
2222 1.29532
2223 1.62601
2224 1.47895
2225 1.40895
2226 1.76238
2227 2.08414
2228 1.65628
2229 1.71759
2230 1.33001
2231 1.5893
2232 1.55481
2233 1.68601
2234 1.26431
2235 1.27686
2236 1.46831
2237 1.05892
2238 0.729305
2239 0.884598
2240 0.595772
2241 0.76285
2242 0.756665
2243 0.953751
2244 1.17631
2245 1.54085
2246 0.931591
2247 1.28201
2248 1.50677
2249 1.27784
2250 1.04925
2251 1.06591
2252 1.35759
2253 0.742582
2254 0.683582
2255 0.791072
2256 0.737182
2257 0.321728
2258 0.398737
2259 0.816911
2260 0.57608
2261 0.868821
2262 1.06339
2263 0.831373
2264 0.769154
2265 1.08772
2266 1.0842
2267 1.21014
2268 1.03778
2269 1.52025
2270 1.33987
2271 0.930591
2272 1.22525
2273 1.29458
2274 1.91489
2275 1.53416
2276 1.63915
2277 1.82826
2278 1.87499
2279 1.92934
2280 2.07741
2281 2.09377
2282 2.01455
2283 2.56269
2284 2.02146
2285 1.52372
2286 1.59594
2287 1.55609
2288 1.38959
2289 1.55369
2290 1.48904
2291 1.69674
2292 1.32748
2293 1.10833
2294 1.18049
2295 1.09943
2296 1.06756
2297 1.2253
2298 1.16835
2299 1.11783
2300 1.58909
2301 1.49281
2302 1.12899
2303 1.20396
2304 1.326
2305 1.08151
2306 1.06813
2307 1.05798
2308 0.93464
2309 1.26921
2310 1.51325
2311 0.934573
2312 1.03094
2313 1.34612
2314 1.41134
2315 1.46826
2316 1.22897
2317 1.27361
2318 1.40503
2319 1.27115
2320 1.80118
2321 1.6228
2322 0.941666
2323 1.12916
2324 1.43523
2325 1.26952
2326 1.39324
2327 0.934569
2328 0.693609
2329 0.50366
2330 0.38761
2331 0.580522
2332 0.805432
2333 1.00635
2334 1.288
2335 1.85116
2336 1.86075
2337 2.06816
2338 1.73415
2339 1.60156
2340 1.09457
2341 1.007
2342 1.24097
2343 0.98078
2344 1.10421
2345 1.19032
2346 1.45922
2347 1.10035
2348 0.992019
2349 1.07957
2350 1.72415
2351 1.29741
2352 1.46618
2353 1.40816
2354 1.31278
2355 1.75433
2356 1.76318
2357 1.7987
2358 2.03761
2359 1.64262
2360 1.5373
2361 1.33196
2362 1.80565
2363 1.78219
2364 1.57445
2365 1.5205
2366 1.74623
2367 1.61592
2368 1.4852
2369 1.19777
2370 1.51597
2371 1.6359
2372 1.69578
2373 0.699653
2374 0.516915
2375 0.564918
2376 0.918369
2377 1.36269
2378 1.54112
2379 1.14487
2380 1.23577
2381 1.09292
2382 1.11442
2383 1.42757
2384 0.867053
2385 0.813887
2386 0.595345
2387 0.506094
2388 0.449101
2389 0.595303
2390 0.739927
2391 0.864609
2392 1.37738
2393 1.38002
2394 1.56336
2395 1.6663
2396 1.38982
2397 1.36909
2398 1.46618
2399 1.09413
2400 1.12727
2401 0.947323
2402 0.912738
2403 1.10402
2404 1.19644
2405 1.09994
2406 0.919025
2407 0.96009
2408 1.41693
2409 1.26632
2410 1.08566
2411 1.18004
2412 1.409
2413 1.44915
2414 1.22583
2415 1.32681
2416 1.3152
2417 1.25405
2418 1.17946
2419 1.47199
2420 1.57256
2421 1.55405
2422 1.5616
2423 1.63965
2424 1.69937
2425 1.25663
2426 1.42337
2427 1.78997
2428 1.71929
2429 1.57101
2430 1.42189
2431 1.26027
2432 1.12777
2433 1.24336
2434 0.849277
2435 1.11551
2436 1.63189
2437 1.57692
2438 1.72174
2439 1.26661
2440 0.959838
2441 0.652204
2442 0.540884
2443 0.494772
2444 0.857002
2445 0.565967
2446 0.487506
2447 0.870474
2448 1.00502
2449 1.30677
2450 0.934426
2451 0.740321
2452 0.652053
2453 1.32119
2454 1.4394
2455 1.52017
2456 1.50076
2457 1.33309
2458 0.892348
2459 1.31346
2460 1.31059
2461 1.20481
2462 0.855959
2463 1.19095
2464 1.03338
2465 1.5582
2466 1.57559
2467 1.27589
2468 1.14505
2469 1.74406
2470 1.75458
2471 1.59398
2472 1.97164
2473 1.53914
2474 1.61763
2475 1.30565
2476 1.23617
2477 0.841303
2478 1.05884
2479 0.902212
2480 0.787727
2481 0.892278
2482 0.813081
2483 0.75093
2484 0.478435
2485 0.638294
2486 0.747458
2487 0.580028
2488 0.771225
2489 0.753756
2490 0.752185
2491 1.30168
2492 1.08998
2493 1.22951
2494 1.13142
2495 0.676014
2496 0.366963
2497 0.555749
2498 0.925812
2499 1.32931
2500 1.49622
2501 1.64698
2502 1.3968
2503 0.724796
2504 0.526783
2505 0.419964
2506 0.806847
2507 1.27061
2508 1.03875
2509 1.26515
2510 1.40145
2511 1.07514
2512 1.42023
2513 1.72548
2514 1.80766
2515 1.45903
2516 1.32101
2517 1.03145
2518 1.48363
2519 1.60479
2520 1.95836
2521 1.50258
2522 1.57619
2523 1.35513
2524 0.97963
2525 1.54488
2526 0.874209
2527 1.26276
2528 1.72625
2529 1.84443
2530 2.11526
2531 1.87175
2532 1.73106
2533 1.45325
2534 1.50678
2535 1.368
2536 1.32523
2537 1.63009
2538 2.00982
2539 1.76055
2540 1.75896
2541 1.82904
2542 1.64269
2543 1.6168
2544 1.74008
2545 2.30136
2546 2.19899
2547 2.37121
2548 1.99928
2549 1.53208
2550 1.65015
2551 1.39469
2552 1.22746
2553 1.30558
2554 1.45216
2555 1.09068
2556 1.01789
2557 1.5402
2558 1.28757
2559 1.82879
2560 2.17157
2561 2.26408
2562 2.13944
2563 2.3424
2564 1.79172
2565 1.88369
2566 1.72839
2567 1.53175
2568 1.34694
2569 1.27211
2570 1.46545
2571 1.58907
2572 1.51938
2573 1.13683
2574 0.893357
2575 1.30135
2576 1.36105
2577 1.14645
2578 1.29587
2579 1.24631
2580 1.40677
2581 1.24822
2582 1.13356
2583 1.16328
2584 1.19235
2585 0.868554
2586 1.05657
2587 1.07096
2588 0.905911
2589 0.858273
2590 0.659916
2591 0.827966
2592 0.874445
2593 1.08446
2594 0.936875
2595 0.439025
2596 0.676041
2597 0.770784
2598 0.657873
2599 1.27518
2600 0.973951
2601 1.19592
2602 1.15023
2603 1.67194
2604 1.49167
2605 1.22754
2606 1.4059
2607 1.69823
2608 1.39123
2609 0.837018
2610 0.820398
2611 0.583611
2612 0.928758
2613 0.914528
2614 0.928737
2615 0.653828
2616 0.680232
2617 1.07758
2618 1.23434
2619 1.18422
2620 0.815296
2621 1.18989
2622 0.797073
2623 0.818319
2624 1.42126
2625 1.87753
2626 1.73507
2627 1.56974
2628 1.75121
2629 1.64312
2630 1.1343
2631 1.36883
2632 1.72056
2633 1.467
2634 1.21243
2635 1.03664
2636 0.908788
2637 0.864355
2638 1.61562
2639 1.33627
2640 1.47892
2641 0.931105
2642 0.922215
2643 1.23226
2644 1.80601
2645 1.4533
2646 1.49403
2647 1.31707
2648 1.68271
2649 1.84319
2650 1.95787
2651 1.70468
2652 1.24444
2653 1.33457
2654 2.0102
2655 2.20111
2656 1.11759
2657 1.0364
2658 0.687355
2659 0.819404
2660 1.00032
2661 1.21104
2662 1.00945
2663 0.746951
2664 1.0112
2665 0.789901
2666 1.18427
2667 0.974861
2668 0.999933
2669 1.03224
2670 0.840548
2671 0.979918
2672 1.11338
2673 1.13226
2674 0.760979
2675 0.739329
2676 0.846129
2677 0.811479
2678 1.12179
2679 1.27535
2680 0.94915
2681 0.580526
2682 0.760733
2683 0.961696
2684 1.55896
2685 1.33849
2686 1.32024
2687 1.93867
2688 1.98593
2689 2.27083
2690 1.59282
2691 1.52625
2692 1.70204
2693 1.6284
2694 1.10813
2695 1.05184
2696 1.31774
2697 1.47179
2698 1.7552
2699 1.62757
2700 1.50998
2701 1.68366
2702 1.47094
2703 1.34602
2704 1.62782
2705 1.75257
2706 1.94345
2707 1.97805
2708 1.44628
2709 1.85639
2710 2.03402
2711 1.98543
2712 2.0997
2713 2.1566
2714 1.82393
2715 1.7242
2716 2.42085
2717 2.17137
2718 2.03538
2719 1.84168
2720 1.63225
2721 1.43323
2722 1.23642
2723 1.27855
2724 1.58142
2725 1.24121
2726 1.24753
2727 1.26237
2728 1.32394
2729 1.34037
2730 1.30634
2731 1.35788
2732 1.5042
2733 1.67886
2734 1.73947
2735 1.85766
2736 1.21274
2737 1.5782
2738 1.49024
2739 1.66308
2740 1.92865
2741 2.08615
2742 1.90458
2743 1.98235
2744 2.0541
2745 1.94019
2746 1.87408
2747 1.93821
2748 2.06834
2749 1.68068
2750 2.27338
2751 2.0557
2752 2.16982
2753 1.86674
2754 2.04418
2755 2.22983
2756 2.45672
2757 2.04159
2758 2.06814
2759 2.01207
2760 2.13194
2761 2.14252
2762 2.75903
2763 2.73938
2764 2.28988
2765 1.90295
2766 2.34306
2767 2.23482
2768 2.02525
2769 1.82147
2770 2.03064
2771 1.90839
2772 1.8059
2773 1.51537
2774 1.82795
2775 1.86425
2776 1.27883
2777 1.44247
2778 1.48008
2779 1.84623
2780 1.94052
2781 2.08074
2782 2.06495
2783 1.98566
2784 2.09452
2785 2.19003
2786 2.08063
2787 2.34583
2788 2.17321
2789 2.31855
2790 2.43609
2791 2.37671
2792 2.05467
2793 2.00264
2794 1.75829
2795 1.67956
2796 2.13934
2797 2.13073
2798 1.71021
2799 1.65435
2800 2.17284
2801 2.24138
2802 1.9518
2803 1.70199
2804 1.9239
2805 1.80114
2806 1.80947
2807 1.78218
2808 1.73865
2809 1.70735
2810 1.60127
2811 1.88113
2812 1.88297
2813 2.01163
2814 2.06818
2815 1.99174
2816 1.91139
2817 1.64245
2818 1.43859
2819 1.61902
2820 1.17325
2821 1.37811
2822 1.41552
2823 1.34746
2824 1.19321
2825 1.38591
2826 1.68682
2827 1.83448
2828 1.63377
2829 1.77774
2830 1.92096
2831 1.64554
2832 1.11498
2833 1.72964
2834 1.93697
2835 2.02661
2836 1.86757
2837 1.87759
2838 1.79872
2839 2.15696
2840 1.87109
2841 2.05285
2842 2.47891
2843 3.09436
2844 2.59367
2845 2.71221
2846 2.70902
2847 2.41311
2848 2.07197
2849 2.31417
2850 2.1038
2851 2.24477
2852 1.90406
2853 1.88923
2854 1.53339
2855 1.37436
2856 1.3534
2857 1.00043
2858 1.02267
2859 1.10892
2860 1.06551
2861 0.913345
2862 1.46545
2863 1.22938
2864 1.78394
2865 1.89007
2866 1.53167
2867 1.89793
2868 1.68224
2869 1.44535
2870 1.30979
2871 1.01248
2872 1.44934
2873 1.476
2874 1.25608
2875 1.73929
2876 1.85338
2877 1.85501
2878 2.0091
2879 2.35465
2880 2.11372
2881 2.21153
2882 2.31319
2883 2.48088
2884 2.36253
2885 2.21014
2886 2.52714
2887 2.31703
2888 1.97663
2889 2.09714
2890 2.09129
2891 1.62392
2892 2.05993
2893 2.17012
2894 2.13859
2895 2.01544
2896 2.02677
2897 1.91535
2898 2.08044
2899 1.71695
2900 2.09039
2901 2.03055
2902 2.66353
2903 2.45086
2904 2.04662
2905 2.32628
2906 2.13272
2907 1.66762
2908 1.63763
2909 1.59735
2910 1.64621
2911 1.93404
2912 1.67613
2913 1.63554
2914 1.44315
2915 1.27829
2916 1.54537
2917 1.60775
2918 1.05359
2919 1.80502
2920 1.84462
2921 2.0874
2922 2.20246
2923 2.27445
2924 1.97788
2925 1.39637
2926 1.78039
2927 1.74368
2928 1.50326
2929 1.72578
2930 1.76441
2931 1.59863
2932 2.01098
2933 2.55965
2934 2.1642
2935 1.8995
2936 1.94961
2937 1.96045
2938 1.85448
2939 1.67018
2940 2.05637
2941 1.76487
2942 2.03341
2943 1.76403
2944 1.81553
2945 1.89132
2946 1.93071
2947 1.52104
2948 1.50271
2949 1.2779
2950 1.61743
2951 1.47118
2952 1.60985
2953 1.34727
2954 1.386
2955 1.17304
2956 1.35507
2957 1.48133
2958 1.38263
2959 1.71679
2960 1.83698
2961 1.92721
2962 1.81958
2963 1.61305
2964 1.3212
2965 1.03565
2966 1.23709
2967 1.64921
2968 1.77039
2969 1.42366
2970 1.8264
2971 1.93571
2972 2.0783
2973 1.91314
2974 1.85686
2975 2.00864
2976 2.08342
2977 2.08284
2978 1.93526
2979 2.14065
2980 2.41515
2981 2.14505
2982 1.99027
2983 1.467
2984 1.82218
2985 2.28698
2986 2.15847
2987 1.82997
2988 1.97516
2989 2.30971
2990 2.31688
2991 1.97066
2992 2.24785
2993 2.65548
2994 2.47424
2995 2.09956
2996 2.41851
2997 1.96038
2998 2.3349
2999 2.04439
3000 1.92007
