1 -6.63485
2 -6.51146
3 -6.36751
4 -6.31217
5 -6.23894
6 -6.09845
7 -6.15013
8 -6.02226
9 -6.03863
10 -6.04618
11 -5.95224
12 -5.87988
13 -5.90186
14 -5.84306
15 -5.87148
16 -5.81874
17 -5.87185
18 -5.83059
19 -5.80307
20 -5.76862
21 -5.68065
22 -5.67686
23 -5.75971
24 -5.69549
25 -5.69815
26 -5.72454
27 -5.74261
28 -5.73081
29 -5.81276
30 -5.79209
31 -5.85406
32 -5.85038
33 -5.86076
34 -5.78404
35 -5.78941
36 -5.77156
37 -5.82818
38 -5.84136
39 -5.84079
40 -5.82158
41 -5.92145
42 -5.87728
43 -5.81019
44 -5.81841
45 -5.71985
46 -5.79307
47 -5.7318
48 -5.86905
49 -5.76429
50 -5.71992
51 -5.71782
52 -5.71068
53 -5.82109
54 -5.75395
55 -5.79331
56 -5.79625
57 -5.76021
58 -5.71793
59 -5.80932
60 -5.6975
61 -5.67169
62 -5.64952
63 -5.45893
64 -5.52755
65 -5.59677
66 -5.78413
67 -5.71194
68 -5.65815
69 -5.64652
70 -5.65921
71 -5.66394
72 -5.71862
73 -5.72666
74 -5.70031
75 -5.78517
76 -5.72726
77 -5.7166
78 -5.80085
79 -5.68581
80 -5.65837
81 -5.63192
82 -5.62068
83 -5.49999
84 -5.57553
85 -5.75521
86 -5.7594
87 -5.6624
88 -5.82461
89 -5.79142
90 -5.77971
91 -5.83098
92 -5.72265
93 -5.67842
94 -5.65897
95 -5.60246
96 -5.62441
97 -5.66591
98 -5.56679
99 -5.61166
100 -5.61209
101 -5.64394
102 -5.56094
103 -5.51453
104 -5.52456
105 -5.53593
106 -5.53327
107 -5.55843
108 -5.45183
109 -5.50038
110 -5.57427
111 -5.51933
112 -5.61012
113 -5.58529
114 -5.53962
115 -5.49626
116 -5.46602
117 -5.53583
118 -5.56252
119 -5.53032
120 -5.52487
121 -5.64209
122 -5.64518
123 -5.58579
124 -5.58728
125 -5.60354
126 -5.64831
127 -5.653
128 -5.6561
129 -5.66136
130 -5.58589
131 -5.68797
132 -5.645
133 -5.61227
134 -5.64188
135 -5.60042
136 -5.53548
137 -5.50273
138 -5.49179
139 -5.63024
140 -5.56097
141 -5.66319
142 -5.74611
143 -5.64766
144 -5.71327
145 -5.72094
146 -5.64486
147 -5.58352
148 -5.52018
149 -5.5231
150 -5.51292
151 -5.58093
152 -5.59097
153 -5.55602
154 -5.68071
155 -5.61911
156 -5.57332
157 -5.565
158 -5.64668
159 -5.65761
160 -5.62156
161 -5.54764
162 -5.56456
163 -5.62608
164 -5.66153
165 -5.61991
166 -5.54078
167 -5.58914
168 -5.61988
169 -5.6073
170 -5.73326
171 -5.74638
172 -5.79229
173 -5.72036
174 -5.68201
175 -5.64824
176 -5.63896
177 -5.5169
178 -5.4872
179 -5.52299
180 -5.56998
181 -5.58254
182 -5.5313
183 -5.53301
184 -5.54994
185 -5.59002
186 -5.5822
187 -5.51083
188 -5.4659
189 -5.51275
190 -5.44709
191 -5.48079
192 -5.62569
193 -5.60343
194 -5.59214
195 -5.69891
196 -5.68894
197 -5.67861
198 -5.56235
199 -5.51998
200 -5.57132
201 -5.57481
202 -5.57469
203 -5.65665
204 -5.62402
205 -5.66616
206 -5.578
207 -5.7169
208 -5.71414
209 -5.73114
210 -5.6762
211 -5.64498
212 -5.66924
213 -5.66788
214 -5.58054
215 -5.52159
216 -5.54103
217 -5.57252
218 -5.59831
219 -5.58409
220 -5.70712
221 -5.61061
222 -5.67594
223 -5.70305
224 -5.70804
225 -5.68599
226 -5.56783
227 -5.48936
228 -5.4617
229 -5.56981
230 -5.52281
231 -5.46798
232 -5.50415
233 -5.54738
234 -5.60329
235 -5.56071
236 -5.71748
237 -5.64396
238 -5.65197
239 -5.65458
240 -5.67664
241 -5.65134
242 -5.61714
243 -5.52499
244 -5.52457
245 -5.51687
246 -5.56561
247 -5.55918
248 -5.53202
249 -5.4527
250 -5.48506
251 -5.4333
252 -5.43833
253 -5.46901
254 -5.57919
255 -5.55612
256 -5.64043
257 -5.64016
258 -5.66007
259 -5.68691
260 -5.7132
261 -5.68365
262 -5.63689
263 -5.61402
264 -5.63255
265 -5.67852
266 -5.64354
267 -5.60784
268 -5.50834
269 -5.45027
270 -5.44621
271 -5.45549
272 -5.42746
273 -5.41944
274 -5.44207
275 -5.4879
276 -5.5167
277 -5.48182
278 -5.45903
279 -5.50256
280 -5.53937
281 -5.58839
282 -5.55218
283 -5.56249
284 -5.54523
285 -5.63586
286 -5.62892
287 -5.51572
288 -5.49791
289 -5.52571
290 -5.50593
291 -5.48619
292 -5.48976
293 -5.47728
294 -5.54862
295 -5.48953
296 -5.48878
297 -5.51981
298 -5.5221
299 -5.61361
300 -5.63626
301 -5.60066
302 -5.59179
303 -5.57143
304 -5.55731
305 -5.52914
306 -5.57751
307 -5.54157
308 -5.61869
309 -5.54289
310 -5.57514
311 -5.50608
312 -5.49549
313 -5.6525
314 -5.68529
315 -5.62361
316 -5.57516
317 -5.63906
318 -5.57122
319 -5.57308
320 -5.67176
321 -5.73049
322 -5.6079
323 -5.62155
324 -5.54415
325 -5.55288
326 -5.59787
327 -5.62715
328 -5.65914
329 -5.64822
330 -5.59532
331 -5.66143
332 -5.64781
333 -5.57542
334 -5.49753
335 -5.51107
336 -5.57581
337 -5.6312
338 -5.60157
339 -5.63231
340 -5.46485
341 -5.48568
342 -5.47228
343 -5.56955
344 -5.53327
345 -5.64096
346 -5.6722
347 -5.63519
348 -5.61475
349 -5.55984
350 -5.69585
351 -5.66095
352 -5.61221
353 -5.56422
354 -5.51907
355 -5.59623
356 -5.56494
357 -5.52138
358 -5.48795
359 -5.45283
360 -5.33974
361 -5.39379
362 -5.43014
363 -5.2549
364 -5.29157
365 -5.36736
366 -5.39071
367 -5.43365
368 -5.37901
369 -5.4215
370 -5.42823
371 -5.40993
372 -5.39652
373 -5.4176
374 -5.51022
375 -5.51793
376 -5.46934
377 -5.34124
378 -5.35183
379 -5.40497
380 -5.45105
381 -5.52361
382 -5.44746
383 -5.53997
384 -5.58136
385 -5.54407
386 -5.59037
387 -5.53491
388 -5.50343
389 -5.55294
390 -5.48305
391 -5.47742
392 -5.47986
393 -5.59594
394 -5.5097
395 -5.54873
396 -5.45854
397 -5.50445
398 -5.45115
399 -5.48899
400 -5.50907
401 -5.53949
402 -5.5417
403 -5.55204
404 -5.43199
405 -5.46331
406 -5.4244
407 -5.45242
408 -5.44265
409 -5.51307
410 -5.3652
411 -5.42408
412 -5.36503
413 -5.41221
414 -5.40776
415 -5.45505
416 -5.50477
417 -5.55266
418 -5.5168
419 -5.488
420 -5.49496
421 -5.45945
422 -5.44746
423 -5.39722
424 -5.47729
425 -5.38158
426 -5.40662
427 -5.43521
428 -5.47518
429 -5.47172
430 -5.46577
431 -5.44396
432 -5.44815
433 -5.34853
434 -5.43161
435 -5.51988
436 -5.48271
437 -5.51438
438 -5.55725
439 -5.56233
440 -5.40152
441 -5.30973
442 -5.31253
443 -5.33093
444 -5.3495
445 -5.32307
446 -5.40868
447 -5.36694
448 -5.29613
449 -5.31216
450 -5.37244
451 -5.40674
452 -5.40938
453 -5.38825
454 -5.30375
455 -5.31296
456 -5.28168
457 -5.31961
458 -5.32007
459 -5.40769
460 -5.48051
461 -5.44988
462 -5.49619
463 -5.48189
464 -5.439
465 -5.49074
466 -5.40355
467 -5.44815
468 -5.39575
469 -5.34917
470 -5.28368
471 -5.34416
472 -5.2938
473 -5.26705
474 -5.24604
475 -5.2534
476 -5.27814
477 -5.38989
478 -5.35992
479 -5.45786
480 -5.43547
481 -5.45999
482 -5.48452
483 -5.4633
484 -5.42464
485 -5.4631
486 -5.39924
487 -5.38509
488 -5.3665
489 -5.47435
490 -5.6008
491 -5.6065
492 -5.55954
493 -5.60674
494 -5.56732
495 -5.51105
496 -5.49963
497 -5.61387
498 -5.52399
499 -5.39418
500 -5.32782
501 -5.38403
502 -5.37546
503 -5.45716
504 -5.55331
505 -5.57735
506 -5.49844
507 -5.45972
508 -5.52885
509 -5.57197
510 -5.56923
511 -5.47738
512 -5.48069
513 -5.49623
514 -5.403
515 -5.34503
516 -5.44472
517 -5.44545
518 -5.52052
519 -5.44693
520 -5.44613
521 -5.40675
522 -5.39623
523 -5.44707
524 -5.47664
525 -5.45172
526 -5.43354
527 -5.39998
528 -5.42731
529 -5.54503
530 -5.54728
531 -5.61873
532 -5.6284
533 -5.6362
534 -5.47423
535 -5.47504
536 -5.34035
537 -5.35291
538 -5.37032
539 -5.29936
540 -5.29418
541 -5.19096
542 -5.21787
543 -5.32057
544 -5.39192
545 -5.38067
546 -5.34363
547 -5.31249
548 -5.25963
549 -5.37268
550 -5.38359
551 -5.36784
552 -5.33834
553 -5.28778
554 -5.32094
555 -5.41319
556 -5.43199
557 -5.39525
558 -5.33958
559 -5.3586
560 -5.40725
561 -5.38291
562 -5.45489
563 -5.47054
564 -5.48123
565 -5.44653
566 -5.43248
567 -5.46625
568 -5.54499
569 -5.49
570 -5.46943
571 -5.57379
572 -5.56052
573 -5.44367
574 -5.4382
575 -5.36877
576 -5.31863
577 -5.34183
578 -5.3676
579 -5.45302
580 -5.42664
581 -5.32355
582 -5.37455
583 -5.35114
584 -5.22286
585 -5.22018
586 -5.21687
587 -5.26848
588 -5.23086
589 -5.43469
590 -5.33262
591 -5.34728
592 -5.48612
593 -5.38753
594 -5.50566
595 -5.48944
596 -5.55318
597 -5.44822
598 -5.37048
599 -5.34719
600 -5.294
601 -5.36813
602 -5.37803
603 -5.45573
604 -5.38883
605 -5.4086
606 -5.35001
607 -5.4711
608 -5.46042
609 -5.51461
610 -5.4689
611 -5.48937
612 -5.5414
613 -5.57814
614 -5.47459
615 -5.47669
616 -5.47985
617 -5.58388
618 -5.47033
619 -5.49772
620 -5.48336
621 -5.47697
622 -5.53691
623 -5.47739
624 -5.44992
625 -5.42805
626 -5.4694
627 -5.37324
628 -5.35036
629 -5.30515
630 -5.38375
631 -5.37882
632 -5.38282
633 -5.40971
634 -5.39942
635 -5.38488
636 -5.33046
637 -5.34758
638 -5.34072
639 -5.3377
640 -5.26744
641 -5.29184
642 -5.32755
643 -5.3504
644 -5.34372
645 -5.42475
646 -5.35712
647 -5.42516
648 -5.42231
649 -5.3303
650 -5.40099
651 -5.43226
652 -5.39372
653 -5.40826
654 -5.26645
655 -5.34467
656 -5.4062
657 -5.45027
658 -5.32863
659 -5.32084
660 -5.22933
661 -5.23772
662 -5.2818
663 -5.45025
664 -5.40741
665 -5.46173
666 -5.42634
667 -5.51031
668 -5.52102
669 -5.57271
670 -5.57528
671 -5.40487
672 -5.4481
673 -5.37666
674 -5.35242
675 -5.42962
676 -5.46065
677 -5.40335
678 -5.46769
679 -5.45185
680 -5.47216
681 -5.44273
682 -5.5487
683 -5.50563
684 -5.37956
685 -5.36673
686 -5.36913
687 -5.43663
688 -5.38928
689 -5.4503
690 -5.37924
691 -5.46267
692 -5.42847
693 -5.33098
694 -5.38364
695 -5.40228
696 -5.36107
697 -5.33241
698 -5.2413
699 -5.2725
700 -5.28305
701 -5.34688
702 -5.41463
703 -5.36124
704 -5.22831
705 -5.20829
706 -5.34391
707 -5.30492
708 -5.34553
709 -5.30421
710 -5.30825
711 -5.44609
712 -5.39823
713 -5.37543
714 -5.39764
715 -5.45881
716 -5.45777
717 -5.53765
718 -5.54207
719 -5.45655
720 -5.52786
721 -5.47423
722 -5.50139
723 -5.53355
724 -5.4465
725 -5.47951
726 -5.56401
727 -5.5303
728 -5.51378
729 -5.55243
730 -5.56886
731 -5.57845
732 -5.38492
733 -5.37465
734 -5.38999
735 -5.38381
736 -5.36987
737 -5.49836
738 -5.46232
739 -5.55296
740 -5.60005
741 -5.48857
742 -5.59147
743 -5.57736
744 -5.52483
745 -5.37913
746 -5.41665
747 -5.4251
748 -5.52922
749 -5.53741
750 -5.52506
751 -5.52141
752 -5.43949
753 -5.41735
754 -5.4031
755 -5.46925
756 -5.44368
757 -5.43172
758 -5.382
759 -5.43786
760 -5.51072
761 -5.49886
762 -5.5138
763 -5.44188
764 -5.51022
765 -5.44927
766 -5.56954
767 -5.62716
768 -5.5095
769 -5.46154
770 -5.39304
771 -5.49939
772 -5.5697
773 -5.61503
774 -5.51958
775 -5.48673
776 -5.5762
777 -5.51097
778 -5.53861
779 -5.55369
780 -5.42979
781 -5.42013
782 -5.36327
783 -5.52979
784 -5.48812
785 -5.30454
786 -5.37958
787 -5.36957
788 -5.37291
789 -5.47352
790 -5.54258
791 -5.53395
792 -5.57565
793 -5.50172
794 -5.47625
795 -5.49471
796 -5.41535
797 -5.45091
798 -5.45867
799 -5.38771
800 -5.45169
801 -5.5959
802 -5.60579
803 -5.66705
804 -5.64639
805 -5.58577
806 -5.60307
807 -5.63019
808 -5.55814
809 -5.58873
810 -5.66316
811 -5.69939
812 -5.71018
813 -5.65639
814 -5.70381
815 -5.70557
816 -5.66348
817 -5.60049
818 -5.66587
819 -5.64343
820 -5.59193
821 -5.59128
822 -5.60493
823 -5.58921
824 -5.63816
825 -5.62856
826 -5.61843
827 -5.60498
828 -5.60573
829 -5.59592
830 -5.60175
831 -5.66337
832 -5.59455
833 -5.56556
834 -5.55506
835 -5.50589
836 -5.52461
837 -5.57129
838 -5.51895
839 -5.53454
840 -5.56264
841 -5.49843
842 -5.65874
843 -5.6535
844 -5.59904
845 -5.5589
846 -5.49702
847 -5.46862
848 -5.50119
849 -5.44279
850 -5.47148
851 -5.48319
852 -5.54876
853 -5.60291
854 -5.52214
855 -5.5964
856 -5.57207
857 -5.54808
858 -5.50335
859 -5.40299
860 -5.34819
861 -5.39784
862 -5.39572
863 -5.40027
864 -5.38019
865 -5.47398
866 -5.44345
867 -5.47949
868 -5.46987
869 -5.51601
870 -5.53782
871 -5.53997
872 -5.60647
873 -5.60401
874 -5.58776
875 -5.51909
876 -5.506
877 -5.59083
878 -5.56709
879 -5.59357
880 -5.5868
881 -5.57809
882 -5.5668
883 -5.55859
884 -5.5673
885 -5.57312
886 -5.67463
887 -5.6582
888 -5.66141
889 -5.63968
890 -5.59262
891 -5.62412
892 -5.67373
893 -5.60386
894 -5.64146
895 -5.64891
896 -5.63558
897 -5.60271
898 -5.546
899 -5.54319
900 -5.46161
901 -5.54505
902 -5.59352
903 -5.47881
904 -5.51008
905 -5.35098
906 -5.45193
907 -5.4815
908 -5.52261
909 -5.52213
910 -5.57772
911 -5.52234
912 -5.53594
913 -5.52083
914 -5.49335
915 -5.50609
916 -5.50379
917 -5.49609
918 -5.50047
919 -5.65199
920 -5.64325
921 -5.66301
922 -5.61501
923 -5.60199
924 -5.65428
925 -5.67567
926 -5.44187
927 -5.57033
928 -5.56451
929 -5.553
930 -5.59919
931 -5.52122
932 -5.55174
933 -5.52471
934 -5.61358
935 -5.62337
936 -5.61735
937 -5.58219
938 -5.50766
939 -5.55903
940 -5.56714
941 -5.62545
942 -5.60556
943 -5.61914
944 -5.50269
945 -5.44986
946 -5.48808
947 -5.5641
948 -5.55192
949 -5.55869
950 -5.47908
951 -5.48166
952 -5.48551
953 -5.46162
954 -5.46998
955 -5.42748
956 -5.34397
957 -5.37598
958 -5.37391
959 -5.34126
960 -5.37649
961 -5.32375
962 -5.34815
963 -5.37482
964 -5.3133
965 -5.2585
966 -5.42961
967 -5.40888
968 -5.43544
969 -5.42225
970 -5.40134
971 -5.44186
972 -5.45527
973 -5.49502
974 -5.39729
975 -5.43932
976 -5.43763
977 -5.42532
978 -5.45777
979 -5.44669
980 -5.51973
981 -5.38747
982 -5.45698
983 -5.48854
984 -5.40965
985 -5.41197
986 -5.34708
987 -5.42675
988 -5.46711
989 -5.48761
990 -5.43314
991 -5.34812
992 -5.44986
993 -5.4271
994 -5.32686
995 -5.2778
996 -5.43582
997 -5.50077
998 -5.47166
999 -5.41584
1000 -5.54388
1001 -5.52816
1002 -5.51625
1003 -5.52199
1004 -5.47931
1005 -5.57757
1006 -5.66233
1007 -5.65028
1008 -5.57577
1009 -5.59817
1010 -5.5179
1011 -5.48452
1012 -5.48975
1013 -5.55302
1014 -5.54342
1015 -5.6123
1016 -5.6651
1017 -5.62963
1018 -5.66481
1019 -5.62598
1020 -5.60252
1021 -5.58179
1022 -5.59623
1023 -5.57728
1024 -5.5469
1025 -5.47226
1026 -5.49067
1027 -5.52193
1028 -5.56691
1029 -5.58184
1030 -5.56232
1031 -5.56525
1032 -5.567
1033 -5.58394
1034 -5.60938
1035 -5.59525
1036 -5.55245
1037 -5.57227
1038 -5.61094
1039 -5.64837
1040 -5.57853
1041 -5.63146
1042 -5.64837
1043 -5.68103
1044 -5.54849
1045 -5.65102
1046 -5.69739
1047 -5.74486
1048 -5.55712
1049 -5.56874
1050 -5.50073
1051 -5.50258
1052 -5.46358
1053 -5.55459
1054 -5.54887
1055 -5.69307
1056 -5.6769
1057 -5.64032
1058 -5.70797
1059 -5.73473
1060 -5.53351
1061 -5.51209
1062 -5.56848
1063 -5.50386
1064 -5.52653
1065 -5.4631
1066 -5.56478
1067 -5.49448
1068 -5.53418
1069 -5.45072
1070 -5.51895
1071 -5.58228
1072 -5.59495
1073 -5.56284
1074 -5.44198
1075 -5.56789
1076 -5.49667
1077 -5.51276
1078 -5.61406
1079 -5.62103
1080 -5.6441
1081 -5.59772
1082 -5.51339
1083 -5.60767
1084 -5.63131
1085 -5.59207
1086 -5.54369
1087 -5.52002
1088 -5.52189
1089 -5.48635
1090 -5.5154
1091 -5.44843
1092 -5.45688
1093 -5.42285
1094 -5.5208
1095 -5.49426
1096 -5.51213
1097 -5.55742
1098 -5.5322
1099 -5.56339
1100 -5.58703
1101 -5.55034
1102 -5.51935
1103 -5.59587
1104 -5.56577
1105 -5.49374
1106 -5.51414
1107 -5.48507
1108 -5.43478
1109 -5.48663
1110 -5.46037
1111 -5.4444
1112 -5.41067
1113 -5.39869
1114 -5.35622
1115 -5.34947
1116 -5.35919
1117 -5.42079
1118 -5.44796
1119 -5.50741
1120 -5.43489
1121 -5.53777
1122 -5.52518
1123 -5.52399
1124 -5.49881
1125 -5.54668
1126 -5.57913
1127 -5.57251
1128 -5.48718
1129 -5.54627
1130 -5.55531
1131 -5.50559
1132 -5.51915
1133 -5.48832
1134 -5.49785
1135 -5.47089
1136 -5.51178
1137 -5.50287
1138 -5.5518
1139 -5.58797
1140 -5.65568
1141 -5.65486
1142 -5.69631
1143 -5.66164
1144 -5.58699
1145 -5.62424
1146 -5.64169
1147 -5.54996
1148 -5.49789
1149 -5.57099
1150 -5.47977
1151 -5.53109
1152 -5.52902
1153 -5.54668
1154 -5.53471
1155 -5.46859
1156 -5.43566
1157 -5.56336
1158 -5.55434
1159 -5.61626
1160 -5.48296
1161 -5.50451
1162 -5.50651
1163 -5.37056
1164 -5.31267
1165 -5.38935
1166 -5.49232
1167 -5.52989
1168 -5.53607
1169 -5.35522
1170 -5.41565
1171 -5.47431
1172 -5.5146
1173 -5.51822
1174 -5.54401
1175 -5.48348
1176 -5.29067
1177 -5.28008
1178 -5.16785
1179 -5.2652
1180 -5.45702
1181 -5.4345
1182 -5.25813
1183 -5.30796
1184 -5.40989
1185 -5.38578
1186 -5.33413
1187 -5.37077
1188 -5.32506
1189 -5.3766
1190 -5.33093
1191 -5.44137
1192 -5.44056
1193 -5.29661
1194 -5.3366
1195 -5.30165
1196 -5.30808
1197 -5.26397
1198 -5.30106
1199 -5.30695
1200 -5.34369
1201 -5.34166
1202 -5.35974
1203 -5.33126
1204 -5.28075
1205 -5.32649
1206 -5.3523
1207 -5.34734
1208 -5.24859
1209 -5.24732
1210 -5.27589
1211 -5.29986
1212 -5.35059
1213 -5.24223
1214 -5.18091
1215 -5.26636
1216 -5.23698
1217 -5.31697
1218 -5.27861
1219 -5.24303
1220 -5.19753
1221 -5.25585
1222 -5.27791
1223 -5.29866
1224 -5.26858
1225 -5.33063
1226 -5.34988
1227 -5.2798
1228 -5.30119
1229 -5.36961
1230 -5.42456
1231 -5.36243
1232 -5.3427
1233 -5.3158
1234 -5.30433
1235 -5.40632
1236 -5.46532
1237 -5.45642
1238 -5.42744
1239 -5.38247
1240 -5.44476
1241 -5.4251
1242 -5.29658
1243 -5.35527
1244 -5.3522
1245 -5.30138
1246 -5.30563
1247 -5.31735
1248 -5.28001
1249 -5.27466
1250 -5.33918
1251 -5.36693
1252 -5.39811
1253 -5.47589
1254 -5.45307
1255 -5.44651
1256 -5.48875
1257 -5.43026
1258 -5.41802
1259 -5.47862
1260 -5.55408
1261 -5.4307
1262 -5.45814
1263 -5.43699
1264 -5.38852
1265 -5.45271
1266 -5.38998
1267 -5.42795
1268 -5.54643
1269 -5.60225
1270 -5.47149
1271 -5.50804
1272 -5.51123
1273 -5.42788
1274 -5.36985
1275 -5.39395
1276 -5.41097
1277 -5.433
1278 -5.42476
1279 -5.52848
1280 -5.47081
1281 -5.53815
1282 -5.44338
1283 -5.51188
1284 -5.426
1285 -5.49634
1286 -5.48111
1287 -5.55219
1288 -5.54313
1289 -5.47734
1290 -5.46811
1291 -5.49143
1292 -5.50436
1293 -5.47801
1294 -5.34594
1295 -5.2807
1296 -5.35809
1297 -5.20242
1298 -5.24173
1299 -5.32739
1300 -5.36861
1301 -5.38552
1302 -5.44716
1303 -5.48426
1304 -5.48099
1305 -5.52676
1306 -5.53822
1307 -5.55476
1308 -5.5045
1309 -5.47206
1310 -5.54534
1311 -5.48113
1312 -5.46387
1313 -5.49348
1314 -5.50223
1315 -5.52749
1316 -5.49904
1317 -5.55726
1318 -5.48568
1319 -5.42571
1320 -5.42229
1321 -5.41555
1322 -5.31846
1323 -5.36677
1324 -5.34468
1325 -5.22189
1326 -5.31551
1327 -5.2778
1328 -5.28911
1329 -5.34945
1330 -5.36904
1331 -5.38731
1332 -5.35353
1333 -5.37534
1334 -5.36865
1335 -5.44455
1336 -5.40932
1337 -5.35732
1338 -5.33588
1339 -5.24956
1340 -5.23425
1341 -5.12852
1342 -5.10967
1343 -5.18221
1344 -5.1714
1345 -5.24057
1346 -5.22509
1347 -5.19713
1348 -5.24574
1349 -5.26888
1350 -5.29318
1351 -5.4116
1352 -5.27508
1353 -5.25102
1354 -5.26078
1355 -5.30654
1356 -5.28696
1357 -5.27097
1358 -5.33118
1359 -5.37071
1360 -5.38907
1361 -5.46164
1362 -5.4721
1363 -5.49155
1364 -5.46669
1365 -5.40684
1366 -5.42427
1367 -5.43715
1368 -5.45696
1369 -5.44566
1370 -5.51829
1371 -5.47617
1372 -5.44101
1373 -5.45796
1374 -5.46874
1375 -5.46766
1376 -5.52875
1377 -5.47743
1378 -5.51036
1379 -5.4455
1380 -5.4537
1381 -5.31299
1382 -5.41197
1383 -5.33869
1384 -5.32426
1385 -5.36375
1386 -5.38817
1387 -5.30134
1388 -5.44266
1389 -5.48628
1390 -5.49672
1391 -5.51021
1392 -5.52423
1393 -5.43684
1394 -5.49174
1395 -5.43444
1396 -5.29498
1397 -5.35057
1398 -5.29923
1399 -5.3405
1400 -5.31656
1401 -5.37002
1402 -5.38937
1403 -5.45971
1404 -5.47712
1405 -5.45553
1406 -5.42159
1407 -5.45383
1408 -5.4581
1409 -5.42444
1410 -5.35576
1411 -5.38686
1412 -5.44378
1413 -5.30525
1414 -5.35484
1415 -5.52051
1416 -5.59135
1417 -5.60007
1418 -5.62919
1419 -5.58874
1420 -5.55463
1421 -5.52068
1422 -5.61093
1423 -5.60849
1424 -5.58658
1425 -5.61809
1426 -5.49952
1427 -5.51725
1428 -5.55898
1429 -5.49692
1430 -5.46775
1431 -5.66682
1432 -5.62824
1433 -5.7016
1434 -5.71319
1435 -5.59082
1436 -5.58534
1437 -5.63621
1438 -5.639
1439 -5.59571
1440 -5.59061
1441 -5.54487
1442 -5.52799
1443 -5.5134
1444 -5.42729
1445 -5.42518
1446 -5.4975
1447 -5.57528
1448 -5.40359
1449 -5.4125
1450 -5.42837
1451 -5.44341
1452 -5.26626
1453 -5.34146
1454 -5.35669
1455 -5.29357
1456 -5.31669
1457 -5.37211
1458 -5.28537
1459 -5.40705
1460 -5.52855
1461 -5.48053
1462 -5.47709
1463 -5.44855
1464 -5.45195
1465 -5.49307
1466 -5.44407
1467 -5.45802
1468 -5.40934
1469 -5.39876
1470 -5.50617
1471 -5.55504
1472 -5.47183
1473 -5.41962
1474 -5.41569
1475 -5.38
1476 -5.35415
1477 -5.5022
1478 -5.51241
1479 -5.46395
1480 -5.4804
1481 -5.37199
1482 -5.41942
1483 -5.40426
1484 -5.42049
1485 -5.41645
1486 -5.4708
1487 -5.43628
1488 -5.41088
1489 -5.37039
1490 -5.5132
1491 -5.46963
1492 -5.53721
1493 -5.58914
1494 -5.5513
1495 -5.47078
1496 -5.44696
1497 -5.47357
1498 -5.48243
1499 -5.40465
1500 -5.41133
1501 -5.40213
1502 -5.54085
1503 -5.49285
1504 -5.41187
1505 -5.39633
1506 -5.38085
1507 -5.3786
1508 -5.3744
1509 -5.3762
1510 -5.39845
1511 -5.43377
1512 -5.45904
1513 -5.46624
1514 -5.37818
1515 -5.44064
1516 -5.52804
1517 -5.52399
1518 -5.42135
1519 -5.43709
1520 -5.42969
1521 -5.38123
1522 -5.3209
1523 -5.4583
1524 -5.44283
1525 -5.36933
1526 -5.27039
1527 -5.2937
1528 -5.38998
1529 -5.39742
1530 -5.35625
1531 -5.35934
1532 -5.40091
1533 -5.35693
1534 -5.22437
1535 -5.2755
1536 -5.3238
1537 -5.30038
1538 -5.27498
1539 -5.2746
1540 -5.22533
1541 -5.23252
1542 -5.24006
1543 -5.18058
1544 -5.19698
1545 -5.27271
1546 -5.2431
1547 -5.23536
1548 -5.25571
1549 -5.29024
1550 -5.32558
1551 -5.16303
1552 -5.14693
1553 -5.16723
1554 -5.27455
1555 -5.24183
1556 -5.2969
1557 -5.40506
1558 -5.36641
1559 -5.40932
1560 -5.45127
1561 -5.45639
1562 -5.44924
1563 -5.44891
1564 -5.41315
1565 -5.38336
1566 -5.42544
1567 -5.49918
1568 -5.4364
1569 -5.54421
1570 -5.53838
1571 -5.45901
1572 -5.40817
1573 -5.45215
1574 -5.41455
1575 -5.44599
1576 -5.44755
1577 -5.49474
1578 -5.48218
1579 -5.44059
1580 -5.3483
1581 -5.34202
1582 -5.27137
1583 -5.32015
1584 -5.2729
1585 -5.31258
1586 -5.29937
1587 -5.34841
1588 -5.21326
1589 -5.21836
1590 -5.32308
1591 -5.29747
1592 -5.33824
1593 -5.41637
1594 -5.36536
1595 -5.34829
1596 -5.3764
1597 -5.26442
1598 -5.3933
1599 -5.36009
1600 -5.38613
1601 -5.4011
1602 -5.31707
1603 -5.33097
1604 -5.36928
1605 -5.43282
1606 -5.42366
1607 -5.38219
1608 -5.34976
1609 -5.36605
1610 -5.43311
1611 -5.36247
1612 -5.37974
1613 -5.45221
1614 -5.39975
1615 -5.46267
1616 -5.48932
1617 -5.47234
1618 -5.50686
1619 -5.41588
1620 -5.40171
1621 -5.32885
1622 -5.27207
1623 -5.28119
1624 -5.23126
1625 -5.25105
1626 -5.29337
1627 -5.30212
1628 -5.35106
1629 -5.43364
1630 -5.47713
1631 -5.46359
1632 -5.41105
1633 -5.38142
1634 -5.41468
1635 -5.47688
1636 -5.4543
1637 -5.43829
1638 -5.47751
1639 -5.44187
1640 -5.48816
1641 -5.43391
1642 -5.47699
1643 -5.42545
1644 -5.46958
1645 -5.5316
1646 -5.57566
1647 -5.60247
1648 -5.60337
1649 -5.56887
1650 -5.52307
1651 -5.50719
1652 -5.5249
1653 -5.45077
1654 -5.4776
1655 -5.36286
1656 -5.36673
1657 -5.42543
1658 -5.53299
1659 -5.48265
1660 -5.51797
1661 -5.45572
1662 -5.47221
1663 -5.51662
1664 -5.57894
1665 -5.52186
1666 -5.4991
1667 -5.5449
1668 -5.48847
1669 -5.52221
1670 -5.54129
1671 -5.59966
1672 -5.57797
1673 -5.55358
1674 -5.51136
1675 -5.50555
1676 -5.4749
1677 -5.5076
1678 -5.3537
1679 -5.25313
1680 -5.20361
1681 -5.14613
1682 -5.25506
1683 -5.18232
1684 -5.21599
1685 -5.2821
1686 -5.20798
1687 -5.22035
1688 -5.19892
1689 -5.29338
1690 -5.43275
1691 -5.46767
1692 -5.45905
1693 -5.38002
1694 -5.44938
1695 -5.50968
1696 -5.42393
1697 -5.42859
1698 -5.46557
1699 -5.47912
1700 -5.49035
1701 -5.44941
1702 -5.42479
1703 -5.40338
1704 -5.52653
1705 -5.6092
1706 -5.64004
1707 -5.53018
1708 -5.52678
1709 -5.55646
1710 -5.5295
1711 -5.54523
1712 -5.46393
1713 -5.46833
1714 -5.49595
1715 -5.41654
1716 -5.41045
1717 -5.42442
1718 -5.52743
1719 -5.56793
1720 -5.57478
1721 -5.48037
1722 -5.47122
1723 -5.59113
1724 -5.58793
1725 -5.58818
1726 -5.57438
1727 -5.57977
1728 -5.50864
1729 -5.53079
1730 -5.52247
1731 -5.58976
1732 -5.48614
1733 -5.50499
1734 -5.52215
1735 -5.34197
1736 -5.27992
1737 -5.39991
1738 -5.4565
1739 -5.4216
1740 -5.43383
1741 -5.50244
1742 -5.52105
1743 -5.437
1744 -5.37928
1745 -5.39773
1746 -5.38821
1747 -5.36861
1748 -5.32492
1749 -5.25957
1750 -5.24507
1751 -5.27375
1752 -5.3191
1753 -5.23965
1754 -5.32747
1755 -5.33049
1756 -5.26476
1757 -5.26368
1758 -5.31191
1759 -5.32504
1760 -5.51076
1761 -5.49235
1762 -5.48403
1763 -5.43162
1764 -5.41004
1765 -5.50212
1766 -5.46933
1767 -5.44288
1768 -5.45567
1769 -5.50521
1770 -5.46385
1771 -5.44295
1772 -5.3214
1773 -5.39651
1774 -5.42615
1775 -5.3681
1776 -5.37642
1777 -5.33615
1778 -5.3015
1779 -5.33239
1780 -5.31494
1781 -5.35983
1782 -5.38401
1783 -5.38707
1784 -5.38645
1785 -5.3579
1786 -5.40203
1787 -5.39803
1788 -5.39013
1789 -5.43369
1790 -5.45741
1791 -5.46052
1792 -5.47621
1793 -5.4579
1794 -5.36978
1795 -5.38087
1796 -5.40241
1797 -5.37792
1798 -5.48621
1799 -5.51456
1800 -5.50323
1801 -5.52125
1802 -5.49701
1803 -5.49975
1804 -5.48046
1805 -5.49014
1806 -5.37744
1807 -5.38102
1808 -5.40132
1809 -5.38619
1810 -5.35204
1811 -5.38833
1812 -5.49155
1813 -5.50212
1814 -5.55049
1815 -5.57858
1816 -5.55247
1817 -5.56439
1818 -5.58427
1819 -5.48778
1820 -5.54107
1821 -5.52624
1822 -5.48281
1823 -5.43158
1824 -5.52767
1825 -5.54602
1826 -5.54419
1827 -5.54855
1828 -5.50903
1829 -5.52252
1830 -5.49926
1831 -5.44358
1832 -5.44361
1833 -5.44109
1834 -5.50894
1835 -5.59586
1836 -5.59906
1837 -5.6489
1838 -5.63156
1839 -5.60991
1840 -5.59719
1841 -5.60968
1842 -5.60748
1843 -5.54115
1844 -5.53839
1845 -5.61133
1846 -5.52114
1847 -5.55061
1848 -5.54548
1849 -5.52994
1850 -5.4716
1851 -5.4648
1852 -5.49842
1853 -5.58212
1854 -5.53473
1855 -5.55499
1856 -5.6012
1857 -5.49562
1858 -5.51865
1859 -5.53649
1860 -5.51625
1861 -5.54931
1862 -5.52768
1863 -5.49381
1864 -5.45614
1865 -5.49982
1866 -5.45727
1867 -5.48111
1868 -5.44281
1869 -5.48053
1870 -5.47222
1871 -5.55901
1872 -5.47808
1873 -5.45949
1874 -5.49666
1875 -5.46799
1876 -5.41485
1877 -5.4483
1878 -5.51398
1879 -5.50229
1880 -5.5248
1881 -5.52395
1882 -5.52256
1883 -5.5592
1884 -5.55816
1885 -5.48826
1886 -5.50076
1887 -5.45689
1888 -5.42721
1889 -5.38123
1890 -5.3922
1891 -5.46394
1892 -5.60069
1893 -5.57889
1894 -5.54004
1895 -5.64997
1896 -5.6639
1897 -5.61519
1898 -5.51833
1899 -5.62337
1900 -5.60595
1901 -5.61625
1902 -5.59443
1903 -5.62628
1904 -5.66029
1905 -5.68409
1906 -5.65354
1907 -5.67439
1908 -5.70829
1909 -5.66962
1910 -5.58049
1911 -5.55536
1912 -5.54355
1913 -5.58403
1914 -5.53742
1915 -5.56121
1916 -5.48879
1917 -5.51529
1918 -5.53952
1919 -5.55313
1920 -5.45419
1921 -5.50086
1922 -5.53288
1923 -5.60297
1924 -5.55088
1925 -5.49799
1926 -5.58743
1927 -5.57283
1928 -5.52435
1929 -5.48687
1930 -5.49594
1931 -5.50566
1932 -5.54146
1933 -5.58109
1934 -5.62622
1935 -5.58626
1936 -5.63819
1937 -5.63911
1938 -5.64869
1939 -5.65163
1940 -5.72171
1941 -5.67112
1942 -5.68011
1943 -5.53147
1944 -5.52395
1945 -5.59493
1946 -5.60101
1947 -5.56768
1948 -5.63668
1949 -5.60879
1950 -5.58239
1951 -5.51331
1952 -5.59701
1953 -5.55474
1954 -5.58047
1955 -5.51657
1956 -5.48888
1957 -5.42434
1958 -5.44239
1959 -5.36342
1960 -5.47524
1961 -5.41847
1962 -5.5119
1963 -5.48598
1964 -5.571
1965 -5.56624
1966 -5.55884
1967 -5.37765
1968 -5.50794
1969 -5.55081
1970 -5.54137
1971 -5.6586
1972 -5.62673
1973 -5.65585
1974 -5.6404
1975 -5.64414
1976 -5.51409
1977 -5.6047
1978 -5.54825
1979 -5.58321
1980 -5.60518
1981 -5.6488
1982 -5.67893
1983 -5.6949
1984 -5.65035
1985 -5.63786
1986 -5.65932
1987 -5.67136
1988 -5.63735
1989 -5.63566
1990 -5.58845
1991 -5.64399
1992 -5.54803
1993 -5.58207
1994 -5.56623
1995 -5.61004
1996 -5.60856
1997 -5.61804
1998 -5.58187
1999 -5.61368
2000 -5.67049
2001 -5.58427
2002 -5.58103
2003 -5.52331
2004 -5.58323
2005 -5.68575
2006 -5.6771
2007 -5.6573
2008 -5.70795
2009 -5.6241
2010 -5.61354
2011 -5.54765
2012 -5.51348
2013 -5.54894
2014 -5.57046
2015 -5.54597
2016 -5.46771
2017 -5.51396
2018 -5.46418
2019 -5.47123
2020 -5.47148
2021 -5.57652
2022 -5.6508
2023 -5.55929
2024 -5.46028
2025 -5.44627
2026 -5.44037
2027 -5.32737
2028 -5.28465
2029 -5.26473
2030 -5.36502
2031 -5.38038
2032 -5.33381
2033 -5.39082
2034 -5.38443
2035 -5.32334
2036 -5.35668
2037 -5.38828
2038 -5.38607
2039 -5.41082
2040 -5.45333
2041 -5.50994
2042 -5.49622
2043 -5.55876
2044 -5.60229
2045 -5.64978
2046 -5.61275
2047 -5.49279
2048 -5.62326
2049 -5.63976
2050 -5.64135
2051 -5.59043
2052 -5.51241
2053 -5.38423
2054 -5.45989
2055 -5.47712
2056 -5.5509
2057 -5.53868
2058 -5.5856
2059 -5.55163
2060 -5.53516
2061 -5.49821
2062 -5.41556
2063 -5.38903
2064 -5.39887
2065 -5.3773
2066 -5.42
2067 -5.42321
2068 -5.40257
2069 -5.43815
2070 -5.35766
2071 -5.40934
2072 -5.3743
2073 -5.36728
2074 -5.46331
2075 -5.42978
2076 -5.45509
2077 -5.41401
2078 -5.39976
2079 -5.45193
2080 -5.50432
2081 -5.52411
2082 -5.47111
2083 -5.47376
2084 -5.49294
2085 -5.4865
2086 -5.3132
2087 -5.50907
2088 -5.53561
2089 -5.53881
2090 -5.53701
2091 -5.57841
2092 -5.59701
2093 -5.61936
2094 -5.61565
2095 -5.59331
2096 -5.68629
2097 -5.61229
2098 -5.55852
2099 -5.5066
2100 -5.53166
2101 -5.62022
2102 -5.58908
2103 -5.54382
2104 -5.43631
2105 -5.57154
2106 -5.56652
2107 -5.60679
2108 -5.55162
2109 -5.54831
2110 -5.56361
2111 -5.59704
2112 -5.54731
2113 -5.56223
2114 -5.56009
2115 -5.55261
2116 -5.57089
2117 -5.62938
2118 -5.61845
2119 -5.57415
2120 -5.51044
2121 -5.49813
2122 -5.51229
2123 -5.48164
2124 -5.54533
2125 -5.55911
2126 -5.58362
2127 -5.58588
2128 -5.52296
2129 -5.48953
2130 -5.47339
2131 -5.48055
2132 -5.47658
2133 -5.52119
2134 -5.4392
2135 -5.39432
2136 -5.3752
2137 -5.46945
2138 -5.47101
2139 -5.41268
2140 -5.46009
2141 -5.44996
2142 -5.39773
2143 -5.37368
2144 -5.4209
2145 -5.43207
2146 -5.49874
2147 -5.52045
2148 -5.49315
2149 -5.53167
2150 -5.49114
2151 -5.50431
2152 -5.50467
2153 -5.46139
2154 -5.54154
2155 -5.46988
2156 -5.45173
2157 -5.51759
2158 -5.36885
2159 -5.51831
2160 -5.52933
2161 -5.53883
2162 -5.53565
2163 -5.51811
2164 -5.46801
2165 -5.52696
2166 -5.5509
2167 -5.52976
2168 -5.54522
2169 -5.57196
2170 -5.50339
2171 -5.56752
2172 -5.50094
2173 -5.40068
2174 -5.39388
2175 -5.32228
2176 -5.42061
2177 -5.43825
2178 -5.40762
2179 -5.34988
2180 -5.39042
2181 -5.33935
2182 -5.35729
2183 -5.43937
2184 -5.33577
2185 -5.61272
2186 -5.68437
2187 -5.63025
2188 -5.617
2189 -5.64826
2190 -5.66336
2191 -5.65703
2192 -5.64681
2193 -5.74391
2194 -5.71205
2195 -5.62019
2196 -5.63631
2197 -5.55659
2198 -5.51946
2199 -5.52141
2200 -5.55171
2201 -5.49056
2202 -5.51868
2203 -5.547
2204 -5.57529
2205 -5.49075
2206 -5.60269
2207 -5.61998
2208 -5.60419
2209 -5.53885
2210 -5.42989
2211 -5.48225
2212 -5.35525
2213 -5.32423
2214 -5.38183
2215 -5.38683
2216 -5.54318
2217 -5.49955
2218 -5.52584
2219 -5.57851
2220 -5.50239
2221 -5.46394
2222 -5.48487
2223 -5.41627
2224 -5.4346
2225 -5.42815
2226 -5.34839
2227 -5.28881
2228 -5.41521
2229 -5.42745
2230 -5.49634
2231 -5.42144
2232 -5.43106
2233 -5.38964
2234 -5.49761
2235 -5.49776
2236 -5.44453
2237 -5.52378
2238 -5.59164
2239 -5.55331
2240 -5.62082
2241 -5.58031
2242 -5.5784
2243 -5.51152
2244 -5.46585
2245 -5.38393
2246 -5.52225
2247 -5.43741
2248 -5.38029
2249 -5.42499
2250 -5.47825
2251 -5.49704
2252 -5.43721
2253 -5.5742
2254 -5.60086
2255 -5.58563
2256 -5.59114
2257 -5.68275
2258 -5.64414
2259 -5.57429
2260 -5.6348
2261 -5.5781
2262 -5.51853
2263 -5.55717
2264 -5.56603
2265 -5.48259
2266 -5.49643
2267 -5.48134
2268 -5.50502
2269 -5.38365
2270 -5.45149
2271 -5.5479
2272 -5.51221
2273 -5.51471
2274 -5.37842
2275 -5.45569
2276 -5.44444
2277 -5.37883
2278 -5.3628
2279 -5.34182
2280 -5.33117
2281 -5.35929
2282 -5.35139
2283 -5.24375
2284 -5.36133
2285 -5.46524
2286 -5.44259
2287 -5.44471
2288 -5.47559
2289 -5.43351
2290 -5.44443
2291 -5.38394
2292 -5.44198
2293 -5.48989
2294 -5.46288
2295 -5.48676
2296 -5.50495
2297 -5.49091
2298 -5.4977
2299 -5.53151
2300 -5.38973
2301 -5.43593
2302 -5.5171
2303 -5.50913
2304 -5.4744
2305 -5.51311
2306 -5.52474
2307 -5.53337
2308 -5.57092
2309 -5.49918
2310 -5.45817
2311 -5.5758
2312 -5.55811
2313 -5.4848
2314 -5.46511
2315 -5.44347
2316 -5.49755
2317 -5.48899
2318 -5.47145
2319 -5.48361
2320 -5.36463
2321 -5.40207
2322 -5.55877
2323 -5.50125
2324 -5.42191
2325 -5.4636
2326 -5.42666
2327 -5.51146
2328 -5.57194
2329 -5.62578
2330 -5.66574
2331 -5.61273
2332 -5.5488
2333 -5.52154
2334 -5.48289
2335 -5.36704
2336 -5.36166
2337 -5.3297
2338 -5.40725
2339 -5.44033
2340 -5.52592
2341 -5.55831
2342 -5.52559
2343 -5.58905
2344 -5.57012
2345 -5.55326
2346 -5.492
2347 -5.55796
2348 -5.57661
2349 -5.56582
2350 -5.41646
2351 -5.50145
2352 -5.46842
2353 -5.46975
2354 -5.48079
2355 -5.39754
2356 -5.38952
2357 -5.37873
2358 -5.30747
2359 -5.39378
2360 -5.43572
2361 -5.49054
2362 -5.3997
2363 -5.38531
2364 -5.42753
2365 -5.44627
2366 -5.39043
2367 -5.42385
2368 -5.45245
2369 -5.52353
2370 -5.44111
2371 -5.42295
2372 -5.41121
2373 -5.63428
2374 -5.70313
2375 -5.6937
2376 -5.59866
2377 -5.50145
2378 -5.4433
2379 -5.54583
2380 -5.52124
2381 -5.56718
2382 -5.54661
2383 -5.49272
2384 -5.60266
2385 -5.61676
2386 -5.66833
2387 -5.70578
2388 -5.72146
2389 -5.6637
2390 -5.6288
2391 -5.61141
2392 -5.50454
2393 -5.48991
2394 -5.44312
2395 -5.40218
2396 -5.49226
2397 -5.47432
2398 -5.44933
2399 -5.51582
2400 -5.51617
2401 -5.5527
2402 -5.56133
2403 -5.52609
2404 -5.51378
2405 -5.52041
2406 -5.60226
2407 -5.56935
2408 -5.45433
2409 -5.49792
2410 -5.53978
2411 -5.53135
2412 -5.45992
2413 -5.43749
2414 -5.4971
2415 -5.45938
2416 -5.47205
2417 -5.49579
2418 -5.51648
2419 -5.46024
2420 -5.4536
2421 -5.47345
2422 -5.46088
2423 -5.44712
2424 -5.41052
2425 -5.50008
2426 -5.4858
2427 -5.40633
2428 -5.40824
2429 -5.45006
2430 -5.50071
2431 -5.53711
2432 -5.58167
2433 -5.55225
2434 -5.62279
2435 -5.55253
2436 -5.41108
2437 -5.43986
2438 -5.41221
2439 -5.51938
2440 -5.59506
2441 -5.67068
2442 -5.66912
2443 -5.66767
2444 -5.5946
2445 -5.66863
2446 -5.68051
2447 -5.58908
2448 -5.55139
2449 -5.49445
2450 -5.57308
2451 -5.6243
2452 -5.63822
2453 -5.472
2454 -5.46233
2455 -5.43122
2456 -5.43009
2457 -5.46395
2458 -5.5753
2459 -5.46831
2460 -5.48537
2461 -5.51561
2462 -5.5922
2463 -5.50715
2464 -5.53156
2465 -5.42638
2466 -5.43467
2467 -5.49131
2468 -5.50918
2469 -5.37653
2470 -5.37028
2471 -5.38783
2472 -5.31337
2473 -5.42416
2474 -5.39343
2475 -5.47578
2476 -5.49218
2477 -5.58144
2478 -5.54655
2479 -5.57382
2480 -5.60703
2481 -5.59146
2482 -5.61039
2483 -5.63699
2484 -5.69144
2485 -5.66872
2486 -5.62522
2487 -5.67212
2488 -5.62337
2489 -5.65494
2490 -5.64621
2491 -5.51895
2492 -5.57126
2493 -5.51971
2494 -5.53393
2495 -5.6146
2496 -5.66213
2497 -5.61262
2498 -5.51878
2499 -5.45589
2500 -5.42339
2501 -5.4012
2502 -5.44774
2503 -5.61476
2504 -5.66065
2505 -5.67959
2506 -5.58726
2507 -5.48831
2508 -5.5261
2509 -5.46887
2510 -5.44669
2511 -5.51864
2512 -5.4091
2513 -5.35815
2514 -5.35671
2515 -5.43025
2516 -5.45955
2517 -5.51552
2518 -5.42655
2519 -5.39689
2520 -5.32226
2521 -5.43011
2522 -5.39082
2523 -5.45746
2524 -5.54976
2525 -5.43433
2526 -5.57769
2527 -5.50733
2528 -5.39417
2529 -5.38632
2530 -5.32946
2531 -5.3693
2532 -5.40915
2533 -5.46044
2534 -5.44778
2535 -5.48325
2536 -5.49907
2537 -5.4269
2538 -5.33386
2539 -5.40261
2540 -5.40485
2541 -5.39001
2542 -5.44257
2543 -5.44978
2544 -5.40334
2545 -5.28075
2546 -5.30306
2547 -5.25157
2548 -5.34509
2549 -5.45071
2550 -5.42165
2551 -5.49909
2552 -5.52934
2553 -5.4892
2554 -5.46157
2555 -5.5256
2556 -5.54662
2557 -5.40201
2558 -5.45579
2559 -5.35624
2560 -5.27434
2561 -5.24285
2562 -5.26751
2563 -5.2101
2564 -5.3315
2565 -5.33233
2566 -5.35952
2567 -5.39595
2568 -5.44514
2569 -5.46536
2570 -5.42019
2571 -5.39936
2572 -5.43217
2573 -5.52051
2574 -5.56063
2575 -5.47851
2576 -5.48182
2577 -5.53145
2578 -5.5009
2579 -5.51467
2580 -5.46878
2581 -5.51495
2582 -5.53572
2583 -5.52982
2584 -5.50467
2585 -5.57121
2586 -5.53054
2587 -5.51971
2588 -5.56064
2589 -5.57772
2590 -5.62513
2591 -5.5925
2592 -5.56767
2593 -5.50954
2594 -5.55194
2595 -5.64381
2596 -5.58782
2597 -5.58268
2598 -5.63119
2599 -5.51057
2600 -5.56695
2601 -5.50675
2602 -5.52257
2603 -5.41805
2604 -5.45291
2605 -5.51907
2606 -5.48795
2607 -5.42526
2608 -5.47964
2609 -5.6027
2610 -5.58711
2611 -5.63317
2612 -5.56237
2613 -5.56388
2614 -5.55147
2615 -5.60754
2616 -5.58523
2617 -5.49514
2618 -5.45461
2619 -5.4859
2620 -5.57342
2621 -5.49002
2622 -5.58088
2623 -5.59409
2624 -5.46325
2625 -5.34014
2626 -5.40525
2627 -5.42339
2628 -5.39276
2629 -5.41088
2630 -5.51507
2631 -5.4802
2632 -5.39489
2633 -5.45151
2634 -5.50415
2635 -5.53395
2636 -5.57654
2637 -5.5908
2638 -5.40429
2639 -5.45142
2640 -5.43887
2641 -5.56052
2642 -5.57638
2643 -5.49268
2644 -5.37922
2645 -5.43779
2646 -5.43467
2647 -5.45591
2648 -5.37679
2649 -5.34344
2650 -5.30933
2651 -5.37377
2652 -5.47771
2653 -5.45674
2654 -5.29476
2655 -5.24921
2656 -5.48042
2657 -5.51656
2658 -5.60101
2659 -5.57802
2660 -5.52906
2661 -5.45927
2662 -5.50921
2663 -5.54743
2664 -5.4961
2665 -5.53868
2666 -5.44942
2667 -5.50933
2668 -5.51246
2669 -5.51299
2670 -5.5596
2671 -5.519
2672 -5.50091
2673 -5.48292
2674 -5.5668
2675 -5.57192
2676 -5.58149
2677 -5.56757
2678 -5.49743
2679 -5.46457
2680 -5.54922
2681 -5.62021
2682 -5.57456
2683 -5.54395
2684 -5.41679
2685 -5.4591
2686 -5.44615
2687 -5.29129
2688 -5.33236
2689 -5.26234
2690 -5.41465
2691 -5.4561
2692 -5.39278
2693 -5.40653
2694 -5.49581
2695 -5.48944
2696 -5.43524
2697 -5.3904
2698 -5.32095
2699 -5.37442
2700 -5.38043
2701 -5.36398
2702 -5.41742
2703 -5.45224
2704 -5.37931
2705 -5.34761
2706 -5.31128
2707 -5.31073
2708 -5.4369
2709 -5.35714
2710 -5.31143
2711 -5.32875
2712 -5.30133
2713 -5.29765
2714 -5.35343
2715 -5.37036
2716 -5.2277
2717 -5.30345
2718 -5.32298
2719 -5.36519
2720 -5.41461
2721 -5.45868
2722 -5.48021
2723 -5.4567
2724 -5.389
2725 -5.47112
2726 -5.48087
2727 -5.47698
2728 -5.46033
2729 -5.46369
2730 -5.45253
2731 -5.44128
2732 -5.42938
2733 -5.4146
2734 -5.39373
2735 -5.37599
2736 -5.51989
2737 -5.45956
2738 -5.47369
2739 -5.43572
2740 -5.38051
2741 -5.34428
2742 -5.38304
2743 -5.3846
2744 -5.38033
2745 -5.40554
2746 -5.40955
2747 -5.39538
2748 -5.36537
2749 -5.47529
2750 -5.337
2751 -5.37805
2752 -5.34844
2753 -5.4063
2754 -5.39168
2755 -5.36477
2756 -5.30599
2757 -5.41438
2758 -5.39595
2759 -5.38563
2760 -5.34686
2761 -5.34982
2762 -5.21067
2763 -5.19983
2764 -5.31763
2765 -5.40117
2766 -5.28786
2767 -5.32653
2768 -5.39467
2769 -5.42128
2770 -5.36082
2771 -5.38975
2772 -5.40989
2773 -5.50422
2774 -5.44262
2775 -5.40925
2776 -5.53041
2777 -5.52467
2778 -5.5098
2779 -5.45793
2780 -5.42795
2781 -5.36522
2782 -5.36135
2783 -5.36563
2784 -5.33793
2785 -5.31122
2786 -5.33795
2787 -5.27686
2788 -5.34099
2789 -5.32652
2790 -5.30508
2791 -5.31186
2792 -5.38221
2793 -5.39026
2794 -5.45466
2795 -5.47544
2796 -5.3653
2797 -5.35647
2798 -5.4477
2799 -5.48417
2800 -5.35635
2801 -5.34427
2802 -5.38845
2803 -5.45499
2804 -5.40269
2805 -5.44012
2806 -5.42401
2807 -5.41449
2808 -5.43566
2809 -5.44133
2810 -5.46637
2811 -5.40692
2812 -5.4104
2813 -5.37381
2814 -5.32509
2815 -5.34521
2816 -5.37538
2817 -5.44583
2818 -5.47184
2819 -5.4356
2820 -5.5513
2821 -5.49592
2822 -5.49707
2823 -5.50657
2824 -5.53746
2825 -5.48041
2826 -5.41484
2827 -5.41121
2828 -5.45976
2829 -5.43458
2830 -5.38025
2831 -5.45745
2832 -5.58032
2833 -5.45768
2834 -5.41345
2835 -5.35781
2836 -5.40602
2837 -5.39749
2838 -5.39226
2839 -5.34233
2840 -5.40447
2841 -5.37317
2842 -5.29917
2843 -5.14601
2844 -5.24109
2845 -5.23027
2846 -5.23255
2847 -5.28951
2848 -5.344
2849 -5.29713
2850 -5.34464
2851 -5.2879
2852 -5.37392
2853 -5.39003
2854 -5.50053
2855 -5.5313
2856 -5.51957
2857 -5.58926
2858 -5.58383
2859 -5.5681
2860 -5.56384
2861 -5.59735
2862 -5.47033
2863 -5.54525
2864 -5.43409
2865 -5.39238
2866 -5.47778
2867 -5.38371
2868 -5.41474
2869 -5.47932
2870 -5.50306
2871 -5.55374
2872 -5.44941
2873 -5.44885
2874 -5.51186
2875 -5.41577
2876 -5.39916
2877 -5.40594
2878 -5.37156
2879 -5.25171
2880 -5.32143
2881 -5.311
2882 -5.31227
2883 -5.24965
2884 -5.27068
2885 -5.28601
2886 -5.23289
2887 -5.3009
2888 -5.36234
2889 -5.31778
2890 -5.32688
2891 -5.41868
2892 -5.32979
2893 -5.30963
2894 -5.28823
2895 -5.31932
2896 -5.32322
2897 -5.35016
2898 -5.29861
2899 -5.37206
2900 -5.29962
2901 -5.32392
2902 -5.1867
2903 -5.22154
2904 -5.31092
2905 -5.2606
2906 -5.28654
2907 -5.39492
2908 -5.38676
2909 -5.40378
2910 -5.3653
2911 -5.29362
2912 -5.40015
2913 -5.43551
2914 -5.48836
2915 -5.52856
2916 -5.45916
2917 -5.44337
2918 -5.56031
2919 -5.38422
2920 -5.37607
2921 -5.33423
2922 -5.31917
2923 -5.30943
2924 -5.37169
2925 -5.48335
2926 -5.4021
2927 -5.41155
2928 -5.47503
2929 -5.40875
2930 -5.40745
2931 -5.44303
2932 -5.35974
2933 -5.22451
2934 -5.32085
2935 -5.3912
2936 -5.38981
2937 -5.38027
2938 -5.3904
2939 -5.43822
2940 -5.3577
2941 -5.40688
2942 -5.35499
2943 -5.41255
2944 -5.41711
2945 -5.38009
2946 -5.37031
2947 -5.45497
2948 -5.47584
2949 -5.49709
2950 -5.43239
2951 -5.46349
2952 -5.43533
2953 -5.49292
2954 -5.48296
2955 -5.54271
2956 -5.48936
2957 -5.49019
2958 -5.49793
2959 -5.43524
2960 -5.41398
2961 -5.35958
2962 -5.35244
2963 -5.42787
2964 -5.506
2965 -5.5657
2966 -5.50396
2967 -5.41717
2968 -5.37242
2969 -5.47486
2970 -5.40996
2971 -5.35559
2972 -5.35184
2973 -5.38799
2974 -5.38887
2975 -5.36083
2976 -5.32846
2977 -5.31771
2978 -5.37578
2979 -5.31849
2980 -5.26453
2981 -5.32495
2982 -5.35452
2983 -5.48573
2984 -5.41906
2985 -5.31161
2986 -5.33427
2987 -5.403
2988 -5.38542
2989 -5.30055
2990 -5.29969
2991 -5.34986
2992 -5.3079
2993 -5.23289
2994 -5.27161
2995 -5.34753
2996 -5.26475
2997 -5.36627
2998 -5.26952
2999 -5.36605
3000 -5.36569
