-4.89062
-4.90723
-4.93103
-4.95671
-4.98282
-5.00569
-5.02696
-5.04493
-5.05826
-5.06837
-5.07268
-5.06951
-5.06079
-5.04698
-5.03004
-5.0104
-4.9904
-4.97473
-4.96395
-4.95695
-4.95221
-4.94503
-4.93604
-4.92782
-4.92281
-4.92413
-4.93118
-4.94119
-4.95336
-4.96394
-4.96871
-4.9667
-4.95867
-4.94575
-4.93081
-4.91482
-4.9022
-4.89438
-4.89362
-4.89923
-4.90981
-4.92492
-4.94016
-4.95305
-4.96623
-4.97975
-4.99633
-5.01418
-5.03215
-5.04915
-5.06062
-5.06478
-5.05804
-5.04241
-5.01616
-4.98222
-4.94081
-4.8934
-4.84168
-4.79177
-4.74711
-4.71412
-4.69944
-4.70522
-4.73041
-4.77106
-4.81985
-4.87121
-4.91858
-4.9576
-4.98863
-5.01068
-5.02538
-5.03583
-5.04032
-5.03748
-5.02608
-5.00619
-4.97958
-4.95115
-4.92389
-4.90315
-4.88854
-4.88082
-4.87799
-4.87504
-4.87002
-4.86576
-4.86159
-4.86037
-4.86379
-4.87525
-4.88669
-4.90125
-4.91454
-4.92631
-4.9342
-4.94031
-4.9451
-4.95159
