-3.28432
-3.28432
-3.28463
-3.28433
-3.28538
-3.28569
-3.28689
-3.2872
-3.28599
-3.28629
-3.2869
-3.28644
-3.28614
-3.28538
-3.28523
-3.28478
-3.28387
-3.28402
-3.28387
-3.28312
-3.28327
-3.28251
-3.28206
-3.28236
-3.28251
-3.28311
-3.28326
-3.28206
-3.28191
-3.28251
-3.28236
-3.28191
-3.28191
-3.28221
-3.28341
-3.28356
-3.28401
-3.28371
-3.28356
-3.28311
-3.2825
-3.28356
-3.28402
-3.28266
-3.2822
-3.28175
-3.2828
-3.28311
-3.28265
-3.28311
-3.28326
-3.28402
-3.28326
-3.28341
-3.28251
-3.28281
-3.28341
-3.28401
-3.28356
-3.28416
-3.28401
-3.2834
-3.28355
-3.2837
-3.2837
-3.28401
-3.28371
-3.28401
-3.28417
-3.28356
-3.28402
-3.28387
-3.28311
-3.28356
-3.28356
-3.28296
-3.2819
-3.28084
-3.28008
-3.28099
-3.28174
-3.28325
-3.28295
-3.2825
-3.28295
-3.28265
-3.2816
-3.2825
-3.2828
-3.2828
-3.28235
-3.28477
-3.28356
-3.28401
-3.28371
-3.28401
-3.28356
-3.28417
-3.28431
-3.28416
