1.27422
1.27683
1.28293
1.29342
1.30706
1.32093
1.3316
1.33633
1.33369
1.3239
1.30864
1.2903
1.27148
1.25434
1.24015
1.22913
1.22083
1.21437
1.20857
1.20199
1.19318
1.18108
1.1655
1.14761
1.13007
1.11657
1.1105
1.1138
1.12619
1.14582
1.1703
1.19752
1.22555
1.2523
1.27544
1.29263
1.30217
1.30341
1.29694
1.28418
1.26651
1.24483
1.21987
1.19329
1.16851
1.15012
1.14172
1.14406
1.15523
1.17178
1.18985
1.20588
1.21702
1.22202
1.22115
1.21589
1.20834
1.20052
1.19408
1.19
1.1886
1.18976
1.1932
1.1985
1.20527
1.21288
1.22044
1.22703
1.2319
1.23468
1.23558
1.23494
1.2327
1.22837
1.22108
1.21049
1.19778
1.18606
1.17917
1.17921
1.18511
1.19367
1.20177
1.20744
1.20983
1.20873
1.20449
1.19799
1.19068
1.18464
1.1821
1.18491
1.19365
1.20724
1.22299
1.23732
1.24693
1.24987
1.24612
1.23723
